1733223277369 0.2 65536
1733223316543 0.2 98304
1733223356806 0.2 131072
1733223399016 0.2 160000
1733223438707 0.2 196608
1733223476398 0.2 229376
1733223516118 0.2 262144
1733223556349 0.2 294912
1733223598430 0.2 320000
1733223639525 0.2 360448
1733223677098 0.2 393216
1733223715770 0.2 425984
1733223753633 0.2 458752
1733223792191 0.2 480000
1733223835110 0.2 524288
1733223872923 0.2 557056
1733223911150 0.2 589824
1733223949355 0.2 622592
1733223986153 0.2 640000
1733224030742 0.2 688128
1733224069353 0.2 720896
1733224106978 0.2 753664
1733224145025 0.2 786432
1733224180949 0.2 800000
1733224227151 0.2 851968
1733224265017 0.2 884736
1733224303646 0.2 917504
1733224342005 0.2 950272
1733224376468 0.2 960000
1733224423823 0.2 1015808
1733224462120 0.2 1048576
1733224500326 0.2 1081344
1733224538174 0.2 1114112
1733224571770 0.2 1120000
1733224620091 0.2 1179648
1733224658365 0.2 1212416
1733224696431 0.2 1245184
1733224734311 0.2 1277952
1733224766708 0.2 1280000
1733224817181 0.2 1343488
1733224855635 0.2 1376256
1733224894108 0.2 1409024
1733224937399 0.2 1440000
1733224977090 0.2 1474560
1733225015898 0.2 1507328
1733225054516 0.2 1540096
1733225093002 0.2 1572864
1733225134322 0.2 1600000
1733225175299 0.2 1638400
1733225214006 0.2 1671168
1733225252641 0.2 1703936
1733225291080 0.2 1736704
1733225331671 0.2 1760000
1733225375711 0.2 1802240
1733225414002 0.2 1835008
1733225452265 0.2 1867776
1733225490479 0.2 1900544
1733225528856 0.2 1920000
1733225572480 0.2 1966080
1733225610874 0.2 1998848
1733225649534 0.2 2031616
1733225687882 0.2 2064384
1733225724277 0.2 2080000
1733225769472 0.2 2129920
1733225808032 0.2 2162688
1733225846254 0.2 2195456
1733225884982 0.2 2228224
1733225920517 0.2 2240000
1733225966891 0.2 2293760
1733226005102 0.2 2326528
1733226044035 0.2 2359296
1733226082834 0.2 2392064
1733226117228 0.2 2400000
1733226165998 0.2 2457600
1733226204418 0.2 2490368
1733226242951 0.2 2523136
1733226281790 0.2 2555904
1733226314278 0.2 2560000
1733226364917 0.2 2621440
1733226403606 0.2 2654208
1733226441487 0.2 2686976
1733226480044 0.2 2719744
1733226510386 0.2 2720000
1733226562670 0.2 2785280
1733226601356 0.2 2818048
1733226639841 0.2 2850816
1733226682478 0.2 2880000
1733226722597 0.2 2916352
1733226760947 0.2 2949120
1733226799352 0.2 2981888
1733226837992 0.2 3014656
1733226878489 0.2 3040000
1733226920296 0.2 3080192
1733226958573 0.2 3112960
1733226996824 0.2 3145728
1733227034712 0.2 3178496
1733227074526 0.2 3200000
1733227117377 0.2 3244032
1733227155799 0.2 3276800
1733227194462 0.2 3309568
1733227233231 0.2 3342336
1733227271583 0.2 3360000
1733227315944 0.2 3407872
1733227355004 0.2 3440640
1733227393614 0.2 3473408
1733227432046 0.2 3506176
1733227468924 0.2 3520000
1733227514857 0.2 3571712
1733227553375 0.2 3604480
1733227591855 0.2 3637248
1733227630494 0.2 3670016
1733227665185 0.2 3680000
1733227713562 0.2 3735552
1733227752039 0.2 3768320
1733227790818 0.2 3801088
1733227829600 0.2 3833856
1733227863280 0.2 3840000
1733227913903 0.2 3899392
1733227952413 0.2 3932160
1733227990620 0.2 3964928
1733228029224 0.2 3997696
1733228060475 0.2 4000000
1733228112090 0.2 4063232
1733228150469 0.2 4096000
1733228188625 0.2 4128768
1733228231982 0.2 4160000
1733228270715 0.2 4194304
1733228309022 0.2 4227072
1733228347293 0.2 4259840
1733228385257 0.2 4292608
1733228426779 0.2 4320000
1733228467410 0.2 4358144
1733228505742 0.2 4390912
1733228544338 0.2 4423680
1733228582553 0.2 4456448
1733228623774 0.2 4480000
1733228665946 0.2 4521984
1733228704318 0.2 4554752
1733228743232 0.2 4587520
1733228781609 0.2 4620288
1733228820952 0.2 4640000
1733228865198 0.2 4685824
1733228903790 0.2 4718592
1733228943009 0.2 4751360
1733228981948 0.2 4784128
1733229019287 0.2 4800000
1733229065308 0.2 4849664
1733229104399 0.2 4882432
1733229143287 0.2 4915200
1733229182890 0.2 4947968
1733229219156 0.2 4960000
1733229266096 0.2 5013504
1733229304416 0.2 5046272
1733229343659 0.2 5079040
1733229383202 0.2 5111808
1733229417684 0.2 5120000
1733229465357 0.2 5177344
1733229503727 0.2 5210112
1733229541579 0.2 5242880
1733229580608 0.2 5275648
1733229614840 0.2 5280000
1733229664198 0.2 5341184
1733229706282 0.2 5373952
1733229748239 0.2 5406720
1733229786948 0.2 5439488
1733229818921 0.2 5440000
1733229870669 0.2 5505024
1733229909604 0.2 5537792
1733229949172 0.2 5570560
1733229992821 0.2 5600000
1733230033280 0.2 5636096
1733230073150 0.2 5668864
1733230112184 0.2 5701632
1733230152315 0.2 5734400
1733230195736 0.2 5760000
1733230238857 0.2 5799936
1733230279296 0.2 5832704
1733230325418 0.2 5865472
1733230374174 0.2 5898240
1733230416328 0.2 5920000
1733230461692 0.2 5963776
1733230502033 0.2 5996544
1733230541385 0.2 6029312
1733230580783 0.2 6062080
1733230620686 0.2 6080000
1733230669039 0.2 6127616
1733230708434 0.2 6160384
1733230749586 0.2 6193152
1733230789767 0.2 6225920
1733230828026 0.2 6240000
1733230876304 0.2 6291456
1733230916989 0.2 6324224
1733230956564 0.2 6356992
1733230997500 0.2 6389760
1733231039566 0.2 6400000
1733231091725 0.2 6455296
1733231132321 0.2 6488064
1733231175844 0.2 6520832
1733231219839 0.2 6553600
1733231255277 0.2 6560000
1733231311606 0.2 6619136
1733231355626 0.2 6651904
1733231399058 0.2 6684672
1733231442721 0.2 6717440
1733231479104 0.2 6720000
1733231534847 0.2 6782976
1733231578986 0.2 6815744
1733231621998 0.2 6848512
1733231670423 0.2 6880000
1733231716123 0.2 6914048
1733231756752 0.2 6946816
1733231801420 0.2 6979584
1733231845937 0.2 7012352
1733231892684 0.2 7040000
1733231939702 0.2 7077888
1733231981382 0.2 7110656
1733232023919 0.2 7143424
1733232067274 0.2 7176192
1733232111569 0.2 7200000
1733232157677 0.2 7241728
1733232202867 0.2 7274496
1733232245104 0.2 7307264
1733232288077 0.2 7340032
1733232333310 0.2 7360000
1733232380726 0.2 7405568
1733232425019 0.2 7438336
1733232467758 0.2 7471104
1733232510335 0.2 7503872
1733232552315 0.2 7520000
1733232602609 0.2 7569408
1733232645607 0.2 7602176
1733232690150 0.2 7634944
1733232730252 0.2 7667712
1733232771235 0.2 7680000
1733232825785 0.2 7733248
1733232866540 0.2 7766016
1733232907637 0.2 7798784
1733232952215 0.2 7831552
1733232990571 0.2 7840000
1733233046379 0.2 7897088
1733233088600 0.2 7929856
1733233134689 0.2 7962624
1733233178304 0.2 7995392
1733233214122 0.2 8000000
1733233271900 0.2 8060928
1733233317371 0.2 8093696
1733233360113 0.2 8126464
1733233402784 0.2 8159232
1733233439864 0.2 8160000
1733233498940 0.2 8224768
1733233542310 0.2 8257536
1733233586097 0.2 8290304
1733233636907 0.2 8320000
1733233683205 0.2 8355840
1733233727326 0.2 8388608
1733233772401 0.2 8421376
1733233816921 0.2 8454144
1733233864141 0.2 8480000
1733233912136 0.2 8519680
1733233955749 0.2 8552448
1733233999485 0.2 8585216
1733234043364 0.2 8617984
1733234088267 0.2 8640000
1733234138764 0.2 8683520
1733234183439 0.2 8716288
1733234227144 0.2 8749056
1733234270531 0.2 8781824
1733234315418 0.2 8800000
1733234368142 0.2 8847360
1733234411695 0.2 8880128
1733234455119 0.2 8912896
1733234499857 0.2 8945664
1733234541572 0.2 8960000
1733234595795 0.2 9011200
1733234639398 0.2 9043968
1733234685310 0.2 9076736
1733234729255 0.2 9109504
1733234770393 0.2 9120000
1733234824481 0.2 9175040
1733234868798 0.2 9207808
1733234914301 0.2 9240576
1733234957789 0.2 9273344
1733234995956 0.2 9280000
1733235052294 0.2 9338880
1733235101291 0.2 9371648
1733235146517 0.2 9404416
1733235190179 0.2 9437184
1733235226477 0.2 9440000
1733235285875 0.2 9502720
1733235332474 0.2 9535488
1733235376495 0.2 9568256
1733235428960 0.2 9600000
1733235473972 0.2 9633792
1733235517684 0.2 9666560
1733235563312 0.2 9699328
1733235606317 0.2 9732096
1733235656127 0.2 9760000
1733235702438 0.2 9797632
1733235746692 0.2 9830400
1733235790279 0.2 9863168
1733235833233 0.2 9895936
1733235881437 0.2 9920000
1733235929156 0.2 9961472
1733235976159 0.2 9994240
1733236022173 0.2 10027008
1733236066066 0.2 10059776
1733236109903 0.2 10080000
1733236160430 0.2 10125312
1733236207250 0.2 10158080
1733236251445 0.2 10190848
1733236296866 0.2 10223616
1733236339869 0.2 10240000
1733236391838 0.2 10289152
1733236437641 0.2 10321920
1733236480078 0.2 10354688
1733236525482 0.2 10387456
1733236566070 0.2 10400000
1733236623020 0.2 10452992
1733236667882 0.2 10485760
1733236710944 0.2 10518528
1733236756073 0.2 10551296
1733236796461 0.2 10560000
1733236852862 0.2 10616832
1733236898240 0.2 10649600
1733236940553 0.2 10682368
1733236985339 0.2 10715136
1733237021954 0.2 10720000
1733237080987 0.2 10780672
1733237123891 0.2 10813440
1733237169241 0.2 10846208
1733237213564 0.2 10878976
1733237248754 0.2 10880000
1733237309673 0.2 10944512
1733237356901 0.2 10977280
1733237401476 0.2 11010048
1733237453237 0.2 11040000
1733237498690 0.2 11075584
1733237544318 0.2 11108352
1733237586714 0.2 11141120
1733237631160 0.2 11173888
1733237677339 0.2 11200000
1733237727598 0.2 11239424
1733237770936 0.2 11272192
1733237814673 0.2 11304960
1733237856394 0.2 11337728
1733237902945 0.2 11360000
1733237951986 0.2 11403264
1733237997370 0.2 11436032
1733238040007 0.2 11468800
1733238085219 0.2 11501568
1733238130414 0.2 11520000
1733238183833 0.2 11567104
1733238226736 0.2 11599872
1733238270655 0.2 11632640
1733238313516 0.2 11665408
1733238355588 0.2 11680000
1733238410066 0.2 11730944
1733238457023 0.2 11763712
1733238500123 0.2 11796480
1733238545127 0.2 11829248
1733238585104 0.2 11840000
1733238640824 0.2 11894784
1733238685653 0.2 11927552
1733238730564 0.2 11960320
1733238771752 0.2 11993088
1733238808151 0.2 12000000
1733238866401 0.2 12058624
1733238909404 0.2 12091392
1733238954632 0.2 12124160
1733238997237 0.2 12156928
1733239036917 0.2 12160000
1733239096879 0.2 12222464
1733239140331 0.2 12255232
1733239184441 0.2 12288000
1733239233772 0.2 12320000
1733239278605 0.2 12353536
1733239320742 0.2 12386304
1733239364904 0.2 12419072
1733239408408 0.2 12451840
1733239456985 0.2 12480000
1733239502131 0.2 12517376
1733239545635 0.2 12550144
1733239590005 0.2 12582912
1733239633959 0.2 12615680
1733239680887 0.2 12640000
1733239728341 0.2 12681216
1733239772585 0.2 12713984
1733239816430 0.2 12746752
1733239859969 0.2 12779520
1733239903081 0.2 12800000
1733239953310 0.2 12845056
1733239996678 0.2 12877824
1733240041290 0.2 12910592
1733240084861 0.2 12943360
1733240129306 0.2 12960000
1733240179758 0.2 13008896
1733240225537 0.2 13041664
1733240266941 0.2 13074432
1733240312036 0.2 13107200
1733240351300 0.2 13120000
1733240406567 0.2 13172736
1733240448589 0.2 13205504
1733240493550 0.2 13238272
1733240535021 0.2 13271040
1733240575259 0.2 13280000
1733240629902 0.2 13336576
1733240675580 0.2 13369344
1733240718226 0.2 13402112
1733240763405 0.2 13434880
1733240799551 0.2 13440000
1733240858846 0.2 13500416
1733240900001 0.2 13533184
1733240944287 0.2 13565952
1733240986552 0.2 13598720
1733241022731 0.2 13600000
1733241081153 0.2 13664256
1733241125321 0.2 13697024
1733241167442 0.2 13729792
1733241216441 0.2 13760000
1733241260711 0.2 13795328
1733241304490 0.2 13828096
1733241348575 0.2 13860864
1733241390724 0.2 13893632
1733241438316 0.2 13920000
1733241484323 0.2 13959168
1733241528976 0.2 13991936
1733241570030 0.2 14024704
1733241614793 0.2 14057472
1733241657618 0.2 14080000
1733241708237 0.2 14123008
1733241749601 0.2 14155776
1733241795100 0.2 14188544
1733241836293 0.2 14221312
1733241881400 0.2 14240000
1733241930100 0.2 14286848
1733241976993 0.2 14319616
1733242018703 0.2 14352384
1733242063803 0.2 14385152
1733242103999 0.2 14400000
1733242158073 0.2 14450688
1733242200841 0.2 14483456
1733242245512 0.2 14516224
1733242288503 0.2 14548992
1733242328909 0.2 14560000
1733242383018 0.2 14614528
1733242426789 0.2 14647296
1733242469718 0.2 14680064
1733242513931 0.2 14712832
1733242551496 0.2 14720000
1733242607621 0.2 14778368
1733242650931 0.2 14811136
1733242693921 0.2 14843904
1733242736956 0.2 14876672
1733242771640 0.2 14880000
1733242830575 0.2 14942208
1733242873580 0.2 14974976
1733242917580 0.2 15007744
1733242965045 0.2 15040000
1733243010425 0.2 15073280
1733243052002 0.2 15106048
1733243096509 0.2 15138816
1733243138256 0.2 15171584
1733243189205 0.2 15200000
1733243232246 0.2 15237120
1733243278216 0.2 15269888
1733243320428 0.2 15302656
1733243365484 0.2 15335424
1733243410560 0.2 15360000
1733243459374 0.2 15400960
1733243501110 0.2 15433728
1733243544821 0.2 15466496
1733243587408 0.2 15499264
1733243632287 0.2 15520000
1733243681423 0.2 15564800
1733243726022 0.2 15597568
1733243769285 0.2 15630336
1733243813843 0.2 15663104
1733243855580 0.2 15680000
1733243907277 0.2 15728640
1733243950711 0.2 15761408
1733243994082 0.2 15794176
1733244037177 0.2 15826944
1733244077275 0.2 15840000
1733244130877 0.2 15892480
1733244173265 0.2 15925248
1733244216975 0.2 15958016
1733244260105 0.2 15990784
1733244301155 0.2 16000000
1733244353560 0.2 16056320
1733244397111 0.2 16089088
1733244440100 0.2 16121856
1733244483839 0.2 16154624
1733244520616 0.2 16160000
1733244579351 0.2 16220160
1733244621597 0.2 16252928
1733244666213 0.2 16285696
1733244708407 0.2 16318464
1733244744264 0.2 16320000
1733244803455 0.2 16384000
1733244847984 0.2 16416768
1733244892313 0.2 16449536
1733244942924 0.2 16480000
1733244989201 0.2 16515072
1733245035031 0.2 16547840
1733245080582 0.2 16580608
1733245124898 0.2 16613376
1733245170968 0.2 16640000
1733245219971 0.2 16678912
1733245262284 0.2 16711680
1733245308866 0.2 16744448
1733245350759 0.2 16777216
1733245398722 0.2 16800000
1733245446091 0.2 16842752
1733245491620 0.2 16875520
1733245533933 0.2 16908288
1733245579497 0.2 16941056
1733245620659 0.2 16960000
1733245671794 0.2 17006592
1733245713564 0.2 17039360
1733245759628 0.2 17072128
1733245802325 0.2 17104896
1733245845562 0.2 17120000
1733245896111 0.2 17170432
1733245939257 0.2 17203200
1733245982107 0.2 17235968
1733246025882 0.2 17268736
1733246065325 0.2 17280000
1733246119788 0.2 17334272
1733246163015 0.2 17367040
1733246206211 0.2 17399808
1733246250012 0.2 17432576
1733246284780 0.2 17440000
1733246339024 0.2 17498112
1733246380745 0.2 17530880
1733246425144 0.2 17563648
1733246466519 0.2 17596416
1733246501478 0.2 17600000
1733246557304 0.2 17661952
1733246600307 0.2 17694720
1733246641077 0.2 17727488
1733246689891 0.2 17760000
1733246732108 0.2 17793024
1733246774696 0.2 17825792
1733246817719 0.2 17858560
1733246860627 0.2 17891328
1733246907091 0.2 17920000
1733246952550 0.2 17956864
1733246994490 0.2 17989632
1733247037003 0.2 18022400
1733247077666 0.2 18055168
1733247124571 0.2 18080000
1733247170615 0.2 18120704
1733247212204 0.2 18153472
1733247254808 0.2 18186240
1733247298137 0.2 18219008
1733247340953 0.2 18240000
1733247388994 0.2 18284544
1733247431485 0.2 18317312
1733247473446 0.2 18350080
1733247515584 0.2 18382848
1733247557659 0.2 18400000
1733247607316 0.2 18448384
1733247650752 0.2 18481152
1733247695228 0.2 18513920
1733247738982 0.2 18546688
1733247778411 0.2 18560000
1733247831424 0.2 18612224
1733247873390 0.2 18644992
1733247915533 0.2 18677760
1733247958395 0.2 18710528
1733247996498 0.2 18720000
1733248049911 0.2 18776064
1733248092727 0.2 18808832
1733248135328 0.2 18841600
1733248179002 0.2 18874368
1733248214773 0.2 18880000
1733248271218 0.2 18939904
1733248313533 0.2 18972672
1733248357034 0.2 19005440
1733248400307 0.2 19038208
1733248435716 0.2 19040000
1733248494251 0.2 19103744
1733248538172 0.2 19136512
1733248580665 0.2 19169280
1733248629167 0.2 19200000
1733248672486 0.2 19234816
1733248716083 0.2 19267584
1733248758132 0.2 19300352
1733248800765 0.2 19333120
1733248848344 0.2 19360000
1733248893706 0.2 19398656
1733248936811 0.2 19431424
1733248979099 0.2 19464192
1733249021153 0.2 19496960
1733249064878 0.2 19520000
1733249111177 0.2 19562496
1733249153389 0.2 19595264
1733249196270 0.2 19628032
1733249239568 0.2 19660800
1733249281947 0.2 19680000
1733249332301 0.2 19726336
1733249374329 0.2 19759104
1733249417546 0.2 19791872
1733249460139 0.2 19824640
1733249500003 0.2 19840000
1733249550257 0.2 19890176
1733249592519 0.2 19922944
1733249634469 0.2 19955712
1733249677010 0.2 19988480
1733249716952 0.2 20000000
1733249770636 0.2 20054016
1733249812874 0.2 20086784
1733249856360 0.2 20119552
1733249899460 0.2 20152320
1733249936431 0.2 20160000
1733249991463 0.2 20217856
1733250033759 0.2 20250624
1733250076812 0.2 20283392
1733250118484 0.2 20316160
1733250155398 0.2 20320000
1733250210964 0.2 20381696
1733250253711 0.2 20414464
1733250295798 0.2 20447232
1733250347695 0.2 20480000
1733250390406 0.2 20512768
1733250434023 0.2 20545536
1733250477325 0.2 20578304
1733250521684 0.2 20611072
1733250567057 0.2 20640000
1733250612052 0.2 20676608
1733250656372 0.2 20709376
1733250699769 0.2 20742144
1733250742227 0.2 20774912
1733250788643 0.2 20800000
1733250835111 0.2 20840448
1733250876071 0.2 20873216
1733250919134 0.2 20905984
1733250961569 0.2 20938752
1733251005566 0.2 20960000
1733251053112 0.2 21004288
1733251097108 0.2 21037056
1733251139121 0.2 21069824
1733251181632 0.2 21102592
1733251223597 0.2 21120000
1733251276095 0.2 21168128
1733251317843 0.2 21200896
1733251361107 0.2 21233664
1733251402854 0.2 21266432
1733251445116 0.2 21280000
1733251497347 0.2 21331968
1733251540991 0.2 21364736
1733251584646 0.2 21397504
1733251628820 0.2 21430272
1733251668190 0.2 21440000
1733251720946 0.2 21495808
1733251761881 0.2 21528576
1733251805470 0.2 21561344
1733251847738 0.2 21594112
1733251885249 0.2 21600000
1733251940293 0.2 21659648
1733251982226 0.2 21692416
1733252026974 0.2 21725184
1733252068213 0.2 21757952
1733252104452 0.2 21760000
1733252161226 0.2 21823488
1733252204294 0.2 21856256
1733252246543 0.2 21889024
1733252295493 0.2 21920000
1733252338927 0.2 21954560
1733252382160 0.2 21987328
1733252422740 0.2 22020096
1733252465886 0.2 22052864
1733252510031 0.2 22080000
1733252556844 0.2 22118400
1733252597758 0.2 22151168
1733252640402 0.2 22183936
1733252682560 0.2 22216704
1733252726803 0.2 22240000
1733252774948 0.2 22282240
1733252815391 0.2 22315008
1733252855741 0.2 22347776
1733252895958 0.2 22380544
1733252936685 0.2 22400000
1733252982527 0.2 22446080
1733253022848 0.2 22478848
1733253062122 0.2 22511616
1733253101854 0.2 22544384
1733253140044 0.2 22560000
1733253186614 0.2 22609920
1733253225886 0.2 22642688
1733253265815 0.2 22675456
1733253305659 0.2 22708224
1733253342767 0.2 22720000
1733253391660 0.2 22773760
1733253431731 0.2 22806528
1733253471213 0.2 22839296
1733253510933 0.2 22872064
1733253545888 0.2 22880000
1733253596292 0.2 22937600
1733253635613 0.2 22970368
1733253675840 0.2 23003136
1733253715061 0.2 23035904
1733253747746 0.2 23040000
1733253800390 0.2 23101440
1733253840451 0.2 23134208
1733253879642 0.2 23166976
1733253919347 0.2 23199744
1733253950090 0.2 23200000
1733254004072 0.2 23265280
1733254043844 0.2 23298048
1733254084632 0.2 23330816
1733254128145 0.2 23360000
1733254170374 0.2 23396352
1733254209915 0.2 23429120
1733254250561 0.2 23461888
1733254289524 0.2 23494656
1733254333298 0.2 23520000
1733254375778 0.2 23560192
1733254415714 0.2 23592960
1733254454437 0.2 23625728
1733254495307 0.2 23658496
1733254535739 0.2 23680000
1733254581180 0.2 23724032
1733254620491 0.2 23756800
1733254661245 0.2 23789568
1733254700438 0.2 23822336
1733254740849 0.2 23840000
1733254787813 0.2 23887872
1733254828384 0.2 23920640
1733254868076 0.2 23953408
1733254907590 0.2 23986176
1733254947059 0.2 24000000
1733254998194 0.2 24051712
1733255039554 0.2 24084480
1733255079300 0.2 24117248
1733255118853 0.2 24150016
1733255157049 0.2 24160000
1733255206260 0.2 24215552
1733255247866 0.2 24248320
1733255287128 0.2 24281088
1733255328489 0.2 24313856
1733255363420 0.2 24320000
1733255415475 0.2 24379392
1733255457146 0.2 24412160
1733255496804 0.2 24444928
1733255538845 0.2 24477696
1733255571355 0.2 24480000
1733255625051 0.2 24543232
1733255665407 0.2 24576000
1733255706395 0.2 24608768
1733255753221 0.2 24640000
1733255793128 0.2 24674304
1733255834551 0.2 24707072
1733255874271 0.2 24739840
1733255914643 0.2 24772608
1733255958833 0.2 24800000
1733256001301 0.2 24838144
1733256043645 0.2 24870912
1733256084344 0.2 24903680
1733256124930 0.2 24936448
1733256166528 0.2 24960000
1733256211072 0.2 25001984
1733256253015 0.2 25034752
1733256292418 0.2 25067520
1733256335468 0.2 25100288
1733256375466 0.2 25120000
1733256421229 0.2 25165824
1733256460872 0.2 25198592
1733256501445 0.2 25231360
1733256544671 0.2 25264128
1733256583003 0.2 25280000
1733256633192 0.2 25329664
1733256672939 0.2 25362432
1733256714729 0.2 25395200
1733256754137 0.2 25427968
1733256791843 0.2 25440000
1733256842545 0.2 25493504
1733256881647 0.2 25526272
1733256922877 0.2 25559040
1733256961860 0.2 25591808
1733256997953 0.2 25600000
1733257049127 0.2 25657344
1733257089165 0.2 25690112
1733257130916 0.2 25722880
1733257169958 0.2 25755648
1733257203570 0.2 25760000
1733257256064 0.2 25821184
1733257295919 0.2 25853952
1733257337180 0.2 25886720
1733257376416 0.2 25919488
1733257410776 0.2 25920000
1733257465044 0.2 25985024
1733257505742 0.2 26017792
1733257544919 0.2 26050560
1733257589482 0.2 26080000
1733257632318 0.2 26116096
1733257672845 0.2 26148864
1733257715134 0.2 26181632
1733257753969 0.2 26214400
1733257798967 0.2 26240000
1733257841661 0.2 26279936
1733257881899 0.2 26312704
1733257924840 0.2 26345472
1733257964360 0.2 26378240
1733258006756 0.2 26400000
1733258051785 0.2 26443776
1733258092532 0.2 26476544
1733258132287 0.2 26509312
1733258172206 0.2 26542080
1733258213506 0.2 26560000
1733258258960 0.2 26607616
1733258300044 0.2 26640384
1733258339771 0.2 26673152
1733258379352 0.2 26705920
1733258418407 0.2 26720000
1733258466244 0.2 26771456
1733258508276 0.2 26804224
1733258546932 0.2 26836992
1733258588120 0.2 26869760
1733258625682 0.2 26880000
1733258674251 0.2 26935296
1733258715952 0.2 26968064
1733258754805 0.2 27000832
1733258796826 0.2 27033600
1733258832914 0.2 27040000
1733258892694 0.2 27099136
1733258933921 0.2 27131904
1733258978695 0.2 27164672
1733259020202 0.2 27197440
1733259055706 0.2 27200000
1733259113215 0.2 27262976
1733259155549 0.2 27295744
1733259199483 0.2 27328512
1733259246798 0.2 27360000
1733259291736 0.2 27394048
1733259332627 0.2 27426816
1733259376467 0.2 27459584
1733259422576 0.2 27492352
1733259469129 0.2 27520000
1733259514908 0.2 27557888
1733259557561 0.2 27590656
1733259601003 0.2 27623424
1733259643458 0.2 27656192
1733259688259 0.2 27680000
1733259735046 0.2 27721728
1733259778283 0.2 27754496
1733259823038 0.2 27787264
1733259865576 0.2 27820032
1733259910513 0.2 27840000
1733259958851 0.2 27885568
1733260002125 0.2 27918336
1733260045994 0.2 27951104
1733260089309 0.2 27983872
1733260131874 0.2 28000000
1733260186354 0.2 28049408
1733260231259 0.2 28082176
1733260273667 0.2 28114944
1733260317250 0.2 28147712
1733260357183 0.2 28160000
1733260411718 0.2 28213248
1733260453958 0.2 28246016
1733260497039 0.2 28278784
1733260542285 0.2 28311552
1733260583417 0.2 28320000
1733260640841 0.2 28377088
1733260684002 0.2 28409856
1733260727459 0.2 28442624
1733260769387 0.2 28475392
1733260807261 0.2 28480000
1733260863115 0.2 28540928
1733260904884 0.2 28573696
1733260949496 0.2 28606464
1733260992443 0.2 28639232
1733261029565 0.2 28640000
1733261089401 0.2 28704768
1733261134836 0.2 28737536
1733261178865 0.2 28770304
1733261229426 0.2 28800000
1733261275571 0.2 28835840
1733261319900 0.2 28868608
1733261365146 0.2 28901376
1733261408538 0.2 28934144
1733261459488 0.2 28960000
1733261507406 0.2 28999680
1733261552902 0.2 29032448
1733261597156 0.2 29065216
1733261641435 0.2 29097984
1733261687533 0.2 29120000
1733261738017 0.2 29163520
1733261781412 0.2 29196288
1733261825201 0.2 29229056
1733261870450 0.2 29261824
1733261917441 0.2 29280000
1733261969692 0.2 29327360
1733262014422 0.2 29360128
1733262058319 0.2 29392896
1733262101698 0.2 29425664
1733262143036 0.2 29440000
1733262195035 0.2 29491200
1733262239239 0.2 29523968
1733262283888 0.2 29556736
1733262328367 0.2 29589504
1733262369837 0.2 29600000
1733262423815 0.2 29655040
1733262469219 0.2 29687808
1733262512124 0.2 29720576
1733262557395 0.2 29753344
1733262597500 0.2 29760000
1733262654276 0.2 29818880
1733262700165 0.2 29851648
1733262742468 0.2 29884416
1733262787830 0.2 29917184
1733262822978 0.2 29920000
1733262881730 0.2 29982720
1733262922192 0.2 30015488
1733262965822 0.2 30048256
1733263015255 0.2 30080000
1733263058820 0.2 30113792
1733263103741 0.2 30146560
1733263145946 0.2 30179328
1733263190692 0.2 30212096
1733263236707 0.2 30240000
1733263282533 0.2 30277632
1733263327459 0.2 30310400
1733263371051 0.2 30343168
1733263416070 0.2 30375936
1733263460167 0.2 30400000
1733263508944 0.2 30441472
1733263550938 0.2 30474240
1733263594170 0.2 30507008
1733263638691 0.2 30539776
1733263683337 0.2 30560000
1733263733531 0.2 30605312
1733263775833 0.2 30638080
1733263822131 0.2 30670848
1733263864932 0.2 30703616
1733263907357 0.2 30720000
1733263957518 0.2 30769152
1733264001826 0.2 30801920
1733264044535 0.2 30834688
1733264088165 0.2 30867456
1733264129897 0.2 30880000
1733264182722 0.2 30932992
1733264227701 0.2 30965760
1733264270897 0.2 30998528
1733264315701 0.2 31031296
1733264353012 0.2 31040000
1733264409241 0.2 31096832
1733264453706 0.2 31129600
1733264497025 0.2 31162368
1733264539913 0.2 31195136
1733264575128 0.2 31200000
1733264633403 0.2 31260672
1733264675844 0.2 31293440
1733264719975 0.2 31326208
1733264761507 0.2 31358976
1733264796600 0.2 31360000
1733264852513 0.2 31424512
1733264892833 0.2 31457280
1733264937544 0.2 31490048
1733264986580 0.2 31520000
1733265029917 0.2 31555584
1733265073063 0.2 31588352
1733265116402 0.2 31621120
1733265159864 0.2 31653888
1733265206767 0.2 31680000
1733265253204 0.2 31719424
1733265295417 0.2 31752192
1733265338980 0.2 31784960
1733265382660 0.2 31817728
1733265428563 0.2 31840000
1733265478200 0.2 31883264
1733265519400 0.2 31916032
1733265563450 0.2 31948800
1733265607924 0.2 31981568
1733265649095 0.2 32000000
1733265700830 0.2 32047104
1733265742509 0.2 32079872
1733265786330 0.2 32112640
1733265831325 0.2 32145408
1733265870198 0.2 32160000
