1733223277325 0.1944915771484375 65536
1733223316423 0.2136016845703125 98304
1733223356798 0.2316925048828125 131072
1733223398993 0.23724365234375 160000
1733223438683 0.2449615478515625 196608
1733223476338 0.2412841796875 229376
1733223515997 0.2610076904296875 262144
1733223556332 0.2640533447265625 294912
1733223598419 0.277923583984375 320000
1733223639500 0.2860382080078125 360448
1733223677079 0.2958740234375 393216
1733223715745 0.2967315673828125 425984
1733223753608 0.288409423828125 458752
1733223792168 0.31600341796875 480000
1733223835080 0.299493408203125 524288
1733223872894 0.3022308349609375 557056
1733223911125 0.3095123291015625 589824
1733223949338 0.31614990234375 622592
1733223986143 0.3230499267578125 640000
1733224030690 0.331085205078125 688128
1733224069321 0.299554443359375 720896
1733224106959 0.3428466796875 753664
1733224145000 0.3111785888671875 786432
1733224180933 0.348016357421875 800000
1733224227125 0.33060302734375 851968
1733224264992 0.3301666259765625 884736
1733224303589 0.3279815673828125 917504
1733224341985 0.32481689453125 950272
1733224376451 0.349908447265625 960000
1733224423797 0.344586181640625 1015808
1733224462095 0.3326629638671875 1048576
1733224500301 0.3459991455078125 1081344
1733224538149 0.3465576171875 1114112
1733224571739 0.3428863525390625 1120000
1733224620017 0.340625 1179648
1733224658340 0.33975830078125 1212416
1733224696410 0.3382110595703125 1245184
1733224734286 0.352825927734375 1277952
1733224766678 0.349420166015625 1280000
1733224817154 0.33681640625 1343488
1733224855582 0.35208740234375 1376256
1733224894083 0.3449798583984375 1409024
1733224937380 0.35460205078125 1440000
1733224977065 0.35433349609375 1474560
1733225015871 0.3461761474609375 1507328
1733225054476 0.3419219970703125 1540096
1733225092977 0.3597900390625 1572864
1733225134295 0.3447296142578125 1600000
1733225175273 0.3479248046875 1638400
1733225213982 0.346551513671875 1671168
1733225252604 0.355078125 1703936
1733225291060 0.3381988525390625 1736704
1733225331552 0.3421600341796875 1760000
1733225375681 0.348382568359375 1802240
1733225413984 0.3456573486328125 1835008
1733225452229 0.3343414306640625 1867776
1733225490453 0.354156494140625 1900544
1733225528830 0.3496124267578125 1920000
1733225572455 0.3328094482421875 1966080
1733225610810 0.3426025390625 1998848
1733225649488 0.3275970458984375 2031616
1733225687841 0.3461700439453125 2064384
1733225724255 0.353436279296875 2080000
1733225769447 0.3206329345703125 2129920
1733225808003 0.3429901123046875 2162688
1733225846225 0.33599853515625 2195456
1733225884931 0.337432861328125 2228224
1733225920496 0.3313140869140625 2240000
1733225966854 0.3430328369140625 2293760
1733226005076 0.339129638671875 2326528
1733226043984 0.34024658203125 2359296
1733226082801 0.3359161376953125 2392064
1733226117202 0.339044189453125 2400000
1733226165970 0.3260650634765625 2457600
1733226204392 0.33675537109375 2490368
1733226242923 0.3217926025390625 2523136
1733226281762 0.3192138671875 2555904
1733226314259 0.346112060546875 2560000
1733226364904 0.3224609375 2621440
1733226403578 0.3408935546875 2654208
1733226441459 0.3263519287109375 2686976
1733226480018 0.332147216796875 2719744
1733226510368 0.3313446044921875 2720000
1733226562655 0.3250946044921875 2785280
1733226601331 0.3268402099609375 2818048
1733226639813 0.3330474853515625 2850816
1733226682450 0.3306488037109375 2880000
1733226722587 0.331158447265625 2916352
1733226760918 0.308624267578125 2949120
1733226799314 0.3264862060546875 2981888
1733226837962 0.3336517333984375 3014656
1733226878462 0.3325714111328125 3040000
1733226920254 0.32005615234375 3080192
1733226958548 0.3198516845703125 3112960
1733226996803 0.329827880859375 3145728
1733227034678 0.3246826171875 3178496
1733227074504 0.3385589599609375 3200000
1733227117331 0.329608154296875 3244032
1733227155768 0.3199737548828125 3276800
1733227194432 0.31368408203125 3309568
1733227233203 0.327587890625 3342336
1733227271553 0.322271728515625 3360000
1733227315915 0.3244140625 3407872
1733227354949 0.3088836669921875 3440640
1733227393589 0.307598876953125 3473408
1733227432018 0.3153717041015625 3506176
1733227468900 0.3265350341796875 3520000
1733227514835 0.307611083984375 3571712
1733227553348 0.318231201171875 3604480
1733227591830 0.3179534912109375 3637248
1733227630478 0.3183685302734375 3670016
1733227665160 0.316015625 3680000
1733227713505 0.3186981201171875 3735552
1733227752019 0.3180267333984375 3768320
1733227790761 0.3106231689453125 3801088
1733227829551 0.3063446044921875 3833856
1733227863256 0.3258209228515625 3840000
1733227913876 0.3107940673828125 3899392
1733227952381 0.320697021484375 3932160
1733227990595 0.3129669189453125 3964928
1733228029199 0.3197509765625 3997696
1733228060449 0.2947784423828125 4000000
1733228112076 0.3022857666015625 4063232
1733228150450 0.301336669921875 4096000
1733228188559 0.313800048828125 4128768
1733228231968 0.3037109375 4160000
1733228270686 0.3100921630859375 4194304
1733228308996 0.3081329345703125 4227072
1733228347264 0.3063140869140625 4259840
1733228385228 0.3068817138671875 4292608
1733228426749 0.31475830078125 4320000
1733228467368 0.302825927734375 4358144
1733228505730 0.3044586181640625 4390912
1733228544305 0.3066070556640625 4423680
1733228582528 0.31190185546875 4456448
1733228623745 0.2970794677734375 4480000
1733228665913 0.2959320068359375 4521984
1733228704286 0.3090484619140625 4554752
1733228743204 0.3021209716796875 4587520
1733228781584 0.316412353515625 4620288
1733228820902 0.301495361328125 4640000
1733228865168 0.3043426513671875 4685824
1733228903765 0.3032562255859375 4718592
1733228942982 0.298773193359375 4751360
1733228981916 0.2990081787109375 4784128
1733229019221 0.300848388671875 4800000
1733229065277 0.2995391845703125 4849664
1733229104349 0.313995361328125 4882432
1733229143163 0.3000152587890625 4915200
1733229182875 0.295025634765625 4947968
1733229219114 0.304986572265625 4960000
1733229266070 0.286962890625 5013504
1733229304387 0.3053741455078125 5046272
1733229343544 0.2994171142578125 5079040
1733229383172 0.29725341796875 5111808
1733229417673 0.3112701416015625 5120000
1733229465323 0.3060333251953125 5177344
1733229503687 0.2968292236328125 5210112
1733229541562 0.2998809814453125 5242880
1733229580464 0.2895721435546875 5275648
1733229614832 0.2864105224609375 5280000
1733229664176 0.30245361328125 5341184
1733229705863 0.297869873046875 5373952
1733229748213 0.289007568359375 5406720
1733229786918 0.298284912109375 5439488
1733229818893 0.3043426513671875 5440000
1733229870635 0.2908447265625 5505024
1733229909574 0.2984100341796875 5537792
1733229949144 0.282440185546875 5570560
1733229992806 0.29593505859375 5600000
1733230033230 0.282757568359375 5636096
1733230073126 0.2905303955078125 5668864
1733230112155 0.2898529052734375 5701632
1733230152251 0.291436767578125 5734400
1733230195683 0.305035400390625 5760000
1733230238826 0.30091552734375 5799936
1733230279145 0.29324951171875 5832704
1733230324732 0.2826904296875 5865472
1733230374126 0.291497802734375 5898240
1733230416301 0.2903900146484375 5920000
1733230461522 0.2856170654296875 5963776
1733230501965 0.280572509765625 5996544
1733230541353 0.2831695556640625 6029312
1733230580708 0.2873992919921875 6062080
1733230620484 0.2896484375 6080000
1733230669015 0.283795166015625 6127616
1733230708381 0.288824462890625 6160384
1733230749521 0.2862457275390625 6193152
1733230789727 0.285467529296875 6225920
1733230828006 0.2716400146484375 6240000
1733230876257 0.2711212158203125 6291456
1733230916945 0.2856689453125 6324224
1733230956543 0.2878265380859375 6356992
1733230997446 0.2864532470703125 6389760
1733231039492 0.274749755859375 6400000
1733231091695 0.27176513671875 6455296
1733231132274 0.2786102294921875 6488064
1733231175790 0.299737548828125 6520832
1733231219794 0.2708099365234375 6553600
1733231255245 0.2837860107421875 6560000
1733231311492 0.278839111328125 6619136
1733231355542 0.267559814453125 6651904
1733231398915 0.2935821533203125 6684672
1733231442680 0.28936767578125 6717440
1733231479074 0.2700439453125 6720000
1733231534771 0.2779144287109375 6782976
1733231578912 0.2756011962890625 6815744
1733231621949 0.2632598876953125 6848512
1733231670385 0.2762908935546875 6880000
1733231716080 0.284307861328125 6914048
1733231756725 0.2750762939453125 6946816
1733231801298 0.271234130859375 6979584
1733231845901 0.2666412353515625 7012352
1733231892389 0.2752197265625 7040000
1733231939661 0.283306884765625 7077888
1733231981352 0.276220703125 7110656
1733232023898 0.2613037109375 7143424
1733232067251 0.269378662109375 7176192
1733232111545 0.268841552734375 7200000
1733232157635 0.2747344970703125 7241728
1733232202744 0.26978759765625 7274496
1733232245075 0.278680419921875 7307264
1733232288053 0.261492919921875 7340032
1733232333277 0.2697174072265625 7360000
1733232380710 0.28563232421875 7405568
1733232424998 0.26005859375 7438336
1733232467714 0.2632965087890625 7471104
1733232510301 0.26302490234375 7503872
1733232552288 0.2715423583984375 7520000
1733232602564 0.2633758544921875 7569408
1733232645403 0.2651336669921875 7602176
1733232690106 0.260186767578125 7634944
1733232730179 0.27335205078125 7667712
1733232771191 0.2843109130859375 7680000
1733232825735 0.2608154296875 7733248
1733232866495 0.263433837890625 7766016
1733232907587 0.2627960205078125 7798784
1733232952169 0.260845947265625 7831552
1733232990521 0.2586029052734375 7840000
1733233046325 0.2715057373046875 7897088
1733233088562 0.27625732421875 7929856
1733233134624 0.2552947998046875 7962624
1733233178261 0.259454345703125 7995392
1733233214097 0.2455230712890625 8000000
1733233271869 0.2691925048828125 8060928
1733233317324 0.256005859375 8093696
1733233360086 0.265191650390625 8126464
1733233402658 0.252978515625 8159232
1733233439841 0.2627410888671875 8160000
1733233498881 0.26583251953125 8224768
1733233542269 0.256158447265625 8257536
1733233586066 0.2677734375 8290304
1733233636875 0.2605865478515625 8320000
1733233683179 0.2522735595703125 8355840
1733233727208 0.2585052490234375 8388608
1733233772351 0.2594024658203125 8421376
1733233816889 0.2718963623046875 8454144
1733233864115 0.2520294189453125 8480000
1733233912084 0.2732208251953125 8519680
1733233955726 0.264501953125 8552448
1733233999464 0.264404296875 8585216
1733234043336 0.265240478515625 8617984
1733234088244 0.24739990234375 8640000
1733234138734 0.280535888671875 8683520
1733234183417 0.251470947265625 8716288
1733234227109 0.2705841064453125 8749056
1733234270506 0.260113525390625 8781824
1733234315387 0.251434326171875 8800000
1733234368061 0.2478515625 8847360
1733234411639 0.2604400634765625 8880128
1733234455088 0.2480987548828125 8912896
1733234499807 0.2514251708984375 8945664
1733234541506 0.2695831298828125 8960000
1733234595733 0.252203369140625 9011200
1733234639351 0.249981689453125 9043968
1733234685257 0.2592498779296875 9076736
1733234729220 0.279620361328125 9109504
1733234770351 0.243658447265625 9120000
1733234824433 0.2544342041015625 9175040
1733234868753 0.244891357421875 9207808
1733234914260 0.251544189453125 9240576
1733234957740 0.2485626220703125 9273344
1733234995896 0.24530029296875 9280000
1733235052263 0.2507476806640625 9338880
1733235101154 0.2477783203125 9371648
1733235146475 0.246429443359375 9404416
1733235190129 0.2430206298828125 9437184
1733235226343 0.249725341796875 9440000
1733235285848 0.245947265625 9502720
1733235332420 0.2579620361328125 9535488
1733235376340 0.2482452392578125 9568256
1733235428910 0.257818603515625 9600000
1733235473922 0.2413116455078125 9633792
1733235517643 0.2456634521484375 9666560
1733235563289 0.2575592041015625 9699328
1733235606276 0.2320831298828125 9732096
1733235656078 0.241473388671875 9760000
1733235702410 0.24910888671875 9797632
1733235746644 0.2509735107421875 9830400
1733235790232 0.244036865234375 9863168
1733235833206 0.241961669921875 9895936
1733235881395 0.2686920166015625 9920000
1733235929128 0.2655303955078125 9961472
1733235976139 0.253125 9994240
1733236022142 0.2515869140625 10027008
1733236066043 0.246142578125 10059776
1733236109876 0.262744140625 10080000
1733236160387 0.2613037109375 10125312
1733236207199 0.2378936767578125 10158080
1733236251322 0.2451629638671875 10190848
1733236296846 0.25638427734375 10223616
1733236339827 0.25032958984375 10240000
1733236391791 0.241162109375 10289152
1733236437593 0.237060546875 10321920
1733236480028 0.25223388671875 10354688
1733236525455 0.2424346923828125 10387456
1733236566021 0.242144775390625 10400000
1733236622988 0.24122314453125 10452992
1733236667845 0.25401611328125 10485760
1733236710896 0.2497100830078125 10518528
1733236756037 0.2407379150390625 10551296
1733236796417 0.2274261474609375 10560000
1733236852813 0.2475860595703125 10616832
1733236898217 0.239276123046875 10649600
1733236940506 0.2320953369140625 10682368
1733236985314 0.235968017578125 10715136
1733237021932 0.23515625 10720000
1733237080950 0.2294769287109375 10780672
1733237123854 0.2311431884765625 10813440
1733237169100 0.2598358154296875 10846208
1733237213512 0.234747314453125 10878976
1733237248713 0.24200439453125 10880000
1733237309611 0.2342864990234375 10944512
1733237356654 0.2395050048828125 10977280
1733237401351 0.2464385986328125 11010048
1733237453192 0.2478973388671875 11040000
1733237498657 0.253118896484375 11075584
1733237544268 0.2346466064453125 11108352
1733237586673 0.25137939453125 11141120
1733237631110 0.24915771484375 11173888
1733237677314 0.2340545654296875 11200000
1733237727578 0.2426788330078125 11239424
1733237770888 0.2444061279296875 11272192
1733237814642 0.2418243408203125 11304960
1733237856376 0.2533233642578125 11337728
1733237902907 0.244573974609375 11360000
1733237951906 0.247198486328125 11403264
1733237997341 0.2496307373046875 11436032
1733238039879 0.249847412109375 11468800
1733238085099 0.2160247802734375 11501568
1733238130387 0.2560516357421875 11520000
1733238183704 0.242327880859375 11567104
1733238226692 0.2388458251953125 11599872
1733238270523 0.241094970703125 11632640
1733238313428 0.2349334716796875 11665408
1733238355448 0.2440399169921875 11680000
1733238409943 0.24595947265625 11730944
1733238456904 0.238616943359375 11763712
1733238500074 0.241796875 11796480
1733238545002 0.220831298828125 11829248
1733238584975 0.24346923828125 11840000
1733238640776 0.2332427978515625 11894784
1733238685552 0.2631622314453125 11927552
1733238730510 0.2338409423828125 11960320
1733238771733 0.2401275634765625 11993088
1733238808009 0.2311065673828125 12000000
1733238866355 0.2268585205078125 12058624
1733238909351 0.2565643310546875 12091392
1733238954589 0.2273834228515625 12124160
1733238997190 0.2385406494140625 12156928
1733239036787 0.224334716796875 12160000
1733239096837 0.2477386474609375 12222464
1733239140204 0.261474609375 12255232
1733239184409 0.237408447265625 12288000
1733239233712 0.233197021484375 12320000
1733239278574 0.243707275390625 12353536
1733239320695 0.2432342529296875 12386304
1733239364852 0.2245849609375 12419072
1733239408357 0.251361083984375 12451840
1733239456921 0.2179443359375 12480000
1733239502080 0.2380126953125 12517376
1733239545590 0.2372833251953125 12550144
1733239589955 0.2247222900390625 12582912
1733239633918 0.234649658203125 12615680
1733239680868 0.2326202392578125 12640000
1733239728267 0.23896484375 12681216
1733239772560 0.243548583984375 12713984
1733239816375 0.249884033203125 12746752
1733239859929 0.237811279296875 12779520
1733239903032 0.229705810546875 12800000
1733239953269 0.248028564453125 12845056
1733239996631 0.22943115234375 12877824
1733240041244 0.2189453125 12910592
1733240084824 0.2430267333984375 12943360
1733240129263 0.2387451171875 12960000
1733240179713 0.2270263671875 13008896
1733240225483 0.2312896728515625 13041664
1733240266897 0.235443115234375 13074432
1733240311970 0.224725341796875 13107200
1733240351281 0.22176513671875 13120000
1733240406524 0.2413177490234375 13172736
1733240448566 0.2306915283203125 13205504
1733240493516 0.24027099609375 13238272
1733240534988 0.24683837890625 13271040
1733240575210 0.2439483642578125 13280000
1733240629853 0.2418609619140625 13336576
1733240675541 0.2502960205078125 13369344
1733240718178 0.244232177734375 13402112
1733240763366 0.237542724609375 13434880
1733240799480 0.230828857421875 13440000
1733240858820 0.23917236328125 13500416
1733240899978 0.241015625 13533184
1733240944272 0.2452423095703125 13565952
1733240986520 0.217547607421875 13598720
1733241022692 0.2209869384765625 13600000
1733241081084 0.2272216796875 13664256
1733241125295 0.2403961181640625 13697024
1733241167400 0.2688201904296875 13729792
1733241216414 0.2291748046875 13760000
1733241260694 0.2387725830078125 13795328
1733241304452 0.2352935791015625 13828096
1733241348552 0.238397216796875 13860864
1733241390703 0.2292266845703125 13893632
1733241438290 0.2142333984375 13920000
1733241484268 0.239044189453125 13959168
1733241528960 0.22802734375 13991936
1733241570010 0.2253753662109375 14024704
1733241614743 0.245806884765625 14057472
1733241657586 0.2316925048828125 14080000
1733241708224 0.2442779541015625 14123008
1733241749515 0.2159759521484375 14155776
1733241795072 0.244842529296875 14188544
1733241836280 0.234100341796875 14221312
1733241881372 0.21573486328125 14240000
1733241930073 0.2112548828125 14286848
1733241976974 0.226751708984375 14319616
1733242018680 0.23101806640625 14352384
1733242063777 0.2201934814453125 14385152
1733242103966 0.2300994873046875 14400000
1733242158044 0.235333251953125 14450688
1733242200807 0.22364501953125 14483456
1733242245486 0.220550537109375 14516224
1733242288481 0.21002197265625 14548992
1733242328881 0.22967529296875 14560000
1733242382988 0.2271575927734375 14614528
1733242426759 0.2271881103515625 14647296
1733242469694 0.1986358642578125 14680064
1733242513910 0.216339111328125 14712832
1733242551466 0.217205810546875 14720000
1733242607600 0.2244171142578125 14778368
1733242650913 0.225396728515625 14811136
1733242693872 0.235333251953125 14843904
1733242736910 0.2359771728515625 14876672
1733242771600 0.2312591552734375 14880000
1733242830553 0.2241302490234375 14942208
1733242873550 0.2119659423828125 14974976
1733242917563 0.2084197998046875 15007744
1733242965022 0.2178131103515625 15040000
1733243010395 0.22181396484375 15073280
1733243051977 0.23682861328125 15106048
1733243096480 0.2183685302734375 15138816
1733243138237 0.2265289306640625 15171584
1733243189191 0.196221923828125 15200000
1733243232217 0.211602783203125 15237120
1733243278195 0.216925048828125 15269888
1733243320406 0.2280242919921875 15302656
1733243365457 0.20965576171875 15335424
1733243410542 0.24241943359375 15360000
1733243459350 0.2221099853515625 15400960
1733243501089 0.2271392822265625 15433728
1733243544792 0.2273284912109375 15466496
1733243587384 0.2176544189453125 15499264
1733243632259 0.2197998046875 15520000
1733243681400 0.231597900390625 15564800
1733243725999 0.22728271484375 15597568
1733243769262 0.209515380859375 15630336
1733243813812 0.2266143798828125 15663104
1733243855556 0.22452392578125 15680000
1733243907245 0.216162109375 15728640
1733243950686 0.22425537109375 15761408
1733243994057 0.221197509765625 15794176
1733244037147 0.22008056640625 15826944
1733244077248 0.2227996826171875 15840000
1733244130845 0.248992919921875 15892480
1733244173242 0.231292724609375 15925248
1733244216945 0.2437591552734375 15958016
1733244259987 0.2160736083984375 15990784
1733244301113 0.209173583984375 16000000
1733244353526 0.229730224609375 16056320
1733244397072 0.2285675048828125 16089088
1733244440084 0.2199188232421875 16121856
1733244483805 0.226580810546875 16154624
1733244520603 0.22044677734375 16160000
1733244579328 0.224951171875 16220160
1733244621550 0.217535400390625 16252928
1733244666197 0.2055938720703125 16285696
1733244708381 0.2403167724609375 16318464
1733244744230 0.2177825927734375 16320000
1733244803435 0.2100616455078125 16384000
1733244847959 0.2229095458984375 16416768
1733244892297 0.2246795654296875 16449536
1733244942880 0.20423583984375 16480000
1733244989186 0.21595458984375 16515072
1733245034870 0.2078765869140625 16547840
1733245080565 0.217437744140625 16580608
1733245124872 0.2087310791015625 16613376
1733245170949 0.2086761474609375 16640000
1733245219941 0.2063507080078125 16678912
1733245262258 0.216876220703125 16711680
1733245308846 0.2027679443359375 16744448
1733245350725 0.2182586669921875 16777216
1733245398695 0.2131256103515625 16800000
1733245446059 0.227606201171875 16842752
1733245491593 0.21832275390625 16875520
1733245533899 0.2273101806640625 16908288
1733245579467 0.2168609619140625 16941056
1733245620633 0.235198974609375 16960000
1733245671759 0.217633056640625 17006592
1733245713443 0.24075927734375 17039360
1733245759594 0.224774169921875 17072128
1733245802298 0.212957763671875 17104896
1733245845535 0.2055633544921875 17120000
1733245896082 0.2242950439453125 17170432
1733245939225 0.220196533203125 17203200
1733245982078 0.228277587890625 17235968
1733246025857 0.218072509765625 17268736
1733246065297 0.2180084228515625 17280000
1733246119749 0.227557373046875 17334272
1733246162986 0.2268341064453125 17367040
1733246206182 0.2250823974609375 17399808
1733246250000 0.2434234619140625 17432576
1733246284756 0.2068817138671875 17440000
1733246338995 0.20621337890625 17498112
1733246380712 0.2012176513671875 17530880
1733246425106 0.2079254150390625 17563648
1733246466487 0.2050994873046875 17596416
1733246501452 0.2161224365234375 17600000
1733246557269 0.2185699462890625 17661952
1733246600292 0.204071044921875 17694720
1733246641044 0.22344970703125 17727488
1733246689864 0.2184478759765625 17760000
1733246732076 0.2085357666015625 17793024
1733246774664 0.2170928955078125 17825792
1733246817585 0.2041839599609375 17858560
1733246860589 0.208038330078125 17891328
1733246907068 0.195819091796875 17920000
1733246952510 0.2071807861328125 17956864
1733246994460 0.2192108154296875 17989632
1733247036972 0.2084564208984375 18022400
1733247077635 0.2253387451171875 18055168
1733247124547 0.2238037109375 18080000
1733247170599 0.214422607421875 18120704
1733247212178 0.2050567626953125 18153472
1733247254783 0.221661376953125 18186240
1733247298112 0.21317138671875 18219008
1733247340934 0.21640625 18240000
1733247388936 0.2144805908203125 18284544
1733247431475 0.21221923828125 18317312
1733247473423 0.213043212890625 18350080
1733247515561 0.210968017578125 18382848
1733247557645 0.22119140625 18400000
1733247607272 0.2059234619140625 18448384
1733247650733 0.2270904541015625 18481152
1733247695105 0.2212554931640625 18513920
1733247738964 0.23846435546875 18546688
1733247778356 0.2226348876953125 18560000
1733247831405 0.21512451171875 18612224
1733247873373 0.2154449462890625 18644992
1733247915458 0.2152191162109375 18677760
1733247958377 0.220263671875 18710528
1733247996481 0.1923309326171875 18720000
1733248049894 0.2120513916015625 18776064
1733248092707 0.2010406494140625 18808832
1733248135311 0.2085906982421875 18841600
1733248178974 0.212188720703125 18874368
1733248214739 0.2093414306640625 18880000
1733248271189 0.224713134765625 18939904
1733248313461 0.1981170654296875 18972672
1733248357023 0.21090087890625 19005440
1733248400278 0.229718017578125 19038208
1733248435690 0.215679931640625 19040000
1733248494237 0.202166748046875 19103744
1733248538163 0.2115447998046875 19136512
1733248580653 0.2078277587890625 19169280
1733248629133 0.2124603271484375 19200000
1733248672468 0.2076690673828125 19234816
1733248716067 0.1876495361328125 19267584
1733248758061 0.2248870849609375 19300352
1733248800748 0.206439208984375 19333120
1733248848318 0.1914459228515625 19360000
1733248893673 0.20953369140625 19398656
1733248936777 0.2142852783203125 19431424
1733248979065 0.1939727783203125 19464192
1733249021146 0.1972015380859375 19496960
1733249064840 0.20264892578125 19520000
1733249111152 0.20577392578125 19562496
1733249153376 0.186627197265625 19595264
1733249196252 0.1996429443359375 19628032
1733249239520 0.20411376953125 19660800
1733249281907 0.1934722900390625 19680000
1733249332283 0.191998291015625 19726336
1733249374313 0.2033447265625 19759104
1733249417493 0.2009429931640625 19791872
1733249460111 0.1989227294921875 19824640
1733249499981 0.199078369140625 19840000
1733249550227 0.1846282958984375 19890176
1733249592477 0.2020904541015625 19922944
1733249634405 0.212335205078125 19955712
1733249676992 0.1961151123046875 19988480
1733249716923 0.21563720703125 20000000
1733249770613 0.2077239990234375 20054016
1733249812845 0.1901458740234375 20086784
1733249856346 0.194940185546875 20119552
1733249899436 0.2310302734375 20152320
1733249936414 0.20482177734375 20160000
1733249991443 0.19322509765625 20217856
1733250033744 0.202410888671875 20250624
1733250076785 0.1931488037109375 20283392
1733250118404 0.1912628173828125 20316160
1733250155348 0.2043914794921875 20320000
1733250210927 0.1934783935546875 20381696
1733250253697 0.1919403076171875 20414464
1733250295713 0.1866363525390625 20447232
1733250347675 0.19569091796875 20480000
1733250390387 0.2086944580078125 20512768
1733250433999 0.2126007080078125 20545536
1733250477285 0.1983673095703125 20578304
1733250521650 0.1900115966796875 20611072
1733250567019 0.1915740966796875 20640000
1733250612020 0.1856903076171875 20676608
1733250656323 0.20306396484375 20709376
1733250699740 0.2053741455078125 20742144
1733250742170 0.20198974609375 20774912
1733250788627 0.18968505859375 20800000
1733250835063 0.206829833984375 20840448
1733250876029 0.1771209716796875 20873216
1733250919089 0.1970855712890625 20905984
1733250961544 0.2081756591796875 20938752
1733251005524 0.201171875 20960000
1733251053085 0.197344970703125 21004288
1733251097075 0.1961669921875 21037056
1733251139101 0.21436767578125 21069824
1733251181607 0.2029327392578125 21102592
1733251223550 0.187615966796875 21120000
1733251276042 0.1956634521484375 21168128
1733251317806 0.1956207275390625 21200896
1733251361074 0.198956298828125 21233664
1733251402809 0.1855224609375 21266432
1733251445089 0.2116729736328125 21280000
1733251497319 0.2056610107421875 21331968
1733251540954 0.188739013671875 21364736
1733251584603 0.20205078125 21397504
1733251628762 0.2014434814453125 21430272
1733251668173 0.2024200439453125 21440000
1733251720929 0.1840301513671875 21495808
1733251761843 0.1967742919921875 21528576
1733251805447 0.19256591796875 21561344
1733251847702 0.1820892333984375 21594112
1733251885216 0.1972198486328125 21600000
1733251940267 0.19656982421875 21659648
1733251982204 0.186614990234375 21692416
1733252026902 0.1961669921875 21725184
1733252068167 0.1827117919921875 21757952
1733252104402 0.2071533203125 21760000
1733252161199 0.1860443115234375 21823488
1733252204264 0.19620361328125 21856256
1733252246518 0.207379150390625 21889024
1733252295476 0.194970703125 21920000
1733252338866 0.195208740234375 21954560
1733252382126 0.20921630859375 21987328
1733252422708 0.2003448486328125 22020096
1733252465854 0.2064483642578125 22052864
1733252509999 0.2364654541015625 22080000
1733252556813 0.183819580078125 22118400
1733252597736 0.2025421142578125 22151168
1733252640370 0.185211181640625 22183936
1733252682543 0.197808837890625 22216704
1733252726790 0.1945526123046875 22240000
1733252774926 0.204083251953125 22282240
1733252815352 0.19669189453125 22315008
1733252855714 0.218316650390625 22347776
1733252895933 0.2216339111328125 22380544
1733252936667 0.2066741943359375 22400000
1733252982489 0.202734375 22446080
1733253022806 0.1800384521484375 22478848
1733253062097 0.205224609375 22511616
1733253101809 0.1937835693359375 22544384
1733253139926 0.2038421630859375 22560000
1733253186593 0.202191162109375 22609920
1733253225871 0.192498779296875 22642688
1733253265781 0.1852783203125 22675456
1733253305636 0.216357421875 22708224
1733253342742 0.213427734375 22720000
1733253391633 0.208929443359375 22773760
1733253431688 0.1978179931640625 22806528
1733253471185 0.2065155029296875 22839296
1733253510859 0.192578125 22872064
1733253545868 0.19700927734375 22880000
1733253596275 0.1939178466796875 22937600
1733253635580 0.1986541748046875 22970368
1733253675809 0.207476806640625 23003136
1733253715037 0.1936614990234375 23035904
1733253747735 0.1924591064453125 23040000
1733253800357 0.1973663330078125 23101440
1733253840421 0.1951904296875 23134208
1733253879612 0.208758544921875 23166976
1733253919321 0.191278076171875 23199744
1733253950073 0.187567138671875 23200000
1733254004047 0.1959503173828125 23265280
1733254043818 0.1917755126953125 23298048
1733254084601 0.1879669189453125 23330816
1733254128115 0.1863739013671875 23360000
1733254170332 0.1863006591796875 23396352
1733254209871 0.1795654296875 23429120
1733254250530 0.19307861328125 23461888
1733254289497 0.1842376708984375 23494656
1733254333277 0.1873016357421875 23520000
1733254375767 0.19793701171875 23560192
1733254415685 0.191363525390625 23592960
1733254454408 0.1841705322265625 23625728
1733254495249 0.17108154296875 23658496
1733254535707 0.193328857421875 23680000
1733254581146 0.1822113037109375 23724032
1733254620465 0.198370361328125 23756800
1733254661216 0.21158447265625 23789568
1733254700411 0.1945281982421875 23822336
1733254740825 0.1981964111328125 23840000
1733254787578 0.1949798583984375 23887872
1733254828366 0.1826751708984375 23920640
1733254868038 0.1808441162109375 23953408
1733254907568 0.1949554443359375 23986176
1733254947016 0.1873992919921875 24000000
1733254998155 0.1902496337890625 24051712
1733255039407 0.1868072509765625 24084480
1733255079262 0.18487548828125 24117248
1733255118830 0.1830718994140625 24150016
1733255156998 0.165240478515625 24160000
1733255206221 0.1780517578125 24215552
1733255247838 0.1856292724609375 24248320
1733255287094 0.1889556884765625 24281088
1733255328437 0.189837646484375 24313856
1733255363371 0.1975189208984375 24320000
1733255415422 0.20162353515625 24379392
1733255457108 0.2027862548828125 24412160
1733255496787 0.1896820068359375 24444928
1733255538803 0.196734619140625 24477696
1733255571311 0.1739227294921875 24480000
1733255625016 0.1750946044921875 24543232
1733255665359 0.1964599609375 24576000
1733255706335 0.175506591796875 24608768
1733255753197 0.1776641845703125 24640000
1733255793095 0.1932861328125 24674304
1733255834534 0.1870391845703125 24707072
1733255874195 0.2110931396484375 24739840
1733255914611 0.1668914794921875 24772608
1733255958811 0.1893035888671875 24800000
1733256001282 0.1897918701171875 24838144
1733256043524 0.1909820556640625 24870912
1733256084316 0.16434326171875 24903680
1733256124899 0.17454833984375 24936448
1733256166479 0.19522705078125 24960000
1733256211035 0.184320068359375 25001984
1733256252972 0.1813323974609375 25034752
1733256292369 0.1719879150390625 25067520
1733256335439 0.1819244384765625 25100288
1733256375412 0.179791259765625 25120000
1733256421195 0.189300537109375 25165824
1733256460841 0.1790557861328125 25198592
1733256501401 0.1894073486328125 25231360
1733256544625 0.188623046875 25264128
1733256582974 0.1964111328125 25280000
1733256633163 0.2011566162109375 25329664
1733256672907 0.1639556884765625 25362432
1733256714704 0.2003082275390625 25395200
1733256754108 0.175018310546875 25427968
1733256791819 0.1863677978515625 25440000
1733256842518 0.169488525390625 25493504
1733256881618 0.1934417724609375 25526272
1733256922861 0.181683349609375 25559040
1733256961820 0.181671142578125 25591808
1733256997945 0.18896484375 25600000
1733257049102 0.1916107177734375 25657344
1733257089141 0.1839935302734375 25690112
1733257130877 0.186029052734375 25722880
1733257169936 0.1774566650390625 25755648
1733257203527 0.1832122802734375 25760000
1733257256052 0.2002349853515625 25821184
1733257295895 0.1739654541015625 25853952
1733257337165 0.1785858154296875 25886720
1733257376394 0.1914825439453125 25919488
1733257410768 0.1772796630859375 25920000
1733257465031 0.182025146484375 25985024
1733257505686 0.1688323974609375 26017792
1733257544888 0.190679931640625 26050560
1733257589451 0.17626953125 26080000
1733257632299 0.1928558349609375 26116096
1733257672819 0.1826324462890625 26148864
1733257715107 0.2017333984375 26181632
1733257753938 0.1758636474609375 26214400
1733257798950 0.1699005126953125 26240000
1733257841630 0.1650421142578125 26279936
1733257881869 0.1679534912109375 26312704
1733257924830 0.17978515625 26345472
1733257964338 0.166802978515625 26378240
1733258006726 0.183245849609375 26400000
1733258051763 0.1735107421875 26443776
1733258092510 0.1815460205078125 26476544
1733258132265 0.16771240234375 26509312
1733258172162 0.1765594482421875 26542080
1733258213478 0.17841796875 26560000
1733258258930 0.1849273681640625 26607616
1733258300002 0.193524169921875 26640384
1733258339740 0.179290771484375 26673152
1733258379321 0.186181640625 26705920
1733258418327 0.1688201904296875 26720000
1733258466219 0.183935546875 26771456
1733258508265 0.195892333984375 26804224
1733258546913 0.180804443359375 26836992
1733258588093 0.1664306640625 26869760
1733258625667 0.179315185546875 26880000
1733258674227 0.179345703125 26935296
1733258715940 0.1897735595703125 26968064
1733258754779 0.1618927001953125 27000832
1733258796800 0.1600067138671875 27033600
1733258832477 0.1785125732421875 27040000
1733258892644 0.168829345703125 27099136
1733258933895 0.1701995849609375 27131904
1733258978675 0.182904052734375 27164672
1733259020180 0.1652496337890625 27197440
1733259055680 0.168109130859375 27200000
1733259113200 0.16551513671875 27262976
1733259155509 0.165057373046875 27295744
1733259199440 0.1779083251953125 27328512
1733259246747 0.188494873046875 27360000
1733259291718 0.174969482421875 27394048
1733259332584 0.1777801513671875 27426816
1733259376406 0.1828094482421875 27459584
1733259422546 0.187823486328125 27492352
1733259469102 0.1605743408203125 27520000
1733259514880 0.19075927734375 27557888
1733259557521 0.1984832763671875 27590656
1733259600964 0.1692596435546875 27623424
1733259643422 0.1968841552734375 27656192
1733259688242 0.1619537353515625 27680000
1733259735018 0.1799896240234375 27721728
1733259778241 0.17928466796875 27754496
1733259822997 0.182928466796875 27787264
1733259865532 0.1689666748046875 27820032
1733259910471 0.17845458984375 27840000
1733259958807 0.17596435546875 27885568
1733260002113 0.174591064453125 27918336
1733260045948 0.1654327392578125 27951104
1733260089238 0.1684112548828125 27983872
1733260131824 0.1597747802734375 28000000
1733260186331 0.1578094482421875 28049408
1733260231181 0.16925048828125 28082176
1733260273618 0.157305908203125 28114944
1733260317228 0.1689056396484375 28147712
1733260357175 0.172802734375 28160000
1733260411676 0.16431884765625 28213248
1733260453910 0.16116943359375 28246016
1733260496990 0.204437255859375 28278784
1733260541851 0.1837890625 28311552
1733260583350 0.1763885498046875 28320000
1733260640821 0.1751373291015625 28377088
1733260683982 0.1897216796875 28409856
1733260727430 0.1777191162109375 28442624
1733260769337 0.1822998046875 28475392
1733260807241 0.164581298828125 28480000
1733260863065 0.16795654296875 28540928
1733260904859 0.189715576171875 28573696
1733260949471 0.158575439453125 28606464
1733260992413 0.16536865234375 28639232
1733261029541 0.1849517822265625 28640000
1733261089384 0.1572723388671875 28704768
1733261134807 0.1629974365234375 28737536
1733261178836 0.159796142578125 28770304
1733261229397 0.186956787109375 28800000
1733261275542 0.1744384765625 28835840
1733261319872 0.1488861083984375 28868608
1733261365095 0.1695953369140625 28901376
1733261408526 0.155426025390625 28934144
1733261459449 0.155914306640625 28960000
1733261507377 0.160064697265625 28999680
1733261552878 0.174078369140625 29032448
1733261597136 0.157769775390625 29065216
1733261641407 0.1597900390625 29097984
1733261687513 0.15595703125 29120000
1733261737992 0.1555877685546875 29163520
1733261781384 0.158367919921875 29196288
1733261825176 0.14908447265625 29229056
1733261870207 0.1914520263671875 29261824
1733261917417 0.1581512451171875 29280000
1733261969651 0.161419677734375 29327360
1733262014397 0.1726348876953125 29360128
1733262058243 0.154559326171875 29392896
1733262101672 0.1819366455078125 29425664
1733262143017 0.165496826171875 29440000
1733262195002 0.185906982421875 29491200
1733262239214 0.1859222412109375 29523968
1733262283862 0.1585418701171875 29556736
1733262328341 0.1529876708984375 29589504
1733262369819 0.17755126953125 29600000
1733262423798 0.175177001953125 29655040
1733262469191 0.156512451171875 29687808
1733262512098 0.1536468505859375 29720576
1733262557368 0.1732269287109375 29753344
1733262597472 0.165234375 29760000
1733262654240 0.1605133056640625 29818880
1733262700128 0.1783416748046875 29851648
1733262742439 0.198516845703125 29884416
1733262787802 0.16434326171875 29917184
1733262822926 0.1691986083984375 29920000
1733262881699 0.1698394775390625 29982720
1733262922164 0.17515869140625 30015488
1733262965801 0.1707275390625 30048256
1733263015249 0.150189208984375 30080000
1733263058801 0.1645172119140625 30113792
1733263103713 0.15262451171875 30146560
1733263145918 0.1649444580078125 30179328
1733263190664 0.171173095703125 30212096
1733263236682 0.15455322265625 30240000
1733263282505 0.151690673828125 30277632
1733263327447 0.1616851806640625 30310400
1733263371030 0.1676971435546875 30343168
1733263416055 0.1701751708984375 30375936
1733263460136 0.1693115234375 30400000
1733263508907 0.16138916015625 30441472
1733263550924 0.181585693359375 30474240
1733263594142 0.1736328125 30507008
1733263638672 0.16973876953125 30539776
1733263683314 0.1691741943359375 30560000
1733263733503 0.1610137939453125 30605312
1733263775806 0.1881805419921875 30638080
1733263822087 0.16649169921875 30670848
1733263864906 0.1605438232421875 30703616
1733263907333 0.1753143310546875 30720000
1733263957490 0.1800994873046875 30769152
1733264001809 0.1909942626953125 30801920
1733264044513 0.1599761962890625 30834688
1733264088143 0.1480682373046875 30867456
1733264129867 0.165911865234375 30880000
1733264182699 0.180267333984375 30932992
1733264227670 0.167315673828125 30965760
1733264270868 0.167156982421875 30998528
1733264315670 0.1676605224609375 31031296
1733264352916 0.186474609375 31040000
1733264409214 0.1796722412109375 31096832
1733264453689 0.1670440673828125 31129600
1733264497002 0.1717559814453125 31162368
1733264539880 0.1688446044921875 31195136
1733264575101 0.1745269775390625 31200000
1733264633376 0.1482025146484375 31260672
1733264675810 0.178851318359375 31293440
1733264719881 0.15927734375 31326208
1733264761494 0.1686004638671875 31358976
1733264796592 0.16153564453125 31360000
1733264852484 0.1601409912109375 31424512
1733264892806 0.146978759765625 31457280
1733264937527 0.1958892822265625 31490048
1733264986552 0.1703033447265625 31520000
1733265029890 0.175897216796875 31555584
1733265073040 0.161517333984375 31588352
1733265116376 0.207147216796875 31621120
1733265159837 0.177154541015625 31653888
1733265206743 0.1692230224609375 31680000
1733265253181 0.200262451171875 31719424
1733265295401 0.168170166015625 31752192
1733265338955 0.1519805908203125 31784960
1733265382618 0.184466552734375 31817728
1733265428546 0.153863525390625 31840000
1733265478170 0.1763458251953125 31883264
1733265519370 0.1572662353515625 31916032
1733265563424 0.164501953125 31948800
1733265607904 0.18717041015625 31981568
1733265649077 0.160223388671875 32000000
1733265700807 0.1652191162109375 32047104
1733265742474 0.1543365478515625 32079872
1733265786303 0.166064453125 32112640
1733265831299 0.157440185546875 32145408
1733265870171 0.1633331298828125 32160000
