1733223277573 -0.08070679008960724 65536
1733223317066 -0.055765315890312195 98304
1733223356857 -0.03715242072939873 131072
1733223399052 -0.07721687108278275 160000
1733223438740 -0.06448780000209808 196608
1733223476545 -0.07946157455444336 229376
1733223516634 -0.05869533121585846 262144
1733223556416 -0.03776226565241814 294912
1733223598470 -0.061472490429878235 320000
1733223639567 -0.09332580864429474 360448
1733223677168 -0.052246518433094025 393216
1733223715847 -0.08184551447629929 425984
1733223753688 -0.05035032704472542 458752
1733223792226 -0.07199520617723465 480000
1733223835147 -0.053536172956228256 524288
1733223873035 -0.01701566018164158 557056
1733223911266 -0.06570367515087128 589824
1733223949388 -0.042767610400915146 622592
1733223986186 -0.03779073804616928 640000
1733224030934 -0.0669497549533844 688128
1733224069388 -0.06374023109674454 720896
1733224107011 -0.08307971805334091 753664
1733224145067 -0.04511473327875137 786432
1733224180986 -0.07647579163312912 800000
1733224227238 -0.06852126121520996 851968
1733224265070 -0.07960060238838196 884736
1733224303732 -0.02550550363957882 917504
1733224342121 -0.0786307156085968 950272
1733224376562 -0.057365626096725464 960000
1733224423856 -0.06083279103040695 1015808
1733224462220 -0.042356811463832855 1048576
1733224500368 -0.06818652153015137 1081344
1733224538207 -0.08399384468793869 1114112
1733224571806 -0.05809800326824188 1120000
1733224620172 -0.08083131909370422 1179648
1733224658410 -0.043494950979948044 1212416
1733224696465 -0.08048876374959946 1245184
1733224734365 -0.039348993450403214 1277952
1733224766753 -0.03375009447336197 1280000
1733224817215 -0.04686783254146576 1343488
1733224855713 -0.04606930911540985 1376256
1733224894141 -0.02283446304500103 1409024
1733224937513 -0.07389426231384277 1440000
1733224977126 -0.052059054374694824 1474560
1733225015940 -0.04905053600668907 1507328
1733225054641 -0.02843066304922104 1540096
1733225093039 -0.03503657132387161 1572864
1733225134369 -0.0557858981192112 1600000
1733225175432 -0.05027559772133827 1638400
1733225214048 -0.056243132799863815 1671168
1733225252725 -0.048835352063179016 1703936
1733225291144 -0.05358685180544853 1736704
1733225332148 -0.04204580560326576 1760000
1733225375748 -0.022485017776489258 1802240
1733225414112 -0.08526647835969925 1835008
1733225452427 -0.038532793521881104 1867776
1733225490516 -0.04273851960897446 1900544
1733225528905 -0.06665609031915665 1920000
1733225572580 -0.0500139445066452 1966080
1733225610936 -0.04375668987631798 1998848
1733225649594 -0.031401220709085464 2031616
1733225687929 -0.07048904895782471 2064384
1733225724318 -0.04160230979323387 2080000
1733225769505 -0.017749574035406113 2129920
1733225808071 -0.025614019483327866 2162688
1733225846292 -0.050188686698675156 2195456
1733225885071 -0.03577491268515587 2228224
1733225920554 -0.04782184213399887 2240000
1733225966933 -0.04232802987098694 2293760
1733226005172 -0.04441693797707558 2326528
1733226044095 -0.08476997166872025 2359296
1733226082870 0.004760721232742071 2392064
1733226117260 -0.05035175755620003 2400000
1733226166088 -0.02909797988831997 2457600
1733226204450 -0.049902867525815964 2490368
1733226243010 -0.050451770424842834 2523136
1733226281828 -0.03881998360157013 2555904
1733226314311 -0.06672272831201553 2560000
1733226364972 -0.041296739131212234 2621440
1733226403644 -0.019198499619960785 2654208
1733226441634 -0.0175999253988266 2686976
1733226480077 -0.03702292591333389 2719744
1733226510426 -0.05313509702682495 2720000
1733226562832 0.009494012221693993 2785280
1733226601458 -0.043380074203014374 2818048
1733226639979 -0.04434175789356232 2850816
1733226682508 -0.040050338953733444 2880000
1733226722630 -0.021859897300601006 2916352
1733226760986 -0.0255579836666584 2949120
1733226799520 -0.05546947568655014 2981888
1733226838031 -0.05898815020918846 3014656
1733226878528 -0.03959557041525841 3040000
1733226920350 -0.04443937912583351 3080192
1733226958668 -0.022708063945174217 3112960
1733226996865 -0.048689305782318115 3145728
1733227034762 -0.07083141058683395 3178496
1733227074558 -0.03762723505496979 3200000
1733227117471 -0.03407473862171173 3244032
1733227155887 -0.041869014501571655 3276800
1733227194510 -0.048668958246707916 3309568
1733227233263 -0.06342539191246033 3342336
1733227271619 -0.0431935153901577 3360000
1733227315988 -0.0359976664185524 3407872
1733227355079 -0.054832641035318375 3440640
1733227393659 -0.010624956339597702 3473408
1733227432310 -0.06037158519029617 3506176
1733227468958 -0.04589774087071419 3520000
1733227514944 -0.038882214576005936 3571712
1733227553407 -0.04168926179409027 3604480
1733227591955 -0.03140363469719887 3637248
1733227630526 -0.007333793677389622 3670016
1733227665217 -0.03850884363055229 3680000
1733227713603 -0.05582382157444954 3735552
1733227752076 -0.06279339641332626 3768320
1733227790962 -0.04032402113080025 3801088
1733227829804 -0.036960143595933914 3833856
1733227863526 -0.027073940262198448 3840000
1733227913942 -0.044924572110176086 3899392
1733227952447 -0.04610167071223259 3932160
1733227990655 -0.037098705768585205 3964928
1733228029259 -0.027116505429148674 3997696
1733228060707 -0.05064640939235687 4000000
1733228112125 -0.02585243433713913 4063232
1733228150564 -0.032991908490657806 4096000
1733228188757 -0.047731395810842514 4128768
1733228232022 -0.049963414669036865 4160000
1733228270748 -0.03500142693519592 4194304
1733228309072 -0.05270542949438095 4227072
1733228347338 -0.03987757861614227 4259840
1733228385320 -0.04930093511939049 4292608
1733228426823 -0.04523330181837082 4320000
1733228467486 -0.06515466421842575 4358144
1733228505774 -0.011770491488277912 4390912
1733228544413 -0.04707479104399681 4423680
1733228582594 -0.0056570107117295265 4456448
1733228623808 -0.050659555941820145 4480000
1733228666128 -0.0694577768445015 4521984
1733228704377 -0.053661346435546875 4554752
1733228743287 -0.03628610819578171 4587520
1733228781659 -0.031179511919617653 4620288
1733228821055 -0.054305803030729294 4640000
1733228865267 -0.052415937185287476 4685824
1733228903831 -0.0589238740503788 4718592
1733228943099 0.008856764063239098 4751360
1733228981983 -0.034983135759830475 4784128
1733229019437 -0.03826747462153435 4800000
1733229065420 -0.05518321320414543 4849664
1733229104432 -0.0375874899327755 4882432
1733229143785 -0.036694131791591644 4915200
1733229182932 -0.029659453779459 4947968
1733229219196 -0.03744945302605629 4960000
1733229266166 -0.04735375940799713 5013504
1733229304454 -0.025273900479078293 5046272
1733229344150 -0.0762619599699974 5079040
1733229383271 -0.039801936596632004 5111808
1733229417729 -0.03353653475642204 5120000
1733229465415 -0.0337521992623806 5177344
1733229503779 -0.04769011214375496 5210112
1733229541620 -0.05215964838862419 5242880
1733229581139 -0.03588182479143143 5275648
1733229614907 -0.0241191778331995 5280000
1733229664234 -0.04677840322256088 5341184
1733229707951 -0.039324209094047546 5373952
1733229748306 -0.04343705624341965 5406720
1733229787032 -0.00981591921299696 5439488
1733229818959 -0.039420150220394135 5440000
1733229870895 -0.04169111326336861 5505024
1733229909642 -0.019976723939180374 5537792
1733229949264 -0.031341757625341415 5570560
1733229992906 -0.031637586653232574 5600000
1733230033484 -0.02554294466972351 5636096
1733230073187 -0.047329384833574295 5668864
1733230112366 -0.047733113169670105 5701632
1733230152476 -0.052374593913555145 5734400
1733230195965 -0.03419817239046097 5760000
1733230239064 -0.04666430503129959 5799936
1733230279845 -0.01768435165286064 5832704
1733230328440 -0.006076103076338768 5865472
1733230374368 -0.015223564580082893 5898240
1733230416596 -0.03911340981721878 5920000
1733230462376 -0.028563376516103745 5963776
1733230502201 -0.042080022394657135 5996544
1733230541552 -0.05929184705018997 6029312
1733230581057 -0.05081883445382118 6062080
1733230621295 -0.0287608839571476 6080000
1733230669229 -0.03311125561594963 6127616
1733230708614 -0.027123242616653442 6160384
1733230749818 -0.03452331945300102 6193152
1733230790004 -0.04506000503897667 6225920
1733230828184 -0.05482685938477516 6240000
1733230876415 -0.029735444113612175 6291456
1733230917227 0.006134967785328627 6324224
1733230956719 -0.019427556544542313 6356992
1733230997736 -0.01709609664976597 6389760
1733231039770 -0.04235026240348816 6400000
1733231091826 -0.04482352361083031 6455296
1733231132498 -0.0008918800158426166 6488064
1733231176036 -0.006729396991431713 6520832
1733231219983 -0.055531688034534454 6553600
1733231255483 -0.05049671605229378 6560000
1733231311771 -0.050208233296871185 6619136
1733231355783 -0.021915484219789505 6651904
1733231399702 -0.037296514958143234 6684672
1733231442907 -0.024774018675088882 6717440
1733231479234 -0.03790206089615822 6720000
1733231535004 -0.0451027937233448 6782976
1733231579158 -0.03783951699733734 6815744
1733231622164 -0.0006327019073069096 6848512
1733231670611 -0.039444927126169205 6880000
1733231716266 -0.036827780306339264 6914048
1733231756868 -0.053945302963256836 6946816
1733231801930 -0.037261251360177994 6979584
1733231846031 -0.01314697228372097 7012352
1733231892948 -0.03905501216650009 7040000
1733231939786 -0.041633907705545425 7077888
1733231981450 -0.03667576611042023 7110656
1733232023981 -0.036909572780132294 7143424
1733232067339 -0.03257694095373154 7176192
1733232111669 -0.012524195946753025 7200000
1733232157745 -0.043873827904462814 7241728
1733232203346 -0.033799272030591965 7274496
1733232245197 -0.04289797320961952 7307264
1733232288141 0.03719639778137207 7340032
1733232333428 -0.035267047584056854 7360000
1733232380873 -0.006448757369071245 7405568
1733232425087 -0.04108017310500145 7438336
1733232467796 0.007710355333983898 7471104
1733232510442 -0.04651794210076332 7503872
1733232552363 -0.028328880667686462 7520000
1733232602698 -0.01726567931473255 7569408
1733232646103 -0.050662584602832794 7602176
1733232690264 -0.05041880905628204 7634944
1733232730403 -0.02221430465579033 7667712
1733232771275 -0.07339317351579666 7680000
1733232825859 -0.018935369327664375 7733248
1733232866640 -0.048662975430488586 7766016
1733232907687 -0.03549487888813019 7798784
1733232952252 -0.041148051619529724 7831552
1733232990607 -0.04164700210094452 7840000
1733233046457 -0.021923290565609932 7897088
1733233088737 0.02699464000761509 7929856
1733233134732 -0.036641836166381836 7962624
1733233178344 -0.01644396409392357 7995392
1733233214159 -0.009782369248569012 8000000
1733233271943 -0.042515307664871216 8060928
1733233317464 0.040635719895362854 8093696
1733233360231 -0.031906869262456894 8126464
1733233403302 -0.032901179045438766 8159232
1733233439899 -0.028286784887313843 8160000
1733233499061 -0.0010098910424858332 8224768
1733233542427 -0.05210982635617256 8257536
1733233586161 -0.05169568583369255 8290304
1733233637000 -0.022797750309109688 8320000
1733233683277 -0.022887814790010452 8355840
1733233728018 -0.029505224898457527 8388608
1733233772586 -0.00484429020434618 8421376
1733233816983 -0.034399379044771194 8454144
1733233864181 -0.04288830980658531 8480000
1733233912175 -0.048409029841423035 8519680
1733233955851 -0.04041248559951782 8552448
1733233999554 0.01842382550239563 8585216
1733234043456 -0.032686006277799606 8617984
1733234088363 -0.03783481940627098 8640000
1733234138866 -0.054244957864284515 8683520
1733234183524 -0.03871501237154007 8716288
1733234227248 -0.058670397847890854 8749056
1733234270664 -0.060023851692676544 8781824
1733234315547 -0.02094774879515171 8800000
1733234368248 -0.03405933082103729 8847360
1733234411785 -0.052861858159303665 8880128
1733234455272 0.0012150680413469672 8912896
1733234499959 -0.04065023735165596 8945664
1733234541622 -0.03960452228784561 8960000
1733234595935 -0.043864041566848755 9011200
1733234639445 -0.05654182285070419 9043968
1733234685471 -0.03911483287811279 9076736
1733234729386 -0.04687799885869026 9109504
1733234770500 -0.03354257345199585 9120000
1733234824555 -0.016029536724090576 9175040
1733234868976 -0.017268378287553787 9207808
1733234914360 -0.03026566654443741 9240576
1733234957864 -0.061384543776512146 9273344
1733234996060 -0.055337511003017426 9280000
1733235052357 -0.02272471785545349 9338880
1733235101989 -0.0164348017424345 9371648
1733235146575 -0.038405641913414 9404416
1733235190255 -0.0373399555683136 9437184
1733235227010 -0.012424858286976814 9440000
1733235285936 -0.0703817680478096 9502720
1733235332554 -0.051146332174539566 9535488
1733235377050 -0.054228294640779495 9568256
1733235429020 -0.03946055471897125 9600000
1733235474038 -0.03263039141893387 9633792
1733235517851 -0.03407697007060051 9666560
1733235563372 -0.01343501079827547 9699328
1733235606433 0.01755846105515957 9732096
1733235656237 -0.026954876258969307 9760000
1733235702499 -0.055032067000865936 9797632
1733235746761 -0.02797709032893181 9830400
1733235790382 -0.058839816600084305 9863168
1733235833300 -0.028086325153708458 9895936
1733235881517 -0.03064095415174961 9920000
1733235929240 -0.029576675966382027 9961472
1733235977105 -0.0414632186293602 9994240
1733236022308 -0.055837709456682205 10027008
1733236066179 -0.017495691776275635 10059776
1733236109944 -0.04624043405056 10080000
1733236160611 -0.04235326126217842 10125312
1733236207307 -0.019216466695070267 10158080
1733236251953 -0.017459647729992867 10190848
1733236297186 -0.049022480845451355 10223616
1733236339919 -0.02600417099893093 10240000
1733236391946 -0.030811568722128868 10289152
1733236437716 -0.008255534805357456 10321920
1733236480179 -0.0486440472304821 10354688
1733236525650 -0.012461554259061813 10387456
1733236566149 -0.04541291296482086 10400000
1733236623070 -0.037371017038822174 10452992
1733236667940 -0.053430043160915375 10485760
1733236711014 -0.0266349408775568 10518528
1733236756193 -0.03936433792114258 10551296
1733236796512 0.1522979587316513 10560000
1733236853036 -0.025553971529006958 10616832
1733236898293 -0.023482458665966988 10649600
1733236940658 -0.015440844930708408 10682368
1733236985415 -0.0433398075401783 10715136
1733237022036 -0.0010095901088789105 10720000
1733237081061 -0.044162567704916 10780672
1733237124016 -0.03324892744421959 10813440
1733237169911 -0.03357726335525513 10846208
1733237213631 -0.033671461045742035 10878976
1733237248855 -0.02978603169322014 10880000
1733237310045 -0.03746351972222328 10944512
1733237357758 -0.030394097790122032 10977280
1733237401962 -0.04593924060463905 11010048
1733237453328 -0.040938831865787506 11040000
1733237498735 -0.040362920612096786 11075584
1733237544401 -0.021386224776506424 11108352
1733237586760 -0.02564741112291813 11141120
1733237631268 -0.029456065967679024 11173888
1733237677448 -0.039107415825128555 11200000
1733237727787 -0.030158894136548042 11239424
1733237771003 0.04999212548136711 11272192
1733237814782 -0.06398200243711472 11304960
1733237856476 0.015810225158929825 11337728
1733237903238 -0.008062702603638172 11360000
1733237952091 -0.040652114897966385 11403264
1733237997419 0.016124699264764786 11436032
1733238040549 -0.015225636772811413 11468800
1733238085744 -0.03259792551398277 11501568
1733238130798 -0.015850946307182312 11520000
1733238184015 -0.017643379047513008 11567104
1733238226804 -0.06562184542417526 11599872
1733238271170 -0.021701008081436157 11632640
1733238313645 -0.006259907968342304 11665408
1733238356126 -0.024675171822309494 11680000
1733238410600 -0.04632113501429558 11730944
1733238457604 -0.056842658668756485 11763712
1733238500169 0.08044704794883728 11796480
1733238545602 -0.029957011342048645 11829248
1733238585574 -0.06327395886182785 11840000
1733238640889 -0.037223123013973236 11894784
1733238685708 -0.030323421582579613 11927552
1733238730605 -0.0346691757440567 11960320
1733238771793 -0.040548041462898254 11993088
1733238808742 -0.024015074595808983 12000000
1733238866441 -0.04472056031227112 12058624
1733238909462 -0.03689566254615784 12091392
1733238954691 -0.014968140050768852 12124160
1733238997329 -0.030601730570197105 12156928
1733239037426 -0.04190150275826454 12160000
1733239096999 -0.06361687928438187 12222464
1733239140839 -0.020576879382133484 12255232
1733239184597 -0.030591880902647972 12288000
1733239233979 -0.036870189011096954 12320000
1733239278683 -0.01563923805952072 12353536
1733239320796 -0.031527359038591385 12386304
1733239364981 -0.03666946291923523 12419072
1733239408458 -0.038134846836328506 12451840
1733239457165 -0.010882142931222916 12480000
1733239502197 -0.02584504336118698 12517376
1733239545676 -0.02957036718726158 12550144
1733239590113 -0.042709529399871826 12582912
1733239634025 -0.02669219858944416 12615680
1733239680935 -0.032674599438905716 12640000
1733239728431 0.016668934375047684 12681216
1733239772673 -0.034455664455890656 12713984
1733239816615 -0.045620840042829514 12746752
1733239860011 -0.01944446563720703 12779520
1733239903130 -0.01930241659283638 12800000
1733239953418 -0.047153715044260025 12845056
1733239996747 -0.0446908101439476 12877824
1733240041369 -0.05131989344954491 12910592
1733240084914 -0.049127187579870224 12943360
1733240129379 -0.023778477683663368 12960000
1733240179821 -0.04638778790831566 13008896
1733240225628 -0.03269055113196373 13041664
1733240267032 -0.03238748759031296 13074432
1733240312103 -0.040295783430337906 13107200
1733240351430 -0.035823673009872437 13120000
1733240406657 -0.019081413745880127 13172736
1733240448630 0.01043750811368227 13205504
1733240493600 -0.03317021578550339 13238272
1733240535154 0.0099395252764225 13271040
1733240575369 -0.04464143514633179 13280000
1733240629993 -0.015010773204267025 13336576
1733240675681 -0.011076640337705612 13369344
1733240718327 -0.05654327571392059 13402112
1733240763573 -0.02082248218357563 13434880
1733240799935 -0.04424293339252472 13440000
1733240858902 -0.0069107357412576675 13500416
1733240900143 -0.01677197776734829 13533184
1733240944385 -0.0288353580981493 13565952
1733240986631 -0.004900599364191294 13598720
1733241022885 -0.03159332275390625 13600000
1733241081229 -0.04884537309408188 13664256
1733241125388 -0.010483866557478905 13697024
1733241167568 0.05548219755291939 13729792
1733241216539 -0.017969485372304916 13760000
1733241260844 -0.04022128880023956 13795328
1733241304547 -0.04998330771923065 13828096
1733241348654 -0.03947322070598602 13860864
1733241390773 -0.03775172308087349 13893632
1733241438360 -0.031223013997077942 13920000
1733241484487 -0.05844190716743469 13959168
1733241529129 -0.0437888540327549 13991936
1733241570174 0.016878200694918633 14024704
1733241614844 -0.03594834730029106 14057472
1733241657666 -0.02309711091220379 14080000
1733241708287 -0.024935562163591385 14123008
1733241749668 -0.03686990216374397 14155776
1733241795179 -0.03606072813272476 14188544
1733241836532 -0.03847471624612808 14221312
1733241881457 -0.0679469108581543 14240000
1733241930175 -0.020635731518268585 14286848
1733241977071 -0.031486980617046356 14319616
1733242018862 -0.05261000618338585 14352384
1733242063854 -0.0380576029419899 14385152
1733242104116 -0.05411197245121002 14400000
1733242158134 -0.032330479472875595 14450688
1733242200888 -0.030156210064888 14483456
1733242245570 -0.027624864131212234 14516224
1733242288586 -0.030967699363827705 14548992
1733242328972 -0.018731212243437767 14560000
1733242383056 -0.011943905614316463 14614528
1733242426827 -0.00899254810065031 14647296
1733242469832 -0.036349549889564514 14680064
1733242514026 -0.03214675188064575 14712832
1733242551547 -0.028538765385746956 14720000
1733242607725 -0.021948887035250664 14778368
1733242650981 -0.02358689345419407 14811136
1733242694028 -0.029290689155459404 14843904
1733242737088 -0.035522881895303726 14876672
1733242771696 -0.04219960421323776 14880000
1733242830622 -0.0573514848947525 14942208
1733242873695 -0.003638622583821416 14974976
1733242917638 -0.04609537497162819 15007744
1733242965218 0.004339860286563635 15040000
1733243010480 0.0048234607093036175 15073280
1733243052059 0.037196435034275055 15106048
1733243096610 -0.014191452413797379 15138816
1733243138303 -0.010956690646708012 15171584
1733243189247 -0.01361051108688116 15200000
1733243232338 -0.031141934916377068 15237120
1733243278332 -0.04316790774464607 15269888
1733243320538 -0.03852597996592522 15302656
1733243365537 -0.03890053555369377 15335424
1733243410608 -0.008380205370485783 15360000
1733243459434 -0.031424012035131454 15400960
1733243501168 -0.026093417778611183 15433728
1733243544864 -0.029524080455303192 15466496
1733243587452 -0.03304031491279602 15499264
1733243632331 -0.029707709327340126 15520000
1733243681476 -0.03463201969861984 15564800
1733243726106 -0.022921476513147354 15597568
1733243769486 -0.018877005204558372 15630336
1733243813932 -0.015809712931513786 15663104
1733243855627 -0.03269290551543236 15680000
1733243907413 -0.03175436705350876 15728640
1733243950759 -0.03613651916384697 15761408
1733243994130 -0.026388956233859062 15794176
1733244037229 -0.04102494567632675 15826944
1733244077323 -0.028258470818400383 15840000
1733244130941 -0.02696124278008938 15892480
1733244173327 -0.026284469291567802 15925248
1733244217009 -0.03819373995065689 15958016
1733244260697 -0.04158643260598183 15990784
1733244301411 -0.02162954956293106 16000000
1733244353730 -0.03642561286687851 16056320
1733244397217 -0.019924575462937355 16089088
1733244440138 -0.031089752912521362 16121856
1733244483883 0.040867485105991364 16154624
1733244520656 -0.03272494673728943 16160000
1733244579398 -0.03810570389032364 16220160
1733244621674 -0.03366122394800186 16252928
1733244666275 -0.015414029359817505 16285696
1733244708455 -0.054866425693035126 16318464
1733244744303 -0.03019304946064949 16320000
1733244803531 -0.042726438492536545 16384000
1733244848108 -0.016003428027033806 16416768
1733244892406 -0.03868923708796501 16449536
1733244942989 -0.02699636109173298 16480000
1733244989234 -0.03446492552757263 16515072
1733245035677 -0.036259207874536514 16547840
1733245080617 -0.016025569289922714 16580608
1733245124946 -0.04108823090791702 16613376
1733245171008 -0.02321208082139492 16640000
1733245220020 -0.03132378309965134 16678912
1733245262333 -0.0518060103058815 16711680
1733245308920 -0.016759337857365608 16744448
1733245350800 -0.03522258996963501 16777216
1733245398761 -0.006501496769487858 16800000
1733245446131 0.06775931268930435 16842752
1733245491785 -0.009054817259311676 16875520
1733245533990 -0.041623760014772415 16908288
1733245579552 -0.00807858444750309 16941056
1733245620699 -0.025587912648916245 16960000
1733245671835 -0.04538315162062645 17006592
1733245714112 0.0028928329702466726 17039360
1733245759757 -0.026151709258556366 17072128
1733245802407 -0.012140351347625256 17104896
1733245845603 -0.018593186512589455 17120000
1733245896255 -0.024463528767228127 17170432
1733245939326 0.039987798780202866 17203200
1733245982198 -0.03174474462866783 17235968
1733246026077 -0.043449707329273224 17268736
1733246065373 0.0034511068370193243 17280000
1733246119876 -0.042513370513916016 17334272
1733246163072 -0.0273540448397398 17367040
1733246206260 -0.033298641443252563 17399808
1733246250055 -0.02298773266375065 17432576
1733246284829 -0.005310425069183111 17440000
1733246339131 -0.005905927158892155 17498112
1733246380819 -0.04354957491159439 17530880
1733246425207 -0.04478497803211212 17563648
1733246466603 -0.04308658465743065 17596416
1733246501544 -0.024052951484918594 17600000
1733246557361 -0.023209528997540474 17661952
1733246600358 -0.02283407188951969 17694720
1733246641146 -0.00968567468225956 17727488
1733246689958 -0.045217595994472504 17760000
1733246732146 -0.03232717514038086 17793024
1733246774836 -0.03842393681406975 17825792
1733246818249 -0.03843371942639351 17858560
1733246860743 -0.008212794549763203 17891328
1733246907130 -0.022371970117092133 17920000
1733246952601 -0.00625394145026803 17956864
1733246994531 -0.03773060813546181 17989632
1733247037077 -0.026863303035497665 18022400
1733247077707 -0.04877236485481262 18055168
1733247124619 -0.04112325981259346 18080000
1733247170656 -0.002579457126557827 18120704
1733247212336 -0.018363166600465775 18153472
1733247254849 -0.028001338243484497 18186240
1733247298179 -0.028611162677407265 18219008
1733247341000 -0.04657658562064171 18240000
1733247389045 -0.03367023169994354 18284544
1733247431608 -0.021630048751831055 18317312
1733247473494 -0.01682170480489731 18350080
1733247515623 -0.0412847138941288 18382848
1733247557758 -0.04330494999885559 18400000
1733247607471 -0.03600442036986351 18448384
1733247650879 -0.04751830920577049 18481152
1733247695723 -0.038855765014886856 18513920
1733247739082 0.0005855772760696709 18546688
1733247778794 -0.03395639732480049 18560000
1733247831491 -0.03667386993765831 18612224
1733247873473 -0.030092177912592888 18644992
1733247915674 -0.0006359634571708739 18677760
1733247958503 -0.03672085702419281 18710528
1733247996565 -0.03861760348081589 18720000
1733248049978 -0.03608045354485512 18776064
1733248092794 -0.020754195749759674 18808832
1733248135391 -0.049992650747299194 18841600
1733248179079 0.04575337469577789 18874368
1733248214848 -0.054037656635046005 18880000
1733248271284 -0.01518772542476654 18939904
1733248313694 -0.021579764783382416 18972672
1733248357109 -0.026548169553279877 19005440
1733248400383 -0.03207964077591896 19038208
1733248435782 -0.031659264117479324 19040000
1733248494416 -0.0487615242600441 19103744
1733248538272 -0.0397416315972805 19136512
1733248580732 -0.03651220723986626 19169280
1733248629313 -0.03146412968635559 19200000
1733248672578 -0.03234836086630821 19234816
1733248716159 -0.042759139090776443 19267584
1733248758314 -0.028176112100481987 19300352
1733248800861 -0.048489462584257126 19333120
1733248848428 -0.05153048038482666 19360000
1733248893748 -0.04824387654662132 19398656
1733248936969 -0.037386659532785416 19431424
1733248979132 -0.034578435122966766 19464192
1733249021235 -0.024564333260059357 19496960
1733249064940 -0.041015442460775375 19520000
1733249111294 -0.030036451295018196 19562496
1733249153546 -0.04223596677184105 19595264
1733249196350 -0.024091307073831558 19628032
1733249239623 -0.05338580906391144 19660800
1733249282011 -0.002782192314043641 19680000
1733249332368 -0.02989986166357994 19726336
1733249374396 -0.0074819172732532024 19759104
1733249417646 -0.008922914043068886 19791872
1733249460178 -0.02367851883172989 19824640
1733249500041 -0.028230130672454834 19840000
1733249550470 -0.02954517863690853 19890176
1733249592600 -0.03817535936832428 19922944
1733249634711 -0.021057112142443657 19955712
1733249677093 -0.03783003240823746 19988480
1733249717063 -0.010437249206006527 20000000
1733249770816 -0.01417695265263319 20054016
1733249813126 -0.05884716659784317 20086784
1733249856455 -0.0283893421292305 20119552
1733249899560 -0.022925276309251785 20152320
1733249936522 -0.03435233235359192 20160000
1733249991572 0.019707100465893745 20217856
1733250033833 -0.008301462978124619 20250624
1733250077080 -0.03608766943216324 20283392
1733250118662 -0.021827777847647667 20316160
1733250155498 -0.00584934838116169 20320000
1733250211098 -0.03818344697356224 20381696
1733250253809 -0.042480189353227615 20414464
1733250295941 -0.030210750177502632 20447232
1733250347793 -0.03519756346940994 20480000
1733250390548 -0.009991517290472984 20512768
1733250434109 -0.048888906836509705 20545536
1733250477408 -0.013772358186542988 20578304
1733250521850 -0.03379867970943451 20611072
1733250567230 -0.02513589896261692 20640000
1733250612203 -0.034354012459516525 20676608
1733250656525 -0.04313364997506142 20709376
1733250699853 -0.024254241958260536 20742144
1733250742310 -0.027360854670405388 20774912
1733250788829 -0.010080227628350258 20800000
1733250835196 -0.022236784920096397 20840448
1733250876175 -0.04343164712190628 20873216
1733250919243 -0.007813066244125366 20905984
1733250961799 -0.04007961228489876 20938752
1733251005721 -0.01483813114464283 20960000
1733251053254 -0.018370715901255608 21004288
1733251097181 -0.01616726443171501 21037056
1733251139292 -0.06733766943216324 21069824
1733251181722 -0.034557271748781204 21102592
1733251223878 0.02268378436565399 21120000
1733251276308 -0.015606158412992954 21168128
1733251318026 0.006715838331729174 21200896
1733251361249 -0.03992871195077896 21233664
1733251403162 -0.02614198811352253 21266432
1733251445274 -0.049925271421670914 21280000
1733251497557 -0.019522173330187798 21331968
1733251541166 0.03375714272260666 21364736
1733251584846 -0.023190785199403763 21397504
1733251628915 -0.024782756343483925 21430272
1733251668290 -0.05581936612725258 21440000
1733251721012 -0.0077657997608184814 21495808
1733251761947 -0.03839629516005516 21528576
1733251805554 -0.018794996663928032 21561344
1733251847816 -0.05488758161664009 21594112
1733251885399 -0.023912232369184494 21600000
1733251940333 -0.0029680831357836723 21659648
1733251982301 0.0832740068435669 21692416
1733252027120 -0.03281750530004501 21725184
1733252068579 -0.019037701189517975 21757952
1733252104692 -0.007844552397727966 21760000
1733252161273 -0.035258930176496506 21823488
1733252204340 -0.030947692692279816 21856256
1733252246616 -0.05057058855891228 21889024
1733252295576 -0.054815538227558136 21920000
1733252339046 -0.028376808390021324 21954560
1733252382193 -0.028277534991502762 21987328
1733252422825 -0.034463588148355484 22020096
1733252465927 -0.03998022526502609 22052864
1733252510064 -0.03086278960108757 22080000
1733252556929 -0.026690253987908363 22118400
1733252597831 -0.03652900829911232 22151168
1733252640443 -0.03670820593833923 22183936
1733252682623 -0.0035314327105879784 22216704
1733252726844 -0.039346445351839066 22240000
1733252774989 -0.02726040780544281 22282240
1733252815440 -0.03336888179183006 22315008
1733252855833 -0.02613607607781887 22347776
1733252896024 -0.017154917120933533 22380544
1733252936749 -0.030093621462583542 22400000
1733252982593 -0.03536853566765785 22446080
1733253022902 -0.045897845178842545 22478848
1733253062286 -0.021027209237217903 22511616
1733253101892 -0.05287974327802658 22544384
1733253140120 -0.03645551949739456 22560000
1733253186695 -0.02692447602748871 22609920
1733253225984 -0.04279889911413193 22642688
1733253265861 -0.06188628450036049 22675456
1733253305716 -0.041791319847106934 22708224
1733253342830 -0.02709837630391121 22720000
1733253391734 -0.05166437849402428 22773760
1733253431828 -0.026316922158002853 22806528
1733253471284 -0.04486740007996559 22839296
1733253511015 -0.02972249500453472 22872064
1733253545981 -0.01290743239223957 22880000
1733253596420 -0.031209886074066162 22937600
1733253635665 -0.04000498726963997 22970368
1733253675935 -0.01863880269229412 23003136
1733253715136 -0.01449162419885397 23035904
1733253747789 -0.028076520189642906 23040000
1733253800432 -0.006279468070715666 23101440
1733253840576 -0.01060671266168356 23134208
1733253879685 -0.005074585322290659 23166976
1733253919390 -0.03241007402539253 23199744
1733253950123 -0.022758085280656815 23200000
1733254004134 -0.028212174773216248 23265280
1733254043888 -0.019463784992694855 23298048
1733254084677 0.019464431330561638 23330816
1733254128214 -0.046049997210502625 23360000
1733254170476 -0.008227599784731865 23396352
1733254209988 -0.0044846972450613976 23429120
1733254250605 -0.04586983844637871 23461888
1733254289610 -0.02721097134053707 23494656
1733254333355 -0.018187345936894417 23520000
1733254375819 0.0016167948488146067 23560192
1733254415750 -0.044297944754362106 23592960
1733254454580 -0.006379039026796818 23625728
1733254495352 -0.025169890373945236 23658496
1733254535799 -0.0011987609323114157 23680000
1733254581219 -0.0463881678879261 23724032
1733254620554 -0.024685056880116463 23756800
1733254661403 -0.04702400043606758 23789568
1733254700502 -0.04308554530143738 23822336
1733254740941 -0.039567090570926666 23840000
1733254788012 -0.009054680354893208 23887872
1733254828492 -0.004713234957307577 23920640
1733254868113 -0.037591222673654556 23953408
1733254907731 -0.0447012297809124 23986176
1733254947232 -0.03977556899189949 24000000
1733254998294 0.006022328976541758 24051712
1733255039775 -0.023955805227160454 24084480
1733255079371 -0.01859554648399353 24117248
1733255118921 -0.04121293127536774 24150016
1733255157219 0.0015312052564695477 24160000
1733255206352 -0.02469341643154621 24215552
1733255247916 -0.036998238414525986 24248320
1733255287171 -0.036834966391325 24281088
1733255328609 -0.01025307085365057 24313856
1733255363587 -0.05883666127920151 24320000
1733255415528 -0.037369128316640854 24379392
1733255457223 -0.0160438884049654 24412160
1733255496887 -0.011137444525957108 24444928
1733255538996 0.010874530300498009 24477696
1733255571543 -0.017653891816735268 24480000
1733255625136 -0.0374077633023262 24543232
1733255665571 -0.0290574599057436 24576000
1733255706488 -0.042066872119903564 24608768
1733255753266 -0.03478604555130005 24640000
1733255793179 -0.02342083305120468 24674304
1733255834609 -0.03210996091365814 24707072
1733255874427 -0.014148388989269733 24739840
1733255914745 -0.03457549959421158 24772608
1733255958896 -0.013449931517243385 24800000
1733256001394 -0.028294973075389862 24838144
1733256044135 -0.04411640390753746 24870912
1733256084435 -0.033935073763132095 24903680
1733256125010 -0.028177905827760696 24936448
1733256166671 -0.043752521276474 24960000
1733256211158 -0.014766091480851173 25001984
1733256253150 -0.0455750972032547 25034752
1733256292613 -0.030954517424106598 25067520
1733256335552 -0.02923484519124031 25100288
1733256375603 -0.046871017664670944 25120000
1733256421340 -0.04711080342531204 25165824
1733256460998 -0.026904700323939323 25198592
1733256501573 -0.004068980924785137 25231360
1733256544831 -0.02105044387280941 25264128
1733256583087 -0.04366776719689369 25280000
1733256633363 -0.05201131850481033 25329664
1733256672977 -0.029897281900048256 25362432
1733256714782 -0.022294245660305023 25395200
1733256754170 0.07088514417409897 25427968
1733256791910 -0.01608101651072502 25440000
1733256842579 -0.047398556023836136 25493504
1733256881782 -0.04758678376674652 25526272
1733256922962 -0.03294767811894417 25559040
1733256961912 -0.031009238213300705 25591808
1733256997985 -0.03210529312491417 25600000
1733257049229 -0.02462349832057953 25657344
1733257089200 -0.02540379948914051 25690112
1733257131042 -0.047207195311784744 25722880
1733257170003 -0.05033944919705391 25755648
1733257203634 -0.015872573480010033 25760000
1733257256127 -0.01995515264570713 25821184
1733257295959 -0.038696203380823135 25853952
1733257337247 -0.022371754050254822 25886720
1733257376489 -0.023975972086191177 25919488
1733257410809 -0.021126842126250267 25920000
1733257465079 -0.04689832776784897 25985024
1733257505851 -0.01318886037915945 26017792
1733257544956 -0.042440786957740784 26050560
1733257589518 -0.0018690293654799461 26080000
1733257632376 -0.024727322161197662 26116096
1733257672986 -0.02080102078616619 26148864
1733257715168 -0.01249881274998188 26181632
1733257754004 -0.042876943945884705 26214400
1733257799000 -0.0498238280415535 26240000
1733257841696 -0.03331286832690239 26279936
1733257881935 -0.025612961500883102 26312704
1733257924889 -0.03917305916547775 26345472
1733257964395 -0.024428091943264008 26378240
1733258006792 -0.03555070608854294 26400000
1733258051829 0.006477074231952429 26443776
1733258092666 -0.03326557204127312 26476544
1733258132323 -0.03602813929319382 26509312
1733258172380 -0.024230334907770157 26542080
1733258213542 -0.03213716298341751 26560000
1733258258996 -0.036979567259550095 26607616
1733258300085 -0.010991732589900494 26640384
1733258339807 -0.01998184248805046 26673152
1733258379387 -0.023834839463233948 26705920
1733258418546 -0.036933980882167816 26720000
1733258466288 -0.04186046123504639 26771456
1733258508327 -0.008963523432612419 26804224
1733258546965 0.01068621315062046 26836992
1733258588154 -0.0467701181769371 26869760
1733258625718 -0.013792389072477818 26880000
1733258674344 -0.027902361005544662 26935296
1733258715985 -0.025121737271547318 26968064
1733258754882 -0.03132662922143936 27000832
1733258796870 -0.014701353386044502 27033600
1733258834634 -0.04627436026930809 27040000
1733258892823 -0.002629759255796671 27099136
1733258933970 -0.03548826277256012 27131904
1733258978795 -0.0076273963786661625 27164672
1733259020237 -0.016327837482094765 27197440
1733259055773 0.011113959364593029 27200000
1733259113265 -0.03590678051114082 27262976
1733259155752 -0.028450433164834976 27295744
1733259199578 -0.04222605749964714 27328512
1733259247077 -0.02726680226624012 27360000
1733259291852 -0.05315948650240898 27394048
1733259332798 -0.007154455408453941 27426816
1733259376685 -0.03319557383656502 27459584
1733259422701 -0.015000897459685802 27492352
1733259469177 -0.03313882648944855 27520000
1733259514947 -0.008599955588579178 27557888
1733259557652 0.02232837863266468 27590656
1733259601059 -0.021386384963989258 27623424
1733259643517 -0.008171889930963516 27656192
1733259688298 -0.018619010224938393 27680000
1733259735084 -0.03446204960346222 27721728
1733259778406 -0.03446272015571594 27754496
1733259823171 -0.011172878555953503 27787264
1733259865750 -0.04797447845339775 27820032
1733259910695 0.08046087622642517 27840000
1733259959041 -0.01287906151264906 27885568
1733260002159 -0.009327982552349567 27918336
1733260046150 -0.03425592556595802 27951104
1733260089503 -0.02941705286502838 27983872
1733260133998 -0.027574172243475914 28000000
1733260186390 -0.028344396501779556 28049408
1733260231405 -0.010250667110085487 28082176
1733260273818 -0.014693103730678558 28114944
1733260317286 -0.0034737195819616318 28147712
1733260357250 -0.020693140104413033 28160000
1733260411834 -0.0158991776406765 28213248
1733260454197 -0.03288561478257179 28246016
1733260497169 -0.026279758661985397 28278784
1733260544423 -0.0526595413684845 28311552
1733260583665 -0.02563389763236046 28320000
1733260640912 -0.05160803720355034 28377088
1733260684109 -0.0024600753095000982 28409856
1733260727496 0.044371191412210464 28442624
1733260769551 -0.03305288031697273 28475392
1733260807299 -0.003100400557741523 28480000
1733260863150 -0.04695576801896095 28540928
1733260904930 -0.03396490588784218 28573696
1733260949601 -0.03384194150567055 28606464
1733260992538 -0.035419803112745285 28639232
1733261029603 -0.04217967018485069 28640000
1733261089446 -0.03335548937320709 28704768
1733261134873 -0.04715428501367569 28737536
1733261178911 -0.03182646259665489 28770304
1733261229463 -0.012902614660561085 28800000
1733261275634 0.039374399930238724 28835840
1733261319955 0.00636335602030158 28868608
1733261365259 -0.02179458923637867 28901376
1733261408584 -0.01326016802340746 28934144
1733261459582 -0.044617705047130585 28960000
1733261507449 -0.027683623135089874 28999680
1733261552948 -0.03260583430528641 29032448
1733261597211 -0.04304236173629761 29065216
1733261641486 0.023004205897450447 29097984
1733261687581 -0.026693232357501984 29120000
1733261738067 -0.04102790355682373 29163520
1733261781455 -0.02431645616889 29196288
1733261825250 -0.022494854405522346 29229056
1733261872547 -0.023071996867656708 29261824
1733261917491 -0.026878423988819122 29280000
1733261969882 0.008376593701541424 29327360
1733262014463 -0.036945972591638565 29360128
1733262058468 -0.021567417308688164 29392896
1733262101807 -0.03300943598151207 29425664
1733262143077 -0.04678590968251228 29440000
1733262195121 -0.015571885742247105 29491200
1733262239306 -0.011548633687198162 29523968
1733262283920 -0.02341301552951336 29556736
1733262328400 -0.030022641643881798 29589504
1733262369871 -0.054429445415735245 29600000
1733262423856 -0.02684362791478634 29655040
1733262469251 -0.020424526184797287 29687808
1733262512156 -0.03363863378763199 29720576
1733262557521 -0.041288234293460846 29753344
1733262597531 -0.033812135457992554 29760000
1733262654307 -0.04719585180282593 29818880
1733262700246 0.002137407660484314 29851648
1733262742499 -0.044160231947898865 29884416
1733262787861 0.058411914855241776 29917184
1733262823009 -0.038698527961969376 29920000
1733262881784 -0.04755194112658501 29982720
1733262922231 -0.020190522074699402 30015488
1733262965852 -0.020437387749552727 30048256
1733263015288 -0.04318247735500336 30080000
1733263058951 -0.021633069962263107 30113792
1733263103780 -0.033559650182724 30146560
1733263145976 -0.035408634692430496 30179328
1733263190722 -0.013928432017564774 30212096
1733263236743 -0.03906076401472092 30240000
1733263282613 -0.0385286919772625 30277632
1733263327492 -0.04376550763845444 30310400
1733263371096 -0.036608342081308365 30343168
1733263416100 -0.023649780079722404 30375936
1733263460213 -0.05386234074831009 30400000
1733263509108 -0.02635824866592884 30441472
1733263550971 -0.051831021904945374 30474240
1733263594200 -0.028466176241636276 30507008
1733263638730 -0.04874768480658531 30539776
1733263683376 -0.03708672523498535 30560000
1733263733578 -0.03439056873321533 30605312
1733263775916 -0.0020222661551088095 30638080
1733263822170 -0.04215977340936661 30670848
1733263865079 -0.04071195423603058 30703616
1733263907396 -0.014923324808478355 30720000
1733263957557 -0.02178063988685608 30769152
1733264001861 -0.03313254192471504 30801920
1733264044583 0.0003210712457075715 30834688
1733264088268 -0.02251739241182804 30867456
1733264129934 -0.03551734983921051 30880000
1733264182761 -0.03393203392624855 30932992
1733264227815 -0.03332788124680519 30965760
1733264271016 -0.022148439660668373 30998528
1733264315798 -0.023536259308457375 31031296
1733264353335 -0.0305271465331316 31040000
1733264409289 -0.015076078474521637 31096832
1733264453751 -0.01616179756820202 31129600
1733264497107 -0.038648754358291626 31162368
1733264540047 -0.033718474209308624 31195136
1733264575176 -0.03796125948429108 31200000
1733264633446 -0.026632731780409813 31260672
1733264675923 -0.03854183852672577 31293440
1733264720073 -0.0017736204899847507 31326208
1733264761552 -0.022701315581798553 31358976
1733264796633 -0.00573331443592906 31360000
1733264852600 -0.010330794379115105 31424512
1733264892881 -0.01051549706608057 31457280
1733264937577 -0.04299220070242882 31490048
1733264986621 -0.024901552125811577 31520000
1733265029964 -0.04075368121266365 31555584
1733265073105 -0.011004742234945297 31588352
1733265116474 -0.02447926439344883 31621120
1733265159906 -0.008643930777907372 31653888
1733265206817 0.007908156141638756 31680000
1733265253316 -0.032394178211688995 31719424
1733265295451 -0.0183174479752779 31752192
1733265339030 -0.05006019398570061 31784960
1733265382759 -0.01981949247419834 31817728
1733265428604 -0.05548916384577751 31840000
1733265478324 0.02080109342932701 31883264
1733265519530 -0.025054825469851494 31916032
1733265563483 -0.02067084051668644 31948800
1733265607962 -0.01143255177885294 31981568
1733265649134 -0.022061634808778763 32000000
1733265700869 -0.015664126724004745 32047104
1733265742624 -0.05051584541797638 32079872
1733265786434 -0.009421066381037235 32112640
1733265831357 -0.008210528641939163 32145408
1733265870229 -0.0008472850895486772 32160000
