1733223277593 10.0 65536
1733223317183 20.0 98304
1733223356874 30.0 131072
1733223399063 40.0 160000
1733223438748 50.0 196608
1733223476560 60.0 229376
1733223516770 70.0 262144
1733223556433 80.0 294912
1733223598478 90.0 320000
1733223639575 100.0 360448
1733223677200 110.0 393216
1733223715886 120.0 425984
1733223753696 130.0 458752
1733223792235 140.0 480000
1733223835155 150.0 524288
1733223873044 160.0 557056
1733223911274 170.0 589824
1733223949396 180.0 622592
1733223986195 190.0 640000
1733224030969 200.0 688128
1733224069396 210.0 720896
1733224107019 220.0 753664
1733224145075 230.0 786432
1733224180994 240.0 800000
1733224227247 250.0 851968
1733224265086 260.0 884736
1733224303744 270.0 917504
1733224342155 280.0 950272
1733224376580 290.0 960000
1733224423878 300.0 1015808
1733224462228 310.0 1048576
1733224500376 320.0 1081344
1733224538215 330.0 1114112
1733224571814 340.0 1120000
1733224620188 350.0 1179648
1733224658419 360.0 1212416
1733224696474 370.0 1245184
1733224734382 380.0 1277952
1733224766761 390.0 1280000
1733224817223 400.0 1343488
1733224855721 410.0 1376256
1733224894149 420.0 1409024
1733224937587 430.0 1440000
1733224977134 440.0 1474560
1733225015949 450.0 1507328
1733225054687 460.0 1540096
1733225093048 470.0 1572864
1733225134377 480.0 1600000
1733225175465 490.0 1638400
1733225214056 500.0 1671168
1733225252734 510.0 1703936
1733225291166 520.0 1736704
1733225332269 530.0 1760000
1733225375756 540.0 1802240
1733225414145 550.0 1835008
1733225452435 560.0 1867776
1733225490525 570.0 1900544
1733225528914 580.0 1920000
1733225572588 590.0 1966080
1733225610945 600.0 1998848
1733225649611 610.0 2031616
1733225687937 620.0 2064384
1733225724327 630.0 2080000
1733225769513 640.0 2129920
1733225808080 650.0 2162688
1733225846300 660.0 2195456
1733225885087 670.0 2228224
1733225920563 680.0 2240000
1733225966941 690.0 2293760
1733226005215 700.0 2326528
1733226044111 710.0 2359296
1733226082878 720.0 2392064
1733226117268 730.0 2400000
1733226166102 740.0 2457600
1733226204459 750.0 2490368
1733226243054 760.0 2523136
1733226281837 770.0 2555904
1733226314319 780.0 2560000
1733226364980 790.0 2621440
1733226403653 800.0 2654208
1733226441642 810.0 2686976
1733226480085 820.0 2719744
1733226510437 830.0 2720000
1733226562860 840.0 2785280
1733226601475 850.0 2818048
1733226639988 860.0 2850816
1733226682520 870.0 2880000
1733226722639 880.0 2916352
1733226760995 890.0 2949120
1733226799570 900.0 2981888
1733226838040 910.0 3014656
1733226878537 920.0 3040000
1733226920358 930.0 3080192
1733226958676 940.0 3112960
1733226996873 950.0 3145728
1733227034777 960.0 3178496
1733227074567 970.0 3200000
1733227117488 980.0 3244032
1733227155952 990.0 3276800
1733227194519 1000.0 3309568
1733227233272 1010.0 3342336
1733227271628 1020.0 3360000
1733227316076 1030.0 3407872
1733227355096 1040.0 3440640
1733227393668 1050.0 3473408
1733227432319 1060.0 3506176
1733227468967 1070.0 3520000
1733227514953 1080.0 3571712
1733227553416 1090.0 3604480
1733227591980 1100.0 3637248
1733227630536 1110.0 3670016
1733227665226 1120.0 3680000
1733227713612 1130.0 3735552
1733227752085 1140.0 3768320
1733227790985 1150.0 3801088
1733227829827 1160.0 3833856
1733227863541 1170.0 3840000
1733227913951 1180.0 3899392
1733227952456 1190.0 3932160
1733227990672 1200.0 3964928
1733228029267 1210.0 3997696
1733228060733 1220.0 4000000
1733228112135 1230.0 4063232
1733228150575 1240.0 4096000
1733228188814 1250.0 4128768
1733228232034 1260.0 4160000
1733228270757 1270.0 4194304
1733228309083 1280.0 4227072
1733228347347 1290.0 4259840
1733228385328 1300.0 4292608
1733228426832 1310.0 4320000
1733228467502 1320.0 4358144
1733228505802 1330.0 4390912
1733228544422 1340.0 4423680
1733228582603 1350.0 4456448
1733228623816 1360.0 4480000
1733228666138 1370.0 4521984
1733228704386 1380.0 4554752
1733228743296 1390.0 4587520
1733228781668 1400.0 4620288
1733228821073 1410.0 4640000
1733228865276 1420.0 4685824
1733228903840 1430.0 4718592
1733228943212 1440.0 4751360
1733228981991 1450.0 4784128
1733229019480 1460.0 4800000
1733229065428 1470.0 4849664
1733229104441 1480.0 4882432
1733229143935 1490.0 4915200
1733229182944 1500.0 4947968
1733229219204 1510.0 4960000
1733229266175 1520.0 5013504
1733229304462 1530.0 5046272
1733229344293 1540.0 5079040
1733229383315 1550.0 5111808
1733229417754 1560.0 5120000
1733229465455 1570.0 5177344
1733229503787 1580.0 5210112
1733229541628 1590.0 5242880
1733229581380 1600.0 5275648
1733229614932 1610.0 5280000
1733229664243 1620.0 5341184
1733229708351 1630.0 5373952
1733229748315 1640.0 5406720
1733229787051 1650.0 5439488
1733229818967 1660.0 5440000
1733229870918 1670.0 5505024
1733229909650 1680.0 5537792
1733229949281 1690.0 5570560
1733229992929 1700.0 5600000
1733230033565 1710.0 5636096
1733230073195 1720.0 5668864
1733230112390 1730.0 5701632
1733230152541 1740.0 5734400
1733230196015 1750.0 5760000
1733230239082 1760.0 5799936
1733230280011 1770.0 5832704
1733230329082 1780.0 5865472
1733230374412 1790.0 5898240
1733230416689 1800.0 5920000
1733230462543 1810.0 5963776
1733230502245 1820.0 5996544
1733230541577 1830.0 6029312
1733230581091 1840.0 6062080
1733230621445 1850.0 6080000
1733230669285 1860.0 6127616
1733230708634 1870.0 6160384
1733230749876 1880.0 6193152
1733230790026 1890.0 6225920
1733230828209 1900.0 6240000
1733230876444 1910.0 6291456
1733230917251 1920.0 6324224
1733230956745 1930.0 6356992
1733230997766 1940.0 6389760
1733231039815 1950.0 6400000
1733231091862 1960.0 6455296
1733231132537 1970.0 6488064
1733231176101 1980.0 6520832
1733231219997 1990.0 6553600
1733231255555 2000.0 6560000
1733231311806 2010.0 6619136
1733231355808 2020.0 6651904
1733231399839 2030.0 6684672
1733231442949 2040.0 6717440
1733231479275 2050.0 6720000
1733231535068 2060.0 6782976
1733231579227 2070.0 6815744
1733231622213 2080.0 6848512
1733231670666 2090.0 6880000
1733231716321 2100.0 6914048
1733231756908 2110.0 6946816
1733231802048 2120.0 6979584
1733231846045 2130.0 7012352
1733231893010 2140.0 7040000
1733231939804 2150.0 7077888
1733231981508 2160.0 7110656
1733232023998 2170.0 7143424
1733232067356 2180.0 7176192
1733232111693 2190.0 7200000
1733232157762 2200.0 7241728
1733232203475 2210.0 7274496
1733232245214 2220.0 7307264
1733232288157 2230.0 7340032
1733232333445 2240.0 7360000
1733232380906 2250.0 7405568
1733232425104 2260.0 7438336
1733232467809 2270.0 7471104
1733232510467 2280.0 7503872
1733232552371 2290.0 7520000
1733232602706 2300.0 7569408
1733232646234 2310.0 7602176
1733232690272 2320.0 7634944
1733232730454 2330.0 7667712
1733232771283 2340.0 7680000
1733232825868 2350.0 7733248
1733232866648 2360.0 7766016
1733232907699 2370.0 7798784
1733232952260 2380.0 7831552
1733232990616 2390.0 7840000
1733233046466 2400.0 7897088
1733233088745 2410.0 7929856
1733233134740 2420.0 7962624
1733233178353 2430.0 7995392
1733233214168 2440.0 8000000
1733233271952 2450.0 8060928
1733233317481 2460.0 8093696
1733233360266 2470.0 8126464
1733233403428 2480.0 8159232
1733233439907 2490.0 8160000
1733233499083 2500.0 8224768
1733233542435 2510.0 8257536
1733233586181 2520.0 8290304
1733233637015 2530.0 8320000
1733233683297 2540.0 8355840
1733233728139 2550.0 8388608
1733233772604 2560.0 8421376
1733233816995 2570.0 8454144
1733233864190 2580.0 8480000
1733233912183 2590.0 8519680
1733233955883 2600.0 8552448
1733233999596 2610.0 8585216
1733234043473 2620.0 8617984
1733234088389 2630.0 8640000
1733234138882 2640.0 8683520
1733234183546 2650.0 8716288
1733234227265 2660.0 8749056
1733234270731 2670.0 8781824
1733234315564 2680.0 8800000
1733234368298 2690.0 8847360
1733234411801 2700.0 8880128
1733234455298 2710.0 8912896
1733234499992 2720.0 8945664
1733234541630 2730.0 8960000
1733234595992 2740.0 9011200
1733234639453 2750.0 9043968
1733234685482 2760.0 9076736
1733234729421 2770.0 9109504
1733234770525 2780.0 9120000
1733234824578 2790.0 9175040
1733234868984 2800.0 9207808
1733234914369 2810.0 9240576
1733234957877 2820.0 9273344
1733234996098 2830.0 9280000
1733235052369 2840.0 9338880
1733235102159 2850.0 9371648
1733235146584 2860.0 9404416
1733235190286 2870.0 9437184
1733235227159 2880.0 9440000
1733235285952 2890.0 9502720
1733235332563 2900.0 9535488
1733235377181 2910.0 9568256
1733235429028 2920.0 9600000
1733235474087 2930.0 9633792
1733235517918 2940.0 9666560
1733235563383 2950.0 9699328
1733235606442 2960.0 9732096
1733235656254 2970.0 9760000
1733235702513 2980.0 9797632
1733235746769 2990.0 9830400
1733235790402 3000.0 9863168
1733235833312 3010.0 9895936
1733235881534 3020.0 9920000
1733235929260 3030.0 9961472
1733235977542 3040.0 9994240
1733236022320 3050.0 10027008
1733236066236 3060.0 10059776
1733236109953 3070.0 10080000
1733236160630 3080.0 10125312
1733236207316 3090.0 10158080
1733236252081 3100.0 10190848
1733236297226 3110.0 10223616
1733236339927 3120.0 10240000
1733236391954 3130.0 10289152
1733236437725 3140.0 10321920
1733236480218 3150.0 10354688
1733236525667 3160.0 10387456
1733236566161 3170.0 10400000
1733236623081 3180.0 10452992
1733236667952 3190.0 10485760
1733236711023 3200.0 10518528
1733236756206 3210.0 10551296
1733236796524 3220.0 10560000
1733236853044 3230.0 10616832
1733236898314 3240.0 10649600
1733236940679 3250.0 10682368
1733236985439 3260.0 10715136
1733237022081 3270.0 10720000
1733237081096 3280.0 10780672
1733237124032 3290.0 10813440
1733237170077 3300.0 10846208
1733237213641 3310.0 10878976
1733237248873 3320.0 10880000
1733237310083 3330.0 10944512
1733237357928 3340.0 10977280
1733237402088 3350.0 11010048
1733237453339 3360.0 11040000
1733237498743 3370.0 11075584
1733237544413 3380.0 11108352
1733237586772 3390.0 11141120
1733237631280 3400.0 11173888
1733237677476 3410.0 11200000
1733237727803 3420.0 11239424
1733237771021 3430.0 11272192
1733237814800 3440.0 11304960
1733237856497 3450.0 11337728
1733237903308 3460.0 11360000
1733237952107 3470.0 11403264
1733237997427 3480.0 11436032
1733238040666 3490.0 11468800
1733238085862 3500.0 11501568
1733238130806 3510.0 11520000
1733238184140 3520.0 11567104
1733238226813 3530.0 11599872
1733238271286 3540.0 11632640
1733238313663 3550.0 11665408
1733238356265 3560.0 11680000
1733238410825 3570.0 11730944
1733238457744 3580.0 11763712
1733238500181 3590.0 11796480
1733238545719 3600.0 11829248
1733238585735 3610.0 11840000
1733238640898 3620.0 11894784
1733238685718 3630.0 11927552
1733238730614 3640.0 11960320
1733238771802 3650.0 11993088
1733238808875 3660.0 12000000
1733238866449 3670.0 12058624
1733238909470 3680.0 12091392
1733238954716 3690.0 12124160
1733238997341 3700.0 12156928
1733239037541 3710.0 12160000
1733239097030 3720.0 12222464
1733239140961 3730.0 12255232
1733239184615 3740.0 12288000
1733239234006 3750.0 12320000
1733239278700 3760.0 12353536
1733239320808 3770.0 12386304
1733239365002 3780.0 12419072
1733239408473 3790.0 12451840
1733239457216 3800.0 12480000
1733239502214 3810.0 12517376
1733239545693 3820.0 12550144
1733239590128 3830.0 12582912
1733239634040 3840.0 12615680
1733239680947 3850.0 12640000
1733239728450 3860.0 12681216
1733239772688 3870.0 12713984
1733239816635 3880.0 12746752
1733239860028 3890.0 12779520
1733239903149 3900.0 12800000
1733239953434 3910.0 12845056
1733239996767 3920.0 12877824
1733240041411 3930.0 12910592
1733240084943 3940.0 12943360
1733240129446 3950.0 12960000
1733240179840 3960.0 13008896
1733240225645 3970.0 13041664
1733240267091 3980.0 13074432
1733240312120 3990.0 13107200
1733240351443 4000.0 13120000
1733240406671 4010.0 13172736
1733240448649 4020.0 13205504
1733240493616 4030.0 13238272
1733240535172 4040.0 13271040
1733240575419 4050.0 13280000
1733240630006 4060.0 13336576
1733240675715 4070.0 13369344
1733240718345 4080.0 13402112
1733240763585 4090.0 13434880
1733240799976 4100.0 13440000
1733240858917 4110.0 13500416
1733240900155 4120.0 13533184
1733240944398 4130.0 13565952
1733240986648 4140.0 13598720
1733241022947 4150.0 13600000
1733241081239 4160.0 13664256
1733241125400 4170.0 13697024
1733241167589 4180.0 13729792
1733241216556 4190.0 13760000
1733241260860 4200.0 13795328
1733241304558 4210.0 13828096
1733241348669 4220.0 13860864
1733241390784 4230.0 13893632
1733241438371 4240.0 13920000
1733241484519 4250.0 13959168
1733241529146 4260.0 13991936
1733241570199 4270.0 14024704
1733241614855 4280.0 14057472
1733241657676 4290.0 14080000
1733241708302 4300.0 14123008
1733241749693 4310.0 14155776
1733241795188 4320.0 14188544
1733241836545 4330.0 14221312
1733241881472 4340.0 14240000
1733241930206 4350.0 14286848
1733241977085 4360.0 14319616
1733242018887 4370.0 14352384
1733242063862 4380.0 14385152
1733242104158 4390.0 14400000
1733242158144 4400.0 14450688
1733242200899 4410.0 14483456
1733242245578 4420.0 14516224
1733242288609 4430.0 14548992
1733242328986 4440.0 14560000
1733242383065 4450.0 14614528
1733242426839 4460.0 14647296
1733242469840 4470.0 14680064
1733242514064 4480.0 14712832
1733242551559 4490.0 14720000
1733242607764 4500.0 14778368
1733242651007 4510.0 14811136
1733242694036 4520.0 14843904
1733242737108 4530.0 14876672
1733242771706 4540.0 14880000
1733242830631 4550.0 14942208
1733242873761 4560.0 14974976
1733242917648 4570.0 15007744
1733242965288 4580.0 15040000
1733243010517 4590.0 15073280
1733243052069 4600.0 15106048
1733243096621 4610.0 15138816
1733243138311 4620.0 15171584
1733243189268 4630.0 15200000
1733243232350 4640.0 15237120
1733243278434 4650.0 15269888
1733243320584 4660.0 15302656
1733243365548 4670.0 15335424
1733243410618 4680.0 15360000
1733243459447 4690.0 15400960
1733243501176 4700.0 15433728
1733243544870 4710.0 15466496
1733243587458 4720.0 15499264
1733243632336 4730.0 15520000
1733243681491 4740.0 15564800
1733243726125 4750.0 15597568
1733243769511 4760.0 15630336
1733243813976 4770.0 15663104
1733243855637 4780.0 15680000
1733243907426 4790.0 15728640
1733243950799 4800.0 15761408
1733243994162 4810.0 15794176
1733244037264 4820.0 15826944
1733244077339 4830.0 15840000
1733244130958 4840.0 15892480
1733244173376 4850.0 15925248
1733244217021 4860.0 15958016
1733244260840 4870.0 15990784
1733244301422 4880.0 16000000
1733244353749 4890.0 16056320
1733244397228 4900.0 16089088
1733244440150 4910.0 16121856
1733244483888 4920.0 16154624
1733244520668 4930.0 16160000
1733244579432 4940.0 16220160
1733244621691 4950.0 16252928
1733244666285 4960.0 16285696
1733244708474 4970.0 16318464
1733244744313 4980.0 16320000
1733244803547 4990.0 16384000
1733244848117 5000.0 16416768
1733244892422 5010.0 16449536
1733244943025 5020.0 16480000
1733244989247 5030.0 16515072
1733245036363 5040.0 16547840
1733245080628 5050.0 16580608
1733245124986 5060.0 16613376
1733245171017 5070.0 16640000
1733245220063 5080.0 16678912
1733245262345 5090.0 16711680
1733245308932 5100.0 16744448
1733245350811 5110.0 16777216
1733245398772 5120.0 16800000
1733245446142 5130.0 16842752
1733245491795 5140.0 16875520
1733245533999 5150.0 16908288
1733245579569 5160.0 16941056
1733245620708 5170.0 16960000
1733245671843 5180.0 17006592
1733245714231 5190.0 17039360
1733245759776 5200.0 17072128
1733245802416 5210.0 17104896
1733245845609 5220.0 17120000
1733245896262 5230.0 17170432
1733245939363 5240.0 17203200
1733245982208 5250.0 17235968
1733246026098 5260.0 17268736
1733246065405 5270.0 17280000
1733246119895 5280.0 17334272
1733246163093 5290.0 17367040
1733246206271 5300.0 17399808
1733246250066 5310.0 17432576
1733246284839 5320.0 17440000
1733246339140 5330.0 17498112
1733246380841 5340.0 17530880
1733246425224 5350.0 17563648
1733246466612 5360.0 17596416
1733246501551 5370.0 17600000
1733246557368 5380.0 17661952
1733246600412 5390.0 17694720
1733246641163 5400.0 17727488
1733246690002 5410.0 17760000
1733246732158 5420.0 17793024
1733246774855 5430.0 17825792
1733246818376 5440.0 17858560
1733246860755 5450.0 17891328
1733246907142 5460.0 17920000
1733246952613 5470.0 17956864
1733246994543 5480.0 17989632
1733247037100 5490.0 18022400
1733247077719 5500.0 18055168
1733247124630 5510.0 18080000
1733247170667 5520.0 18120704
1733247212348 5530.0 18153472
1733247254860 5540.0 18186240
1733247298190 5550.0 18219008
1733247341011 5560.0 18240000
1733247389061 5570.0 18284544
1733247431643 5580.0 18317312
1733247473502 5590.0 18350080
1733247515632 5600.0 18382848
1733247557797 5610.0 18400000
1733247607522 5620.0 18448384
1733247650896 5630.0 18481152
1733247695839 5640.0 18513920
1733247739099 5650.0 18546688
1733247778811 5660.0 18560000
1733247831508 5670.0 18612224
1733247873485 5680.0 18644992
1733247915707 5690.0 18677760
1733247958528 5700.0 18710528
1733247996581 5710.0 18720000
1733248049995 5720.0 18776064
1733248092809 5730.0 18808832
1733248135407 5740.0 18841600
1733248179104 5750.0 18874368
1733248214865 5760.0 18880000
1733248271301 5770.0 18939904
1733248313728 5780.0 18972672
1733248357126 5790.0 19005440
1733248400399 5800.0 19038208
1733248435805 5810.0 19040000
1733248494433 5820.0 19103744
1733248538289 5830.0 19136512
1733248580749 5840.0 19169280
1733248629330 5850.0 19200000
1733248672595 5860.0 19234816
1733248716190 5870.0 19267584
1733248758330 5880.0 19300352
1733248800877 5890.0 19333120
1733248848445 5900.0 19360000
1733248893756 5910.0 19398656
1733248936977 5920.0 19431424
1733248979140 5930.0 19464192
1733249021244 5940.0 19496960
1733249064957 5950.0 19520000
1733249111319 5960.0 19562496
1733249153560 5970.0 19595264
1733249196366 5980.0 19628032
1733249239640 5990.0 19660800
1733249282028 6000.0 19680000
1733249332384 6010.0 19726336
1733249374413 6020.0 19759104
1733249417687 6030.0 19791872
1733249460186 6040.0 19824640
1733249500050 6050.0 19840000
1733249550527 6060.0 19890176
1733249592615 6070.0 19922944
1733249634785 6080.0 19955712
1733249677110 6090.0 19988480
1733249717085 6100.0 20000000
1733249770861 6110.0 20054016
1733249813159 6120.0 20086784
1733249856497 6130.0 20119552
1733249899602 6140.0 20152320
1733249936572 6150.0 20160000
1733249991598 6160.0 20217856
1733250033913 6170.0 20250624
1733250077123 6180.0 20283392
1733250118771 6190.0 20316160
1733250155519 6200.0 20320000
1733250211131 6210.0 20381696
1733250253832 6220.0 20414464
1733250295974 6230.0 20447232
1733250347812 6240.0 20480000
1733250390565 6250.0 20512768
1733250434156 6260.0 20545536
1733250477425 6270.0 20578304
1733250521874 6280.0 20611072
1733250567246 6290.0 20640000
1733250612230 6300.0 20676608
1733250656570 6310.0 20709376
1733250699879 6320.0 20742144
1733250742326 6330.0 20774912
1733250788879 6340.0 20800000
1733250835223 6350.0 20840448
1733250876202 6360.0 20873216
1733250919285 6370.0 20905984
1733250961843 6380.0 20938752
1733251005766 6390.0 20960000
1733251053318 6400.0 21004288
1733251097192 6410.0 21037056
1733251139310 6420.0 21069824
1733251181756 6430.0 21102592
1733251223905 6440.0 21120000
1733251276331 6450.0 21168128
1733251318128 6460.0 21200896
1733251361310 6470.0 21233664
1733251403221 6480.0 21266432
1733251445365 6490.0 21280000
1733251497632 6500.0 21331968
1733251541199 6510.0 21364736
1733251584871 6520.0 21397504
1733251628949 6530.0 21430272
1733251668350 6540.0 21440000
1733251721029 6550.0 21495808
1733251761972 6560.0 21528576
1733251805573 6570.0 21561344
1733251847833 6580.0 21594112
1733251885492 6590.0 21600000
1733251940342 6600.0 21659648
1733251982314 6610.0 21692416
1733252027146 6620.0 21725184
1733252068626 6630.0 21757952
1733252104748 6640.0 21760000
1733252161282 6650.0 21823488
1733252204355 6660.0 21856256
1733252246624 6670.0 21889024
1733252295585 6680.0 21920000
1733252339056 6690.0 21954560
1733252382201 6700.0 21987328
1733252422838 6710.0 22020096
1733252465936 6720.0 22052864
1733252510072 6730.0 22080000
1733252556937 6740.0 22118400
1733252597854 6750.0 22151168
1733252640452 6760.0 22183936
1733252682632 6770.0 22216704
1733252726853 6780.0 22240000
1733252774998 6790.0 22282240
1733252815452 6800.0 22315008
1733252855841 6810.0 22347776
1733252896036 6820.0 22380544
1733252936760 6830.0 22400000
1733252982605 6840.0 22446080
1733253022910 6850.0 22478848
1733253062348 6860.0 22511616
1733253101900 6870.0 22544384
1733253140151 6880.0 22560000
1733253186714 6890.0 22609920
1733253225995 6900.0 22642688
1733253265870 6910.0 22675456
1733253305725 6920.0 22708224
1733253342839 6930.0 22720000
1733253391741 6940.0 22773760
1733253431846 6950.0 22806528
1733253471293 6960.0 22839296
1733253511059 6970.0 22872064
1733253546052 6980.0 22880000
1733253596486 6990.0 22937600
1733253635672 7000.0 22970368
1733253675951 7010.0 23003136
1733253715169 7020.0 23035904
1733253747799 7030.0 23040000
1733253800440 7040.0 23101440
1733253840596 7050.0 23134208
1733253879693 7060.0 23166976
1733253919398 7070.0 23199744
1733253950131 7080.0 23200000
1733254004142 7090.0 23265280
1733254043896 7100.0 23298048
1733254084685 7110.0 23330816
1733254128231 7120.0 23360000
1733254170502 7130.0 23396352
1733254210000 7140.0 23429120
1733254250617 7150.0 23461888
1733254289627 7160.0 23494656
1733254333364 7170.0 23520000
1733254375830 7180.0 23560192
1733254415760 7190.0 23592960
1733254454599 7200.0 23625728
1733254495362 7210.0 23658496
1733254535817 7220.0 23680000
1733254581229 7230.0 23724032
1733254620571 7240.0 23756800
1733254661430 7250.0 23789568
1733254700511 7260.0 23822336
1733254740957 7270.0 23840000
1733254788036 7280.0 23887872
1733254828525 7290.0 23920640
1733254868121 7300.0 23953408
1733254907752 7310.0 23986176
1733254947265 7320.0 24000000
1733254998302 7330.0 24051712
1733255039817 7340.0 24084480
1733255079387 7350.0 24117248
1733255118942 7360.0 24150016
1733255157256 7370.0 24160000
1733255206370 7380.0 24215552
1733255247928 7390.0 24248320
1733255287182 7400.0 24281088
1733255328628 7410.0 24313856
1733255363631 7420.0 24320000
1733255415537 7430.0 24379392
1733255457243 7440.0 24412160
1733255496905 7450.0 24444928
1733255539100 7460.0 24477696
1733255571558 7470.0 24480000
1733255625144 7480.0 24543232
1733255665587 7490.0 24576000
1733255706497 7500.0 24608768
1733255753282 7510.0 24640000
1733255793187 7520.0 24674304
1733255834624 7530.0 24707072
1733255874447 7540.0 24739840
1733255914753 7550.0 24772608
1733255958910 7560.0 24800000
1733256001471 7570.0 24838144
1733256044242 7580.0 24870912
1733256084448 7590.0 24903680
1733256125048 7600.0 24936448
1733256166688 7610.0 24960000
1733256211179 7620.0 25001984
1733256253163 7630.0 25034752
1733256292651 7640.0 25067520
1733256335571 7650.0 25100288
1733256375614 7660.0 25120000
1733256421353 7670.0 25165824
1733256461011 7680.0 25198592
1733256501621 7690.0 25231360
1733256544852 7700.0 25264128
1733256583104 7710.0 25280000
1733256633372 7720.0 25329664
1733256672985 7730.0 25362432
1733256714791 7740.0 25395200
1733256754179 7750.0 25427968
1733256791918 7760.0 25440000
1733256842587 7770.0 25493504
1733256881793 7780.0 25526272
1733256922973 7790.0 25559040
1733256961920 7800.0 25591808
1733256998008 7810.0 25600000
1733257049241 7820.0 25657344
1733257089209 7830.0 25690112
1733257131056 7840.0 25722880
1733257170011 7850.0 25755648
1733257203643 7860.0 25760000
1733257256141 7870.0 25821184
1733257295968 7880.0 25853952
1733257337255 7890.0 25886720
1733257376497 7900.0 25919488
1733257410818 7910.0 25920000
1733257465088 7920.0 25985024
1733257505859 7930.0 26017792
1733257544965 7940.0 26050560
1733257589527 7950.0 26080000
1733257632392 7960.0 26116096
1733257673044 7970.0 26148864
1733257715176 7980.0 26181632
1733257754013 7990.0 26214400
1733257799009 8000.0 26240000
1733257841705 8010.0 26279936
1733257881944 8020.0 26312704
1733257924898 8030.0 26345472
1733257964404 8040.0 26378240
1733258006802 8050.0 26400000
1733258051838 8060.0 26443776
1733258092676 8070.0 26476544
1733258132332 8080.0 26509312
1733258172388 8090.0 26542080
1733258213551 8100.0 26560000
1733258259005 8110.0 26607616
1733258300093 8120.0 26640384
1733258339815 8130.0 26673152
1733258379396 8140.0 26705920
1733258418631 8150.0 26720000
1733258466300 8160.0 26771456
1733258508343 8170.0 26804224
1733258546978 8180.0 26836992
1733258588162 8190.0 26869760
1733258625727 8200.0 26880000
1733258674370 8210.0 26935296
1733258715993 8220.0 26968064
1733258754891 8230.0 27000832
1733258796879 8240.0 27033600
1733258835062 8250.0 27040000
1733258892839 8260.0 27099136
1733258934015 8270.0 27131904
1733258978807 8280.0 27164672
1733259020247 8290.0 27197440
1733259055785 8300.0 27200000
1733259113295 8310.0 27262976
1733259155805 8320.0 27295744
1733259199591 8330.0 27328512
1733259247125 8340.0 27360000
1733259291860 8350.0 27394048
1733259332826 8360.0 27426816
1733259376737 8370.0 27459584
1733259422734 8380.0 27492352
1733259469193 8390.0 27520000
1733259514955 8400.0 27557888
1733259557660 8410.0 27590656
1733259601070 8420.0 27623424
1733259643527 8430.0 27656192
1733259688306 8440.0 27680000
1733259735093 8450.0 27721728
1733259778414 8460.0 27754496
1733259823211 8470.0 27787264
1733259865802 8480.0 27820032
1733259910739 8490.0 27840000
1733259959094 8500.0 27885568
1733260002184 8510.0 27918336
1733260046192 8520.0 27951104
1733260089525 8530.0 27983872
1733260134728 8540.0 28000000
1733260186398 8550.0 28049408
1733260231439 8560.0 28082176
1733260273826 8570.0 28114944
1733260317295 8580.0 28147712
1733260357264 8590.0 28160000
1733260411843 8600.0 28213248
1733260454243 8610.0 28246016
1733260497177 8620.0 28278784
1733260545091 8630.0 28311552
1733260583723 8640.0 28320000
1733260640953 8650.0 28377088
1733260684124 8660.0 28409856
1733260727504 8670.0 28442624
1733260769563 8680.0 28475392
1733260807307 8690.0 28480000
1733260863158 8700.0 28540928
1733260904938 8710.0 28573696
1733260949626 8720.0 28606464
1733260992547 8730.0 28639232
1733261029611 8740.0 28640000
1733261089459 8750.0 28704768
1733261134882 8760.0 28737536
1733261178919 8770.0 28770304
1733261229472 8780.0 28800000
1733261275642 8790.0 28835840
1733261319963 8800.0 28868608
1733261365267 8810.0 28901376
1733261408597 8820.0 28934144
1733261459607 8830.0 28960000
1733261507461 8840.0 28999680
1733261552961 8850.0 29032448
1733261597224 8860.0 29065216
1733261641498 8870.0 29097984
1733261687594 8880.0 29120000
1733261738079 8890.0 29163520
1733261781476 8900.0 29196288
1733261825263 8910.0 29229056
1733261872993 8920.0 29261824
1733261917504 8930.0 29280000
1733261969918 8940.0 29327360
1733262014472 8950.0 29360128
1733262058489 8960.0 29392896
1733262101856 8970.0 29425664
1733262143085 8980.0 29440000
1733262195134 8990.0 29491200
1733262239322 9000.0 29523968
1733262283929 9010.0 29556736
1733262328408 9020.0 29589504
1733262369879 9030.0 29600000
1733262423864 9040.0 29655040
1733262469260 9050.0 29687808
1733262512164 9060.0 29720576
1733262557542 9070.0 29753344
1733262597540 9080.0 29760000
1733262654315 9090.0 29818880
1733262700254 9100.0 29851648
1733262742507 9110.0 29884416
1733262787869 9120.0 29917184
1733262823018 9130.0 29920000
1733262881793 9140.0 29982720
1733262922239 9150.0 30015488
1733262965861 9160.0 30048256
1733263015296 9170.0 30080000
1733263058976 9180.0 30113792
1733263103788 9190.0 30146560
1733263145984 9200.0 30179328
1733263190730 9210.0 30212096
1733263236751 9220.0 30240000
1733263282621 9230.0 30277632
1733263327500 9240.0 30310400
1733263371105 9250.0 30343168
1733263416109 9260.0 30375936
1733263460221 9270.0 30400000
1733263509116 9280.0 30441472
1733263550979 9290.0 30474240
1733263594209 9300.0 30507008
1733263638738 9310.0 30539776
1733263683384 9320.0 30560000
1733263733586 9330.0 30605312
1733263775930 9340.0 30638080
1733263822178 9350.0 30670848
1733263865091 9360.0 30703616
1733263907405 9370.0 30720000
1733263957565 9380.0 30769152
1733264001870 9390.0 30801920
1733264044591 9400.0 30834688
1733264088293 9410.0 30867456
1733264129942 9420.0 30880000
1733264182769 9430.0 30932992
1733264227862 9440.0 30965760
1733264271028 9450.0 30998528
1733264315807 9460.0 31031296
1733264353351 9470.0 31040000
1733264409297 9480.0 31096832
1733264453760 9490.0 31129600
1733264497118 9500.0 31162368
1733264540065 9510.0 31195136
1733264575188 9520.0 31200000
1733264633463 9530.0 31260672
1733264675943 9540.0 31293440
1733264720085 9550.0 31326208
1733264761560 9560.0 31358976
1733264796642 9570.0 31360000
1733264852609 9580.0 31424512
1733264892890 9590.0 31457280
1733264937585 9600.0 31490048
1733264986630 9610.0 31520000
1733265029976 9620.0 31555584
1733265073114 9630.0 31588352
1733265116499 9640.0 31621120
1733265159914 9650.0 31653888
1733265206826 9660.0 31680000
1733265253332 9670.0 31719424
1733265295459 9680.0 31752192
1733265339038 9690.0 31784960
1733265382776 9700.0 31817728
1733265428613 9710.0 31840000
1733265478332 9720.0 31883264
1733265519610 9730.0 31916032
1733265563491 9740.0 31948800
1733265607971 9750.0 31981568
1733265649142 9760.0 32000000
1733265700877 9770.0 32047104
1733265742632 9780.0 32079872
1733265786453 9790.0 32112640
1733265831365 9800.0 32145408
1733265870238 9810.0 32160000
