1733223277631 -0.04707869988942548 65536
1733223317309 -0.04947257096114299 98304
1733223356882 -0.050686232434145495 131072
1733223399071 -0.04864990498640509 160000
1733223438756 -0.04467019146918574 196608
1733223476578 -0.040405023715038624 229376
1733223516897 -0.04231413144270846 262144
1733223556449 -0.04210269933678319 294912
1733223598486 -0.047112927615467017 320000
1733223639583 -0.05266714629792659 360448
1733223677210 -0.05529133629493117 393216
1733223715907 -0.056690968045677435 425984
1733223753704 -0.04199238979763322 458752
1733223792243 -0.05363761693138258 480000
1733223835164 -0.045058494387330936 524288
1733223873052 -0.036783837983966804 557056
1733223911283 -0.03936895226595425 589824
1733223949405 -0.04485796434191798 622592
1733223986203 -0.047608194663325776 640000
1733224030993 -0.05477541587970336 688128
1733224069405 -0.03249990356384842 720896
1733224107027 -0.05101203265749064 753664
1733224145083 -0.03400408226848413 786432
1733224181002 -0.05519791650044681 800000
1733224227255 -0.0494045476240899 851968
1733224265124 -0.042779061211103905 884736
1733224303756 -0.0353262535813883 917504
1733224342196 -0.032827005771719084 950272
1733224376619 -0.04185728269740139 960000
1733224423926 -0.04266589187459431 1015808
1733224462237 -0.03595240111171734 1048576
1733224500422 -0.03967574136404437 1081344
1733224538224 -0.043304308008987394 1114112
1733224571823 -0.037399975299354085 1120000
1733224620205 -0.03911526833339849 1179648
1733224658427 -0.03774070647100416 1212416
1733224696482 -0.033281536867752946 1245184
1733224734394 -0.03389016363116752 1277952
1733224766770 -0.03718378304267844 1280000
1733224817231 -0.03184190729589318 1343488
1733224855730 -0.03674317319330385 1376256
1733224894158 -0.033942021331426986 1409024
1733224937613 -0.0426878391430364 1440000
1733224977143 -0.04037295041171092 1474560
1733225015957 -0.03747024358303861 1507328
1733225054704 -0.028352278526313057 1540096
1733225093056 -0.04105757801698928 1572864
1733225134385 -0.037168627462096995 1600000
1733225175499 -0.035308436402101503 1638400
1733225214064 -0.03291713004928169 1671168
1733225252742 -0.03710728615847074 1703936
1733225291172 -0.026862904717154377 1736704
1733225332395 -0.03077320156744463 1760000
1733225375765 -0.03656451144051971 1802240
1733225414179 -0.032681400945944 1835008
1733225452443 -0.023478763273669757 1867776
1733225490533 -0.03216442845707661 1900544
1733225528922 -0.035874680253164114 1920000
1733225572597 -0.023644293195388855 1966080
1733225610953 -0.02761158103944581 1998848
1733225649627 -0.022758300657142173 2031616
1733225687946 -0.028795093860253473 2064384
1733225724335 -0.04004197607621336 2080000
1733225769521 -0.023467175207724723 2129920
1733225808088 -0.02756382658533312 2162688
1733225846308 -0.025873421040000722 2195456
1733225885104 -0.023479907560158608 2228224
1733225920571 -0.024202767543692973 2240000
1733225966950 -0.025340569667878298 2293760
1733226005264 -0.02785292656283218 2326528
1733226044130 -0.029512180669144072 2359296
1733226082887 -0.02447782448170983 2392064
1733226117276 -0.025559675463068744 2400000
1733226166121 -0.026429441334221336 2457600
1733226204467 -0.029449169985923618 2490368
1733226243099 -0.026162990345017078 2523136
1733226281845 -0.02189461129605661 2555904
1733226314328 -0.02790415068375296 2560000
1733226364989 -0.020509504088977337 2621440
1733226403661 -0.025411104314935075 2654208
1733226441650 -0.022337755019862016 2686976
1733226480093 -0.02363026586272099 2719744
1733226510476 -0.024861658083182192 2720000
1733226562908 -0.02304327785359419 2785280
1733226601483 -0.02456562889340148 2818048
1733226639996 -0.02588467870975819 2850816
1733226682537 -0.024567250844779665 2880000
1733226722647 -0.0252545585063217 2916352
1733226761003 -0.02210060973718555 2949120
1733226799612 -0.027575559405590866 2981888
1733226838048 -0.023233706234213967 3014656
1733226878545 -0.028495898564096935 3040000
1733226920367 -0.02282993724688822 3080192
1733226958684 -0.023402153227607414 3112960
1733226996881 -0.027502771731587928 3145728
1733227034787 -0.026139023236055436 3178496
1733227074575 -0.02700661615771196 3200000
1733227117506 -0.02336130156679701 3244032
1733227155965 -0.025865537305071483 3276800
1733227194527 -0.025085352055066325 3309568
1733227233279 -0.02484779057790547 3342336
1733227271635 -0.023259685470316073 3360000
1733227316185 -0.02657825302544552 3407872
1733227355112 -0.024900380232020326 3440640
1733227393680 -0.023054367780400754 3473408
1733227432335 -0.024877962140624276 3506176
1733227468974 -0.024387488502043198 3520000
1733227514961 -0.026125802027036116 3571712
1733227553424 -0.027118445824635275 3604480
1733227592013 -0.02458672766113068 3637248
1733227630543 -0.024756822783410827 3670016
1733227665234 -0.02471043883888342 3680000
1733227713620 -0.027458794530889463 3735552
1733227752093 -0.023361327253564924 3768320
1733227791026 -0.023709970528307166 3801088
1733227829849 -0.021562718185191444 3833856
1733227863565 -0.02491506434994335 3840000
1733227913959 -0.022675902185255836 3899392
1733227952464 -0.027090981485662267 3932160
1733227990689 -0.02458494507470732 3964928
1733228029276 -0.025308239832429535 3997696
1733228060765 -0.019871511330438806 4000000
1733228112142 -0.021748110646421993 4063232
1733228150591 -0.022829512318685373 4096000
1733228188828 -0.02707868101335862 4128768
1733228232047 -0.023405377001540727 4160000
1733228270764 -0.024820041181692433 4194304
1733228309095 -0.024055840500568592 4227072
1733228347355 -0.02425397906631588 4259840
1733228385337 -0.02496423317031713 4292608
1733228426839 -0.022639837807173536 4320000
1733228467519 -0.024443455695677584 4358144
1733228505838 -0.023895116278868044 4390912
1733228544430 -0.024250523459500073 4423680
1733228582611 -0.0225248094108224 4456448
1733228623836 -0.025416962040435465 4480000
1733228666146 -0.023884770832455614 4521984
1733228704393 -0.026412052031264465 4554752
1733228743307 -0.0269520194400684 4587520
1733228781675 -0.0250887881939434 4620288
1733228821089 -0.023043679232682735 4640000
1733228865290 -0.026473633610839896 4685824
1733228903847 -0.02460766097369742 4718592
1733228943227 -0.021918638563874993 4751360
1733228981999 -0.02112568001512045 4784128
1733229019528 -0.024218376343856107 4800000
1733229065443 -0.021316945489729733 4849664
1733229104449 -0.02495461856667589 4882432
1733229144061 -0.024236517593271854 4915200
1733229182952 -0.023505395523920926 4947968
1733229219213 -0.023453287995153005 4960000
1733229266191 -0.021716091676717043 5013504
1733229304471 -0.02409336940349931 5046272
1733229344413 -0.027162980656748915 5079040
1733229383339 -0.02264826587766038 5111808
1733229417762 -0.02074462528685217 5120000
1733229465499 -0.022628237104163416 5177344
1733229503796 -0.02185823992863334 5210112
1733229541637 -0.022665147366069505 5242880
1733229581502 -0.0218742639565221 5275648
1733229614957 -0.020409497016294152 5280000
1733229664251 -0.024837662699235354 5341184
1733229708761 -0.02106999159211682 5373952
1733229748323 -0.024058197231624945 5406720
1733229787061 -0.021396291975224812 5439488
1733229818976 -0.02143840331875708 5440000
1733229870936 -0.02076278107579128 5505024
1733229909662 -0.023828642816715727 5537792
1733229949298 -0.01971018894853387 5570560
1733229992948 -0.021293486935709892 5600000
1733230033632 -0.019631213465982 5636096
1733230073203 -0.024120860552557133 5668864
1733230112405 -0.02108555693882863 5701632
1733230152586 -0.024881721668793943 5734400
1733230196072 -0.02107842131204052 5760000
1733230239118 -0.023596303194472056 5799936
1733230280142 -0.02121399806953832 5832704
1733230330062 -0.022576910890143152 5865472
1733230374484 -0.02141184837687433 5898240
1733230416730 -0.02162007180506862 5920000
1733230462671 -0.019483616946990877 5963776
1733230502285 -0.023360932626314935 5996544
1733230541676 -0.021291809581089182 6029312
1733230581150 -0.022332327438948595 6062080
1733230621580 -0.022398917787131722 6080000
1733230669322 -0.017941993014801483 6127616
1733230708710 -0.02112421984111279 6160384
1733230749977 -0.02001181679884212 6193152
1733230790043 -0.018578386289163973 6225920
1733230828243 -0.019711279829857632 6240000
1733230876469 -0.01897200483067536 6291456
1733230917354 -0.022540630747084834 6324224
1733230956778 -0.020456263122446215 6356992
1733230997842 -0.02185992045083367 6389760
1733231039895 -0.02402706054317605 6400000
1733231091878 -0.01630626435924114 6455296
1733231132615 -0.019474760473190144 6488064
1733231176139 -0.019288128610492096 6520832
1733231220014 -0.021100002584580578 6553600
1733231255608 -0.023393266979542204 6560000
1733231311860 -0.01938436244058721 6619136
1733231355840 -0.017392569802632353 6651904
1733231400039 -0.01996100326900887 6684672
1733231442971 -0.02172506046374565 6717440
1733231479301 -0.0200186737612853 6720000
1733231535094 -0.0215130132633476 6782976
1733231579312 -0.020720831865321542 6815744
1733231622256 -0.01942217604662346 6848512
1733231670712 -0.019560898657834967 6880000
1733231716383 -0.025276534502540925 6914048
1733231756927 -0.02261702385110311 6946816
1733231802351 -0.022605888075895565 6979584
1733231846062 -0.019821273680349805 7012352
1733231893228 -0.0215757128502446 7040000
1733231939820 -0.02039352526935545 7077888
1733231981533 -0.02331633685083716 7110656
1733232024014 -0.021472365046042795 7143424
1733232067439 -0.021080414684206517 7176192
1733232111711 -0.018380457276339256 7200000
1733232157779 -0.02297421346727333 7241728
1733232203601 -0.02522941311701743 7274496
1733232245230 -0.02098188458844561 7307264
1733232288207 -0.02080961547565039 7340032
1733232333476 -0.02083109844361388 7360000
1733232380999 -0.020194990200138818 7405568
1733232425126 -0.018653416854135685 7438336
1733232467821 -0.01893073606809139 7471104
1733232510492 -0.020116116348526704 7503872
1733232552379 -0.018539697815822365 7520000
1733232602714 -0.01673738943875378 7569408
1733232646367 -0.02087583019324484 7602176
1733232690281 -0.01882050901499497 7634944
1733232730496 -0.01850172296681194 7667712
1733232771291 -0.020343918453022525 7680000
1733232825876 -0.01600643351441704 7733248
1733232866657 -0.02003109320612566 7766016
1733232907709 -0.020298258779371282 7798784
1733232952281 -0.018798320320365748 7831552
1733232990624 -0.021370903316346813 7840000
1733233046474 -0.019355610289517246 7897088
1733233088753 -0.020900582117815248 7929856
1733233134748 -0.017762165186047695 7962624
1733233178361 -0.01805352028861762 7995392
1733233214176 -0.021565639637725554 8000000
1733233271960 -0.01154027755142124 8060928
1733233317494 -0.01719837547871066 8093696
1733233360286 -0.014781519639950603 8126464
1733233403614 -0.01855900574196312 8159232
1733233439915 -0.02096466855232393 8160000
1733233499098 -0.016575611160328664 8224768
1733233542450 -0.020065871667202372 8257536
1733233586207 -0.023670707216342634 8290304
1733233637032 -0.01908814733562849 8320000
1733233683327 -0.02137415426068401 8355840
1733233728256 -0.01731821177550046 8388608
1733233772620 -0.02034686950159994 8421376
1733233817008 -0.01753753867050136 8454144
1733233864203 -0.0164258501783479 8480000
1733233912192 -0.018601590070215935 8519680
1733233955899 -0.02263048631837137 8552448
1733233999614 -0.02119667658741946 8585216
1733234043490 -0.025163124034997965 8617984
1733234088422 -0.022315937344751548 8640000
1733234138899 -0.017850877666865016 8683520
1733234183564 -0.02098912331197198 8716288
1733234227288 -0.022123814129645324 8749056
1733234270794 -0.022448896208379664 8781824
1733234315580 -0.01830586296450747 8800000
1733234368317 -0.018216408731996127 8847360
1733234411820 -0.01894901986676132 8880128
1733234455331 -0.01946204882699476 8912896
1733234500047 -0.016957534060406943 8945664
1733234541639 -0.021418371306413064 8960000
1733234596015 -0.02114965682173988 9011200
1733234639461 -0.01886800185905031 9043968
1733234685490 -0.02112598082196655 9076736
1733234729432 -0.017241276341405865 9109504
1733234770558 -0.015917522971471955 9120000
1733234824587 -0.019956163788128832 9175040
1733234868993 -0.01855915290508392 9207808
1733234914377 -0.020051219438209957 9240576
1733234957908 -0.017780707451015586 9273344
1733234996112 -0.019440025646872527 9280000
1733235052386 -0.021123231193473656 9338880
1733235102433 -0.019207682051660412 9371648
1733235146595 -0.017316508760677606 9404416
1733235190312 -0.01940164022746558 9437184
1733235227311 -0.019754857634370637 9440000
1733235285959 -0.018632768206953188 9502720
1733235332571 -0.018622806827113435 9535488
1733235377308 -0.020951765622339736 9568256
1733235429036 -0.018593767304537323 9600000
1733235474138 -0.018648441492769053 9633792
1733235517934 -0.017214386708792516 9666560
1733235563396 -0.01644044913948619 9699328
1733235606451 -0.0144206472512451 9732096
1733235656262 -0.019611626185496788 9760000
1733235702532 -0.02301162966643915 9797632
1733235746778 -0.01840122701710243 9830400
1733235790416 -0.017010561216216045 9863168
1733235833354 -0.0172866051681126 9895936
1733235881551 -0.019124303537046215 9920000
1733235929281 -0.019501696267889203 9961472
1733235977988 -0.02139931311610326 9994240
1733236022334 -0.01913314745763728 10027008
1733236066255 -0.017719555848893266 10059776
1733236109961 -0.019829875242157867 10080000
1733236160638 -0.02131588261113393 10125312
1733236207324 -0.019507502225076225 10158080
1733236252218 -0.020221720141546485 10190848
1733236297265 -0.016812738447788432 10223616
1733236339936 -0.020241432569423522 10240000
1733236391963 -0.01839795004543703 10289152
1733236437733 -0.01881377730449003 10321920
1733236480238 -0.024845444864661205 10354688
1733236525689 -0.017190329534878403 10387456
1733236566172 -0.021189894017118148 10400000
1733236623089 -0.022100076417405034 10452992
1733236667960 -0.018353994438643894 10485760
1733236711031 -0.021167205935080348 10518528
1733236756218 -0.016996891222834164 10551296
1733236796536 -0.019671720426731553 10560000
1733236853053 -0.019133947451791755 10616832
1733236898330 -0.013772183454921105 10649600
1733236940699 -0.015353643074558932 10682368
1733236985448 -0.01885593300257824 10715136
1733237022105 -0.02259359866709474 10720000
1733237081103 -0.017923152829030186 10780672
1733237124049 -0.013710995226051636 10813440
1733237170315 -0.02010504359451488 10846208
1733237213658 -0.015660501306160767 10878976
1733237248905 -0.016042597664159074 10880000
1733237310190 -0.019986131154155373 10944512
1733237358092 -0.015770417729095244 10977280
1733237402218 -0.016711377174851806 11010048
1733237453347 -0.019044919596694854 11040000
1733237498751 -0.015193503492901073 11075584
1733237544468 -0.015357702442088339 11108352
1733237586785 -0.015746265703569406 11141120
1733237631315 -0.015919085566497414 11173888
1733237677549 -0.016959354387665826 11200000
1733237727863 -0.016924850466830323 11239424
1733237771038 -0.01274255644925688 11272192
1733237814818 -0.018956710610041227 11304960
1733237856514 -0.020785701698446245 11337728
1733237903338 -0.01804381853050927 11360000
1733237952174 -0.020261870774334056 11403264
1733237997436 -0.020782470721724167 11436032
1733238040801 -0.018813821486764935 11468800
1733238085998 -0.017665566271671197 11501568
1733238130943 -0.013825864955515499 11520000
1733238184175 -0.02051180886246584 11567104
1733238226821 -0.016630750090246237 11599872
1733238271406 -0.019075650511615548 11632640
1733238313671 -0.02025568074404873 11665408
1733238356390 -0.018648942911408995 11680000
1733238410997 -0.018668412764327513 11730944
1733238457893 -0.02149823420179473 11763712
1733238500189 -0.0209519520682079 11796480
1733238545840 -0.018469878316648192 11829248
1733238585856 -0.02329651891107005 11840000
1733238640915 -0.020721436130565964 11894784
1733238685727 -0.017243101304075026 11927552
1733238730622 -0.018496341179297816 11960320
1733238771810 -0.016268701972262534 11993088
1733238809000 -0.019112801698611293 12000000
1733238866457 -0.013041845988050227 12058624
1733238909479 -0.022410011729789403 12091392
1733238954750 -0.017024027479055803 12124160
1733238997354 -0.017494249026321997 12156928
1733239037675 -0.020654014814635958 12160000
1733239097063 -0.01855435569086694 12222464
1733239141080 -0.01611425655853509 12255232
1733239184631 -0.01833373919088217 12288000
1733239234052 -0.012592752935597673 12320000
1733239278757 -0.016163564780390514 12353536
1733239320821 -0.020086650591611032 12386304
1733239365080 -0.01536420454144718 12419072
1733239408483 -0.019048396003927336 12451840
1733239457251 -0.009700605797297613 12480000
1733239502233 -0.01848615998951573 12517376
1733239545728 -0.02015042260568407 12550144
1733239590138 -0.015894410160422014 12582912
1733239634050 -0.01781926399803524 12615680
1733239680953 -0.01816878371475923 12640000
1733239728463 -0.019786416260058105 12681216
1733239772694 -0.017640555632181077 12713984
1733239816656 -0.026418007455458793 12746752
1733239860043 -0.014910270846053208 12779520
1733239903165 -0.01576637181319711 12800000
1733239953443 -0.015864488183217416 12845056
1733239996778 -0.02046622634668438 12877824
1733240041423 -0.018040097781408804 12910592
1733240084964 -0.0160751028163304 12943360
1733240129485 -0.021240441710051527 12960000
1733240179854 -0.016663747720906487 13008896
1733240225658 -0.02099279563797154 13041664
1733240267104 -0.018884319781670912 13074432
1733240312144 -0.013333877563309216 13107200
1733240351450 -0.017062455695281642 13120000
1733240406683 -0.016773707793890934 13172736
1733240448721 -0.01697304779688693 13205504
1733240493642 -0.020304170178792446 13238272
1733240535179 -0.017338438148794922 13271040
1733240575436 -0.01887853526491199 13280000
1733240630019 -0.01379469311837056 13336576
1733240675736 -0.01728246193617906 13369344
1733240718385 -0.015293150143725143 13402112
1733240763598 -0.0190550357709526 13434880
1733240799996 -0.02051970974480355 13440000
1733240858929 -0.016574902296338224 13500416
1733240900168 -0.02179146235741882 13533184
1733240944418 -0.01677771429817767 13565952
1733240986660 -0.016275268145545852 13598720
1733241022979 -0.01709584090988301 13600000
1733241081282 -0.01314238192734365 13664256
1733241125418 -0.01684170545759116 13697024
1733241167603 -0.01694272907652703 13729792
1733241216591 -0.022073631734986065 13760000
1733241260868 -0.018390133342734316 13795328
1733241304640 -0.020369053212129985 13828096
1733241348692 -0.018171301275719996 13860864
1733241390805 -0.010643019709118563 13893632
1733241438391 -0.01532587378117114 13920000
1733241484553 -0.01584438238714938 13959168
1733241529162 -0.01280916421501388 13991936
1733241570224 -0.019734816852587756 14024704
1733241614872 -0.01686686082698543 14057472
1733241657685 -0.015255179191967727 14080000
1733241708312 -0.015324835042315499 14123008
1733241749718 -0.018411274012851208 14155776
1733241795196 -0.01581068446653262 14188544
1733241836560 -0.016863935733590553 14221312
1733241881483 -0.014162808351170498 14240000
1733241930252 -0.01097115754009792 14286848
1733241977099 -0.012581070767441815 14319616
1733242018898 -0.014189003400042565 14352384
1733242063871 -0.01215257498961364 14385152
1733242104199 -0.01643775892400754 14400000
1733242158153 -0.015259285296247071 14450688
1733242200907 -0.016068404417205785 14483456
1733242245587 -0.01461236009768072 14516224
1733242288619 -0.015916565289955997 14548992
1733242329003 -0.006504352266188107 14560000
1733242383073 -0.015727936599773784 14614528
1733242426878 -0.01613261506829531 14647296
1733242469849 -0.012941233011201803 14680064
1733242514076 -0.017639044826182726 14712832
1733242551577 -0.013090239644293433 14720000
1733242607777 -0.011289001043201097 14778368
1733242651060 -0.01684682092306957 14811136
1733242694052 -0.009174699384357155 14843904
1733242737163 -0.01530072755680294 14876672
1733242771716 -0.015412727051943876 14880000
1733242830639 -0.01890528275948782 14942208
1733242873778 -0.01177096631670338 14974976
1733242917656 -0.01746880812928566 15007744
1733242965338 -0.013546598683910815 15040000
1733243010562 -0.01442075318670959 15073280
1733243052077 -0.01951107165623398 15106048
1733243096631 -0.015477209569644402 15138816
1733243138319 -0.01344428283562138 15171584
1733243189308 -0.012670156272201893 15200000
1733243232360 -0.015642057409445444 15237120
1733243278476 -0.01791095979015154 15269888
1733243320620 -0.01744480059307989 15302656
1733243365556 -0.01666365000864971 15335424
1733243410627 -0.018491549509258222 15360000
1733243459455 -0.01872577523661221 15400960
1733243501188 -0.012606444530263161 15433728
1733243544881 -0.018035278200341055 15466496
1733243587469 -0.01846636394078338 15499264
1733243632348 -0.017102125734095353 15520000
1733243681516 -0.015526074105855514 15564800
1733243726139 -0.010322607532987148 15597568
1733243769527 -0.01458647586122197 15630336
1733243813989 -0.014146651926478172 15663104
1733243855644 -0.01674140546087983 15680000
1733243907438 -0.012498931007633019 15728640
1733243950819 -0.012084791402639895 15761408
1733243994185 -0.015307660370353915 15794176
1733244037301 -0.01524687354906291 15826944
1733244077355 -0.01521677322029973 15840000
1733244130974 -0.018886928715187424 15892480
1733244173412 -0.01541956448406836 15925248
1733244217032 -0.016421880951884304 15958016
1733244260981 -0.014207048172124814 15990784
1733244301444 -0.019357677123343818 16000000
1733244353769 -0.013442371794462815 16056320
1733244397249 -0.013565851371231475 16089088
1733244440162 -0.015904918602655017 16121856
1733244483899 -0.015469952847115564 16154624
1733244520682 -0.013802307585206109 16160000
1733244579468 -0.011198829693012158 16220160
1733244621703 -0.01691708443920561 16252928
1733244666291 -0.016377903267220974 16285696
1733244708488 -0.015449782755445085 16318464
1733244744320 -0.012139844699299828 16320000
1733244803562 -0.015813898046599207 16384000
1733244848126 -0.014681376336147878 16416768
1733244892433 -0.01622354621295017 16449536
1733244943038 -0.01923773663479551 16480000
1733244989279 -0.015588596694010448 16515072
1733245036916 -0.012470075749649822 16547840
1733245080669 -0.017439930008322335 16580608
1733245125030 -0.01016555417024847 16613376
1733245171025 -0.012852233066200824 16640000
1733245220086 -0.01141698552073649 16678912
1733245262358 -0.013545749100819649 16711680
1733245308943 -0.013729309805330558 16744448
1733245350823 -0.015993459477954275 16777216
1733245398778 -0.017402243068659118 16800000
1733245446148 -0.016920660922050957 16842752
1733245491802 -0.01079931860592751 16875520
1733245534007 -0.01114550752984087 16908288
1733245579586 -0.012921875751919743 16941056
1733245620716 -0.01789919576988268 16960000
1733245671871 -0.015859769140161007 17006592
1733245714402 -0.011558345290131911 17039360
1733245759793 -0.015439965643349752 17072128
1733245802424 -0.011684586707087875 17104896
1733245845619 -0.013024780718615148 17120000
1733245896272 -0.014381994931318332 17170432
1733245939381 -0.008824349591895953 17203200
1733245982217 -0.014638263850997646 17235968
1733246026120 -0.01449324972265913 17268736
1733246065425 -0.014993957720002981 17280000
1733246119907 0.002750163227938174 17334272
1733246163130 -0.003328285968018463 17367040
1733246206317 -0.0128570702616571 17399808
1733246250072 -0.016262823580791518 17432576
1733246284846 -0.01739374842536563 17440000
1733246339147 -0.01483664862439582 17498112
1733246380864 -0.017567574190604774 17530880
1733246425240 -0.010826256717928117 17563648
1733246466620 -0.012049111343662844 17596416
1733246501560 -0.011922074878225431 17600000
1733246557378 -0.013705378412089431 17661952
1733246600436 -0.016109476763426757 17694720
1733246641171 -0.016255654775500263 17727488
1733246690044 -0.01193743088838346 17760000
1733246732171 -0.01794259109922223 17793024
1733246774870 -0.013858236514488453 17825792
1733246818502 -0.010934213340351561 17858560
1733246860768 -0.011341365652970125 17891328
1733246907155 -0.004964759915765171 17920000
1733246952625 -0.015752334519334 17956864
1733246994564 -0.01961956674008434 17989632
1733247037110 -0.008745697430072141 18022400
1733247077724 -0.01537813874567746 18055168
1733247124636 -0.015993579232383582 18080000
1733247170673 -0.014864938199980315 18120704
1733247212394 -0.017301151682204363 18153472
1733247254884 -0.016001460979646255 18186240
1733247298195 -0.014536516734563066 18219008
1733247341017 -0.013452528217840154 18240000
1733247389070 -0.01792066024313499 18284544
1733247431658 -0.016723570596786884 18317312
1733247473513 -0.014892184368000017 18350080
1733247515651 -0.016045950985790113 18382848
1733247557826 -0.018027872827997272 18400000
1733247607535 -0.01695112118875386 18448384
1733247650912 -0.017501761410790094 18481152
1733247695964 -0.01713213107223055 18513920
1733247739116 -0.011862714051540024 18546688
1733247778885 -0.019263943911460045 18560000
1733247831539 -0.01730441053891809 18612224
1733247873512 -0.017729378596004607 18644992
1733247915740 -0.014075843369073481 18677760
1733247958545 -0.0263244162207684 18710528
1733247996598 -0.014319712115275251 18720000
1733248050011 -0.01837534042774678 18776064
1733248092851 -0.015532904475276155 18808832
1733248135424 -0.01636704339505286 18841600
1733248179124 -0.01995094011031142 18874368
1733248214882 -0.022265366708961665 18880000
1733248271318 -0.016675960817610757 18939904
1733248313769 -0.011255582763897109 18972672
1733248357143 -0.0180986988505083 19005440
1733248400416 -0.013874159137094466 19038208
1733248435832 -0.016657133169155715 19040000
1733248494449 -0.0163464633539661 19103744
1733248538305 -0.018663033413849915 19136512
1733248580765 -0.008949651493776401 19169280
1733248629347 -0.018182798207180894 19200000
1733248672611 -0.018396081278410747 19234816
1733248716223 0.011577146304966845 19267584
1733248758347 -0.012250103647579636 19300352
1733248800894 -0.004340560439322872 19333120
1733248848461 -0.014271777337080493 19360000
1733248893765 -0.017941927352808307 19398656
1733248936986 -0.004578783049100821 19431424
1733248979148 -0.01880659871874286 19464192
1733249021260 -0.014590940651282835 19496960
1733249064973 -0.010453519921952648 19520000
1733249111352 -0.0149542918023144 19562496
1733249153622 -0.015850047078208716 19595264
1733249196383 -0.01830389464428208 19628032
1733249239664 -0.01840480197274701 19660800
1733249282044 -0.012137023329410112 19680000
1733249332401 -0.012902978582536662 19726336
1733249374429 -0.015473972298838134 19759104
1733249417735 -0.02009566203923896 19791872
1733249460194 -0.017983976018217617 19824640
1733249500058 -0.011680686986755973 19840000
1733249550563 -0.012388111450286487 19890176
1733249592640 -0.01166464983550668 19922944
1733249634812 -0.01497701368948583 19955712
1733249677126 -0.01380293100949075 19988480
1733249717120 -0.016381894896858283 20000000
1733249770893 -0.01474311748851278 20054016
1733249813191 -0.009309778125907543 20086784
1733249856515 -0.011612820765822107 20119552
1733249899611 -0.014356442312055151 20152320
1733249936615 -0.015288550629418297 20160000
1733249991630 -0.014840453526153397 20217856
1733250033937 -0.010428256193927154 20250624
1733250077132 -0.01576548755147087 20283392
1733250118837 -0.013150622761941122 20316160
1733250155540 -0.0164310811494488 20320000
1733250211151 -0.011036051266705727 20381696
1733250253857 -0.018870571479851606 20414464
1733250296010 -0.010491333620757359 20447232
1733250347826 -0.015475444294361295 20480000
1733250390581 -0.010965406862237615 20512768
1733250434176 -0.013774648205560425 20545536
1733250477441 -0.010640690805155372 20578304
1733250521892 -0.018414663406315413 20611072
1733250567345 -0.004244980834141643 20640000
1733250612261 -0.01699692152001262 20676608
1733250656589 -0.011134250519444323 20709376
1733250699930 -0.009543390192573043 20742144
1733250742342 -0.016012245093247657 20774912
1733250788929 -0.010012550148758237 20800000
1733250835246 -0.014908531845480865 20840448
1733250876259 -0.013142518480708531 20873216
1733250919327 -0.009864482009106723 20905984
1733250961878 -0.01976945735073059 20938752
1733251005816 -0.017183001909370433 20960000
1733251053345 -0.01875639093400423 21004288
1733251097256 -0.015627849881957444 21037056
1733251139358 -0.013654251346679303 21069824
1733251181797 -0.016009177655405438 21102592
1733251223956 -0.016260095804204865 21120000
1733251276352 -0.01738772769394927 21168128
1733251318149 -0.014796995045537642 21200896
1733251361353 -0.017646343389833417 21233664
1733251403429 -0.010883863539083905 21266432
1733251445399 -0.016077889183134176 21280000
1733251497689 -0.014793919588248628 21331968
1733251541284 -0.01212332226473336 21364736
1733251584896 -0.011978323911330335 21397504
1733251628982 -0.015030567422979858 21430272
1733251668365 -0.01564839397162814 21440000
1733251721046 -0.014069608487693586 21495808
1733251761990 -0.014711392907838673 21528576
1733251805597 -0.015974273429742426 21561344
1733251847850 -0.016807123555668112 21594112
1733251885566 -0.012546014190024834 21600000
1733251940354 -0.01576968868221229 21659648
1733251982326 -0.01128080559378759 21692416
1733252027167 -0.016698147046986377 21725184
1733252068671 -0.014063257619477553 21757952
1733252104794 -0.013090168776443534 21760000
1733252161290 -0.014002016276810992 21823488
1733252204367 -0.017406331211395808 21856256
1733252246643 -0.02031665543818235 21889024
1733252295593 -0.01577571495877237 21920000
1733252339064 -0.01855322014248486 21954560
1733252382209 -0.012195137186358807 21987328
1733252422847 -0.011334361709918995 22020096
1733252465944 -0.016305852449841042 22052864
1733252510080 -0.013325441045003572 22080000
1733252556942 -0.009148958431978826 22118400
1733252597864 -0.01743832009401558 22151168
1733252640475 -0.01828142528297576 22183936
1733252682640 -0.008446107062866304 22216704
1733252726861 -0.012768880294174778 22240000
1733252775018 -0.011575177411305048 22282240
1733252815460 -0.01240656887332534 22315008
1733252855850 -0.014299597104536588 22347776
1733252896046 -0.00511740319755063 22380544
1733252936770 -0.017339448526558953 22400000
1733252982613 -0.013038776455266543 22446080
1733253022918 -0.016969983295371093 22478848
1733253062412 -0.007445172964287395 22511616
1733253101913 -0.014850706900870137 22544384
1733253140215 -0.01026974013502695 22560000
1733253186728 -0.013121430063904427 22609920
1733253226006 -0.012264616289303375 22642688
1733253265878 -0.013105399770347503 22675456
1733253305734 -0.018309401371107016 22708224
1733253342847 -0.014504684078553964 22720000
1733253391749 -0.01824042525713594 22773760
1733253431854 -0.018218668974282082 22806528
1733253471320 -0.013904789212642755 22839296
1733253511073 -0.014620165092014758 22872064
1733253546071 -0.017476882946402837 22880000
1733253596504 -0.016568839161539017 22937600
1733253635684 -0.014683921643404573 22970368
1733253675959 -0.012269988892694528 23003136
1733253715187 -0.012045425357621297 23035904
1733253747811 -0.01231036209874219 23040000
1733253800449 -0.009498989074654674 23101440
1733253840604 -0.014346619826255846 23134208
1733253879701 -0.015668420066981527 23166976
1733253919407 -0.01326755069342198 23199744
1733253950140 -0.00888523569328754 23200000
1733254004151 -0.017645311386559115 23265280
1733254043905 -0.012892827387986472 23298048
1733254084693 -0.01798749029769624 23330816
1733254128248 -0.012014946921613045 23360000
1733254170519 -0.005524838835549417 23396352
1733254210019 -0.0031362379794131813 23429120
1733254250628 -0.004114510792078363 23461888
1733254289644 -0.01443062402877331 23494656
1733254333373 -0.01672377227728248 23520000
1733254375836 -0.015215758944668778 23560192
1733254415766 -0.012580801684873678 23592960
1733254454608 -0.014892849130774266 23625728
1733254495369 -0.012885742912180831 23658496
1733254535832 -0.01453036563027581 23680000
1733254581236 -0.002322879331131844 23724032
1733254620588 -0.018514044491757885 23756800
1733254661447 -0.013720453054452264 23789568
1733254700519 -0.00779034810207122 23822336
1733254740966 -0.018147023477354196 23840000
1733254788054 -0.011102031358063869 23887872
1733254828548 -0.008410793292296149 23920640
1733254868138 -0.00989868958884017 23953408
1733254907770 -0.02007748448113489 23986176
1733254947291 -0.011414243330000318 24000000
1733254998311 -0.002250529905995791 24051712
1733255039857 -0.002984943966339415 24084480
1733255079404 -0.012070563946826951 24117248
1733255118961 -0.018750411269775214 24150016
1733255157294 -0.011197367156785275 24160000
1733255206391 -0.01597614365850859 24215552
1733255247941 -0.010444464196666559 24248320
1733255287188 -0.012387964561071385 24281088
1733255328634 -0.015707539874699705 24313856
1733255363679 -0.0171422473423263 24320000
1733255415545 -0.01595301761299197 24379392
1733255457259 -0.015019389282952034 24412160
1733255496930 -0.00978226441723109 24444928
1733255539115 -0.00772338878039136 24477696
1733255571576 -0.014555271581889429 24480000
1733255625158 -0.0056839168536953364 24543232
1733255665598 -0.014822592843302118 24576000
1733255706505 -0.01335531374998027 24608768
1733255753299 -0.005560555796091648 24640000
1733255793196 -0.013710786868091417 24674304
1733255834634 -0.009592895268588109 24707072
1733255874465 -0.012446970495807364 24739840
1733255914762 -0.016980652539609765 24772608
1733255958927 -0.01552678054848684 24800000
1733256001499 -0.019943231686875153 24838144
1733256044335 -0.016469626146567863 24870912
1733256084461 -0.014875357667551724 24903680
1733256125089 -0.017454666281128083 24936448
1733256166705 -0.012680210634516697 24960000
1733256211192 -0.012847303105797892 25001984
1733256253175 -0.01446889781111622 25034752
1733256292731 -0.017719119821356343 25067520
1733256335593 -0.013729663887306742 25100288
1733256375624 -0.015157995662161739 25120000
1733256421373 -0.007282310398068148 25165824
1733256461027 -0.008958188573888037 25198592
1733256501671 -0.009641048122682605 25231360
1733256544863 -0.014814162572611167 25264128
1733256583116 -0.012269708700296178 25280000
1733256633380 -0.01682405605350823 25329664
1733256672993 -0.012975545427048018 25362432
1733256714807 -0.011054407169604019 25395200
1733256754190 -0.008253195501015397 25427968
1733256791926 0.006136161363747306 25440000
1733256842595 -0.009693950666962792 25493504
1733256881801 -0.013364366204154977 25526272
1733256922981 -0.013823817756133394 25559040
1733256961928 -0.014149933899875577 25591808
1733256998018 -0.016153516237773148 25600000
1733257049252 -0.010610628698668734 25657344
1733257089217 -0.015589136583957951 25690112
1733257131072 -0.015504891486807537 25722880
1733257170019 -0.01275232334409111 25755648
1733257203652 -0.010955667496000387 25760000
1733257256152 -0.010831016407598782 25821184
1733257295988 -0.013672885462938211 25853952
1733257337264 -0.015672250756017546 25886720
1733257376505 -0.013637593255810997 25919488
1733257410826 -0.01204873605136072 25920000
1733257465113 -0.014055032343276253 25985024
1733257505867 -0.010143755057913494 26017792
1733257544973 -0.009959425353520146 26050560
1733257589535 -0.008091192238362055 26080000
1733257632409 -0.013718586231334484 26116096
1733257673061 -0.00794150942658689 26148864
1733257715185 -0.013073084597772322 26181632
1733257754023 -0.01030549171720736 26214400
1733257799017 -0.007278538857713101 26240000
1733257841713 -0.01568670497090352 26279936
1733257881952 -0.015013887245515889 26312704
1733257924906 -0.012139924257371603 26345472
1733257964412 -0.008515155657528339 26378240
1733258006811 -0.006684614760752083 26400000
1733258051851 -0.01810227603527892 26443776
1733258092684 -0.013605204505154234 26476544
1733258132340 -0.009086244993420678 26509312
1733258172396 -0.0025224000940397675 26542080
1733258213559 -0.010131117706191618 26560000
1733258259013 -0.008911308511244442 26607616
1733258300101 -0.009127740574149357 26640384
1733258339824 -0.009861247503590676 26673152
1733258379404 -0.009894709122954736 26705920
1733258418684 -0.005318720368768482 26720000
1733258466310 -0.012472279955181876 26771456
1733258508351 -0.007960388323522239 26804224
1733258546987 -0.011492429536860981 26836992
1733258588171 -0.01817445439023686 26869760
1733258625735 -0.015570030520427736 26880000
1733258674400 -0.011261133534412692 26935296
1733258716001 -0.010189237937333928 26968064
1733258754899 -0.010794955302424114 27000832
1733258796887 -0.010284805801353514 27033600
1733258835517 -0.00943388497446449 27040000
1733258892878 -0.010214335506452699 27099136
1733258934045 -0.014015321203828535 27131904
1733258978820 -0.010399270031894049 27164672
1733259020258 -0.012437807322385197 27197440
1733259055798 -0.012691440119260733 27200000
1733259113348 -0.01653842637304024 27262976
1733259155889 -0.007572164033354057 27295744
1733259199603 -0.016586620326302183 27328512
1733259247169 -0.01594385051066638 27360000
1733259291869 -0.016875416358880103 27394048
1733259332860 -0.011807417819454713 27426816
1733259376795 -0.015433805447446502 27459584
1733259422768 -0.016616015542376773 27492352
1733259469201 -0.0068218304314427766 27520000
1733259514967 -0.0076645777938210815 27557888
1733259557668 -0.015628351328177813 27590656
1733259601081 -0.009844108662093731 27623424
1733259643536 -0.00038671481056553605 27656192
1733259688315 0.006023586819640059 27680000
1733259735101 -0.013127161795159737 27721728
1733259778422 -0.013847655839072104 27754496
1733259823246 -0.012322297413606974 27787264
1733259865854 -0.009040777166933366 27820032
1733259910780 -0.011682097331686236 27840000
1733259959146 -0.008705032259751989 27885568
1733260002192 -0.013087022955778594 27918336
1733260046243 -0.012056494902867598 27951104
1733260089543 -0.0016166527979862622 27983872
1733260135544 -0.01494660251064488 28000000
1733260186407 -0.0038565286426091917 28049408
1733260231461 -0.012303818371321995 28082176
1733260273834 -0.015465892484473897 28114944
1733260317303 -0.010649098437272641 28147712
1733260357275 -0.013231319090687066 28160000
1733260411851 -0.00999012541283264 28213248
1733260454285 -0.00850981932189825 28246016
1733260497186 -0.010897183792326359 28278784
1733260545213 -0.011811587652312027 28311552
1733260583781 0.21371594969846228 28320000
1733260640970 -0.013540023638779531 28377088
1733260684160 -0.012765912697432213 28409856
1733260727513 -0.012265114837941838 28442624
1733260769575 -0.009063232784808407 28475392
1733260807316 -0.011305753286137588 28480000
1733260863166 -0.015280258914503974 28540928
1733260904947 -0.016589542413453274 28573696
1733260949650 -0.007996667264751522 28606464
1733260992555 -0.004799541761326509 28639232
1733261029620 -0.015042231915958836 28640000
1733261089469 0.011859217523715415 28704768
1733261134890 -0.009592369338815843 28737536
1733261178928 0.0024869335130915716 28770304
1733261229480 -0.00021009615400089388 28800000
1733261275651 -0.008534199004600396 28835840
1733261319972 -0.01344819559321877 28868608
1733261365275 -0.005028191806218274 28901376
1733261408605 -0.014384082209039662 28934144
1733261459618 -0.017700556868237526 28960000
1733261507474 -0.00855014297701473 28999680
1733261552973 -0.011182536375673634 29032448
1733261597235 -0.007619096790676849 29065216
1733261641511 -0.017263837621430866 29097984
1733261687606 -0.011118307368542446 29120000
1733261738092 -0.006389658861940007 29163520
1733261781516 -0.008214083330040011 29196288
1733261825276 0.01935608391547703 29229056
1733261873168 -0.01332099482067406 29261824
1733261917516 -0.011020245074018931 29280000
1733261969943 -0.010257461697869985 29327360
1733262014480 -0.006367580178402932 29360128
1733262058539 0.0007552753402706002 29392896
1733262101897 -0.01709057959594702 29425664
1733262143094 -0.014505121013564803 29440000
1733262195146 -0.011800945309414602 29491200
1733262239356 -0.010220850503264956 29523968
1733262283937 -0.015474038736351758 29556736
1733262328416 -0.007552275521879892 29589504
1733262369888 -0.008515498844735703 29600000
1733262423872 -0.007346393503280524 29655040
1733262469268 -0.014698997397567836 29687808
1733262512172 -0.008581379526742695 29720576
1733262557567 -0.013161190267669553 29753344
1733262597548 -0.014376906694837998 29760000
1733262654324 -0.00887966103701956 29818880
1733262700262 -0.011335059600412478 29851648
1733262742515 -0.01226356099093664 29884416
1733262787878 -0.012534338060766004 29917184
1733262823026 -0.006306658169955881 29920000
1733262881801 -0.00412914800509725 29982720
1733262922248 -0.013700328534559958 30015488
1733262965869 -0.010909379090389849 30048256
1733263015305 -0.010127428510918435 30080000
1733263059001 -0.013700818923473435 30113792
1733263103796 -0.001912212449906292 30146560
1733263145993 -0.011307514171312505 30179328
1733263190739 -0.015010946738198073 30212096
1733263236759 -0.016222359762207362 30240000
1733263282635 -0.01083022919301584 30277632
1733263327508 -0.015445142721523553 30310400
1733263371113 -0.014286283772071329 30343168
1733263416117 -0.010056348015245931 30375936
1733263460230 -0.011580722120265818 30400000
1733263509125 -0.01612587930795826 30441472
1733263550988 -0.019024695924599655 30474240
1733263594217 -0.009253203851244507 30507008
1733263638746 -0.013921659355719384 30539776
1733263683392 -0.007584935324859998 30560000
1733263733595 -0.011871911925504719 30605312
1733263775941 -0.015635018702278104 30638080
1733263822187 -0.011983909921195846 30670848
1733263865100 -0.01111465831475016 30703616
1733263907413 -0.006846122018282585 30720000
1733263957574 -0.004523445252129932 30769152
1733264001878 -0.007332192943181326 30801920
1733264044599 -0.008523448308960725 30834688
1733264088318 -0.01264438384305322 30867456
1733264129950 -0.011950603832463002 30880000
1733264182777 -0.004314387197155156 30932992
1733264227873 -0.013210719407675242 30965760
1733264271036 -0.0056295433592140395 30998528
1733264315815 -0.00928436789783973 31031296
1733264353372 -0.015912432055733915 31040000
1733264409305 -0.01046134621069541 31096832
1733264453768 -0.0024069331358759884 31129600
1733264497131 -0.009723780990429986 31162368
1733264540089 -0.009455683091186984 31195136
1733264575201 -0.013893560299618458 31200000
1733264633478 -0.013517690135040538 31260672
1733264675959 -0.010284324401209233 31293440
1733264720105 -0.0129983813108538 31326208
1733264761568 -0.012962041810465053 31358976
1733264796650 -0.014490849808225903 31360000
1733264852618 -0.007018340076410823 31424512
1733264892898 -0.006517961262449035 31457280
1733264937593 -0.009582239118151393 31490048
1733264986638 -0.012303768902097546 31520000
1733265029984 -0.004911940230886103 31555584
1733265073122 -0.009582573425677764 31588352
1733265116534 -0.014388836903344781 31621120
1733265159922 -0.015828168255711716 31653888
1733265206834 0.02679392422485307 31680000
1733265253344 -0.017710773192834494 31719424
1733265295467 -0.01441309108186033 31752192
1733265339047 -0.011921142861842782 31784960
1733265382793 -0.011809408541057564 31817728
1733265428646 -0.01639600126895857 31840000
1733265478340 -0.006929240800673142 31883264
1733265519643 -0.010844580514208247 31916032
1733265563500 -0.011826206311809528 31948800
1733265607979 -0.01884544332583573 31981568
1733265649150 -0.007444150697597252 32000000
1733265700886 -0.012048499557863579 32047104
1733265742640 -0.018113220828195154 32079872
1733265786462 -0.005948970298811673 32112640
1733265831374 -0.013035334242590579 32145408
1733265870246 -0.007926229042266187 32160000
