1733222619873 1.0 16384
1733222623086 2.0 32768
1733222626283 3.0 49152
1733222629503 4.0 65536
1733222632972 5.0 81920
1733222636177 6.0 98304
1733222639466 7.0 114688
1733222643000 8.0 131072
1733222646282 9.0 147456
1733222650109 10.0 163840
1733222653364 11.0 180224
1733222657050 12.0 196608
1733222660303 13.0 212992
1733222663554 14.0 229376
1733222667274 15.0 245760
1733222670550 16.0 262144
1733222673922 17.0 278528
1733222677233 18.0 294912
1733222680507 19.0 311296
1733222683966 20.0 327680
1733222687218 21.0 344064
1733222690614 22.0 360448
1733222694087 23.0 376832
1733222697370 24.0 393216
1733222700811 25.0 409600
1733222704137 26.0 425984
1733222707441 27.0 442368
1733222711068 28.0 458752
1733222714868 29.0 475136
1733222718368 30.0 491520
1733222721751 31.0 507904
1733222725494 32.0 524288
1733222728873 33.0 540672
1733222732186 34.0 557056
1733222735648 35.0 573440
1733222739260 36.0 589824
1733222742693 37.0 606208
1733222746203 38.0 622592
1733222749557 39.0 638976
1733222753268 40.0 655360
1733222756685 41.0 671744
1733222760118 42.0 688128
1733222763530 43.0 704512
1733222767233 44.0 720896
1733222770681 45.0 737280
1733222774165 46.0 753664
1733222777602 47.0 770048
1733222781008 48.0 786432
1733222784627 49.0 802816
1733222788190 50.0 819200
1733222791514 51.0 835584
1733222794879 52.0 851968
1733222798280 53.0 868352
1733222801794 54.0 884736
1733222805143 55.0 901120
1733222808528 56.0 917504
1733222811985 57.0 933888
1733222815712 58.0 950272
1733222819390 59.0 966656
1733222822883 60.0 983040
1733222826373 61.0 999424
1733222829773 62.0 1015808
1733222833192 63.0 1032192
1733222836818 64.0 1048576
1733222840240 65.0 1064960
1733222844139 66.0 1081344
1733222847558 67.0 1097728
1733222851367 68.0 1114112
1733222854984 69.0 1130496
1733222858565 70.0 1146880
1733222861976 71.0 1163264
1733222865418 72.0 1179648
1733222868945 73.0 1196032
1733222872702 74.0 1212416
1733222876147 75.0 1228800
1733222879558 76.0 1245184
1733222883142 77.0 1261568
1733222886980 78.0 1277952
1733222890585 79.0 1294336
1733222893958 80.0 1310720
1733222897361 81.0 1327104
1733222900896 82.0 1343488
1733222904555 83.0 1359872
1733222908064 84.0 1376256
1733222911622 85.0 1392640
1733222915229 86.0 1409024
1733222918707 87.0 1425408
1733222922357 88.0 1441792
1733222925796 89.0 1458176
1733222929278 90.0 1474560
1733222932797 91.0 1490944
1733222936352 92.0 1507328
1733222939961 93.0 1523712
1733222943442 94.0 1540096
1733222946916 95.0 1556480
1733222950683 96.0 1572864
1733222954313 97.0 1589248
1733222958073 98.0 1605632
1733222961492 99.0 1622016
1733222964961 100.0 1638400
1733222968428 101.0 1654784
1733222971922 102.0 1671168
1733222975539 103.0 1687552
1733222978987 104.0 1703936
1733222982465 105.0 1720320
1733222985926 106.0 1736704
1733222989386 107.0 1753088
1733222992989 108.0 1769472
1733222996503 109.0 1785856
1733222999880 110.0 1802240
1733223003272 111.0 1818624
1733223006669 112.0 1835008
1733223010389 113.0 1851392
1733223013791 114.0 1867776
1733223017527 115.0 1884160
1733223021150 116.0 1900544
1733223024618 117.0 1916928
1733223028099 118.0 1933312
1733223031674 119.0 1949696
1733223035121 120.0 1966080
1733223038583 121.0 1982464
1733223042038 122.0 1998848
1733223045638 123.0 2015232
1733223049249 124.0 2031616
