1733222619873 1.0 16384
1733222623087 4.0 32768
1733222626284 7.0 49152
1733222629503 10.0 65536
1733222632973 14.0 81920
1733222636178 17.0 98304
1733222639466 20.0 114688
1733222643000 24.0 131072
1733222646282 27.0 147456
1733222650109 31.0 163840
1733222653364 34.0 180224
1733222657050 38.0 196608
1733222660303 41.0 212992
1733222663554 44.0 229376
1733222667274 48.0 245760
1733222670551 51.0 262144
1733222673923 55.0 278528
1733222677233 58.0 294912
1733222680507 61.0 311296
1733222683967 65.0 327680
1733222687218 68.0 344064
1733222690614 71.0 360448
1733222694088 75.0 376832
1733222697370 78.0 393216
1733222700811 81.0 409600
1733222704137 85.0 425984
1733222707441 88.0 442368
1733222711068 92.0 458752
1733222714868 96.0 475136
1733222718369 99.0 491520
1733222721751 102.0 507904
1733222725495 106.0 524288
1733222728873 110.0 540672
1733222732186 113.0 557056
1733222735649 116.0 573440
1733222739261 120.0 589824
1733222742693 123.0 606208
1733222746203 127.0 622592
1733222749558 130.0 638976
1733222753269 134.0 655360
1733222756685 137.0 671744
1733222760118 141.0 688128
1733222763530 144.0 704512
1733222767233 148.0 720896
1733222770682 151.0 737280
1733222774165 155.0 753664
1733222777602 158.0 770048
1733222781009 162.0 786432
1733222784627 165.0 802816
1733222788190 169.0 819200
1733222791515 172.0 835584
1733222794880 176.0 851968
1733222798280 179.0 868352
1733222801795 182.0 884736
1733222805144 186.0 901120
1733222808528 189.0 917504
1733222811985 193.0 933888
1733222815712 196.0 950272
1733222819391 200.0 966656
1733222822884 204.0 983040
1733222826374 207.0 999424
1733222829773 210.0 1015808
1733222833193 214.0 1032192
1733222836818 218.0 1048576
1733222840240 221.0 1064960
1733222844140 225.0 1081344
1733222847559 228.0 1097728
1733222851367 232.0 1114112
1733222854984 236.0 1130496
1733222858565 239.0 1146880
1733222861976 243.0 1163264
1733222865418 246.0 1179648
1733222868945 250.0 1196032
1733222872702 253.0 1212416
1733222876148 257.0 1228800
1733222879558 260.0 1245184
1733222883143 264.0 1261568
1733222886981 268.0 1277952
1733222890586 271.0 1294336
1733222893958 275.0 1310720
1733222897361 278.0 1327104
1733222900896 282.0 1343488
1733222904555 285.0 1359872
1733222908064 289.0 1376256
1733222911622 292.0 1392640
1733222915229 296.0 1409024
1733222918707 299.0 1425408
1733222922357 303.0 1441792
1733222925796 306.0 1458176
1733222929278 310.0 1474560
1733222932798 313.0 1490944
1733222936352 317.0 1507328
1733222939962 321.0 1523712
1733222943443 324.0 1540096
1733222946916 328.0 1556480
1733222950683 331.0 1572864
1733222954314 335.0 1589248
1733222958074 339.0 1605632
1733222961492 342.0 1622016
1733222964961 346.0 1638400
1733222968428 349.0 1654784
1733222971922 353.0 1671168
1733222975539 356.0 1687552
1733222978988 360.0 1703936
1733222982465 363.0 1720320
1733222985927 367.0 1736704
1733222989387 370.0 1753088
1733222992989 374.0 1769472
1733222996504 377.0 1785856
1733222999880 381.0 1802240
1733223003273 384.0 1818624
1733223006670 387.0 1835008
1733223010389 391.0 1851392
1733223013791 394.0 1867776
1733223017528 398.0 1884160
1733223021150 402.0 1900544
1733223024619 405.0 1916928
1733223028099 409.0 1933312
1733223031675 412.0 1949696
1733223035121 416.0 1966080
1733223038584 419.0 1982464
1733223042038 423.0 1998848
1733223045638 426.0 2015232
1733223049249 430.0 2031616
