1733222619873 16384.0 16384
1733222623087 32768.0 32768
1733222626284 49152.0 49152
1733222629504 65536.0 65536
1733222632808 80000.0 80000
1733222632973 81920.0 81920
1733222636178 98304.0 98304
1733222639466 114688.0 114688
1733222643001 131072.0 131072
1733222646282 147456.0 147456
1733222649833 160000.0 160000
1733222650110 163840.0 163840
1733222653364 180224.0 180224
1733222657051 196608.0 196608
1733222660304 212992.0 212992
1733222663555 229376.0 229376
1733222666865 240000.0 240000
1733222667274 245760.0 245760
1733222670551 262144.0 262144
1733222673923 278528.0 278528
1733222677234 294912.0 294912
1733222680508 311296.0 311296
1733222683433 320000.0 320000
1733222683967 327680.0 327680
1733222687219 344064.0 344064
1733222690615 360448.0 360448
1733222694088 376832.0 376832
1733222697370 393216.0 393216
1733222700146 400000.0 400000
1733222700811 409600.0 409600
1733222704138 425984.0 425984
1733222707442 442368.0 442368
1733222711068 458752.0 458752
1733222714868 475136.0 475136
1733222717564 480000.0 480000
1733222718369 491520.0 491520
1733222721751 507904.0 507904
1733222725495 524288.0 524288
1733222728873 540672.0 540672
1733222732187 557056.0 557056
1733222734716 560000.0 560000
1733222735649 573440.0 573440
1733222739261 589824.0 589824
1733222742694 606208.0 606208
1733222746204 622592.0 622592
1733222749558 638976.0 638976
1733222752108 640000.0 640000
1733222753269 655360.0 655360
1733222756686 671744.0 671744
1733222760119 688128.0 688128
1733222763531 704512.0 704512
1733222767139 720000.0 720000
1733222767234 720896.0 720896
1733222770682 737280.0 737280
1733222774165 753664.0 753664
1733222777603 770048.0 770048
1733222781009 786432.0 786432
1733222784413 800000.0 800000
1733222784628 802816.0 802816
1733222788190 819200.0 819200
1733222791515 835584.0 835584
1733222794880 851968.0 851968
1733222798281 868352.0 868352
1733222801435 880000.0 880000
1733222801795 884736.0 884736
1733222805144 901120.0 901120
1733222808529 917504.0 917504
1733222811985 933888.0 933888
1733222815712 950272.0 950272
1733222818894 960000.0 960000
1733222819391 966656.0 966656
1733222822884 983040.0 983040
1733222826374 999424.0 999424
1733222829774 1015808.0 1015808
1733222833193 1032192.0 1032192
1733222836185 1040000.0 1040000
1733222836819 1048576.0 1048576
1733222840241 1064960.0 1064960
1733222844140 1081344.0 1081344
1733222847559 1097728.0 1097728
1733222851368 1114112.0 1114112
1733222854157 1120000.0 1120000
1733222854985 1130496.0 1130496
1733222858566 1146880.0 1146880
1733222861976 1163264.0 1163264
1733222865419 1179648.0 1179648
1733222868945 1196032.0 1196032
1733222871777 1200000.0 1200000
1733222872703 1212416.0 1212416
1733222876148 1228800.0 1228800
1733222879559 1245184.0 1245184
1733222883143 1261568.0 1261568
1733222886981 1277952.0 1277952
1733222889572 1280000.0 1280000
1733222890586 1294336.0 1294336
1733222893959 1310720.0 1310720
1733222897361 1327104.0 1327104
1733222900897 1343488.0 1343488
1733222904556 1359872.0 1359872
1733222906892 1360000.0 1360000
1733222908065 1376256.0 1376256
1733222911623 1392640.0 1392640
1733222915230 1409024.0 1409024
1733222918707 1425408.0 1425408
1733222922213 1440000.0 1440000
1733222922358 1441792.0 1441792
1733222925796 1458176.0 1458176
1733222929279 1474560.0 1474560
1733222932798 1490944.0 1490944
1733222936353 1507328.0 1507328
1733222939677 1520000.0 1520000
1733222939962 1523712.0 1523712
1733222943443 1540096.0 1540096
1733222946916 1556480.0 1556480
1733222950684 1572864.0 1572864
1733222954314 1589248.0 1589248
1733222957653 1600000.0 1600000
1733222958074 1605632.0 1605632
1733222961493 1622016.0 1622016
1733222964961 1638400.0 1638400
1733222968429 1654784.0 1654784
1733222971923 1671168.0 1671168
1733222974972 1680000.0 1680000
1733222975540 1687552.0 1687552
1733222978988 1703936.0 1703936
1733222982465 1720320.0 1720320
1733222985927 1736704.0 1736704
1733222989387 1753088.0 1753088
1733222992239 1760000.0 1760000
1733222992989 1769472.0 1769472
1733222996504 1785856.0 1785856
1733222999880 1802240.0 1802240
1733223003273 1818624.0 1818624
1733223006670 1835008.0 1835008
1733223009568 1840000.0 1840000
1733223010390 1851392.0 1851392
1733223013792 1867776.0 1867776
1733223017528 1884160.0 1884160
1733223021151 1900544.0 1900544
1733223024619 1916928.0 1916928
1733223027143 1920000.0 1920000
1733223028099 1933312.0 1933312
1733223031675 1949696.0 1949696
1733223035121 1966080.0 1966080
1733223038584 1982464.0 1982464
1733223042038 1998848.0 1998848
1733223044489 2000000.0 2000000
1733223045638 2015232.0 2015232
1733223049250 2031616.0 2031616
