1731660370111 6.0 32768
1731660390605 26.0 65536
1731660412099 48.0 98304
1731660433041 68.0 131072
1731660457098 93.0 163840
1731660478458 114.0 196608
1731660500706 137.0 229376
1731660522003 157.0 262144
1731660544385 180.0 294912
1731660566916 203.0 327680
1731660587256 223.0 360448
1731660609041 245.0 393216
1731660631745 266.0 425984
1731660654394 290.0 458752
1731660679444 315.0 491520
1731660700850 337.0 524288
1731660722232 358.0 557056
1731660744673 381.0 589824
1731660766136 401.0 622592
1731660790097 426.0 655360
1731660811552 447.0 688128
1731660834544 470.0 720896
1731660857438 493.0 753664
1731660878806 515.0 786432
1731660904267 540.0 819200
1731660925528 561.0 851968
1731660947282 583.0 884736
1731660970841 607.0 917504
1731660993879 629.0 950272
1731661019445 655.0 983040
1731661040502 676.0 1015808
1731661063773 699.0 1048576
1731661086208 722.0 1081344
1731661109415 745.0 1114112
1731661134515 770.0 1146880
1731661155960 792.0 1179648
1731661177658 813.0 1212416
1731661199089 835.0 1245184
1731661224063 857.0 1277952
1731661249535 885.0 1310720
1731661270618 906.0 1343488
1731661293780 929.0 1376256
1731661317373 953.0 1409024
1731661343230 979.0 1441792
1731661364629 1000.0 1474560
1731661387013 1023.0 1507328
1731661408775 1045.0 1540096
1731661430460 1066.0 1572864
1731661453697 1089.0 1605632
1731661474713 1111.0 1638400
1731661496538 1132.0 1671168
1731661517612 1153.0 1703936
1731661538375 1174.0 1736704
1731661561168 1197.0 1769472
1731661582852 1219.0 1802240
1731661606422 1242.0 1835008
1731661628610 1264.0 1867776
1731661651051 1287.0 1900544
1731661673662 1310.0 1933312
1731661695614 1331.0 1966080
1731661718309 1354.0 1998848
1731661739924 1376.0 2031616
1731661762233 1398.0 2064384
1731661784870 1421.0 2097152
1731661806937 1443.0 2129920
1731661828159 1464.0 2162688
1731661849972 1486.0 2195456
1731661871991 1508.0 2228224
1731661895247 1531.0 2260992
1731661917384 1553.0 2293760
1731661940695 1576.0 2326528
1731661964121 1600.0 2359296
1731661986271 1622.0 2392064
1731662010226 1646.0 2424832
1731662032063 1667.0 2457600
1731662054988 1691.0 2490368
1731662077350 1713.0 2523136
1731662100189 1736.0 2555904
1731662125871 1762.0 2588672
1731662147304 1783.0 2621440
1731662169537 1805.0 2654208
1731662192905 1829.0 2686976
1731662215677 1851.0 2719744
1731662240311 1876.0 2752512
1731662262010 1898.0 2785280
1731662285018 1921.0 2818048
1731662307534 1943.0 2850816
1731662332391 1968.0 2883584
1731662353941 1990.0 2916352
1731662376079 2012.0 2949120
1731662397817 2034.0 2981888
1731662419983 2055.0 3014656
1731662443246 2079.0 3047424
1731662465390 2101.0 3080192
1731662487446 2123.0 3112960
1731662510625 2146.0 3145728
1731662534270 2170.0 3178496
1731662558377 2194.0 3211264
1731662579823 2216.0 3244032
1731662602312 2238.0 3276800
1731662625735 2261.0 3309568
1731662647473 2283.0 3342336
1731662670323 2306.0 3375104
1731662691687 2327.0 3407872
1731662714363 2350.0 3440640
1731662734643 2371.0 3473408
1731662755347 2391.0 3506176
1731662778030 2414.0 3538944
1731662800222 2435.0 3571712
1731662824806 2460.0 3604480
1731662847783 2484.0 3637248
1731662870053 2506.0 3670016
1731662893219 2529.0 3702784
1731662914760 2551.0 3735552
1731662936911 2573.0 3768320
1731662958148 2594.0 3801088
1731662980640 2616.0 3833856
1731663004881 2641.0 3866624
1731663025891 2662.0 3899392
1731663047507 2683.0 3932160
1731663068644 2705.0 3964928
1731663091140 2726.0 3997696
1731663114433 2750.0 4030464
1731663135217 2771.0 4063232
1731663157538 2793.0 4096000
1731663179680 2816.0 4128768
1731663202611 2839.0 4161536
1731663224078 2860.0 4194304
1731663246582 2882.0 4227072
1731663268264 2904.0 4259840
1731663290304 2926.0 4292608
1731663313497 2949.0 4325376
1731663335396 2971.0 4358144
1731663357432 2993.0 4390912
1731663379437 3015.0 4423680
1731663401443 3037.0 4456448
1731663423738 3060.0 4489216
1731663444928 3081.0 4521984
1731663467568 3103.0 4554752
1731663489846 3126.0 4587520
1731663512370 3148.0 4620288
1731663535152 3171.0 4653056
1731663557220 3193.0 4685824
1731663578975 3215.0 4718592
1731663601524 3237.0 4751360
1731663624464 3260.0 4784128
1731663649602 3285.0 4816896
1731663672031 3307.0 4849664
1731663694807 3331.0 4882432
1731663717619 3353.0 4915200
1731663739997 3375.0 4947968
1731663765350 3401.0 4980736
1731663787252 3422.0 5013504
1731663810992 3447.0 5046272
1731663833225 3469.0 5079040
1731663855670 3492.0 5111808
1731663879522 3515.0 5144576
1731663901985 3538.0 5177344
1731663924587 3560.0 5210112
1731663948208 3584.0 5242880
1731663970645 3606.0 5275648
1731663993742 3630.0 5308416
1731664015038 3651.0 5341184
1731664037541 3673.0 5373952
1731664059698 3695.0 5406720
1731664082382 3718.0 5439488
1731664105526 3741.0 5472256
1731664127402 3763.0 5505024
1731664148923 3785.0 5537792
1731664170722 3806.0 5570560
1731664195288 3831.0 5603328
1731664217033 3853.0 5636096
1731664238806 3875.0 5668864
1731664260762 3897.0 5701632
1731664283298 3919.0 5734400
1731664308343 3944.0 5767168
1731664329546 3966.0 5799936
1731664350826 3986.0 5832704
1731664373696 4010.0 5865472
1731664395002 4031.0 5898240
1731664417566 4053.0 5931008
1731664437948 4074.0 5963776
1731664459494 4095.0 5996544
1731664481524 4117.0 6029312
1731664503679 4140.0 6062080
1731664526757 4163.0 6094848
1731664548058 4184.0 6127616
1731664569513 4205.0 6160384
1731664591352 4227.0 6193152
1731664613789 4250.0 6225920
1731664636610 4273.0 6258688
1731664658284 4294.0 6291456
1731664681410 4317.0 6324224
1731664703161 4339.0 6356992
1731664725485 4361.0 6389760
1731664748975 4385.0 6422528
1731664771206 4407.0 6455296
1731664793492 4429.0 6488064
1731664816923 4452.0 6520832
1731664840063 4476.0 6553600
1731664864840 4501.0 6586368
1731664886685 4522.0 6619136
1731664909458 4545.0 6651904
1731664932543 4568.0 6684672
1731664956084 4592.0 6717440
1731664979715 4616.0 6750208
1731665000904 4637.0 6782976
1731665023177 4659.0 6815744
1731665047322 4683.0 6848512
1731665070942 4707.0 6881280
1731665092217 4728.0 6914048
1731665114163 4750.0 6946816
1731665136853 4773.0 6979584
1731665159367 4795.0 7012352
1731665182375 4818.0 7045120
1731665203766 4840.0 7077888
1731665225071 4861.0 7110656
1731665247433 4883.0 7143424
1731665270749 4905.0 7176192
1731665296170 4932.0 7208960
1731665317697 4953.0 7241728
1731665339735 4976.0 7274496
1731665361356 4997.0 7307264
1731665383673 5020.0 7340032
1731665406793 5043.0 7372800
1731665428317 5064.0 7405568
1731665451020 5087.0 7438336
1731665471876 5108.0 7471104
1731665493354 5129.0 7503872
1731665514800 5151.0 7536640
1731665534728 5171.0 7569408
1731665556790 5193.0 7602176
1731665579240 5215.0 7634944
1731665601746 5238.0 7667712
1731665625145 5261.0 7700480
1731665646422 5282.0 7733248
1731665669392 5305.0 7766016
1731665692472 5328.0 7798784
1731665714708 5351.0 7831552
1731665738188 5374.0 7864320
1731665759304 5395.0 7897088
1731665780831 5417.0 7929856
1731665801330 5437.0 7962624
1731665821686 5458.0 7995392
1731665845455 5481.0 8028160
1731665867355 5503.0 8060928
1731665889820 5526.0 8093696
1731665912088 5548.0 8126464
1731665934757 5570.0 8159232
1731665957447 5593.0 8192000
1731665979475 5615.0 8224768
1731666001472 5637.0 8257536
1731666023802 5660.0 8290304
1731666047352 5683.0 8323072
1731666068437 5704.0 8355840
1731666090541 5726.0 8388608
1731666113384 5749.0 8421376
1731666136099 5772.0 8454144
1731666159981 5796.0 8486912
1731666181135 5817.0 8519680
1731666204050 5840.0 8552448
1731666225352 5861.0 8585216
1731666246971 5883.0 8617984
1731666269631 5905.0 8650752
1731666290419 5926.0 8683520
1731666312175 5948.0 8716288
1731666335178 5971.0 8749056
1731666357658 5993.0 8781824
1731666380543 6016.0 8814592
1731666402327 6038.0 8847360
1731666425102 6061.0 8880128
1731666447435 6083.0 8912896
1731666469581 6105.0 8945664
1731666493171 6129.0 8978432
1731666515002 6151.0 9011200
1731666537274 6173.0 9043968
1731666560558 6196.0 9076736
1731666582938 6219.0 9109504
1731666606596 6242.0 9142272
1731666628812 6265.0 9175040
1731666651010 6287.0 9207808
1731666672630 6308.0 9240576
1731666695765 6332.0 9273344
1731666718154 6354.0 9306112
1731666740053 6376.0 9338880
1731666761970 6398.0 9371648
1731666783429 6419.0 9404416
1731666806333 6442.0 9437184
1731666829756 6466.0 9469952
1731666851226 6487.0 9502720
1731666874403 6510.0 9535488
1731666896798 6533.0 9568256
1731666918844 6555.0 9601024
1731666939887 6576.0 9633792
1731666961558 6597.0 9666560
1731666982443 6618.0 9699328
1731667002064 6638.0 9732096
1731667026107 6662.0 9764864
1731667048594 6684.0 9797632
1731667069888 6706.0 9830400
1731667092388 6728.0 9863168
1731667116518 6752.0 9895936
1731667140311 6776.0 9928704
1731667162111 6798.0 9961472
1731667184668 6821.0 9994240
1731667206706 6843.0 10027008
1731667228914 6865.0 10059776
1731667252313 6888.0 10092544
1731667272579 6908.0 10125312
1731667293267 6929.0 10158080
1731667314094 6950.0 10190848
1731667336094 6972.0 10223616
1731667360666 6997.0 10256384
1731667382690 7018.0 10289152
1731667405709 7041.0 10321920
1731667429418 7065.0 10354688
1731667451453 7087.0 10387456
1731667475267 7111.0 10420224
1731667497404 7133.0 10452992
1731667520377 7156.0 10485760
1731667542454 7178.0 10518528
1731667564584 7200.0 10551296
1731667588040 7224.0 10584064
1731667610163 7246.0 10616832
1731667632100 7268.0 10649600
1731667654345 7290.0 10682368
1731667675611 7312.0 10715136
1731667698387 7334.0 10747904
1731667720200 7356.0 10780672
1731667741726 7378.0 10813440
1731667763870 7400.0 10846208
1731667785871 7422.0 10878976
1731667809570 7445.0 10911744
1731667830898 7467.0 10944512
1731667853381 7489.0 10977280
1731667875448 7511.0 11010048
1731667898366 7534.0 11042816
1731667918899 7555.0 11075584
1731667941513 7577.0 11108352
1731667963319 7599.0 11141120
1731667986329 7622.0 11173888
1731668008961 7645.0 11206656
1731668030893 7667.0 11239424
1731668053491 7689.0 11272192
1731668076449 7712.0 11304960
1731668099060 7735.0 11337728
1731668122391 7758.0 11370496
1731668144206 7780.0 11403264
1731668166619 7803.0 11436032
1731668188635 7824.0 11468800
1731668210802 7847.0 11501568
1731668233673 7870.0 11534336
1731668256310 7891.0 11567104
1731668279436 7915.0 11599872
1731668302639 7938.0 11632640
1731668326001 7961.0 11665408
1731668350316 7986.0 11698176
1731668372154 8008.0 11730944
1731668394840 8031.0 11763712
1731668416658 8052.0 11796480
1731668437929 8074.0 11829248
1731668460728 8096.0 11862016
1731668481210 8117.0 11894784
1731668504056 8140.0 11927552
1731668525491 8161.0 11960320
1731668547857 8184.0 11993088
1731668572686 8208.0 12025856
1731668594874 8231.0 12058624
1731668617952 8254.0 12091392
1731668640689 8277.0 12124160
1731668664630 8299.0 12156928
1731668689112 8325.0 12189696
1731668709990 8346.0 12222464
1731668731417 8367.0 12255232
1731668754005 8390.0 12288000
1731668776216 8412.0 12320768
1731668797116 8433.0 12353536
1731668819946 8455.0 12386304
1731668841571 8477.0 12419072
1731668864633 8500.0 12451840
1731668888314 8524.0 12484608
1731668909662 8545.0 12517376
1731668933009 8569.0 12550144
1731668955019 8591.0 12582912
1731668978010 8614.0 12615680
1731669003443 8638.0 12648448
1731669025831 8662.0 12681216
1731669048836 8685.0 12713984
1731669071783 8708.0 12746752
1731669097324 8732.0 12779520
1731669122364 8758.0 12812288
1731669143788 8779.0 12845056
1731669167127 8802.0 12877824
1731669191819 8828.0 12910592
1731669215788 8851.0 12943360
1731669241202 8877.0 12976128
1731669262916 8898.0 13008896
1731669285899 8922.0 13041664
1731669309180 8945.0 13074432
1731669332217 8968.0 13107200
1731669357072 8993.0 13139968
1731669379986 9015.0 13172736
1731669404427 9040.0 13205504
1731669426530 9062.0 13238272
1731669448836 9084.0 13271040
1731669473836 9109.0 13303808
1731669495874 9132.0 13336576
1731669519932 9154.0 13369344
1731669542793 9179.0 13402112
1731669565061 9201.0 13434880
1731669590636 9226.0 13467648
1731669613503 9249.0 13500416
1731669636834 9272.0 13533184
1731669659766 9295.0 13565952
1731669682872 9318.0 13598720
1731669707772 9343.0 13631488
1731669730114 9366.0 13664256
1731669753004 9388.0 13697024
1731669778776 9412.0 13729792
1731669803258 9439.0 13762560
1731669825382 9461.0 13795328
1731669848642 9484.0 13828096
1731669872015 9508.0 13860864
1731669893806 9530.0 13893632
1731669915602 9551.0 13926400
1731669935905 9572.0 13959168
1731669956836 9593.0 13991936
1731669977398 9613.0 14024704
1731669998094 9634.0 14057472
1731670020028 9656.0 14090240
1731670041040 9676.0 14123008
1731670062348 9698.0 14155776
1731670083357 9719.0 14188544
1731670104245 9740.0 14221312
1731670126095 9762.0 14254080
1731670146171 9782.0 14286848
1731670167409 9803.0 14319616
1731670188876 9825.0 14352384
1731670210165 9846.0 14385152
1731670232132 9868.0 14417920
1731670252171 9888.0 14450688
1731670273172 9909.0 14483456
1731670294236 9930.0 14516224
1731670315144 9951.0 14548992
1731670337116 9973.0 14581760
1731670357774 9993.0 14614528
1731670378543 10014.0 14647296
1731670399245 10035.0 14680064
1731670420133 10056.0 14712832
1731670442887 10079.0 14745600
1731670463216 10099.0 14778368
1731670483995 10120.0 14811136
1731670504968 10141.0 14843904
1731670525733 10161.0 14876672
1731670547554 10183.0 14909440
1731670567774 10204.0 14942208
1731670588933 10225.0 14974976
1731670610088 10246.0 15007744
1731670632680 10268.0 15040512
1731670653022 10289.0 15073280
1731670673651 10309.0 15106048
1731670694829 10330.0 15138816
1731670716314 10352.0 15171584
1731670738231 10374.0 15204352
1731670758488 10394.0 15237120
1731670779098 10415.0 15269888
1731670799769 10435.0 15302656
1731670820382 10456.0 15335424
1731670841436 10477.0 15368192
1731670861584 10498.0 15400960
1731670881336 10517.0 15433728
1731670901909 10538.0 15466496
1731670922342 10558.0 15499264
1731670943061 10579.0 15532032
1731670962851 10599.0 15564800
1731670982872 10619.0 15597568
1731671002753 10639.0 15630336
1731671023014 10659.0 15663104
1731671044258 10680.0 15695872
1731671064334 10700.0 15728640
1731671084612 10721.0 15761408
1731671104865 10741.0 15794176
1731671124613 10760.0 15826944
1731671145479 10781.0 15859712
1731671165289 10801.0 15892480
1731671185793 10822.0 15925248
1731671206024 10842.0 15958016
1731671226485 10862.0 15990784
1731671247054 10883.0 16023552
1731671266826 10903.0 16056320
1731671287777 10924.0 16089088
1731671308785 10945.0 16121856
1731671329837 10966.0 16154624
1731671351877 10988.0 16187392
1731671372141 11008.0 16220160
1731671393060 11029.0 16252928
1731671413107 11049.0 16285696
1731671433460 11069.0 16318464
1731671454646 11091.0 16351232
1731671475137 11111.0 16384000
1731671495628 11131.0 16416768
1731671516517 11152.0 16449536
1731671537681 11174.0 16482304
1731671558139 11194.0 16515072
1731671578493 11214.0 16547840
1731671598879 11235.0 16580608
1731671619551 11255.0 16613376
1731671641794 11278.0 16646144
1731671661974 11298.0 16678912
1731671682971 11319.0 16711680
1731671702840 11339.0 16744448
1731671722991 11359.0 16777216
1731671744353 11380.0 16809984
1731671764555 11401.0 16842752
1731671784886 11421.0 16875520
1731671805467 11441.0 16908288
1731671825305 11461.0 16941056
1731671845941 11482.0 16973824
1731671866558 11502.0 17006592
1731671886990 11523.0 17039360
1731671907254 11543.0 17072128
1731671927553 11563.0 17104896
1731671948587 11585.0 17137664
1731671968890 11605.0 17170432
1731671989349 11625.0 17203200
1731672009893 11646.0 17235968
1731672030478 11666.0 17268736
1731672051342 11687.0 17301504
1731672071424 11707.0 17334272
1731672091573 11728.0 17367040
1731672111563 11747.0 17399808
1731672132144 11768.0 17432576
1731672153155 11789.0 17465344
1731672173120 11809.0 17498112
1731672192892 11829.0 17530880
1731672212925 11849.0 17563648
1731672232756 11869.0 17596416
1731672253793 11890.0 17629184
1731672273750 11910.0 17661952
1731672294213 11930.0 17694720
1731672314864 11951.0 17727488
1731672335836 11972.0 17760256
1731672355869 11992.0 17793024
1731672376248 12012.0 17825792
1731672396688 12033.0 17858560
1731672417781 12054.0 17891328
1731672439702 12075.0 17924096
1731672459677 12096.0 17956864
1731672480180 12116.0 17989632
1731672500536 12136.0 18022400
1731672520892 12157.0 18055168
1731672542861 12179.0 18087936
1731672563058 12199.0 18120704
1731672583631 12220.0 18153472
1731672604279 12240.0 18186240
1731672625314 12261.0 18219008
1731672646610 12283.0 18251776
1731672666987 12303.0 18284544
1731672687301 12323.0 18317312
1731672708332 12344.0 18350080
1731672728871 12365.0 18382848
1731672750388 12386.0 18415616
1731672770849 12407.0 18448384
1731672791022 12427.0 18481152
1731672811530 12447.0 18513920
1731672831955 12468.0 18546688
1731672852375 12488.0 18579456
1731672872183 12508.0 18612224
1731672892878 12529.0 18644992
1731672913594 12550.0 18677760
1731672933619 12569.0 18710528
1731672954581 12590.0 18743296
1731672974408 12610.0 18776064
1731672994561 12630.0 18808832
1731673015568 12651.0 18841600
1731673036707 12673.0 18874368
1731673058528 12694.0 18907136
1731673078814 12715.0 18939904
1731673099520 12735.0 18972672
1731673119942 12756.0 19005440
1731673140127 12776.0 19038208
1731673161922 12798.0 19070976
1731673182288 12818.0 19103744
1731673202657 12839.0 19136512
1731673223193 12859.0 19169280
1731673243859 12880.0 19202048
1731673263845 12900.0 19234816
1731673284547 12920.0 19267584
1731673304702 12941.0 19300352
1731673325116 12961.0 19333120
1731673346967 12983.0 19365888
1731673367210 13003.0 19398656
1731673387409 13023.0 19431424
1731673407048 13043.0 19464192
1731673427165 13063.0 19496960
1731673448409 13084.0 19529728
1731673468406 13104.0 19562496
1731673489667 13125.0 19595264
1731673510203 13146.0 19628032
1731673530297 13166.0 19660800
1731673551130 13187.0 19693568
1731673571227 13207.0 19726336
1731673592244 13228.0 19759104
1731673613916 13250.0 19791872
1731673633976 13270.0 19824640
1731673655117 13291.0 19857408
1731673675570 13311.0 19890176
1731673696564 13332.0 19922944
1731673717497 13353.0 19955712
1731673739317 13375.0 19988480
1731673760650 13397.0 20021248
1731673781001 13417.0 20054016
1731673801577 13438.0 20086784
1731673821522 13457.0 20119552
1731673841639 13478.0 20152320
1731673862084 13498.0 20185088
1731673881975 13518.0 20217856
1731673902630 13538.0 20250624
1731673923264 13559.0 20283392
1731673943495 13579.0 20316160
1731673964645 13601.0 20348928
1731673985473 13621.0 20381696
1731674006011 13642.0 20414464
1731674026784 13663.0 20447232
1731674047625 13684.0 20480000
1731674067460 13703.0 20512768
1731674087556 13723.0 20545536
1731674107590 13744.0 20578304
1731674128009 13764.0 20611072
1731674149662 13786.0 20643840
1731674169689 13806.0 20676608
1731674189631 13826.0 20709376
1731674209620 13846.0 20742144
1731674229718 13866.0 20774912
1731674250517 13886.0 20807680
1731674270426 13906.0 20840448
1731674290727 13927.0 20873216
1731674310516 13946.0 20905984
1731674330757 13967.0 20938752
1731674351409 13987.0 20971520
1731674371001 14007.0 21004288
1731674391220 14027.0 21037056
1731674411707 14048.0 21069824
1731674432368 14068.0 21102592
1731674453081 14089.0 21135360
1731674473286 14109.0 21168128
1731674493232 14129.0 21200896
1731674513628 14149.0 21233664
1731674534041 14170.0 21266432
1731674554557 14191.0 21299200
1731674574254 14210.0 21331968
1731674594541 14230.0 21364736
1731674615119 14251.0 21397504
1731674635785 14271.0 21430272
1731674657932 14294.0 21463040
1731674677734 14314.0 21495808
1731674698141 14334.0 21528576
1731674718459 14354.0 21561344
1731674738468 14374.0 21594112
1731674759814 14396.0 21626880
1731674780168 14416.0 21659648
1731674800349 14436.0 21692416
1731674820192 14456.0 21725184
1731674841114 14477.0 21757952
1731674862232 14498.0 21790720
1731674882008 14518.0 21823488
1731674902487 14538.0 21856256
1731674922855 14559.0 21889024
1731674944065 14580.0 21921792
1731674963959 14600.0 21954560
1731674984421 14620.0 21987328
1731675004673 14641.0 22020096
1731675024384 14660.0 22052864
1731675046041 14682.0 22085632
1731675066800 14702.0 22118400
1731675087472 14723.0 22151168
1731675107503 14743.0 22183936
1731675128048 14764.0 22216704
1731675148716 14785.0 22249472
1731675168885 14805.0 22282240
1731675189425 14825.0 22315008
1731675209600 14846.0 22347776
1731675229809 14866.0 22380544
1731675251144 14887.0 22413312
1731675271205 14907.0 22446080
1731675291493 14927.0 22478848
1731675311486 14947.0 22511616
1731675332155 14968.0 22544384
1731675353759 14990.0 22577152
1731675373620 15010.0 22609920
1731675394354 15030.0 22642688
1731675415229 15051.0 22675456
1731675435887 15072.0 22708224
1731675456841 15093.0 22740992
1731675476721 15113.0 22773760
1731675496653 15133.0 22806528
1731675516906 15153.0 22839296
1731675537093 15173.0 22872064
1731675558068 15194.0 22904832
1731675577418 15213.0 22937600
1731675598018 15233.0 22970368
1731675619428 15255.0 23003136
1731675639934 15276.0 23035904
1731675660719 15297.0 23068672
1731675680808 15317.0 23101440
1731675701308 15337.0 23134208
1731675721656 15357.0 23166976
1731675742135 15378.0 23199744
1731675763857 15400.0 23232512
1731675784496 15420.0 23265280
1731675804690 15441.0 23298048
1731675824868 15461.0 23330816
1731675846051 15482.0 23363584
1731675866099 15502.0 23396352
1731675886215 15522.0 23429120
1731675906394 15542.0 23461888
1731675926259 15562.0 23494656
1731675947131 15583.0 23527424
1731675966960 15603.0 23560192
1731675987080 15623.0 23592960
1731676007430 15643.0 23625728
1731676028201 15664.0 23658496
1731676049277 15685.0 23691264
1731676068802 15705.0 23724032
1731676088888 15725.0 23756800
1731676109495 15745.0 23789568
1731676130024 15766.0 23822336
1731676150934 15787.0 23855104
1731676171063 15807.0 23887872
1731676191200 15827.0 23920640
1731676211441 15847.0 23953408
1731676231469 15867.0 23986176
1731676254854 15891.0 24018944
1731676274540 15910.0 24051712
1731676295124 15931.0 24084480
1731676315543 15951.0 24117248
1731676335922 15972.0 24150016
1731676356975 15993.0 24182784
1731676377212 16013.0 24215552
1731676397498 16033.0 24248320
1731676418183 16054.0 24281088
1731676438789 16075.0 24313856
1731676460183 16096.0 24346624
1731676480191 16116.0 24379392
1731676501124 16137.0 24412160
1731676522201 16158.0 24444928
1731676543485 16179.0 24477696
1731676565940 16202.0 24510464
1731676586603 16223.0 24543232
1731676607578 16243.0 24576000
1731676627804 16264.0 24608768
1731676649286 16285.0 24641536
1731676669113 16305.0 24674304
1731676690007 16326.0 24707072
1731676710108 16346.0 24739840
1731676730580 16366.0 24772608
1731676752365 16388.0 24805376
1731676772526 16408.0 24838144
1731676793070 16429.0 24870912
1731676812836 16449.0 24903680
1731676833275 16469.0 24936448
1731676854774 16491.0 24969216
1731676874829 16511.0 25001984
1731676895050 16531.0 25034752
1731676915623 16551.0 25067520
1731676935870 16572.0 25100288
1731676957183 16593.0 25133056
1731676977596 16614.0 25165824
1731676998402 16634.0 25198592
1731677018949 16655.0 25231360
1731677039121 16675.0 25264128
1731677060479 16696.0 25296896
1731677080812 16717.0 25329664
1731677101019 16737.0 25362432
1731677121521 16757.0 25395200
1731677143473 16779.0 25427968
1731677164490 16800.0 25460736
1731677184507 16820.0 25493504
1731677205230 16841.0 25526272
1731677225383 16861.0 25559040
1731677245389 16881.0 25591808
1731677266496 16902.0 25624576
1731677286791 16923.0 25657344
1731677307365 16943.0 25690112
1731677327699 16964.0 25722880
1731677347999 16984.0 25755648
1731677369454 17005.0 25788416
1731677389815 17026.0 25821184
1731677410455 17046.0 25853952
1731677430559 17066.0 25886720
1731677450403 17086.0 25919488
1731677471608 17108.0 25952256
1731677491561 17128.0 25985024
1731677512098 17148.0 26017792
1731677532656 17169.0 26050560
1731677554075 17190.0 26083328
1731677574182 17210.0 26116096
1731677595006 17231.0 26148864
1731677615323 17251.0 26181632
1731677636349 17271.0 26214400
1731677657670 17294.0 26247168
1731677677752 17314.0 26279936
1731677698460 17334.0 26312704
1731677719320 17355.0 26345472
1731677739773 17376.0 26378240
1731677760748 17397.0 26411008
1731677780547 17416.0 26443776
1731677800664 17437.0 26476544
1731677821080 17457.0 26509312
1731677841906 17477.0 26542080
1731677864694 17501.0 26574848
1731677885167 17521.0 26607616
1731677905093 17541.0 26640384
1731677925369 17561.0 26673152
1731677946190 17582.0 26705920
1731677967925 17604.0 26738688
1731677988127 17624.0 26771456
1731678008621 17645.0 26804224
1731678028875 17665.0 26836992
1731678049754 17686.0 26869760
1731678070721 17707.0 26902528
1731678090916 17727.0 26935296
1731678110650 17747.0 26968064
1731678131335 17767.0 27000832
1731678151507 17787.0 27033600
1731678172526 17808.0 27066368
1731678192710 17829.0 27099136
1731678213279 17849.0 27131904
1731678233658 17870.0 27164672
1731678254458 17890.0 27197440
1731678277126 17913.0 27230208
1731678297467 17933.0 27262976
1731678317932 17954.0 27295744
1731678338326 17974.0 27328512
1731678359747 17996.0 27361280
1731678380014 18016.0 27394048
1731678400234 18036.0 27426816
1731678420573 18056.0 27459584
1731678441815 18078.0 27492352
1731678464911 18100.0 27525120
1731678485669 18122.0 27557888
1731678506452 18142.0 27590656
1731678527368 18163.0 27623424
1731678547884 18184.0 27656192
1731678569721 18205.0 27688960
1731678590123 18226.0 27721728
1731678609723 18246.0 27754496
1731678630165 18266.0 27787264
1731678650509 18286.0 27820032
1731678671600 18307.0 27852800
1731678691569 18327.0 27885568
1731678711684 18347.0 27918336
1731678731667 18368.0 27951104
1731678752049 18388.0 27983872
1731678773445 18409.0 28016640
1731678794059 18430.0 28049408
1731678814070 18450.0 28082176
1731678834312 18470.0 28114944
1731678854790 18491.0 28147712
1731678876418 18512.0 28180480
1731678896775 18532.0 28213248
1731678918924 18555.0 28246016
1731678940535 18576.0 28278784
1731678962155 18598.0 28311552
1731678986260 18622.0 28344320
1731679007019 18643.0 28377088
1731679027825 18664.0 28409856
1731679048653 18685.0 28442624
1731679071689 18705.0 28475392
1731679093883 18730.0 28508160
1731679114441 18750.0 28540928
1731679135783 18771.0 28573696
1731679156327 18792.0 28606464
1731679176495 18812.0 28639232
1731679197296 18833.0 28672000
1731679216954 18853.0 28704768
1731679238243 18874.0 28737536
1731679258677 18895.0 28770304
1731679280046 18915.0 28803072
1731679300689 18937.0 28835840
1731679320877 18957.0 28868608
1731679342006 18977.0 28901376
1731679362978 18999.0 28934144
1731679384445 19020.0 28966912
1731679404335 19040.0 28999680
1731679424778 19061.0 29032448
1731679445000 19081.0 29065216
1731679465563 19101.0 29097984
1731679487350 19123.0 29130752
1731679507716 19144.0 29163520
1731679528311 19164.0 29196288
1731679548945 19185.0 29229056
1731679569325 19205.0 29261824
1731679590876 19227.0 29294592
1731679611152 19247.0 29327360
1731679631744 19268.0 29360128
1731679652309 19288.0 29392896
1731679673028 19309.0 29425664
1731679695696 19332.0 29458432
1731679715630 19351.0 29491200
1731679735613 19371.0 29523968
1731679756018 19392.0 29556736
1731679776248 19412.0 29589504
1731679797237 19433.0 29622272
1731679816935 19453.0 29655040
1731679837285 19473.0 29687808
1731679858053 19494.0 29720576
1731679878817 19515.0 29753344
1731679900577 19537.0 29786112
1731679920395 19556.0 29818880
1731679940725 19577.0 29851648
1731679960703 19597.0 29884416
1731679981047 19617.0 29917184
1731680001357 19637.0 29949952
1731680021497 19657.0 29982720
1731680042017 19678.0 30015488
1731680062260 19698.0 30048256
1731680083996 19720.0 30081024
1731680104495 19740.0 30113792
1731680124151 19760.0 30146560
1731680144854 19781.0 30179328
1731680165278 19801.0 30212096
1731680187530 19823.0 30244864
1731680208074 19844.0 30277632
1731680228569 19865.0 30310400
1731680248813 19885.0 30343168
1731680269446 19905.0 30375936
1731680290855 19926.0 30408704
1731680311172 19947.0 30441472
1731680331363 19967.0 30474240
1731680351717 19988.0 30507008
1731680372004 20008.0 30539776
1731680392804 20029.0 30572544
1731680412827 20049.0 30605312
1731680433072 20069.0 30638080
1731680453862 20090.0 30670848
1731680474272 20110.0 30703616
1731680495303 20131.0 30736384
1731680515355 20151.0 30769152
1731680535551 20171.0 30801920
1731680555858 20192.0 30834688
1731680576402 20212.0 30867456
1731680597611 20234.0 30900224
1731680617919 20254.0 30932992
1731680638821 20275.0 30965760
1731680659522 20295.0 30998528
1731680680126 20316.0 31031296
1731680702745 20339.0 31064064
1731680722968 20359.0 31096832
1731680743163 20379.0 31129600
1731680764063 20400.0 31162368
1731680785583 20421.0 31195136
1731680806355 20442.0 31227904
1731680826472 20462.0 31260672
1731680846955 20483.0 31293440
1731680868862 20503.0 31326208
1731680890268 20526.0 31358976
1731680910775 20547.0 31391744
1731680931055 20567.0 31424512
1731680951771 20588.0 31457280
1731680972383 20608.0 31490048
1731680995024 20631.0 31522816
1731681015657 20651.0 31555584
1731681035865 20672.0 31588352
1731681056000 20692.0 31621120
1731681076073 20712.0 31653888
1731681097487 20733.0 31686656
1731681117658 20754.0 31719424
1731681138501 20774.0 31752192
1731681158873 20795.0 31784960
1731681179408 20815.0 31817728
1731681200780 20837.0 31850496
1731681220697 20857.0 31883264
1731681240890 20877.0 31916032
1731681261384 20897.0 31948800
1731681282278 20918.0 31981568
1731681303335 20939.0 32014336
1731681323837 20960.0 32047104
1731681344849 20981.0 32079872
1731681365623 21001.0 32112640
1731681387681 21023.0 32145408
