1731660315146 4429.0 32768
1731660348883 1598.0 65536
1731660383334 1299.0 98304
1731660417096 1200.0 131072
1731660451296 1141.0 163840
1731660484217 1115.0 196608
1731660518408 1089.0 229376
1731660553333 1068.0 262144
1731660587810 1052.0 294912
1731660622956 1040.0 327680
1731660655540 1036.0 360448
1731660688609 1032.0 393216
1731660723696 1024.0 425984
1731660759291 1015.0 458752
1731660795329 1008.0 491520
1731660830855 1005.0 524288
1731660866533 997.0 557056
1731660901645 993.0 589824
1731660937613 988.0 622592
1731660974179 983.0 655360
1731661007131 984.0 688128
1731661043620 979.0 720896
1731661079507 976.0 753664
1731661115680 973.0 786432
1731661153144 969.0 819200
1731661187207 968.0 851968
1731661223665 967.0 884736
1731661259035 964.0 917504
1731661293789 964.0 950272
1731661330816 960.0 983040
1731661364553 961.0 1015808
1731661400553 959.0 1048576
1731661434509 959.0 1081344
1731661469109 959.0 1114112
1731661504420 958.0 1146880
1731661537598 959.0 1179648
1731661571270 959.0 1212416
1731661605103 959.0 1245184
1731661639175 959.0 1277952
1731661675663 958.0 1310720
1731661709448 958.0 1343488
1731661743934 958.0 1376256
1731661777677 958.0 1409024
1731661812369 958.0 1441792
1731661845344 958.0 1474560
1731661879207 959.0 1507328
1731661914195 958.0 1540096
1731661947629 959.0 1572864
1731661983756 957.0 1605632
1731662016656 958.0 1638400
1731662050795 958.0 1671168
1731662085998 958.0 1703936
1731662121218 957.0 1736704
1731662156681 956.0 1769472
1731662190442 957.0 1802240
1731662226573 956.0 1835008
1731662261392 956.0 1867776
1731662295482 956.0 1900544
1731662330702 955.0 1933312
1731662364164 956.0 1966080
1731662398808 955.0 1998848
1731662433700 955.0 2031616
1731662467231 955.0 2064384
1731662505531 954.0 2097152
1731662539822 954.0 2129920
1731662574429 954.0 2162688
1731662609271 953.0 2195456
1731662644708 953.0 2228224
1731662680752 952.0 2260992
1731662716000 952.0 2293760
1731662751578 951.0 2326528
1731662787027 951.0 2359296
1731662823546 950.0 2392064
1731662860553 949.0 2424832
1731662894705 949.0 2457600
1731662930030 949.0 2490368
1731662965205 949.0 2523136
1731663001092 948.0 2555904
1731663036699 948.0 2588672
1731663070824 948.0 2621440
1731663106353 948.0 2654208
1731663142419 947.0 2686976
1731663178434 947.0 2719744
1731663214393 946.0 2752512
1731663249682 946.0 2785280
1731663285479 946.0 2818048
1731663320403 946.0 2850816
1731663356928 945.0 2883584
1731663391942 945.0 2916352
1731663427918 945.0 2949120
1731663463791 944.0 2981888
1731663500410 944.0 3014656
1731663535934 943.0 3047424
1731663570960 943.0 3080192
1731663606488 943.0 3112960
1731663641200 943.0 3145728
1731663678015 943.0 3178496
1731663714943 942.0 3211264
1731663749294 942.0 3244032
1731663786166 942.0 3276800
1731663821544 941.0 3309568
1731663855748 942.0 3342336
1731663891077 941.0 3375104
1731663925104 942.0 3407872
1731663960924 941.0 3440640
1731663994972 941.0 3473408
1731664030247 941.0 3506176
1731664067467 941.0 3538944
1731664102617 941.0 3571712
1731664138294 941.0 3604480
1731664174587 940.0 3637248
1731664211893 940.0 3670016
1731664248203 939.0 3702784
1731664283607 939.0 3735552
1731664320703 939.0 3768320
1731664356386 938.0 3801088
1731664392351 938.0 3833856
1731664428875 938.0 3866624
1731664464095 938.0 3899392
1731664499574 938.0 3932160
1731664534889 937.0 3964928
1731664569683 938.0 3997696
1731664606224 937.0 4030464
1731664641528 937.0 4063232
1731664676046 937.0 4096000
1731664710745 937.0 4128768
1731664746502 937.0 4161536
1731664781275 937.0 4194304
1731664816772 937.0 4227072
1731664852589 937.0 4259840
1731664888160 937.0 4292608
1731664926459 936.0 4325376
1731664961752 936.0 4358144
1731664997436 936.0 4390912
1731665033166 936.0 4423680
1731665069786 935.0 4456448
1731665107525 935.0 4489216
1731665143190 935.0 4521984
1731665178998 935.0 4554752
1731665213282 935.0 4587520
1731665248298 935.0 4620288
1731665285900 934.0 4653056
1731665321990 934.0 4685824
1731665358156 934.0 4718592
1731665394198 934.0 4751360
1731665429993 933.0 4784128
1731665466040 933.0 4816896
1731665504555 933.0 4849664
1731665541861 932.0 4882432
1731665577964 932.0 4915200
1731665613489 932.0 4947968
1731665651364 932.0 4980736
1731665687141 931.0 5013504
1731665722953 931.0 5046272
1731665758781 931.0 5079040
1731665793211 931.0 5111808
1731665828044 931.0 5144576
1731665861639 932.0 5177344
1731665895679 932.0 5210112
1731665929986 932.0 5242880
1731665964751 932.0 5275648
1731665999075 932.0 5308416
1731666033257 932.0 5341184
1731666067289 933.0 5373952
1731666101971 933.0 5406720
1731666137002 933.0 5439488
1731666171976 933.0 5472256
1731666206238 933.0 5505024
1731666240596 933.0 5537792
1731666275964 933.0 5570560
1731666311620 933.0 5603328
1731666347498 933.0 5636096
1731666382260 933.0 5668864
1731666416891 933.0 5701632
1731666451573 933.0 5734400
1731666487846 933.0 5767168
1731666522621 933.0 5799936
1731666559054 933.0 5832704
1731666594041 933.0 5865472
1731666629389 933.0 5898240
1731666665154 932.0 5931008
1731666700095 932.0 5963776
1731666733909 933.0 5996544
1731666769767 933.0 6029312
1731666804574 933.0 6062080
1731666840562 932.0 6094848
1731666875668 932.0 6127616
1731666911229 932.0 6160384
1731666947526 932.0 6193152
1731666984132 932.0 6225920
1731667023289 931.0 6258688
1731667058276 931.0 6291456
1731667094164 931.0 6324224
1731667131593 931.0 6356992
1731667167919 931.0 6389760
1731667204636 931.0 6422528
1731667238979 931.0 6455296
1731667275260 931.0 6488064
1731667312607 930.0 6520832
1731667349129 930.0 6553600
1731667386306 930.0 6586368
1731667421433 930.0 6619136
1731667455749 930.0 6651904
1731667492218 930.0 6684672
1731667527012 930.0 6717440
1731667562261 930.0 6750208
1731667597562 930.0 6782976
1731667632014 930.0 6815744
1731667666876 930.0 6848512
1731667703209 930.0 6881280
1731667737563 930.0 6914048
1731667771852 930.0 6946816
1731667808186 930.0 6979584
1731667843207 930.0 7012352
1731667880292 930.0 7045120
1731667916111 930.0 7077888
1731667952085 930.0 7110656
1731667987258 930.0 7143424
1731668021565 930.0 7176192
1731668057197 930.0 7208960
1731668092117 930.0 7241728
1731668128660 930.0 7274496
1731668164149 930.0 7307264
1731668199044 930.0 7340032
1731668235366 930.0 7372800
1731668270234 930.0 7405568
1731668305086 930.0 7438336
1731668340727 930.0 7471104
1731668377448 929.0 7503872
1731668413964 929.0 7536640
1731668449120 929.0 7569408
1731668483555 929.0 7602176
1731668518794 929.0 7634944
1731668554673 929.0 7667712
1731668590689 929.0 7700480
1731668626526 929.0 7733248
1731668663192 929.0 7766016
1731668699806 929.0 7798784
1731668735529 929.0 7831552
1731668771236 929.0 7864320
1731668805576 929.0 7897088
1731668840266 929.0 7929856
1731668875615 929.0 7962624
1731668911003 929.0 7995392
1731668947530 929.0 8028160
1731668982341 929.0 8060928
1731669017833 929.0 8093696
1731669052767 929.0 8126464
1731669089531 929.0 8159232
1731669127759 928.0 8192000
1731669161483 928.0 8224768
1731669198023 928.0 8257536
1731669232938 928.0 8290304
1731669269918 928.0 8323072
1731669304164 928.0 8355840
1731669338059 928.0 8388608
1731669372246 929.0 8421376
1731669406426 929.0 8454144
1731669442877 929.0 8486912
1731669477439 929.0 8519680
1731669512530 929.0 8552448
1731669547641 929.0 8585216
1731669583708 929.0 8617984
1731669620156 928.0 8650752
1731669654096 929.0 8683520
1731669689863 929.0 8716288
1731669725053 929.0 8749056
1731669760568 929.0 8781824
1731669797038 928.0 8814592
1731669830922 929.0 8847360
1731669865700 929.0 8880128
1731669899790 929.0 8912896
1731669935356 929.0 8945664
1731669971980 929.0 8978432
1731670005532 929.0 9011200
1731670040935 929.0 9043968
1731670075165 929.0 9076736
1731670108990 929.0 9109504
1731670144176 929.0 9142272
1731670177965 929.0 9175040
1731670213021 929.0 9207808
1731670247872 929.0 9240576
1731670281254 929.0 9273344
1731670317458 929.0 9306112
1731670351306 929.0 9338880
1731670386384 929.0 9371648
1731670421542 929.0 9404416
1731670457336 929.0 9437184
1731670491911 929.0 9469952
1731670525209 930.0 9502720
1731670559990 930.0 9535488
1731670593537 930.0 9568256
1731670629602 930.0 9601024
1731670662958 930.0 9633792
1731670697175 930.0 9666560
1731670731526 930.0 9699328
1731670766397 930.0 9732096
1731670801608 930.0 9764864
1731670835025 930.0 9797632
1731670868625 930.0 9830400
1731670903081 930.0 9863168
1731670936437 931.0 9895936
1731670971555 931.0 9928704
1731671004739 931.0 9961472
1731671039066 931.0 9994240
1731671073239 931.0 10027008
1731671106728 931.0 10059776
1731671141809 931.0 10092544
1731671175934 931.0 10125312
1731671210091 931.0 10158080
1731671244940 931.0 10190848
1731671279229 931.0 10223616
1731671314149 931.0 10256384
1731671347473 932.0 10289152
1731671381756 932.0 10321920
1731671415628 932.0 10354688
1731671449480 932.0 10387456
1731671484905 932.0 10420224
1731671518047 932.0 10452992
1731671552409 932.0 10485760
1731671586590 932.0 10518528
1731671619721 932.0 10551296
1731671653985 932.0 10584064
1731671687856 932.0 10616832
1731671722859 932.0 10649600
1731671757455 932.0 10682368
1731671791418 933.0 10715136
1731671825563 933.0 10747904
1731671859127 933.0 10780672
1731671893294 933.0 10813440
1731671927202 933.0 10846208
1731671962317 933.0 10878976
1731671996725 933.0 10911744
1731672031674 933.0 10944512
1731672065308 933.0 10977280
1731672099899 933.0 11010048
1731672134519 933.0 11042816
1731672167867 933.0 11075584
1731672201566 933.0 11108352
1731672235548 934.0 11141120
1731672269104 934.0 11173888
1731672304929 934.0 11206656
1731672338456 934.0 11239424
1731672372590 934.0 11272192
1731672405536 934.0 11304960
1731672439298 934.0 11337728
1731672475151 934.0 11370496
1731672508942 934.0 11403264
1731672542818 934.0 11436032
1731672576724 934.0 11468800
1731672610612 934.0 11501568
1731672645852 934.0 11534336
1731672679073 934.0 11567104
1731672714690 934.0 11599872
1731672748474 935.0 11632640
1731672782888 935.0 11665408
1731672819201 935.0 11698176
1731672852066 935.0 11730944
1731672885782 935.0 11763712
1731672919823 935.0 11796480
1731672953730 935.0 11829248
1731672988832 935.0 11862016
1731673022058 935.0 11894784
1731673055693 935.0 11927552
1731673090150 935.0 11960320
1731673124100 935.0 11993088
1731673159064 935.0 12025856
1731673192899 935.0 12058624
1731673227397 935.0 12091392
1731673261926 935.0 12124160
1731673295922 936.0 12156928
1731673330707 936.0 12189696
1731673364713 936.0 12222464
1731673398972 936.0 12255232
1731673432727 936.0 12288000
1731673466890 936.0 12320768
1731673500476 936.0 12353536
1731673534503 936.0 12386304
1731673567874 936.0 12419072
1731673602557 936.0 12451840
1731673638519 936.0 12484608
1731673672424 936.0 12517376
1731673706528 936.0 12550144
1731673740490 936.0 12582912
1731673776502 936.0 12615680
1731673811456 936.0 12648448
1731673845230 936.0 12681216
1731673880012 936.0 12713984
1731673913587 936.0 12746752
1731673947092 936.0 12779520
1731673982216 936.0 12812288
1731674015559 937.0 12845056
1731674050030 937.0 12877824
1731674084100 937.0 12910592
1731674118279 937.0 12943360
1731674153500 937.0 12976128
1731674187452 937.0 13008896
1731674221299 937.0 13041664
1731674254712 937.0 13074432
1731674287966 937.0 13107200
1731674323294 937.0 13139968
1731674357194 937.0 13172736
1731674391430 937.0 13205504
1731674425491 937.0 13238272
1731674459382 937.0 13271040
1731674495058 937.0 13303808
1731674529726 937.0 13336576
1731674563087 937.0 13369344
1731674597069 937.0 13402112
1731674630759 937.0 13434880
1731674667549 937.0 13467648
1731674701655 937.0 13500416
1731674735112 938.0 13533184
1731674769002 938.0 13565952
1731674802602 938.0 13598720
1731674838283 938.0 13631488
1731674871889 938.0 13664256
1731674906128 938.0 13697024
1731674940134 938.0 13729792
1731674974733 938.0 13762560
1731675008593 938.0 13795328
1731675042480 938.0 13828096
1731675076083 938.0 13860864
1731675110002 938.0 13893632
1731675144714 938.0 13926400
1731675178655 938.0 13959168
1731675212895 938.0 13991936
1731675246327 938.0 14024704
1731675280226 938.0 14057472
1731675314487 938.0 14090240
1731675347625 939.0 14123008
1731675381580 939.0 14155776
1731675415052 939.0 14188544
1731675449034 939.0 14221312
1731675483269 939.0 14254080
1731675517371 939.0 14286848
1731675551339 939.0 14319616
1731675584787 939.0 14352384
1731675618848 939.0 14385152
1731675653622 939.0 14417920
1731675687440 939.0 14450688
1731675721214 939.0 14483456
1731675757242 939.0 14516224
1731675790335 939.0 14548992
1731675824290 939.0 14581760
1731675858684 939.0 14614528
1731675892768 939.0 14647296
1731675927087 939.0 14680064
1731675960318 939.0 14712832
1731675994092 940.0 14745600
1731676027892 940.0 14778368
1731676061544 940.0 14811136
1731676095639 940.0 14843904
1731676129896 940.0 14876672
1731676165117 940.0 14909440
1731676199043 940.0 14942208
1731676233557 940.0 14974976
1731676267412 940.0 15007744
1731676301631 940.0 15040512
1731676334772 940.0 15073280
1731676368187 940.0 15106048
1731676403835 940.0 15138816
1731676437470 940.0 15171584
1731676471850 940.0 15204352
1731676505005 940.0 15237120
1731676538947 940.0 15269888
1731676574056 940.0 15302656
1731676607204 940.0 15335424
1731676641477 940.0 15368192
1731676675053 940.0 15400960
1731676708792 941.0 15433728
1731676742525 941.0 15466496
1731676776831 941.0 15499264
1731676811721 941.0 15532032
1731676845519 941.0 15564800
1731676879082 941.0 15597568
1731676913609 941.0 15630336
1731676947546 941.0 15663104
1731676982173 941.0 15695872
1731677015997 941.0 15728640
1731677050448 941.0 15761408
1731677084420 941.0 15794176
1731677118161 941.0 15826944
1731677152594 941.0 15859712
1731677186208 941.0 15892480
1731677220390 941.0 15925248
1731677254313 941.0 15958016
1731677288991 941.0 15990784
1731677324049 941.0 16023552
1731677357004 941.0 16056320
1731677390925 941.0 16089088
1731677424610 941.0 16121856
1731677458417 941.0 16154624
1731677493991 941.0 16187392
1731677527811 941.0 16220160
1731677560574 942.0 16252928
1731677594452 942.0 16285696
1731677628708 942.0 16318464
1731677663781 942.0 16351232
1731677696910 942.0 16384000
1731677731246 942.0 16416768
1731677765010 942.0 16449536
1731677799150 942.0 16482304
1731677832536 942.0 16515072
1731677866825 942.0 16547840
1731677903248 942.0 16580608
1731677937380 942.0 16613376
1731677972329 942.0 16646144
1731678005694 942.0 16678912
1731678039610 942.0 16711680
1731678074381 942.0 16744448
1731678109470 942.0 16777216
1731678143405 942.0 16809984
1731678176263 942.0 16842752
1731678210103 942.0 16875520
1731678243735 942.0 16908288
1731678277050 942.0 16941056
1731678312331 942.0 16973824
1731678345393 942.0 17006592
1731678379037 942.0 17039360
1731678412841 942.0 17072128
1731678447434 942.0 17104896
1731678482510 942.0 17137664
1731678515597 943.0 17170432
1731678548492 943.0 17203200
1731678581324 943.0 17235968
1731678614698 943.0 17268736
1731678650278 943.0 17301504
1731678684020 943.0 17334272
1731678717419 943.0 17367040
1731678750745 943.0 17399808
1731678784325 943.0 17432576
1731678818124 943.0 17465344
1731678852133 943.0 17498112
1731678885823 943.0 17530880
1731678919336 943.0 17563648
1731678954349 943.0 17596416
1731678990951 943.0 17629184
1731679024411 943.0 17661952
1731679057765 943.0 17694720
1731679092414 943.0 17727488
1731679126946 943.0 17760256
1731679159570 943.0 17793024
1731679193971 943.0 17825792
1731679228618 943.0 17858560
1731679261963 943.0 17891328
1731679296456 943.0 17924096
1731679330447 943.0 17956864
1731679364638 943.0 17989632
1731679399129 944.0 18022400
1731679433251 944.0 18055168
1731679467780 944.0 18087936
1731679500718 944.0 18120704
1731679534536 944.0 18153472
1731679568714 944.0 18186240
1731679603497 944.0 18219008
1731679637744 944.0 18251776
1731679671210 944.0 18284544
1731679706321 944.0 18317312
1731679740407 944.0 18350080
1731679775058 944.0 18382848
1731679811540 944.0 18415616
1731679844431 944.0 18448384
1731679878470 944.0 18481152
1731679913209 944.0 18513920
1731679947204 944.0 18546688
1731679981770 944.0 18579456
1731680015238 944.0 18612224
1731680048965 944.0 18644992
1731680082557 944.0 18677760
1731680116281 944.0 18710528
1731680151370 944.0 18743296
1731680185242 944.0 18776064
1731680219083 944.0 18808832
1731680253299 944.0 18841600
1731680287396 944.0 18874368
1731680321442 944.0 18907136
1731680354394 944.0 18939904
1731680387833 944.0 18972672
1731680421540 944.0 19005440
1731680455751 944.0 19038208
1731680491104 944.0 19070976
1731680525178 944.0 19103744
1731680559202 944.0 19136512
1731680592344 945.0 19169280
1731680627166 945.0 19202048
1731680661230 945.0 19234816
1731680695643 945.0 19267584
1731680730776 945.0 19300352
1731680764625 945.0 19333120
1731680800276 945.0 19365888
1731680833444 945.0 19398656
1731680869488 945.0 19431424
1731680903727 945.0 19464192
1731680938187 945.0 19496960
1731680973511 945.0 19529728
1731681010260 945.0 19562496
1731681045771 944.0 19595264
1731681080682 944.0 19628032
1731681114763 944.0 19660800
1731681149631 944.0 19693568
1731681183667 944.0 19726336
1731681217559 944.0 19759104
1731681251965 944.0 19791872
1731681286346 944.0 19824640
1731681321246 944.0 19857408
1731681354748 945.0 19890176
1731681389659 945.0 19922944
1731681426250 944.0 19955712
1731681460015 944.0 19988480
1731681495430 944.0 20021248
1731681528490 945.0 20054016
1731681562909 945.0 20086784
1731681598168 945.0 20119552
1731681632091 945.0 20152320
1731681666574 945.0 20185088
1731681700531 945.0 20217856
1731681733830 945.0 20250624
1731681767279 945.0 20283392
1731681800954 945.0 20316160
1731681835260 945.0 20348928
1731681868592 945.0 20381696
1731681902880 945.0 20414464
1731681936585 945.0 20447232
1731681972544 945.0 20480000
1731682005656 945.0 20512768
1731682040049 945.0 20545536
1731682075509 945.0 20578304
1731682109219 945.0 20611072
1731682143287 945.0 20643840
1731682177197 945.0 20676608
1731682210931 945.0 20709376
1731682244962 945.0 20742144
1731682279470 945.0 20774912
1731682314042 945.0 20807680
1731682347633 945.0 20840448
1731682381807 945.0 20873216
1731682418980 945.0 20905984
1731682453203 945.0 20938752
1731682488266 945.0 20971520
1731682521800 945.0 21004288
1731682555831 945.0 21037056
1731682589615 945.0 21069824
1731682623663 945.0 21102592
1731682657679 945.0 21135360
1731682691786 945.0 21168128
1731682725109 945.0 21200896
1731682759142 945.0 21233664
1731682793141 945.0 21266432
1731682827474 945.0 21299200
1731682860307 945.0 21331968
1731682894371 945.0 21364736
1731682928669 945.0 21397504
1731682962412 945.0 21430272
1731682997114 945.0 21463040
1731683030857 945.0 21495808
1731683064730 946.0 21528576
1731683098972 946.0 21561344
1731683132529 946.0 21594112
1731683166518 946.0 21626880
1731683200327 946.0 21659648
1731683234702 946.0 21692416
1731683268990 946.0 21725184
1731683302764 946.0 21757952
1731683336971 946.0 21790720
1731683370223 946.0 21823488
1731683403578 946.0 21856256
1731683437315 946.0 21889024
1731683472217 946.0 21921792
1731683506432 946.0 21954560
1731683539834 946.0 21987328
1731683573363 946.0 22020096
1731683607787 946.0 22052864
1731683642394 946.0 22085632
1731683675735 946.0 22118400
1731683709226 946.0 22151168
1731683742599 946.0 22183936
1731683777079 946.0 22216704
1731683811696 946.0 22249472
1731683845204 946.0 22282240
1731683879202 946.0 22315008
1731683912942 946.0 22347776
1731683946325 946.0 22380544
1731683981945 946.0 22413312
1731684014914 946.0 22446080
1731684049573 946.0 22478848
1731684082755 946.0 22511616
1731684115836 946.0 22544384
1731684150794 946.0 22577152
1731684184425 946.0 22609920
1731684219230 946.0 22642688
1731684253238 946.0 22675456
1731684287838 946.0 22708224
1731684322161 946.0 22740992
1731684356227 946.0 22773760
1731684390102 947.0 22806528
1731684423058 947.0 22839296
1731684456064 947.0 22872064
1731684490494 947.0 22904832
1731684523426 947.0 22937600
1731684556791 947.0 22970368
1731684590028 947.0 23003136
1731684624433 947.0 23035904
1731684658808 947.0 23068672
1731684692743 947.0 23101440
1731684727123 947.0 23134208
1731684760935 947.0 23166976
1731684795180 947.0 23199744
1731684829847 947.0 23232512
1731684863368 947.0 23265280
1731684897292 947.0 23298048
1731684931556 947.0 23330816
1731684966305 947.0 23363584
1731684999405 947.0 23396352
1731685033848 947.0 23429120
1731685067377 947.0 23461888
1731685101093 947.0 23494656
1731685136807 947.0 23527424
1731685171448 947.0 23560192
1731685205299 947.0 23592960
1731685239812 947.0 23625728
1731685274585 947.0 23658496
1731685310332 947.0 23691264
1731685344274 947.0 23724032
1731685378731 947.0 23756800
1731685412897 947.0 23789568
1731685447013 947.0 23822336
1731685481836 947.0 23855104
1731685515019 947.0 23887872
1731685549225 947.0 23920640
1731685583657 947.0 23953408
1731685618014 947.0 23986176
1731685652940 947.0 24018944
1731685687228 947.0 24051712
1731685721086 947.0 24084480
1731685754644 947.0 24117248
1731685790027 947.0 24150016
1731685824568 947.0 24182784
1731685858591 947.0 24215552
1731685893146 947.0 24248320
1731685927129 947.0 24281088
1731685965880 947.0 24313856
1731686000356 947.0 24346624
1731686033990 947.0 24379392
1731686067538 947.0 24412160
1731686101062 947.0 24444928
1731686135369 947.0 24477696
1731686169567 947.0 24510464
1731686203566 947.0 24543232
1731686236991 947.0 24576000
1731686270856 947.0 24608768
1731686304848 947.0 24641536
1731686338753 947.0 24674304
1731686372527 947.0 24707072
1731686406851 947.0 24739840
1731686441680 947.0 24772608
1731686476898 947.0 24805376
1731686510156 947.0 24838144
1731686544262 947.0 24870912
1731686578305 947.0 24903680
1731686611652 948.0 24936448
1731686645654 948.0 24969216
1731686679311 948.0 25001984
1731686713798 948.0 25034752
1731686748141 948.0 25067520
1731686781745 948.0 25100288
1731686816344 948.0 25133056
1731686850193 948.0 25165824
1731686884558 948.0 25198592
1731686918805 948.0 25231360
1731686952848 948.0 25264128
1731686988829 948.0 25296896
1731687022600 948.0 25329664
1731687055985 948.0 25362432
1731687091037 948.0 25395200
1731687125684 948.0 25427968
1731687160298 948.0 25460736
1731687194222 948.0 25493504
1731687229172 948.0 25526272
1731687264135 948.0 25559040
1731687298121 948.0 25591808
1731687335674 948.0 25624576
1731687368923 948.0 25657344
1731687403044 948.0 25690112
1731687437278 948.0 25722880
1731687471397 948.0 25755648
1731687506157 948.0 25788416
1731687540258 948.0 25821184
1731687575173 948.0 25853952
1731687609756 948.0 25886720
1731687643497 948.0 25919488
1731687678448 948.0 25952256
1731687711101 948.0 25985024
1731687745292 948.0 26017792
1731687779299 948.0 26050560
1731687815537 948.0 26083328
1731687848930 948.0 26116096
1731687885542 948.0 26148864
1731687921328 948.0 26181632
1731687956032 948.0 26214400
1731687990494 948.0 26247168
1731688024013 948.0 26279936
1731688058645 948.0 26312704
1731688092650 948.0 26345472
1731688126701 948.0 26378240
1731688161456 948.0 26411008
1731688194841 948.0 26443776
1731688229356 948.0 26476544
1731688263263 948.0 26509312
1731688297216 948.0 26542080
1731688332665 948.0 26574848
1731688366773 948.0 26607616
1731688400347 948.0 26640384
1731688432865 948.0 26673152
1731688466365 948.0 26705920
1731688500879 948.0 26738688
1731688534406 948.0 26771456
1731688568469 948.0 26804224
1731688602683 948.0 26836992
1731688636208 948.0 26869760
1731688670497 948.0 26902528
1731688703681 948.0 26935296
1731688737213 948.0 26968064
1731688770895 948.0 27000832
1731688804669 948.0 27033600
1731688839330 948.0 27066368
1731688872933 948.0 27099136
1731688907545 948.0 27131904
1731688941077 948.0 27164672
1731688974775 948.0 27197440
1731689010406 948.0 27230208
1731689043998 948.0 27262976
1731689078395 948.0 27295744
1731689111367 948.0 27328512
1731689146674 948.0 27361280
1731689181188 948.0 27394048
1731689215804 948.0 27426816
1731689250061 948.0 27459584
1731689284361 948.0 27492352
1731689319233 948.0 27525120
1731689353391 948.0 27557888
1731689388007 948.0 27590656
1731689422063 948.0 27623424
1731689456137 948.0 27656192
1731689491390 948.0 27688960
1731689524532 948.0 27721728
1731689558816 948.0 27754496
1731689592315 948.0 27787264
1731689626756 948.0 27820032
1731689663426 948.0 27852800
1731689696744 948.0 27885568
1731689731319 948.0 27918336
1731689764706 948.0 27951104
1731689798263 948.0 27983872
1731689833271 948.0 28016640
1731689866981 948.0 28049408
1731689901002 948.0 28082176
1731689934940 948.0 28114944
1731689969267 948.0 28147712
1731690004301 948.0 28180480
1731690038130 948.0 28213248
1731690072190 948.0 28246016
1731690107553 948.0 28278784
1731690142257 948.0 28311552
1731690177199 948.0 28344320
1731690210662 948.0 28377088
1731690245285 948.0 28409856
1731690279076 948.0 28442624
1731690313326 949.0 28475392
1731690348994 948.0 28508160
1731690382073 949.0 28540928
1731690416245 949.0 28573696
1731690451006 949.0 28606464
1731690484780 949.0 28639232
1731690519596 949.0 28672000
1731690552808 949.0 28704768
1731690586928 949.0 28737536
1731690621277 949.0 28770304
1731690656283 949.0 28803072
1731690691782 949.0 28835840
1731690726441 949.0 28868608
1731690762020 949.0 28901376
1731690796435 949.0 28934144
1731690831229 949.0 28966912
1731690865057 949.0 28999680
1731690906019 948.0 29032448
1731690939751 948.0 29065216
1731690974300 948.0 29097984
1731691008558 948.0 29130752
1731691042561 948.0 29163520
1731691076413 948.0 29196288
1731691111106 948.0 29229056
1731691145513 948.0 29261824
1731691180794 948.0 29294592
1731691214846 948.0 29327360
1731691249121 948.0 29360128
1731691283709 948.0 29392896
1731691319387 948.0 29425664
1731691355092 948.0 29458432
1731691388046 948.0 29491200
1731691422717 948.0 29523968
1731691456881 948.0 29556736
1731691491526 948.0 29589504
1731691526901 948.0 29622272
1731691560363 948.0 29655040
1731691595371 948.0 29687808
1731691629749 948.0 29720576
1731691663462 948.0 29753344
1731691699661 948.0 29786112
1731691733773 948.0 29818880
1731691768065 948.0 29851648
1731691802238 948.0 29884416
1731691836634 948.0 29917184
1731691873098 948.0 29949952
1731691906481 948.0 29982720
1731691941318 948.0 30015488
1731691976913 948.0 30048256
1731692012830 948.0 30081024
1731692045900 948.0 30113792
1731692080356 948.0 30146560
1731692115110 948.0 30179328
1731692149318 948.0 30212096
1731692184403 948.0 30244864
1731692217849 948.0 30277632
1731692252574 948.0 30310400
1731692287043 948.0 30343168
1731692320493 948.0 30375936
1731692359481 948.0 30408704
1731692393518 948.0 30441472
1731692428118 948.0 30474240
1731692461964 948.0 30507008
1731692496770 948.0 30539776
1731692537503 948.0 30572544
1731692571296 948.0 30605312
1731692605298 948.0 30638080
1731692639035 948.0 30670848
1731692673095 948.0 30703616
1731692709035 948.0 30736384
1731692745761 948.0 30769152
1731692779212 948.0 30801920
1731692813727 948.0 30834688
1731692848315 948.0 30867456
1731692883655 948.0 30900224
1731692916965 948.0 30932992
1731692951288 948.0 30965760
1731692986289 948.0 30998528
1731693020994 948.0 31031296
1731693056831 948.0 31064064
1731693090976 948.0 31096832
1731693125405 948.0 31129600
1731693159719 948.0 31162368
1731693193964 948.0 31195136
1731693229296 948.0 31227904
1731693262354 948.0 31260672
1731693297233 948.0 31293440
1731693331901 948.0 31326208
1731693366961 948.0 31358976
1731693401178 948.0 31391744
1731693434618 948.0 31424512
1731693468453 948.0 31457280
1731693503186 948.0 31490048
1731693538778 948.0 31522816
1731693571714 948.0 31555584
1731693605928 948.0 31588352
1731693641674 948.0 31621120
1731693677189 948.0 31653888
1731693712857 948.0 31686656
1731693746287 948.0 31719424
1731693780172 948.0 31752192
1731693814218 948.0 31784960
1731693848599 948.0 31817728
1731693883326 948.0 31850496
1731693917026 948.0 31883264
1731693950815 948.0 31916032
1731693984884 948.0 31948800
1731694019421 948.0 31981568
1731694054818 948.0 32014336
1731694088951 948.0 32047104
1731694123230 948.0 32079872
1731694156875 948.0 32112640
1731694190115 948.0 32145408
1731694224730 948.0 32178176
1731694258007 948.0 32210944
1731694293151 948.0 32243712
1731694327501 948.0 32276480
1731694361648 948.0 32309248
1731694396701 948.0 32342016
1731694430278 948.0 32374784
1731694464667 948.0 32407552
1731694498728 948.0 32440320
1731694532506 948.0 32473088
1731694567337 948.0 32505856
1731694600299 948.0 32538624
1731694634181 948.0 32571392
1731694668141 948.0 32604160
1731694701396 948.0 32636928
1731694735654 948.0 32669696
1731694768678 948.0 32702464
1731694802801 948.0 32735232
1731694837091 948.0 32768000
1731694871598 948.0 32800768
1731694905203 949.0 32833536
1731694939917 949.0 32866304
1731694974185 949.0 32899072
1731695008246 949.0 32931840
1731695042408 949.0 32964608
1731695076554 949.0 32997376
1731695110223 949.0 33030144
1731695143613 949.0 33062912
1731695177270 949.0 33095680
1731695211728 949.0 33128448
1731695245638 949.0 33161216
1731695279034 949.0 33193984
1731695312708 949.0 33226752
1731695347233 949.0 33259520
1731695382326 949.0 33292288
1731695415538 949.0 33325056
1731695449931 949.0 33357824
1731695484227 949.0 33390592
1731695518400 949.0 33423360
1731695553373 949.0 33456128
1731695586491 949.0 33488896
1731695620154 949.0 33521664
1731695653840 949.0 33554432
1731695687919 949.0 33587200
1731695722448 949.0 33619968
1731695755766 949.0 33652736
1731695795639 949.0 33685504
1731695828938 949.0 33718272
1731695863858 949.0 33751040
1731695897935 949.0 33783808
1731695931653 949.0 33816576
1731695965516 949.0 33849344
1731695999224 949.0 33882112
1731696033444 949.0 33914880
1731696067704 949.0 33947648
1731696102152 949.0 33980416
1731696136193 949.0 34013184
1731696170375 949.0 34045952
1731696204258 949.0 34078720
1731696238346 949.0 34111488
1731696271303 949.0 34144256
1731696308595 949.0 34177024
1731696341935 949.0 34209792
1731696376155 949.0 34242560
1731696409741 949.0 34275328
1731696443740 949.0 34308096
1731696478297 949.0 34340864
1731696512407 949.0 34373632
1731696546719 949.0 34406400
1731696580110 949.0 34439168
1731696614322 949.0 34471936
1731696648325 949.0 34504704
1731696682547 949.0 34537472
1731696717533 949.0 34570240
1731696750446 949.0 34603008
1731696784778 949.0 34635776
1731696818842 949.0 34668544
1731696853217 949.0 34701312
1731696888557 949.0 34734080
1731696922489 949.0 34766848
1731696955930 949.0 34799616
1731696989888 949.0 34832384
1731697023744 949.0 34865152
1731697057667 949.0 34897920
1731697091171 949.0 34930688
1731697125323 949.0 34963456
1731697159092 949.0 34996224
1731697193495 949.0 35028992
1731697227580 949.0 35061760
1731697261300 949.0 35094528
1731697295334 949.0 35127296
1731697328509 949.0 35160064
1731697362716 949.0 35192832
1731697398066 949.0 35225600
1731697431515 949.0 35258368
1731697464919 949.0 35291136
1731697498521 949.0 35323904
1731697532701 949.0 35356672
1731697568290 949.0 35389440
1731697602354 949.0 35422208
1731697635797 949.0 35454976
1731697670116 949.0 35487744
1731697704498 949.0 35520512
1731697738313 949.0 35553280
1731697772212 949.0 35586048
1731697807049 949.0 35618816
1731697840289 949.0 35651584
1731697874426 949.0 35684352
1731697908769 949.0 35717120
1731697942332 949.0 35749888
1731697976234 949.0 35782656
1731698010343 949.0 35815424
1731698044865 949.0 35848192
1731698078880 949.0 35880960
1731698113111 949.0 35913728
1731698147118 949.0 35946496
1731698180208 950.0 35979264
1731698214201 950.0 36012032
1731698247505 950.0 36044800
1731698281365 950.0 36077568
1731698315693 950.0 36110336
1731698350000 950.0 36143104
1731698384051 950.0 36175872
1731698417577 950.0 36208640
1731698451433 950.0 36241408
1731698484898 950.0 36274176
1731698518740 950.0 36306944
1731698552944 950.0 36339712
1731698586527 950.0 36372480
1731698620188 950.0 36405248
1731698654798 950.0 36438016
1731698688626 950.0 36470784
1731698722982 950.0 36503552
1731698756604 950.0 36536320
1731698790763 950.0 36569088
1731698825054 950.0 36601856
1731698858580 950.0 36634624
1731698892552 950.0 36667392
1731698926587 950.0 36700160
1731698961399 950.0 36732928
1731698994998 950.0 36765696
1731699028230 950.0 36798464
1731699063313 950.0 36831232
1731699096970 950.0 36864000
1731699130675 950.0 36896768
1731699163944 950.0 36929536
1731699198884 950.0 36962304
1731699232396 950.0 36995072
1731699265931 950.0 37027840
1731699299929 950.0 37060608
1731699334270 950.0 37093376
1731699369363 950.0 37126144
1731699403142 950.0 37158912
1731699436901 950.0 37191680
1731699470181 950.0 37224448
1731699503899 950.0 37257216
1731699538612 950.0 37289984
1731699572119 950.0 37322752
1731699605791 950.0 37355520
1731699639275 950.0 37388288
1731699673195 950.0 37421056
1731699708206 950.0 37453824
1731699741874 950.0 37486592
1731699775739 950.0 37519360
1731699809354 950.0 37552128
1731699843276 950.0 37584896
1731699877217 950.0 37617664
1731699910024 950.0 37650432
1731699944040 950.0 37683200
1731699978006 950.0 37715968
1731700011090 950.0 37748736
1731700045045 950.0 37781504
1731700079123 950.0 37814272
1731700113066 950.0 37847040
1731700147158 950.0 37879808
1731700181167 950.0 37912576
1731700215308 950.0 37945344
1731700248279 950.0 37978112
1731700282182 950.0 38010880
1731700315505 950.0 38043648
1731700349401 950.0 38076416
1731700383500 950.0 38109184
1731700416573 950.0 38141952
1731700450333 950.0 38174720
1731700484504 950.0 38207488
1731700519519 950.0 38240256
1731700553194 950.0 38273024
1731700586501 951.0 38305792
1731700620383 951.0 38338560
1731700654115 951.0 38371328
1731700688089 951.0 38404096
1731700721396 951.0 38436864
1731700756003 951.0 38469632
1731700790077 951.0 38502400
1731700823698 951.0 38535168
1731700857804 951.0 38567936
1731700890878 951.0 38600704
1731700924181 951.0 38633472
1731700957380 951.0 38666240
1731700991032 951.0 38699008
1731701025345 951.0 38731776
1731701059287 951.0 38764544
1731701093368 951.0 38797312
1731701127405 951.0 38830080
1731701161439 951.0 38862848
1731701195972 951.0 38895616
1731701229589 951.0 38928384
1731701263161 951.0 38961152
1731701297001 951.0 38993920
1731701331833 951.0 39026688
1731701366356 951.0 39059456
1731701399789 951.0 39092224
1731701433222 951.0 39124992
1731701468167 951.0 39157760
1731701503110 951.0 39190528
1731701537284 951.0 39223296
1731701570612 951.0 39256064
1731701605256 951.0 39288832
1731701638755 951.0 39321600
1731701671679 951.0 39354368
1731701706230 951.0 39387136
1731701739916 951.0 39419904
1731701773628 951.0 39452672
1731701806902 951.0 39485440
1731701840270 951.0 39518208
1731701875105 951.0 39550976
1731701908696 951.0 39583744
1731701943003 951.0 39616512
1731701979826 951.0 39649280
1731702014650 951.0 39682048
1731702047965 951.0 39714816
1731702081722 951.0 39747584
1731702117310 951.0 39780352
1731702151403 951.0 39813120
1731702185927 951.0 39845888
1731702221633 951.0 39878656
1731702255582 951.0 39911424
1731702289825 951.0 39944192
1731702324841 951.0 39976960
1731702359548 951.0 40009728
1731702392620 951.0 40042496
1731702427068 951.0 40075264
1731702460708 951.0 40108032
1731702494048 951.0 40140800
1731702528863 951.0 40173568
1731702562322 951.0 40206336
1731702596430 951.0 40239104
1731702630719 951.0 40271872
1731702664409 951.0 40304640
1731702698589 951.0 40337408
1731702731683 951.0 40370176
1731702765180 951.0 40402944
1731702798763 951.0 40435712
1731702832803 951.0 40468480
1731702866674 951.0 40501248
1731702899854 951.0 40534016
1731702932983 951.0 40566784
1731702967001 951.0 40599552
1731703000505 951.0 40632320
1731703035397 951.0 40665088
1731703068864 951.0 40697856
1731703102396 951.0 40730624
1731703136752 951.0 40763392
1731703171016 951.0 40796160
1731703204832 951.0 40828928
1731703237964 951.0 40861696
1731703271647 951.0 40894464
1731703306327 951.0 40927232
1731703340385 951.0 40960000
1731703374326 951.0 40992768
1731703407571 951.0 41025536
1731703440908 951.0 41058304
1731703474631 951.0 41091072
1731703508542 951.0 41123840
1731703542054 951.0 41156608
1731703576395 951.0 41189376
1731703609885 951.0 41222144
1731703644096 951.0 41254912
1731703678458 951.0 41287680
1731703711590 951.0 41320448
1731703745798 952.0 41353216
1731703780729 951.0 41385984
1731703814102 952.0 41418752
1731703848127 952.0 41451520
1731703881948 952.0 41484288
1731703915499 952.0 41517056
1731703948695 952.0 41549824
1731703981764 952.0 41582592
1731704015529 952.0 41615360
1731704048933 952.0 41648128
1731704083018 952.0 41680896
1731704116867 952.0 41713664
1731704150583 952.0 41746432
1731704184907 952.0 41779200
1731704219505 952.0 41811968
1731704253872 952.0 41844736
1731704287804 952.0 41877504
1731704321012 952.0 41910272
1731704355453 952.0 41943040
1731704389591 952.0 41975808
1731704423718 952.0 42008576
1731704456814 952.0 42041344
1731704489771 952.0 42074112
