1731660315230 1.0 32768
1731660349045 2.0 65536
1731660383363 3.0 98304
1731660417249 4.0 131072
1731660451357 5.0 163840
1731660484354 6.0 196608
1731660518574 7.0 229376
1731660553494 8.0 262144
1731660587864 9.0 294912
1731660623093 10.0 327680
1731660655563 11.0 360448
1731660688781 12.0 393216
1731660723827 13.0 425984
1731660759310 14.0 458752
1731660795486 15.0 491520
1731660830931 16.0 524288
1731660866670 17.0 557056
1731660901794 18.0 589824
1731660937648 19.0 622592
1731660974305 20.0 655360
1731661007329 21.0 688128
1731661043860 22.0 720896
1731661079680 23.0 753664
1731661115726 24.0 786432
1731661153368 25.0 819200
1731661187301 26.0 851968
1731661223875 27.0 884736
1731661259092 28.0 917504
1731661293971 29.0 950272
1731661330884 30.0 983040
1731661364723 31.0 1015808
1731661400635 32.0 1048576
1731661434558 33.0 1081344
1731661469157 34.0 1114112
1731661504491 35.0 1146880
1731661537657 36.0 1179648
1731661571312 37.0 1212416
1731661605143 38.0 1245184
1731661639209 39.0 1277952
1731661675742 40.0 1310720
1731661709504 41.0 1343488
1731661744012 42.0 1376256
1731661777736 43.0 1409024
1731661812393 44.0 1441792
1731661845401 45.0 1474560
1731661879232 46.0 1507328
1731661914223 47.0 1540096
1731661947847 48.0 1572864
1731661983823 49.0 1605632
1731662016706 50.0 1638400
1731662050892 51.0 1671168
1731662086137 52.0 1703936
1731662121302 53.0 1736704
1731662156712 54.0 1769472
1731662190634 55.0 1802240
1731662226683 56.0 1835008
1731662261439 57.0 1867776
1731662295522 58.0 1900544
1731662330746 59.0 1933312
1731662364222 60.0 1966080
1731662398841 61.0 1998848
1731662433742 62.0 2031616
1731662467281 63.0 2064384
1731662505663 64.0 2097152
1731662539931 65.0 2129920
1731662574473 66.0 2162688
1731662609419 67.0 2195456
1731662644753 68.0 2228224
1731662680773 69.0 2260992
1731662716069 70.0 2293760
1731662751630 71.0 2326528
1731662787094 72.0 2359296
1731662823686 73.0 2392064
1731662860570 74.0 2424832
1731662894765 75.0 2457600
1731662930133 76.0 2490368
1731662965326 77.0 2523136
1731663001134 78.0 2555904
1731663036725 79.0 2588672
1731663070859 80.0 2621440
1731663106427 81.0 2654208
1731663142476 82.0 2686976
1731663178483 83.0 2719744
1731663214431 84.0 2752512
1731663249740 85.0 2785280
1731663285565 86.0 2818048
1731663320452 87.0 2850816
1731663356955 88.0 2883584
1731663391968 89.0 2916352
1731663427978 90.0 2949120
1731663463867 91.0 2981888
1731663500446 92.0 3014656
1731663535990 93.0 3047424
1731663571038 94.0 3080192
1731663606572 95.0 3112960
1731663641332 96.0 3145728
1731663678060 97.0 3178496
1731663714961 98.0 3211264
1731663749463 99.0 3244032
1731663786295 100.0 3276800
1731663821647 101.0 3309568
1731663855780 102.0 3342336
1731663891110 103.0 3375104
1731663925250 104.0 3407872
1731663960979 105.0 3440640
1731663995036 106.0 3473408
1731664030294 107.0 3506176
1731664067586 108.0 3538944
1731664102687 109.0 3571712
1731664138377 110.0 3604480
1731664174722 111.0 3637248
1731664211958 112.0 3670016
1731664248249 113.0 3702784
1731664283834 114.0 3735552
1731664320747 115.0 3768320
1731664356439 116.0 3801088
1731664392409 117.0 3833856
1731664428934 118.0 3866624
1731664464131 119.0 3899392
1731664499632 120.0 3932160
1731664534914 121.0 3964928
1731664569728 122.0 3997696
1731664606251 123.0 4030464
1731664641564 124.0 4063232
1731664676063 125.0 4096000
1731664710785 126.0 4128768
1731664746522 127.0 4161536
1731664781299 128.0 4194304
1731664816920 129.0 4227072
1731664852658 130.0 4259840
1731664888217 131.0 4292608
1731664926597 132.0 4325376
1731664961790 133.0 4358144
1731664997489 134.0 4390912
1731665033311 135.0 4423680
1731665069836 136.0 4456448
1731665107548 137.0 4489216
1731665143262 138.0 4521984
1731665179023 139.0 4554752
1731665213301 140.0 4587520
1731665248341 141.0 4620288
1731665286022 142.0 4653056
1731665322013 143.0 4685824
1731665358178 144.0 4718592
1731665394239 145.0 4751360
1731665430006 146.0 4784128
1731665466064 147.0 4816896
1731665504578 148.0 4849664
1731665541910 149.0 4882432
1731665578013 150.0 4915200
1731665613577 151.0 4947968
1731665651415 152.0 4980736
1731665687174 153.0 5013504
1731665723015 154.0 5046272
1731665758861 155.0 5079040
1731665793233 156.0 5111808
1731665828106 157.0 5144576
1731665861659 158.0 5177344
1731665895694 159.0 5210112
1731665930016 160.0 5242880
1731665964781 161.0 5275648
1731665999098 162.0 5308416
1731666033278 163.0 5341184
1731666067329 164.0 5373952
1731666101991 165.0 5406720
1731666137022 166.0 5439488
1731666172024 167.0 5472256
1731666206299 168.0 5505024
1731666240619 169.0 5537792
1731666276020 170.0 5570560
1731666311649 171.0 5603328
1731666347583 172.0 5636096
1731666382283 173.0 5668864
1731666416915 174.0 5701632
1731666451611 175.0 5734400
1731666487860 176.0 5767168
1731666522647 177.0 5799936
1731666559096 178.0 5832704
1731666594095 179.0 5865472
1731666629417 180.0 5898240
1731666665189 181.0 5931008
1731666700114 182.0 5963776
1731666733972 183.0 5996544
1731666769818 184.0 6029312
1731666804628 185.0 6062080
1731666840589 186.0 6094848
1731666875715 187.0 6127616
1731666911293 188.0 6160384
1731666947564 189.0 6193152
1731666984241 190.0 6225920
1731667023360 191.0 6258688
1731667058326 192.0 6291456
1731667094399 193.0 6324224
1731667131655 194.0 6356992
1731667168016 195.0 6389760
1731667204677 196.0 6422528
1731667239004 197.0 6455296
1731667275322 198.0 6488064
1731667312670 199.0 6520832
1731667349162 200.0 6553600
1731667386368 201.0 6586368
1731667421458 202.0 6619136
1731667455785 203.0 6651904
1731667492311 204.0 6684672
1731667527062 205.0 6717440
1731667562318 206.0 6750208
1731667597615 207.0 6782976
1731667632049 208.0 6815744
1731667666986 209.0 6848512
1731667703228 210.0 6881280
1731667737664 211.0 6914048
1731667771870 212.0 6946816
1731667808209 213.0 6979584
1731667843245 214.0 7012352
1731667880676 215.0 7045120
1731667916136 216.0 7077888
1731667952108 217.0 7110656
1731667987273 218.0 7143424
1731668021596 219.0 7176192
1731668057211 220.0 7208960
1731668092146 221.0 7241728
1731668128711 222.0 7274496
1731668164198 223.0 7307264
1731668199081 224.0 7340032
1731668235385 225.0 7372800
1731668270292 226.0 7405568
1731668305141 227.0 7438336
1731668340777 228.0 7471104
1731668377492 229.0 7503872
1731668413984 230.0 7536640
1731668449175 231.0 7569408
1731668483643 232.0 7602176
1731668518851 233.0 7634944
1731668554725 234.0 7667712
1731668590717 235.0 7700480
1731668626671 236.0 7733248
1731668663390 237.0 7766016
1731668699869 238.0 7798784
1731668735566 239.0 7831552
1731668771319 240.0 7864320
1731668805683 241.0 7897088
1731668840368 242.0 7929856
1731668875729 243.0 7962624
1731668911127 244.0 7995392
1731668947620 245.0 8028160
1731668982467 246.0 8060928
1731669017888 247.0 8093696
1731669052886 248.0 8126464
1731669089775 249.0 8159232
1731669127827 250.0 8192000
1731669161669 251.0 8224768
1731669198062 252.0 8257536
1731669233039 253.0 8290304
1731669269987 254.0 8323072
1731669304229 255.0 8355840
1731669338125 256.0 8388608
1731669372350 257.0 8421376
1731669406478 258.0 8454144
1731669442940 259.0 8486912
1731669477500 260.0 8519680
1731669512659 261.0 8552448
1731669547698 262.0 8585216
1731669584032 263.0 8617984
1731669620204 264.0 8650752
1731669654176 265.0 8683520
1731669690020 266.0 8716288
1731669725078 267.0 8749056
1731669760626 268.0 8781824
1731669797239 269.0 8814592
1731669830991 270.0 8847360
1731669865779 271.0 8880128
1731669899885 272.0 8912896
1731669935460 273.0 8945664
1731669972079 274.0 8978432
1731670005600 275.0 9011200
1731670040995 276.0 9043968
1731670075240 277.0 9076736
1731670109036 278.0 9109504
1731670144251 279.0 9142272
1731670178087 280.0 9175040
1731670213081 281.0 9207808
1731670247947 282.0 9240576
1731670281328 283.0 9273344
1731670317506 284.0 9306112
1731670351329 285.0 9338880
1731670386493 286.0 9371648
1731670421675 287.0 9404416
1731670457455 288.0 9437184
1731670491964 289.0 9469952
1731670525297 290.0 9502720
1731670560095 291.0 9535488
1731670593581 292.0 9568256
1731670629651 293.0 9601024
1731670663039 294.0 9633792
1731670697231 295.0 9666560
1731670731640 296.0 9699328
1731670766438 297.0 9732096
1731670801633 298.0 9764864
1731670835085 299.0 9797632
1731670868680 300.0 9830400
1731670903143 301.0 9863168
1731670936477 302.0 9895936
1731670971581 303.0 9928704
1731671004800 304.0 9961472
1731671039087 305.0 9994240
1731671073261 306.0 10027008
1731671106760 307.0 10059776
1731671141833 308.0 10092544
1731671175974 309.0 10125312
1731671210111 310.0 10158080
1731671244989 311.0 10190848
1731671279278 312.0 10223616
1731671314182 313.0 10256384
1731671347519 314.0 10289152
1731671381805 315.0 10321920
1731671415678 316.0 10354688
1731671449527 317.0 10387456
1731671484980 318.0 10420224
1731671518116 319.0 10452992
1731671552471 320.0 10485760
1731671586646 321.0 10518528
1731671619778 322.0 10551296
1731671654004 323.0 10584064
1731671687923 324.0 10616832
1731671722892 325.0 10649600
1731671757481 326.0 10682368
1731671791462 327.0 10715136
1731671825592 328.0 10747904
1731671859176 329.0 10780672
1731671893324 330.0 10813440
1731671927296 331.0 10846208
1731671962351 332.0 10878976
1731671996753 333.0 10911744
1731672031692 334.0 10944512
1731672065323 335.0 10977280
1731672099921 336.0 11010048
1731672134536 337.0 11042816
1731672167914 338.0 11075584
1731672201591 339.0 11108352
1731672235612 340.0 11141120
1731672269133 341.0 11173888
1731672304947 342.0 11206656
1731672338476 343.0 11239424
1731672372607 344.0 11272192
1731672405574 345.0 11304960
1731672439321 346.0 11337728
1731672475184 347.0 11370496
1731672508981 348.0 11403264
1731672542854 349.0 11436032
1731672576749 350.0 11468800
1731672610670 351.0 11501568
1731672645879 352.0 11534336
1731672679139 353.0 11567104
1731672714722 354.0 11599872
1731672748523 355.0 11632640
1731672782964 356.0 11665408
1731672819216 357.0 11698176
1731672852096 358.0 11730944
1731672885838 359.0 11763712
1731672919889 360.0 11796480
1731672953757 361.0 11829248
1731672988849 362.0 11862016
1731673022105 363.0 11894784
1731673055713 364.0 11927552
1731673090169 365.0 11960320
1731673124126 366.0 11993088
1731673159119 367.0 12025856
1731673192946 368.0 12058624
1731673227450 369.0 12091392
1731673261965 370.0 12124160
1731673295984 371.0 12156928
1731673330730 372.0 12189696
1731673364749 373.0 12222464
1731673399009 374.0 12255232
1731673432775 375.0 12288000
1731673466908 376.0 12320768
1731673500495 377.0 12353536
1731673534527 378.0 12386304
1731673567964 379.0 12419072
1731673602728 380.0 12451840
1731673638548 381.0 12484608
1731673672447 382.0 12517376
1731673706554 383.0 12550144
1731673740643 384.0 12582912
1731673776561 385.0 12615680
1731673811483 386.0 12648448
1731673845279 387.0 12681216
1731673880046 388.0 12713984
1731673913642 389.0 12746752
1731673947135 390.0 12779520
1731673982236 391.0 12812288
1731674015584 392.0 12845056
1731674050065 393.0 12877824
1731674084139 394.0 12910592
1731674118334 395.0 12943360
1731674153518 396.0 12976128
1731674187552 397.0 13008896
1731674221360 398.0 13041664
1731674254732 399.0 13074432
1731674287989 400.0 13107200
1731674323379 401.0 13139968
1731674357219 402.0 13172736
1731674391450 403.0 13205504
1731674425548 404.0 13238272
1731674459396 405.0 13271040
1731674495102 406.0 13303808
1731674529742 407.0 13336576
1731674563176 408.0 13369344
1731674597107 409.0 13402112
1731674630787 410.0 13434880
1731674667732 411.0 13467648
1731674701700 412.0 13500416
1731674735145 413.0 13533184
1731674769042 414.0 13565952
1731674802702 415.0 13598720
1731674838321 416.0 13631488
1731674871954 417.0 13664256
1731674906169 418.0 13697024
1731674940171 419.0 13729792
1731674974757 420.0 13762560
1731675008659 421.0 13795328
1731675042507 422.0 13828096
1731675076129 423.0 13860864
1731675110023 424.0 13893632
1731675144743 425.0 13926400
1731675178687 426.0 13959168
1731675212937 427.0 13991936
1731675246361 428.0 14024704
1731675280249 429.0 14057472
1731675314502 430.0 14090240
1731675347831 431.0 14123008
1731675381598 432.0 14155776
1731675415106 433.0 14188544
1731675449087 434.0 14221312
1731675483289 435.0 14254080
1731675517452 436.0 14286848
1731675551374 437.0 14319616
1731675584831 438.0 14352384
1731675618863 439.0 14385152
1731675653637 440.0 14417920
1731675687460 441.0 14450688
1731675721252 442.0 14483456
1731675757355 443.0 14516224
1731675790364 444.0 14548992
1731675824305 445.0 14581760
1731675858716 446.0 14614528
1731675892836 447.0 14647296
1731675927115 448.0 14680064
1731675960366 449.0 14712832
1731675994109 450.0 14745600
1731676027945 451.0 14778368
1731676061597 452.0 14811136
1731676095678 453.0 14843904
1731676129960 454.0 14876672
1731676165183 455.0 14909440
1731676199102 456.0 14942208
1731676233613 457.0 14974976
1731676267438 458.0 15007744
1731676301645 459.0 15040512
1731676334794 460.0 15073280
1731676368233 461.0 15106048
1731676403865 462.0 15138816
1731676437542 463.0 15171584
1731676471883 464.0 15204352
1731676505041 465.0 15237120
1731676539078 466.0 15269888
1731676574083 467.0 15302656
1731676607292 468.0 15335424
1731676641490 469.0 15368192
1731676675103 470.0 15400960
1731676708843 471.0 15433728
1731676742548 472.0 15466496
1731676776936 473.0 15499264
1731676811782 474.0 15532032
1731676845573 475.0 15564800
1731676879117 476.0 15597568
1731676913701 477.0 15630336
1731676947578 478.0 15663104
1731676982193 479.0 15695872
1731677016017 480.0 15728640
1731677050487 481.0 15761408
1731677084678 482.0 15794176
1731677118183 483.0 15826944
1731677152612 484.0 15859712
1731677186230 485.0 15892480
1731677220412 486.0 15925248
1731677254353 487.0 15958016
1731677289199 488.0 15990784
1731677324094 489.0 16023552
1731677357040 490.0 16056320
1731677390966 491.0 16089088
1731677424635 492.0 16121856
1731677458477 493.0 16154624
1731677494015 494.0 16187392
1731677527842 495.0 16220160
1731677560596 496.0 16252928
1731677594508 497.0 16285696
1731677628746 498.0 16318464
1731677663800 499.0 16351232
1731677696967 500.0 16384000
1731677731272 501.0 16416768
1731677765092 502.0 16449536
1731677799178 503.0 16482304
1731677832583 504.0 16515072
1731677866987 505.0 16547840
1731677903265 506.0 16580608
1731677937411 507.0 16613376
1731677972346 508.0 16646144
1731678005730 509.0 16678912
1731678039690 510.0 16711680
1731678074426 511.0 16744448
1731678109494 512.0 16777216
1731678143452 513.0 16809984
1731678176293 514.0 16842752
1731678210146 515.0 16875520
1731678243752 516.0 16908288
1731678277093 517.0 16941056
1731678312364 518.0 16973824
1731678345454 519.0 17006592
1731678379076 520.0 17039360
1731678412879 521.0 17072128
1731678447474 522.0 17104896
1731678482557 523.0 17137664
1731678515659 524.0 17170432
1731678548541 525.0 17203200
1731678581366 526.0 17235968
1731678614747 527.0 17268736
1731678650359 528.0 17301504
1731678684069 529.0 17334272
1731678717443 530.0 17367040
1731678750791 531.0 17399808
1731678784360 532.0 17432576
1731678818177 533.0 17465344
1731678852155 534.0 17498112
1731678885870 535.0 17530880
1731678919488 536.0 17563648
1731678954391 537.0 17596416
1731678991082 538.0 17629184
1731679024464 539.0 17661952
1731679057785 540.0 17694720
1731679092433 541.0 17727488
1731679126968 542.0 17760256
1731679159589 543.0 17793024
1731679193996 544.0 17825792
1731679228679 545.0 17858560
1731679261999 546.0 17891328
1731679296479 547.0 17924096
1731679330464 548.0 17956864
1731679364710 549.0 17989632
1731679399164 550.0 18022400
1731679433307 551.0 18055168
1731679467807 552.0 18087936
1731679500737 553.0 18120704
1731679534555 554.0 18153472
1731679568761 555.0 18186240
1731679603537 556.0 18219008
1731679637767 557.0 18251776
1731679671333 558.0 18284544
1731679706372 559.0 18317312
1731679740428 560.0 18350080
1731679775114 561.0 18382848
1731679811558 562.0 18415616
1731679844476 563.0 18448384
1731679878510 564.0 18481152
1731679913240 565.0 18513920
1731679947231 566.0 18546688
1731679981793 567.0 18579456
1731680015258 568.0 18612224
1731680048984 569.0 18644992
1731680082598 570.0 18677760
1731680116313 571.0 18710528
1731680151387 572.0 18743296
1731680185307 573.0 18776064
1731680219101 574.0 18808832
1731680253316 575.0 18841600
1731680287429 576.0 18874368
1731680321490 577.0 18907136
1731680354432 578.0 18939904
1731680387880 579.0 18972672
1731680421564 580.0 19005440
1731680455827 581.0 19038208
1731680491151 582.0 19070976
1731680525209 583.0 19103744
1731680559221 584.0 19136512
1731680592388 585.0 19169280
1731680627185 586.0 19202048
1731680661271 587.0 19234816
1731680695659 588.0 19267584
1731680730809 589.0 19300352
1731680764732 590.0 19333120
1731680800296 591.0 19365888
1731680833469 592.0 19398656
1731680869620 593.0 19431424
1731680903764 594.0 19464192
1731680938222 595.0 19496960
1731680973528 596.0 19529728
1731681010449 597.0 19562496
1731681045820 598.0 19595264
1731681080707 599.0 19628032
1731681114789 600.0 19660800
1731681149663 601.0 19693568
1731681183867 602.0 19726336
1731681217601 603.0 19759104
1731681251993 604.0 19791872
1731681286388 605.0 19824640
1731681321292 606.0 19857408
1731681354795 607.0 19890176
1731681389877 608.0 19922944
1731681426276 609.0 19955712
1731681460052 610.0 19988480
1731681495462 611.0 20021248
1731681528517 612.0 20054016
1731681563032 613.0 20086784
1731681598193 614.0 20119552
1731681632120 615.0 20152320
1731681666602 616.0 20185088
1731681700556 617.0 20217856
1731681733867 618.0 20250624
1731681767326 619.0 20283392
1731681800979 620.0 20316160
1731681835285 621.0 20348928
1731681868618 622.0 20381696
1731681902974 623.0 20414464
1731681936657 624.0 20447232
1731681972590 625.0 20480000
1731682005701 626.0 20512768
1731682040524 627.0 20545536
1731682075525 628.0 20578304
1731682109240 629.0 20611072
1731682143305 630.0 20643840
1731682177212 631.0 20676608
1731682210945 632.0 20709376
1731682245033 633.0 20742144
1731682279522 634.0 20774912
1731682314073 635.0 20807680
1731682347647 636.0 20840448
1731682381860 637.0 20873216
1731682419740 638.0 20905984
1731682453223 639.0 20938752
1731682488291 640.0 20971520
1731682521823 641.0 21004288
1731682555847 642.0 21037056
1731682589634 643.0 21069824
1731682623699 644.0 21102592
1731682657697 645.0 21135360
1731682691826 646.0 21168128
1731682725149 647.0 21200896
1731682759164 648.0 21233664
1731682793181 649.0 21266432
1731682827501 650.0 21299200
1731682860363 651.0 21331968
1731682894431 652.0 21364736
1731682928694 653.0 21397504
1731682962449 654.0 21430272
1731682997132 655.0 21463040
1731683030880 656.0 21495808
1731683064777 657.0 21528576
1731683099017 658.0 21561344
1731683132542 659.0 21594112
1731683166559 660.0 21626880
1731683200348 661.0 21659648
1731683234738 662.0 21692416
1731683269022 663.0 21725184
1731683302812 664.0 21757952
1731683336984 665.0 21790720
1731683370275 666.0 21823488
1731683403615 667.0 21856256
1731683437337 668.0 21889024
1731683472237 669.0 21921792
1731683506452 670.0 21954560
1731683539857 671.0 21987328
1731683573381 672.0 22020096
1731683607861 673.0 22052864
1731683642414 674.0 22085632
1731683675776 675.0 22118400
1731683709245 676.0 22151168
1731683742619 677.0 22183936
1731683777097 678.0 22216704
1731683811736 679.0 22249472
1731683845247 680.0 22282240
1731683879222 681.0 22315008
1731683913083 682.0 22347776
1731683946348 683.0 22380544
1731683981984 684.0 22413312
1731684014981 685.0 22446080
1731684049592 686.0 22478848
1731684082781 687.0 22511616
1731684115857 688.0 22544384
1731684150821 689.0 22577152
1731684184459 690.0 22609920
1731684219281 691.0 22642688
1731684253305 692.0 22675456
1731684287879 693.0 22708224
1731684322196 694.0 22740992
1731684356245 695.0 22773760
1731684390127 696.0 22806528
1731684423085 697.0 22839296
1731684456095 698.0 22872064
1731684490515 699.0 22904832
1731684523493 700.0 22937600
1731684556805 701.0 22970368
1731684590045 702.0 23003136
1731684624474 703.0 23035904
1731684658826 704.0 23068672
1731684692758 705.0 23101440
1731684727150 706.0 23134208
1731684760972 707.0 23166976
1731684795223 708.0 23199744
1731684829869 709.0 23232512
1731684863409 710.0 23265280
1731684897313 711.0 23298048
1731684931597 712.0 23330816
1731684966322 713.0 23363584
1731684999458 714.0 23396352
1731685033870 715.0 23429120
1731685067397 716.0 23461888
1731685101112 717.0 23494656
1731685136890 718.0 23527424
1731685171469 719.0 23560192
1731685205370 720.0 23592960
1731685239843 721.0 23625728
1731685274633 722.0 23658496
1731685310349 723.0 23691264
1731685344318 724.0 23724032
1731685378770 725.0 23756800
1731685413128 726.0 23789568
1731685447035 727.0 23822336
1731685481870 728.0 23855104
1731685515039 729.0 23887872
1731685549310 730.0 23920640
1731685583678 731.0 23953408
1731685618037 732.0 23986176
1731685652958 733.0 24018944
1731685687318 734.0 24051712
1731685721105 735.0 24084480
1731685754710 736.0 24117248
1731685790145 737.0 24150016
1731685824622 738.0 24182784
1731685858620 739.0 24215552
1731685893169 740.0 24248320
1731685927150 741.0 24281088
1731685965907 742.0 24313856
1731686000433 743.0 24346624
1731686034012 744.0 24379392
1731686067561 745.0 24412160
1731686101128 746.0 24444928
1731686135411 747.0 24477696
1731686169599 748.0 24510464
1731686203613 749.0 24543232
1731686237028 750.0 24576000
1731686270920 751.0 24608768
1731686304865 752.0 24641536
1731686338790 753.0 24674304
1731686372562 754.0 24707072
1731686407096 755.0 24739840
1731686441709 756.0 24772608
1731686476916 757.0 24805376
1731686510198 758.0 24838144
1731686544291 759.0 24870912
1731686578360 760.0 24903680
1731686611700 761.0 24936448
1731686645685 762.0 24969216
1731686679393 763.0 25001984
1731686713816 764.0 25034752
1731686748156 765.0 25067520
1731686781774 766.0 25100288
1731686816382 767.0 25133056
1731686850217 768.0 25165824
1731686884618 769.0 25198592
1731686918825 770.0 25231360
1731686952896 771.0 25264128
1731686988846 772.0 25296896
1731687022649 773.0 25329664
1731687056015 774.0 25362432
1731687091059 775.0 25395200
1731687125724 776.0 25427968
1731687160339 777.0 25460736
1731687194262 778.0 25493504
1731687229377 779.0 25526272
1731687264175 780.0 25559040
1731687298166 781.0 25591808
1731687335705 782.0 25624576
1731687368956 783.0 25657344
1731687403107 784.0 25690112
1731687437326 785.0 25722880
1731687471477 786.0 25755648
1731687506186 787.0 25788416
1731687540291 788.0 25821184
1731687575228 789.0 25853952
1731687609792 790.0 25886720
1731687643608 791.0 25919488
1731687678494 792.0 25952256
1731687711136 793.0 25985024
1731687745315 794.0 26017792
1731687779337 795.0 26050560
1731687815566 796.0 26083328
1731687849105 797.0 26116096
1731687885697 798.0 26148864
1731687921396 799.0 26181632
1731687956080 800.0 26214400
1731687990529 801.0 26247168
1731688024065 802.0 26279936
1731688058824 803.0 26312704
1731688092678 804.0 26345472
1731688126742 805.0 26378240
1731688161484 806.0 26411008
1731688194866 807.0 26443776
1731688229373 808.0 26476544
1731688263280 809.0 26509312
1731688297257 810.0 26542080
1731688332682 811.0 26574848
1731688366870 812.0 26607616
1731688400363 813.0 26640384
1731688432899 814.0 26673152
1731688466415 815.0 26705920
1731688500897 816.0 26738688
1731688534440 817.0 26771456
1731688568505 818.0 26804224
1731688602733 819.0 26836992
1731688636238 820.0 26869760
1731688670527 821.0 26902528
1731688703745 822.0 26935296
1731688737239 823.0 26968064
1731688770943 824.0 27000832
1731688804698 825.0 27033600
1731688839366 826.0 27066368
1731688872972 827.0 27099136
1731688907577 828.0 27131904
1731688941099 829.0 27164672
1731688974960 830.0 27197440
1731689010554 831.0 27230208
1731689044067 832.0 27262976
1731689078447 833.0 27295744
1731689111408 834.0 27328512
1731689146770 835.0 27361280
1731689181223 836.0 27394048
1731689215867 837.0 27426816
1731689250112 838.0 27459584
1731689284409 839.0 27492352
1731689319253 840.0 27525120
1731689353442 841.0 27557888
1731689388331 842.0 27590656
1731689422089 843.0 27623424
1731689456189 844.0 27656192
1731689491404 845.0 27688960
1731689524577 846.0 27721728
1731689558881 847.0 27754496
1731689592374 848.0 27787264
1731689626800 849.0 27820032
1731689663447 850.0 27852800
1731689696786 851.0 27885568
1731689731384 852.0 27918336
1731689764766 853.0 27951104
1731689798355 854.0 27983872
1731689833307 855.0 28016640
1731689867045 856.0 28049408
1731689901040 857.0 28082176
1731689935001 858.0 28114944
1731689969356 859.0 28147712
1731690004368 860.0 28180480
1731690038153 861.0 28213248
1731690072245 862.0 28246016
1731690107637 863.0 28278784
1731690142440 864.0 28311552
1731690177234 865.0 28344320
1731690210820 866.0 28377088
1731690245328 867.0 28409856
1731690279143 868.0 28442624
1731690313429 869.0 28475392
1731690349035 870.0 28508160
1731690382106 871.0 28540928
1731690416296 872.0 28573696
1731690451051 873.0 28606464
1731690484847 874.0 28639232
1731690519734 875.0 28672000
1731690552900 876.0 28704768
1731690586991 877.0 28737536
1731690621347 878.0 28770304
1731690656308 879.0 28803072
1731690691829 880.0 28835840
1731690726473 881.0 28868608
1731690762072 882.0 28901376
1731690796487 883.0 28934144
1731690831359 884.0 28966912
1731690865081 885.0 28999680
1731690906077 886.0 29032448
1731690939819 887.0 29065216
1731690974332 888.0 29097984
1731691008607 889.0 29130752
1731691042636 890.0 29163520
1731691076645 891.0 29196288
1731691111166 892.0 29229056
1731691145559 893.0 29261824
1731691180827 894.0 29294592
1731691214923 895.0 29327360
1731691249475 896.0 29360128
1731691283856 897.0 29392896
1731691319471 898.0 29425664
1731691355117 899.0 29458432
1731691388137 900.0 29491200
1731691422765 901.0 29523968
1731691456917 902.0 29556736
1731691491599 903.0 29589504
1731691526977 904.0 29622272
1731691560463 905.0 29655040
1731691595415 906.0 29687808
1731691629798 907.0 29720576
1731691663578 908.0 29753344
1731691699746 909.0 29786112
1731691734071 910.0 29818880
1731691768091 911.0 29851648
1731691802296 912.0 29884416
1731691836678 913.0 29917184
1731691873187 914.0 29949952
1731691906540 915.0 29982720
1731691941445 916.0 30015488
1731691977019 917.0 30048256
1731692012890 918.0 30081024
1731692045930 919.0 30113792
1731692080414 920.0 30146560
1731692115152 921.0 30179328
1731692149426 922.0 30212096
1731692184426 923.0 30244864
1731692217923 924.0 30277632
1731692252634 925.0 30310400
1731692287093 926.0 30343168
1731692321791 927.0 30375936
1731692359518 928.0 30408704
1731692393703 929.0 30441472
1731692428166 930.0 30474240
1731692461999 931.0 30507008
1731692496839 932.0 30539776
1731692537584 933.0 30572544
1731692571393 934.0 30605312
1731692605340 935.0 30638080
1731692639079 936.0 30670848
1731692673157 937.0 30703616
1731692710990 938.0 30736384
1731692745805 939.0 30769152
1731692779259 940.0 30801920
1731692813841 941.0 30834688
1731692848352 942.0 30867456
1731692883737 943.0 30900224
1731692917049 944.0 30932992
1731692951398 945.0 30965760
1731692986396 946.0 30998528
1731693021051 947.0 31031296
1731693056910 948.0 31064064
1731693091060 949.0 31096832
1731693125471 950.0 31129600
1731693159799 951.0 31162368
1731693194035 952.0 31195136
1731693229391 953.0 31227904
1731693262478 954.0 31260672
1731693297286 955.0 31293440
1731693332032 956.0 31326208
1731693367030 957.0 31358976
1731693401218 958.0 31391744
1731693434661 959.0 31424512
1731693468505 960.0 31457280
1731693503245 961.0 31490048
1731693538809 962.0 31522816
1731693571786 963.0 31555584
1731693605987 964.0 31588352
1731693641770 965.0 31621120
1731693677227 966.0 31653888
1731693712881 967.0 31686656
1731693746328 968.0 31719424
1731693780202 969.0 31752192
1731693814237 970.0 31784960
1731693848627 971.0 31817728
1731693883350 972.0 31850496
1731693917049 973.0 31883264
1731693950852 974.0 31916032
1731693984947 975.0 31948800
1731694019437 976.0 31981568
1731694055310 977.0 32014336
1731694088989 978.0 32047104
1731694123249 979.0 32079872
1731694156905 980.0 32112640
1731694190154 981.0 32145408
1731694224753 982.0 32178176
1731694258042 983.0 32210944
1731694293209 984.0 32243712
1731694327549 985.0 32276480
1731694361690 986.0 32309248
1731694396713 987.0 32342016
1731694430319 988.0 32374784
1731694464719 989.0 32407552
1731694498783 990.0 32440320
1731694532546 991.0 32473088
1731694567356 992.0 32505856
1731694600330 993.0 32538624
1731694634213 994.0 32571392
1731694668162 995.0 32604160
1731694701427 996.0 32636928
1731694735700 997.0 32669696
1731694768692 998.0 32702464
1731694802825 999.0 32735232
1731694837127 1000.0 32768000
1731694871642 1001.0 32800768
1731694905239 1002.0 32833536
1731694940117 1003.0 32866304
1731694974233 1004.0 32899072
1731695008272 1005.0 32931840
1731695042424 1006.0 32964608
1731695076579 1007.0 32997376
1731695110238 1008.0 33030144
1731695143629 1009.0 33062912
1731695177297 1010.0 33095680
1731695211768 1011.0 33128448
1731695245664 1012.0 33161216
1731695279071 1013.0 33193984
1731695312732 1014.0 33226752
1731695347284 1015.0 33259520
1731695382346 1016.0 33292288
1731695415591 1017.0 33325056
1731695449981 1018.0 33357824
1731695484407 1019.0 33390592
1731695518438 1020.0 33423360
1731695553389 1021.0 33456128
1731695586538 1022.0 33488896
1731695620175 1023.0 33521664
1731695653865 1024.0 33554432
1731695687943 1025.0 33587200
1731695722471 1026.0 33619968
1731695755795 1027.0 33652736
1731695795663 1028.0 33685504
1731695828977 1029.0 33718272
1731695863938 1030.0 33751040
1731695897951 1031.0 33783808
1731695931678 1032.0 33816576
1731695965532 1033.0 33849344
1731695999248 1034.0 33882112
1731696033545 1035.0 33914880
1731696067720 1036.0 33947648
1731696102186 1037.0 33980416
1731696136230 1038.0 34013184
1731696170409 1039.0 34045952
1731696204317 1040.0 34078720
1731696238365 1041.0 34111488
1731696271354 1042.0 34144256
1731696308631 1043.0 34177024
1731696341979 1044.0 34209792
1731696376185 1045.0 34242560
1731696409832 1046.0 34275328
1731696443801 1047.0 34308096
1731696478315 1048.0 34340864
1731696512460 1049.0 34373632
1731696546754 1050.0 34406400
1731696580136 1051.0 34439168
1731696614347 1052.0 34471936
1731696648342 1053.0 34504704
1731696682587 1054.0 34537472
1731696717547 1055.0 34570240
1731696750512 1056.0 34603008
1731696784813 1057.0 34635776
1731696818912 1058.0 34668544
1731696853243 1059.0 34701312
1731696888582 1060.0 34734080
1731696922514 1061.0 34766848
1731696955970 1062.0 34799616
1731696990083 1063.0 34832384
1731697023761 1064.0 34865152
1731697057685 1065.0 34897920
1731697091192 1066.0 34930688
1731697125363 1067.0 34963456
1731697159137 1068.0 34996224
1731697193552 1069.0 35028992
1731697227596 1070.0 35061760
1731697261405 1071.0 35094528
1731697295351 1072.0 35127296
1731697328542 1073.0 35160064
1731697362750 1074.0 35192832
1731697398102 1075.0 35225600
1731697431557 1076.0 35258368
1731697464937 1077.0 35291136
1731697498556 1078.0 35323904
1731697532735 1079.0 35356672
1731697568308 1080.0 35389440
1731697602388 1081.0 35422208
1731697635823 1082.0 35454976
1731697670144 1083.0 35487744
1731697704526 1084.0 35520512
1731697738354 1085.0 35553280
1731697772261 1086.0 35586048
1731697807083 1087.0 35618816
1731697840325 1088.0 35651584
1731697874448 1089.0 35684352
1731697908788 1090.0 35717120
1731697942384 1091.0 35749888
1731697976257 1092.0 35782656
1731698010385 1093.0 35815424
1731698044883 1094.0 35848192
1731698078915 1095.0 35880960
1731698113165 1096.0 35913728
1731698147180 1097.0 35946496
1731698180229 1098.0 35979264
1731698214219 1099.0 36012032
1731698247527 1100.0 36044800
1731698281404 1101.0 36077568
1731698315720 1102.0 36110336
1731698350051 1103.0 36143104
1731698384074 1104.0 36175872
1731698417620 1105.0 36208640
1731698451456 1106.0 36241408
1731698484944 1107.0 36274176
1731698518761 1108.0 36306944
1731698553021 1109.0 36339712
1731698586563 1110.0 36372480
1731698620301 1111.0 36405248
1731698654850 1112.0 36438016
1731698688663 1113.0 36470784
1731698722995 1114.0 36503552
1731698756626 1115.0 36536320
1731698790791 1116.0 36569088
1731698825073 1117.0 36601856
1731698858599 1118.0 36634624
1731698892572 1119.0 36667392
1731698926627 1120.0 36700160
1731698961419 1121.0 36732928
1731698995026 1122.0 36765696
1731699028284 1123.0 36798464
1731699063357 1124.0 36831232
1731699096989 1125.0 36864000
1731699130704 1126.0 36896768
1731699163962 1127.0 36929536
1731699198902 1128.0 36962304
1731699232518 1129.0 36995072
1731699265950 1130.0 37027840
1731699299969 1131.0 37060608
1731699334330 1132.0 37093376
1731699369397 1133.0 37126144
1731699403179 1134.0 37158912
1731699436928 1135.0 37191680
1731699470200 1136.0 37224448
1731699503924 1137.0 37257216
1731699538630 1138.0 37289984
1731699572146 1139.0 37322752
1731699605882 1140.0 37355520
1731699639295 1141.0 37388288
1731699673228 1142.0 37421056
1731699708235 1143.0 37453824
1731699741891 1144.0 37486592
1731699775765 1145.0 37519360
1731699809389 1146.0 37552128
1731699843337 1147.0 37584896
1731699877244 1148.0 37617664
1731699910068 1149.0 37650432
1731699944079 1150.0 37683200
1731699978032 1151.0 37715968
1731700011114 1152.0 37748736
1731700045070 1153.0 37781504
1731700079152 1154.0 37814272
1731700113152 1155.0 37847040
1731700147191 1156.0 37879808
1731700181215 1157.0 37912576
1731700215328 1158.0 37945344
1731700248302 1159.0 37978112
1731700282200 1160.0 38010880
1731700315549 1161.0 38043648
1731700349423 1162.0 38076416
1731700383566 1163.0 38109184
1731700416603 1164.0 38141952
1731700450368 1165.0 38174720
1731700484526 1166.0 38207488
1731700519540 1167.0 38240256
1731700553222 1168.0 38273024
1731700586529 1169.0 38305792
1731700620425 1170.0 38338560
1731700654159 1171.0 38371328
1731700688107 1172.0 38404096
1731700721433 1173.0 38436864
1731700756029 1174.0 38469632
1731700790125 1175.0 38502400
1731700823718 1176.0 38535168
1731700857833 1177.0 38567936
1731700890898 1178.0 38600704
1731700924205 1179.0 38633472
1731700957456 1180.0 38666240
1731700991069 1181.0 38699008
1731701025368 1182.0 38731776
1731701059324 1183.0 38764544
1731701093389 1184.0 38797312
1731701127421 1185.0 38830080
1731701161469 1186.0 38862848
1731701195992 1187.0 38895616
1731701229608 1188.0 38928384
1731701263181 1189.0 38961152
1731701297029 1190.0 38993920
1731701331858 1191.0 39026688
1731701366369 1192.0 39059456
1731701399816 1193.0 39092224
1731701433279 1194.0 39124992
1731701468219 1195.0 39157760
1731701503158 1196.0 39190528
1731701537304 1197.0 39223296
1731701570655 1198.0 39256064
1731701605276 1199.0 39288832
1731701638859 1200.0 39321600
1731701671704 1201.0 39354368
1731701706260 1202.0 39387136
1731701740002 1203.0 39419904
1731701773675 1204.0 39452672
1731701806931 1205.0 39485440
1731701840323 1206.0 39518208
1731701875136 1207.0 39550976
1731701908751 1208.0 39583744
1731701943070 1209.0 39616512
1731701979856 1210.0 39649280
1731702014670 1211.0 39682048
1731702047994 1212.0 39714816
1731702081742 1213.0 39747584
1731702117953 1214.0 39780352
1731702151423 1215.0 39813120
1731702185954 1216.0 39845888
1731702221682 1217.0 39878656
1731702255609 1218.0 39911424
1731702289907 1219.0 39944192
1731702324872 1220.0 39976960
1731702359570 1221.0 40009728
1731702392652 1222.0 40042496
1731702427092 1223.0 40075264
1731702460732 1224.0 40108032
1731702494076 1225.0 40140800
1731702528891 1226.0 40173568
1731702562386 1227.0 40206336
1731702596555 1228.0 40239104
1731702630741 1229.0 40271872
1731702664451 1230.0 40304640
1731702698613 1231.0 40337408
1731702731711 1232.0 40370176
1731702765202 1233.0 40402944
1731702798784 1234.0 40435712
1731702832824 1235.0 40468480
1731702866697 1236.0 40501248
1731702899879 1237.0 40534016
1731702933011 1238.0 40566784
1731702967026 1239.0 40599552
1731703000574 1240.0 40632320
1731703035424 1241.0 40665088
1731703068896 1242.0 40697856
1731703102437 1243.0 40730624
1731703136820 1244.0 40763392
1731703171033 1245.0 40796160
1731703204857 1246.0 40828928
1731703237992 1247.0 40861696
1731703271682 1248.0 40894464
1731703306347 1249.0 40927232
1731703340409 1250.0 40960000
1731703374350 1251.0 40992768
1731703407598 1252.0 41025536
1731703440938 1253.0 41058304
1731703474653 1254.0 41091072
1731703508575 1255.0 41123840
1731703542075 1256.0 41156608
1731703576423 1257.0 41189376
1731703609905 1258.0 41222144
1731703644120 1259.0 41254912
1731703678486 1260.0 41287680
1731703711617 1261.0 41320448
1731703745848 1262.0 41353216
1731703780756 1263.0 41385984
1731703814129 1264.0 41418752
1731703848153 1265.0 41451520
1731703881977 1266.0 41484288
1731703915533 1267.0 41517056
1731703948716 1268.0 41549824
1731703981790 1269.0 41582592
1731704015554 1270.0 41615360
1731704049158 1271.0 41648128
1731704083037 1272.0 41680896
1731704116891 1273.0 41713664
1731704150674 1274.0 41746432
1731704184930 1275.0 41779200
1731704219527 1276.0 41811968
1731704253901 1277.0 41844736
1731704287826 1278.0 41877504
1731704321058 1279.0 41910272
1731704355480 1280.0 41943040
1731704389636 1281.0 41975808
1731704423743 1282.0 42008576
1731704456845 1283.0 42041344
1731704489789 1284.0 42074112
