1731660315261 7.0 32768
1731660349190 40.0 65536
1731660383391 75.0 98304
1731660417374 109.0 131072
1731660451395 143.0 163840
1731660484485 176.0 196608
1731660518703 210.0 229376
1731660553649 245.0 262144
1731660587891 280.0 294912
1731660623218 315.0 327680
1731660655588 347.0 360448
1731660688896 380.0 393216
1731660723966 415.0 425984
1731660759335 451.0 458752
1731660795635 487.0 491520
1731660831003 521.0 524288
1731660866877 558.0 557056
1731660901968 593.0 589824
1731660937697 629.0 622592
1731660974459 666.0 655360
1731661007481 699.0 688128
1731661044038 735.0 720896
1731661079827 771.0 753664
1731661115781 808.0 786432
1731661153574 845.0 819200
1731661187375 879.0 851968
1731661224006 914.0 884736
1731661259125 951.0 917504
1731661294138 985.0 950272
1731661330950 1023.0 983040
1731661364966 1056.0 1015808
1731661400692 1092.0 1048576
1731661434588 1126.0 1081344
1731661469192 1161.0 1114112
1731661504514 1196.0 1146880
1731661537680 1229.0 1179648
1731661571340 1263.0 1212416
1731661605180 1297.0 1245184
1731661639251 1331.0 1277952
1731661675776 1367.0 1310720
1731661709540 1401.0 1343488
1731661744074 1436.0 1376256
1731661777753 1470.0 1409024
1731661812424 1504.0 1441792
1731661845417 1537.0 1474560
1731661879274 1571.0 1507328
1731661914275 1605.0 1540096
1731661948003 1639.0 1572864
1731661983878 1676.0 1605632
1731662016718 1708.0 1638400
1731662050961 1743.0 1671168
1731662086269 1778.0 1703936
1731662121398 1813.0 1736704
1731662156769 1848.0 1769472
1731662190771 1882.0 1802240
1731662226744 1918.0 1835008
1731662261492 1953.0 1867776
1731662295546 1987.0 1900544
1731662330764 2022.0 1933312
1731662364254 2056.0 1966080
1731662398898 2091.0 1998848
1731662433776 2125.0 2031616
1731662467334 2159.0 2064384
1731662505825 2197.0 2097152
1731662539957 2232.0 2129920
1731662574502 2266.0 2162688
1731662609562 2301.0 2195456
1731662644800 2337.0 2228224
1731662680834 2373.0 2260992
1731662716087 2408.0 2293760
1731662751650 2443.0 2326528
1731662787143 2479.0 2359296
1731662823841 2515.0 2392064
1731662860587 2552.0 2424832
1731662894790 2586.0 2457600
1731662930347 2622.0 2490368
1731662965408 2657.0 2523136
1731663001172 2693.0 2555904
1731663036751 2728.0 2588672
1731663070885 2763.0 2621440
1731663106472 2798.0 2654208
1731663142501 2834.0 2686976
1731663178523 2870.0 2719744
1731663214449 2906.0 2752512
1731663249793 2941.0 2785280
1731663285596 2977.0 2818048
1731663320469 3012.0 2850816
1731663357007 3049.0 2883584
1731663392010 3084.0 2916352
1731663428026 3120.0 2949120
1731663463899 3156.0 2981888
1731663500486 3192.0 3014656
1731663536006 3228.0 3047424
1731663571075 3263.0 3080192
1731663606601 3298.0 3112960
1731663641491 3333.0 3145728
1731663678114 3370.0 3178496
1731663714984 3407.0 3211264
1731663749592 3441.0 3244032
1731663786424 3478.0 3276800
1731663821672 3513.0 3309568
1731663855804 3548.0 3342336
1731663891173 3583.0 3375104
1731663925411 3617.0 3407872
1731663960993 3653.0 3440640
1731663995063 3687.0 3473408
1731664030336 3722.0 3506176
1731664067715 3759.0 3538944
1731664102748 3794.0 3571712
1731664138407 3830.0 3604480
1731664174850 3866.0 3637248
1731664212003 3904.0 3670016
1731664248267 3940.0 3702784
1731664283963 3975.0 3735552
1731664320772 4012.0 3768320
1731664356489 4048.0 3801088
1731664392435 4084.0 3833856
1731664428967 4121.0 3866624
1731664464182 4156.0 3899392
1731664499658 4191.0 3932160
1731664534939 4227.0 3964928
1731664569760 4261.0 3997696
1731664606296 4298.0 4030464
1731664641584 4333.0 4063232
1731664676088 4368.0 4096000
1731664710811 4403.0 4128768
1731664746543 4438.0 4161536
1731664781324 4473.0 4194304
1731664817062 4508.0 4227072
1731664852701 4544.0 4259840
1731664888319 4580.0 4292608
1731664926738 4618.0 4325376
1731664961812 4654.0 4358144
1731664997510 4689.0 4390912
1731665033441 4725.0 4423680
1731665069853 4762.0 4456448
1731665107569 4799.0 4489216
1731665143305 4835.0 4521984
1731665179039 4871.0 4554752
1731665213343 4905.0 4587520
1731665248366 4940.0 4620288
1731665286156 4978.0 4653056
1731665322038 5014.0 4685824
1731665358203 5050.0 4718592
1731665394270 5086.0 4751360
1731665430038 5122.0 4784128
1731665466071 5158.0 4816896
1731665504602 5196.0 4849664
1731665541933 5234.0 4882432
1731665578041 5270.0 4915200
1731665613642 5305.0 4947968
1731665651443 5343.0 4980736
1731665687193 5379.0 5013504
1731665723062 5415.0 5046272
1731665758872 5451.0 5079040
1731665793254 5485.0 5111808
1731665828118 5520.0 5144576
1731665861680 5553.0 5177344
1731665895716 5587.0 5210112
1731665930078 5622.0 5242880
1731665964798 5657.0 5275648
1731665999130 5691.0 5308416
1731666033316 5725.0 5341184
1731666067367 5759.0 5373952
1731666102019 5794.0 5406720
1731666137039 5829.0 5439488
1731666172046 5864.0 5472256
1731666206312 5898.0 5505024
1731666240664 5932.0 5537792
1731666276033 5968.0 5570560
1731666311668 6003.0 5603328
1731666347631 6039.0 5636096
1731666382335 6074.0 5668864
1731666416939 6109.0 5701632
1731666451631 6143.0 5734400
1731666487873 6180.0 5767168
1731666522671 6214.0 5799936
1731666559113 6251.0 5832704
1731666594111 6286.0 5865472
1731666629441 6321.0 5898240
1731666665209 6357.0 5931008
1731666700138 6392.0 5963776
1731666733986 6426.0 5996544
1731666770108 6462.0 6029312
1731666804650 6496.0 6062080
1731666840614 6532.0 6094848
1731666875740 6567.0 6127616
1731666911415 6603.0 6160384
1731666947587 6639.0 6193152
1731666984274 6676.0 6225920
1731667023402 6715.0 6258688
1731667058368 6750.0 6291456
1731667094535 6786.0 6324224
1731667131729 6823.0 6356992
1731667168115 6860.0 6389760
1731667204700 6896.0 6422528
1731667239077 6931.0 6455296
1731667275344 6967.0 6488064
1731667312688 7004.0 6520832
1731667349189 7041.0 6553600
1731667386405 7078.0 6586368
1731667421527 7113.0 6619136
1731667455813 7148.0 6651904
1731667492367 7183.0 6684672
1731667527086 7219.0 6717440
1731667562350 7254.0 6750208
1731667597629 7289.0 6782976
1731667632087 7324.0 6815744
1731667667005 7359.0 6848512
1731667703250 7395.0 6881280
1731667737680 7429.0 6914048
1731667771892 7464.0 6946816
1731667808238 7500.0 6979584
1731667843276 7535.0 7012352
1731667880782 7572.0 7045120
1731667916166 7608.0 7077888
1731667952133 7644.0 7110656
1731667987296 7679.0 7143424
1731668021620 7713.0 7176192
1731668057218 7749.0 7208960
1731668092168 7784.0 7241728
1731668128732 7820.0 7274496
1731668164216 7856.0 7307264
1731668199101 7891.0 7340032
1731668235401 7927.0 7372800
1731668270320 7962.0 7405568
1731668305179 7997.0 7438336
1731668340792 8033.0 7471104
1731668377519 8069.0 7503872
1731668414004 8106.0 7536640
1731668449220 8141.0 7569408
1731668483697 8175.0 7602176
1731668518875 8210.0 7634944
1731668554761 8246.0 7667712
1731668590740 8283.0 7700480
1731668626737 8318.0 7733248
1731668663849 8355.0 7766016
1731668699897 8391.0 7798784
1731668735620 8427.0 7831552
1731668771426 8463.0 7864320
1731668805766 8497.0 7897088
1731668840432 8532.0 7929856
1731668875793 8567.0 7962624
1731668911217 8603.0 7995392
1731668947679 8639.0 8028160
1731668982535 8674.0 8060928
1731669017943 8710.0 8093696
1731669052942 8744.0 8126464
1731669089878 8781.0 8159232
1731669127894 8819.0 8192000
1731669161830 8853.0 8224768
1731669198177 8890.0 8257536
1731669233131 8925.0 8290304
1731669270048 8962.0 8323072
1731669304302 8996.0 8355840
1731669338180 9030.0 8388608
1731669372399 9064.0 8421376
1731669406537 9098.0 8454144
1731669442989 9135.0 8486912
1731669477589 9169.0 8519680
1731669512740 9204.0 8552448
1731669547773 9239.0 8585216
1731669584070 9275.0 8617984
1731669620228 9312.0 8650752
1731669654216 9346.0 8683520
1731669690104 9382.0 8716288
1731669725114 9417.0 8749056
1731669760691 9452.0 8781824
1731669797295 9489.0 8814592
1731669831033 9523.0 8847360
1731669865841 9557.0 8880128
1731669899951 9592.0 8912896
1731669935557 9627.0 8945664
1731669972147 9664.0 8978432
1731670005687 9697.0 9011200
1731670041039 9731.0 9043968
1731670075295 9767.0 9076736
1731670109069 9801.0 9109504
1731670144326 9836.0 9142272
1731670178152 9870.0 9175040
1731670213130 9905.0 9207808
1731670247998 9940.0 9240576
1731670281364 9973.0 9273344
1731670317535 10009.0 9306112
1731670351357 10043.0 9338880
1731670386530 10078.0 9371648
1731670421714 10113.0 9404416
1731670457517 10149.0 9437184
1731670491982 10184.0 9469952
1731670525331 10217.0 9502720
1731670560125 10252.0 9535488
1731670593598 10285.0 9568256
1731670629691 10321.0 9601024
1731670663080 10355.0 9633792
1731670697286 10389.0 9666560
1731670731678 10423.0 9699328
1731670766458 10458.0 9732096
1731670801664 10493.0 9764864
1731670835105 10527.0 9797632
1731670868702 10560.0 9830400
1731670903166 10595.0 9863168
1731670936522 10628.0 9895936
1731670971599 10663.0 9928704
1731671004830 10697.0 9961472
1731671039105 10731.0 9994240
1731671073276 10765.0 10027008
1731671106793 10799.0 10059776
1731671141863 10834.0 10092544
1731671175995 10868.0 10125312
1731671210169 10902.0 10158080
1731671245025 10937.0 10190848
1731671279299 10971.0 10223616
1731671314201 11006.0 10256384
1731671347542 11039.0 10289152
1731671381831 11074.0 10321920
1731671415699 11107.0 10354688
1731671449580 11141.0 10387456
1731671485053 11177.0 10420224
1731671518133 11210.0 10452992
1731671552495 11244.0 10485760
1731671586678 11278.0 10518528
1731671619822 11312.0 10551296
1731671654020 11346.0 10584064
1731671687992 11380.0 10616832
1731671722942 11415.0 10649600
1731671757506 11449.0 10682368
1731671791479 11483.0 10715136
1731671825603 11517.0 10747904
1731671859193 11551.0 10780672
1731671893355 11585.0 10813440
1731671927313 11619.0 10846208
1731671962372 11654.0 10878976
1731671997186 11688.0 10911744
1731672031717 11723.0 10944512
1731672065332 11757.0 10977280
1731672099939 11791.0 11010048
1731672134544 11826.0 11042816
1731672167936 11860.0 11075584
1731672201616 11893.0 11108352
1731672235631 11927.0 11141120
1731672269146 11961.0 11173888
1731672304966 11997.0 11206656
1731672338486 12030.0 11239424
1731672372632 12064.0 11272192
1731672405597 12097.0 11304960
1731672439355 12131.0 11337728
1731672475238 12167.0 11370496
1731672508992 12201.0 11403264
1731672542865 12234.0 11436032
1731672576770 12269.0 11468800
1731672610707 12302.0 11501568
1731672645910 12338.0 11534336
1731672679194 12371.0 11567104
1731672714748 12407.0 11599872
1731672748545 12440.0 11632640
1731672783294 12475.0 11665408
1731672819238 12511.0 11698176
1731672852115 12544.0 11730944
1731672885863 12578.0 11763712
1731672919921 12612.0 11796480
1731672953790 12646.0 11829248
1731672988858 12681.0 11862016
1731673022123 12714.0 11894784
1731673055755 12748.0 11927552
1731673090194 12782.0 11960320
1731673124151 12816.0 11993088
1731673159139 12851.0 12025856
1731673192964 12885.0 12058624
1731673227469 12919.0 12091392
1731673262000 12954.0 12124160
1731673296028 12988.0 12156928
1731673330740 13023.0 12189696
1731673364764 13057.0 12222464
1731673399026 13091.0 12255232
1731673432865 13125.0 12288000
1731673466916 13159.0 12320768
1731673500521 13192.0 12353536
1731673534561 13226.0 12386304
1731673567998 13260.0 12419072
1731673602885 13294.0 12451840
1731673638581 13330.0 12484608
1731673672473 13364.0 12517376
1731673706576 13398.0 12550144
1731673740768 13432.0 12582912
1731673776574 13468.0 12615680
1731673811506 13503.0 12648448
1731673845304 13537.0 12681216
1731673880062 13572.0 12713984
1731673913663 13605.0 12746752
1731673947148 13639.0 12779520
1731673982250 13674.0 12812288
1731674015609 13707.0 12845056
1731674050080 13742.0 12877824
1731674084177 13776.0 12910592
1731674118374 13810.0 12943360
1731674153529 13845.0 12976128
1731674187654 13879.0 13008896
1731674221385 13913.0 13041664
1731674254758 13947.0 13074432
1731674288014 13980.0 13107200
1731674323404 14015.0 13139968
1731674357244 14049.0 13172736
1731674391492 14083.0 13205504
1731674425593 14117.0 13238272
1731674459430 14151.0 13271040
1731674495163 14187.0 13303808
1731674529767 14222.0 13336576
1731674563310 14255.0 13369344
1731674597122 14289.0 13402112
1731674630830 14323.0 13434880
1731674667873 14359.0 13467648
1731674701725 14393.0 13500416
1731674735170 14427.0 13533184
1731674769061 14461.0 13565952
1731674802748 14494.0 13598720
1731674838339 14530.0 13631488
1731674872039 14564.0 13664256
1731674906194 14598.0 13697024
1731674940189 14632.0 13729792
1731674974777 14667.0 13762560
1731675008687 14700.0 13795328
1731675042532 14734.0 13828096
1731675076150 14768.0 13860864
1731675110046 14802.0 13893632
1731675144756 14837.0 13926400
1731675178726 14870.0 13959168
1731675212957 14905.0 13991936
1731675246371 14938.0 14024704
1731675280274 14972.0 14057472
1731675314514 15006.0 14090240
1731675347872 15039.0 14123008
1731675381623 15073.0 14155776
1731675415150 15107.0 14188544
1731675449133 15141.0 14221312
1731675483314 15175.0 14254080
1731675517552 15209.0 14286848
1731675551397 15243.0 14319616
1731675584847 15277.0 14352384
1731675618882 15311.0 14385152
1731675653700 15345.0 14417920
1731675687478 15379.0 14450688
1731675721267 15413.0 14483456
1731675757407 15447.0 14516224
1731675790395 15482.0 14548992
1731675824331 15516.0 14581760
1731675858734 15550.0 14614528
1731675892879 15585.0 14647296
1731675927134 15619.0 14680064
1731675960387 15652.0 14712832
1731675994134 15686.0 14745600
1731676027999 15720.0 14778368
1731676061638 15753.0 14811136
1731676095745 15787.0 14843904
1731676130011 15822.0 14876672
1731676165230 15856.0 14909440
1731676199137 15890.0 14942208
1731676233631 15925.0 14974976
1731676267497 15959.0 15007744
1731676301653 15993.0 15040512
1731676334810 16027.0 15073280
1731676368268 16060.0 15106048
1731676403900 16096.0 15138816
1731676437565 16129.0 15171584
1731676471898 16164.0 15204352
1731676505060 16197.0 15237120
1731676539123 16231.0 15269888
1731676574101 16266.0 15302656
1731676607301 16299.0 15335424
1731676641498 16333.0 15368192
1731676675139 16367.0 15400960
1731676708868 16401.0 15433728
1731676742563 16434.0 15466496
1731676776957 16469.0 15499264
1731676811808 16504.0 15532032
1731676845641 16537.0 15564800
1731676879140 16571.0 15597568
1731676913722 16605.0 15630336
1731676947599 16639.0 15663104
1731676982205 16674.0 15695872
1731677016033 16708.0 15728640
1731677050507 16742.0 15761408
1731677084739 16776.0 15794176
1731677118205 16810.0 15826944
1731677152636 16844.0 15859712
1731677186246 16878.0 15892480
1731677220440 16912.0 15925248
1731677254384 16946.0 15958016
1731677289217 16980.0 15990784
1731677324106 17016.0 16023552
1731677357055 17049.0 16056320
1731677390980 17083.0 16089088
1731677424652 17116.0 16121856
1731677458507 17150.0 16154624
1731677494033 17186.0 16187392
1731677527855 17220.0 16220160
1731677560612 17252.0 16252928
1731677594524 17286.0 16285696
1731677628760 17321.0 16318464
1731677663830 17356.0 16351232
1731677697013 17388.0 16384000
1731677731297 17423.0 16416768
1731677765112 17457.0 16449536
1731677799187 17491.0 16482304
1731677832602 17524.0 16515072
1731677867107 17558.0 16547840
1731677903284 17595.0 16580608
1731677937457 17629.0 16613376
1731677972360 17664.0 16646144
1731678005744 17698.0 16678912
1731678039718 17731.0 16711680
1731678074442 17766.0 16744448
1731678109525 17801.0 16777216
1731678143468 17835.0 16809984
1731678176314 17868.0 16842752
1731678210177 17902.0 16875520
1731678243778 17936.0 16908288
1731678277135 17969.0 16941056
1731678312392 18004.0 16973824
1731678345476 18037.0 17006592
1731678379101 18071.0 17039360
1731678412896 18105.0 17072128
1731678447488 18139.0 17104896
1731678482621 18174.0 17137664
1731678515678 18207.0 17170432
1731678548550 18240.0 17203200
1731678581423 18273.0 17235968
1731678614764 18306.0 17268736
1731678650412 18342.0 17301504
1731678684083 18376.0 17334272
1731678717460 18409.0 17367040
1731678750808 18443.0 17399808
1731678784374 18476.0 17432576
1731678818247 18510.0 17465344
1731678852184 18544.0 17498112
1731678885888 18578.0 17530880
1731678919618 18611.0 17563648
1731678954409 18646.0 17596416
1731678991212 18683.0 17629184
1731679024481 18716.0 17661952
1731679057812 18750.0 17694720
1731679092450 18784.0 17727488
1731679126977 18819.0 17760256
1731679159616 18851.0 17793024
1731679194029 18886.0 17825792
1731679228731 18920.0 17858560
1731679262017 18954.0 17891328
1731679296491 18988.0 17924096
1731679330487 19022.0 17956864
1731679364726 19056.0 17989632
1731679399226 19091.0 18022400
1731679433326 19125.0 18055168
1731679467846 19159.0 18087936
1731679500781 19193.0 18120704
1731679534572 19226.0 18153472
1731679568795 19260.0 18186240
1731679603550 19295.0 18219008
1731679637783 19330.0 18251776
1731679671456 19363.0 18284544
1731679706394 19398.0 18317312
1731679740476 19432.0 18350080
1731679775173 19467.0 18382848
1731679811574 19503.0 18415616
1731679844576 19536.0 18448384
1731679878529 19570.0 18481152
1731679913298 19605.0 18513920
1731679947260 19639.0 18546688
1731679981805 19674.0 18579456
1731680015276 19707.0 18612224
1731680049037 19741.0 18644992
1731680082615 19774.0 18677760
1731680116330 19808.0 18710528
1731680151401 19843.0 18743296
1731680185329 19877.0 18776064
1731680219117 19911.0 18808832
1731680253335 19945.0 18841600
1731680287452 19979.0 18874368
1731680321508 20013.0 18907136
1731680354454 20046.0 18939904
1731680387897 20080.0 18972672
1731680421581 20113.0 19005440
1731680455923 20148.0 19038208
1731680491160 20183.0 19070976
1731680525232 20217.0 19103744
1731680559238 20251.0 19136512
1731680592404 20284.0 19169280
1731680627205 20319.0 19202048
1731680661287 20353.0 19234816
1731680695673 20387.0 19267584
1731680730824 20423.0 19300352
1731680764845 20456.0 19333120
1731680800309 20492.0 19365888
1731680833494 20525.0 19398656
1731680869671 20559.0 19431424
1731680903805 20596.0 19464192
1731680938259 20630.0 19496960
1731680973542 20665.0 19529728
1731681010594 20699.0 19562496
1731681045861 20737.0 19595264
1731681080727 20772.0 19628032
1731681114814 20807.0 19660800
1731681149687 20841.0 19693568
1731681183894 20875.0 19726336
1731681217789 20909.0 19759104
1731681252044 20944.0 19791872
1731681286430 20978.0 19824640
1731681321331 21013.0 19857408
1731681354837 21047.0 19890176
1731681390020 21081.0 19922944
1731681426309 21117.0 19955712
1731681460092 21152.0 19988480
1731681495473 21187.0 20021248
1731681528543 21220.0 20054016
1731681563189 21255.0 20086784
1731681598210 21290.0 20119552
1731681632137 21324.0 20152320
1731681666616 21358.0 20185088
1731681700573 21392.0 20217856
1731681733901 21426.0 20250624
1731681767350 21459.0 20283392
1731681801004 21493.0 20316160
1731681835303 21527.0 20348928
1731681868647 21560.0 20381696
1731681903038 21594.0 20414464
1731681936707 21628.0 20447232
1731681972605 21664.0 20480000
1731682005779 21697.0 20512768
1731682040555 21732.0 20545536
1731682075541 21767.0 20578304
1731682109257 21801.0 20611072
1731682143314 21835.0 20643840
1731682177247 21869.0 20676608
1731682210963 21903.0 20709376
1731682245054 21937.0 20742144
1731682279545 21971.0 20774912
1731682314085 22006.0 20807680
1731682347668 22039.0 20840448
1731682381887 22074.0 20873216
1731682419791 22108.0 20905984
1731682453243 22145.0 20938752
1731682488305 22180.0 20971520
1731682521852 22214.0 21004288
1731682555892 22248.0 21037056
1731682589650 22281.0 21069824
1731682623752 22315.0 21102592
1731682657711 22350.0 21135360
1731682691852 22384.0 21168128
1731682725205 22417.0 21200896
1731682759183 22451.0 21233664
1731682793209 22485.0 21266432
1731682827512 22519.0 21299200
1731682860381 22552.0 21331968
1731682894451 22586.0 21364736
1731682928710 22621.0 21397504
1731682962472 22654.0 21430272
1731682997150 22689.0 21463040
1731683030915 22723.0 21495808
1731683064818 22757.0 21528576
1731683099043 22791.0 21561344
1731683132564 22824.0 21594112
1731683166580 22858.0 21626880
1731683200382 22892.0 21659648
1731683234783 22926.0 21692416
1731683269037 22961.0 21725184
1731683302833 22995.0 21757952
1731683337006 23029.0 21790720
1731683370291 23062.0 21823488
1731683403632 23095.0 21856256
1731683437356 23129.0 21889024
1731683472245 23164.0 21921792
1731683506469 23198.0 21954560
1731683539874 23232.0 21987328
1731683573398 23265.0 22020096
1731683608107 23300.0 22052864
1731683642422 23334.0 22085632
1731683675793 23368.0 22118400
1731683709262 23401.0 22151168
1731683742636 23434.0 22183936
1731683777113 23469.0 22216704
1731683811750 23504.0 22249472
1731683845260 23537.0 22282240
1731683879255 23571.0 22315008
1731683913099 23605.0 22347776
1731683946357 23638.0 22380544
1731683982008 23674.0 22413312
1731684015021 23707.0 22446080
1731684049620 23741.0 22478848
1731684082799 23775.0 22511616
1731684115875 23808.0 22544384
1731684150852 23843.0 22577152
1731684184497 23876.0 22609920
1731684219308 23911.0 22642688
1731684253317 23945.0 22675456
1731684287890 23980.0 22708224
1731684322206 24014.0 22740992
1731684356262 24048.0 22773760
1731684390153 24082.0 22806528
1731684423102 24115.0 22839296
1731684456108 24148.0 22872064
1731684490541 24182.0 22904832
1731684523514 24215.0 22937600
1731684556840 24249.0 22970368
1731684590062 24282.0 23003136
1731684624492 24316.0 23035904
1731684658859 24351.0 23068672
1731684692785 24385.0 23101440
1731684727187 24419.0 23134208
1731684761014 24453.0 23166976
1731684795247 24487.0 23199744
1731684829909 24521.0 23232512
1731684863439 24555.0 23265280
1731684897329 24589.0 23298048
1731684931628 24623.0 23330816
1731684966348 24658.0 23363584
1731684999471 24691.0 23396352
1731685033890 24726.0 23429120
1731685067428 24759.0 23461888
1731685101134 24793.0 23494656
1731685137095 24829.0 23527424
1731685171498 24863.0 23560192
1731685205396 24897.0 23592960
1731685239869 24932.0 23625728
1731685274661 24966.0 23658496
1731685310380 25002.0 23691264
1731685344344 25036.0 23724032
1731685378814 25071.0 23756800
1731685413156 25105.0 23789568
1731685447063 25139.0 23822336
1731685481890 25174.0 23855104
1731685515064 25207.0 23887872
1731685549323 25241.0 23920640
1731685583688 25275.0 23953408
1731685618062 25310.0 23986176
1731685652976 25345.0 24018944
1731685687326 25379.0 24051712
1731685721161 25413.0 24084480
1731685754738 25446.0 24117248
1731685790199 25480.0 24150016
1731685824643 25516.0 24182784
1731685858645 25550.0 24215552
1731685893612 25584.0 24248320
1731685927182 25619.0 24281088
1731685965942 25657.0 24313856
1731686000452 25692.0 24346624
1731686034042 25726.0 24379392
1731686067590 25759.0 24412160
1731686101155 25793.0 24444928
1731686135464 25827.0 24477696
1731686169628 25861.0 24510464
1731686203623 25895.0 24543232
1731686237044 25929.0 24576000
1731686270933 25963.0 24608768
1731686304882 25997.0 24641536
1731686338805 26031.0 24674304
1731686372598 26064.0 24707072
1731686407265 26098.0 24739840
1731686441747 26133.0 24772608
1731686476927 26169.0 24805376
1731686510223 26202.0 24838144
1731686544322 26236.0 24870912
1731686578383 26270.0 24903680
1731686611802 26303.0 24936448
1731686645764 26337.0 24969216
1731686679417 26371.0 25001984
1731686713841 26406.0 25034752
1731686748220 26440.0 25067520
1731686781792 26474.0 25100288
1731686816441 26508.0 25133056
1731686850300 26542.0 25165824
1731686884632 26576.0 25198592
1731686918849 26611.0 25231360
1731686952929 26645.0 25264128
1731686988854 26681.0 25296896
1731687022727 26714.0 25329664
1731687056253 26748.0 25362432
1731687091084 26783.0 25395200
1731687125748 26817.0 25427968
1731687160364 26852.0 25460736
1731687194336 26886.0 25493504
1731687229386 26921.0 25526272
1731687264201 26956.0 25559040
1731687298201 26990.0 25591808
1731687335731 27027.0 25624576
1731687368972 27061.0 25657344
1731687403146 27095.0 25690112
1731687437344 27129.0 25722880
1731687471702 27163.0 25755648
1731687506235 27198.0 25788416
1731687540324 27232.0 25821184
1731687575244 27267.0 25853952
1731687609816 27302.0 25886720
1731687643643 27335.0 25919488
1731687678507 27370.0 25952256
1731687711159 27403.0 25985024
1731687745340 27437.0 26017792
1731687779361 27471.0 26050560
1731687815662 27507.0 26083328
1731687849433 27540.0 26116096
1731687885864 27577.0 26148864
1731687921447 27613.0 26181632
1731687956094 27648.0 26214400
1731687990542 27682.0 26247168
1731688024084 27716.0 26279936
1731688058859 27750.0 26312704
1731688092708 27784.0 26345472
1731688126760 27819.0 26378240
1731688161514 27853.0 26411008
1731688194891 27887.0 26443776
1731688229398 27921.0 26476544
1731688263305 27955.0 26509312
1731688297307 27989.0 26542080
1731688332702 28024.0 26574848
1731688367087 28058.0 26607616
1731688400375 28092.0 26640384
1731688432922 28125.0 26673152
1731688466436 28158.0 26705920
1731688500909 28193.0 26738688
1731688534472 28226.0 26771456
1731688568519 28260.0 26804224
1731688602743 28294.0 26836992
1731688636259 28328.0 26869760
1731688670542 28362.0 26902528
1731688703762 28396.0 26935296
1731688737264 28429.0 26968064
1731688770963 28463.0 27000832
1731688804723 28497.0 27033600
1731688839390 28531.0 27066368
1731688872990 28565.0 27099136
1731688907608 28599.0 27131904
1731688941114 28633.0 27164672
1731688975090 28666.0 27197440
1731689010582 28702.0 27230208
1731689044085 28736.0 27262976
1731689078472 28770.0 27295744
1731689111437 28803.0 27328512
1731689146822 28838.0 27361280
1731689181264 28873.0 27394048
1731689215893 28908.0 27426816
1731689250131 28942.0 27459584
1731689284424 28976.0 27492352
1731689319266 29011.0 27525120
1731689353502 29045.0 27557888
1731689388450 29079.0 27590656
1731689422114 29114.0 27623424
1731689456206 29148.0 27656192
1731689491423 29183.0 27688960
1731689524594 29216.0 27721728
1731689558899 29251.0 27754496
1731689592418 29284.0 27787264
1731689626823 29319.0 27820032
1731689663460 29355.0 27852800
1731689696812 29389.0 27885568
1731689731396 29423.0 27918336
1731689764812 29457.0 27951104
1731689798413 29490.0 27983872
1731689833353 29525.0 28016640
1731689867064 29559.0 28049408
1731689901069 29593.0 28082176
1731689935076 29627.0 28114944
1731689969379 29661.0 28147712
1731690004420 29696.0 28180480
1731690038223 29730.0 28213248
1731690072273 29764.0 28246016
1731690107734 29799.0 28278784
1731690142496 29834.0 28311552
1731690177328 29869.0 28344320
1731690210850 29902.0 28377088
1731690245355 29937.0 28409856
1731690279219 29971.0 28442624
1731690313505 30005.0 28475392
1731690349061 30041.0 28508160
1731690382126 30074.0 28540928
1731690416333 30108.0 28573696
1731690451073 30143.0 28606464
1731690484902 30176.0 28639232
1731690519768 30211.0 28672000
1731690552945 30245.0 28704768
1731690587002 30279.0 28737536
1731690621377 30313.0 28770304
1731690656550 30348.0 28803072
1731690691927 30383.0 28835840
1731690726504 30418.0 28868608
1731690762110 30454.0 28901376
1731690796550 30488.0 28934144
1731690831613 30523.0 28966912
1731690865136 30557.0 28999680
1731690906094 30595.0 29032448
1731690939843 30631.0 29065216
1731690974362 30666.0 29097984
1731691008644 30700.0 29130752
1731691042653 30734.0 29163520
1731691076684 30768.0 29196288
1731691111275 30803.0 29229056
1731691145597 30837.0 29261824
1731691180906 30873.0 29294592
1731691214968 30907.0 29327360
1731691249598 30941.0 29360128
1731691283945 30975.0 29392896
1731691319505 31011.0 29425664
1731691355141 31047.0 29458432
1731691388158 31080.0 29491200
1731691422802 31114.0 29523968
1731691456990 31149.0 29556736
1731691491661 31183.0 29589504
1731691527052 31219.0 29622272
1731691560532 31252.0 29655040
1731691595491 31287.0 29687808
1731691629847 31321.0 29720576
1731691663636 31355.0 29753344
1731691699917 31391.0 29786112
1731691734275 31426.0 29818880
1731691768116 31460.0 29851648
1731691802359 31494.0 29884416
1731691836738 31528.0 29917184
1731691873229 31565.0 29949952
1731691906561 31598.0 29982720
1731691941520 31633.0 30015488
1731691977084 31669.0 30048256
1731692012966 31705.0 30081024
1731692045957 31738.0 30113792
1731692080437 31772.0 30146560
1731692115196 31807.0 30179328
1731692149498 31841.0 30212096
1731692184476 31876.0 30244864
1731692217972 31910.0 30277632
1731692252703 31944.0 30310400
1731692287201 31979.0 30343168
1731692322472 32012.0 30375936
1731692359533 32051.0 30408704
1731692393814 32085.0 30441472
1731692428210 32120.0 30474240
1731692462025 32154.0 30507008
1731692496892 32189.0 30539776
1731692537666 32229.0 30572544
1731692571443 32263.0 30605312
1731692605383 32297.0 30638080
1731692639106 32331.0 30670848
1731692673171 32365.0 30703616
1731692712866 32401.0 30736384
1731692745836 32438.0 30769152
1731692779297 32471.0 30801920
1731692813878 32505.0 30834688
1731692848394 32540.0 30867456
1731692883793 32575.0 30900224
1731692917079 32609.0 30932992
1731692951513 32643.0 30965760
1731692986422 32678.0 30998528
1731693021121 32713.0 31031296
1731693056988 32749.0 31064064
1731693091173 32783.0 31096832
1731693125526 32817.0 31129600
1731693159844 32851.0 31162368
1731693194313 32886.0 31195136
1731693229427 32921.0 31227904
1731693262513 32954.0 31260672
1731693297327 32989.0 31293440
1731693332096 33024.0 31326208
1731693367074 33059.0 31358976
1731693401281 33093.0 31391744
1731693434700 33126.0 31424512
1731693468536 33160.0 31457280
1731693503277 33195.0 31490048
1731693538877 33230.0 31522816
1731693571839 33263.0 31555584
1731693606027 33298.0 31588352
1731693641811 33333.0 31621120
1731693677247 33369.0 31653888
1731693712898 33405.0 31686656
1731693746373 33438.0 31719424
1731693780239 33472.0 31752192
1731693814266 33506.0 31784960
1731693848652 33540.0 31817728
1731693883360 33575.0 31850496
1731693917074 33609.0 31883264
1731693950900 33643.0 31916032
1731693984972 33677.0 31948800
1731694019461 33711.0 31981568
1731694055326 33746.0 32014336
1731694089007 33781.0 32047104
1731694123274 33815.0 32079872
1731694156923 33849.0 32112640
1731694190244 33882.0 32145408
1731694224770 33917.0 32178176
1731694258061 33950.0 32210944
1731694293217 33985.0 32243712
1731694327638 34019.0 32276480
1731694361715 34053.0 32309248
1731694396727 34088.0 32342016
1731694430342 34122.0 32374784
1731694464736 34156.0 32407552
1731694498801 34191.0 32440320
1731694532587 34224.0 32473088
1731694567373 34259.0 32505856
1731694600355 34292.0 32538624
1731694634229 34326.0 32571392
1731694668187 34360.0 32604160
1731694701444 34393.0 32636928
1731694735718 34427.0 32669696
1731694768717 34460.0 32702464
1731694802849 34495.0 32735232
1731694837143 34529.0 32768000
1731694871743 34563.0 32800768
1731694905277 34597.0 32833536
1731694940151 34632.0 32866304
1731694974287 34666.0 32899072
1731695008307 34700.0 32931840
1731695042432 34734.0 32964608
1731695076621 34768.0 32997376
1731695110263 34802.0 33030144
1731695143678 34835.0 33062912
1731695177320 34869.0 33095680
1731695211791 34904.0 33128448
1731695245697 34937.0 33161216
1731695279084 34971.0 33193984
1731695312757 35005.0 33226752
1731695347302 35039.0 33259520
1731695382359 35074.0 33292288
1731695415606 35107.0 33325056
1731695450020 35142.0 33357824
1731695484626 35176.0 33390592
1731695518454 35210.0 33423360
1731695553402 35245.0 33456128
1731695586563 35278.0 33488896
1731695620200 35312.0 33521664
1731695653890 35345.0 33554432
1731695687968 35380.0 33587200
1731695722496 35414.0 33619968
1731695755820 35448.0 33652736
1731695795688 35487.0 33685504
1731695829006 35521.0 33718272
1731695863972 35555.0 33751040
1731695897965 35590.0 33783808
1731695931703 35623.0 33816576
1731695965557 35657.0 33849344
1731695999273 35691.0 33882112
1731696033578 35725.0 33914880
1731696067746 35760.0 33947648
1731696102205 35794.0 33980416
1731696136304 35828.0 34013184
1731696170430 35862.0 34045952
1731696204326 35896.0 34078720
1731696238383 35930.0 34111488
1731696271373 35963.0 34144256
1731696308648 35997.0 34177024
1731696342003 36034.0 34209792
1731696376197 36068.0 34242560
1731696409873 36102.0 34275328
1731696443861 36136.0 34308096
1731696478340 36170.0 34340864
1731696512476 36204.0 34373632
1731696546786 36239.0 34406400
1731696580161 36272.0 34439168
1731696614369 36306.0 34471936
1731696648392 36340.0 34504704
1731696682624 36374.0 34537472
1731696717560 36409.0 34570240
1731696750531 36442.0 34603008
1731696784828 36477.0 34635776
1731696818928 36510.0 34668544
1731696853284 36545.0 34701312
1731696888607 36580.0 34734080
1731696922539 36614.0 34766848
1731696955980 36648.0 34799616
1731696990104 36682.0 34832384
1731697023786 36716.0 34865152
1731697057693 36750.0 34897920
1731697091218 36783.0 34930688
1731697125381 36817.0 34963456
1731697159174 36851.0 34996224
1731697193579 36885.0 35028992
1731697227612 36919.0 35061760
1731697261440 36953.0 35094528
1731697295377 36987.0 35127296
1731697328565 37020.0 35160064
1731697362792 37055.0 35192832
1731697398159 37090.0 35225600
1731697431574 37123.0 35258368
1731697464963 37157.0 35291136
1731697498592 37190.0 35323904
1731697532766 37225.0 35356672
1731697568334 37260.0 35389440
1731697602399 37294.0 35422208
1731697635850 37327.0 35454976
1731697670169 37362.0 35487744
1731697704572 37396.0 35520512
1731697738375 37430.0 35553280
1731697772282 37464.0 35586048
1731697807105 37499.0 35618816
1731697840341 37532.0 35651584
1731697874461 37566.0 35684352
1731697908813 37601.0 35717120
1731697942402 37634.0 35749888
1731697976282 37668.0 35782656
1731698010397 37702.0 35815424
1731698044895 37737.0 35848192
1731698078950 37771.0 35880960
1731698113185 37805.0 35913728
1731698147201 37839.0 35946496
1731698180254 37872.0 35979264
1731698214231 37906.0 36012032
1731698247552 37939.0 36044800
1731698281748 37973.0 36077568
1731698315744 38007.0 36110336
1731698350068 38042.0 36143104
1731698384083 38076.0 36175872
1731698417642 38109.0 36208640
1731698451501 38143.0 36241408
1731698484979 38177.0 36274176
1731698518795 38211.0 36306944
1731698553079 38245.0 36339712
1731698586599 38278.0 36372480
1731698620326 38312.0 36405248
1731698654866 38346.0 36438016
1731698688688 38380.0 36470784
1731698723007 38415.0 36503552
1731698756653 38448.0 36536320
1731698790809 38483.0 36569088
1731698825098 38517.0 36601856
1731698858624 38550.0 36634624
1731698892580 38584.0 36667392
1731698926655 38618.0 36700160
1731698961427 38653.0 36732928
1731698995051 38687.0 36765696
1731699028309 38720.0 36798464
1731699063374 38755.0 36831232
1731699097014 38789.0 36864000
1731699130730 38822.0 36896768
1731699163987 38856.0 36929536
1731699198910 38891.0 36962304
1731699232574 38924.0 36995072
1731699265975 38958.0 37027840
1731699299989 38992.0 37060608
1731699334355 39026.0 37093376
1731699369413 39061.0 37126144
1731699403201 39095.0 37158912
1731699436952 39129.0 37191680
1731699470209 39162.0 37224448
1731699503949 39196.0 37257216
1731699538640 39230.0 37289984
1731699572171 39264.0 37322752
1731699605910 39298.0 37355520
1731699639323 39331.0 37388288
1731699673253 39365.0 37421056
1731699708245 39400.0 37453824
1731699741902 39434.0 37486592
1731699775790 39468.0 37519360
1731699809413 39501.0 37552128
1731699843348 39535.0 37584896
1731699877255 39569.0 37617664
1731699910146 39602.0 37650432
1731699944099 39636.0 37683200
1731699978056 39670.0 37715968
1731700011146 39703.0 37748736
1731700045083 39737.0 37781504
1731700079176 39771.0 37814272
1731700113172 39805.0 37847040
1731700147216 39839.0 37879808
1731700181253 39873.0 37912576
1731700215358 39907.0 37945344
1731700248327 39940.0 37978112
1731700282209 39974.0 38010880
1731700315565 40007.0 38043648
1731700349447 40041.0 38076416
1731700383579 40075.0 38109184
1731700416628 40108.0 38141952
1731700450393 40142.0 38174720
1731700484550 40176.0 38207488
1731700519549 40211.0 38240256
1731700553235 40245.0 38273024
1731700586554 40278.0 38305792
1731700620446 40312.0 38338560
1731700654178 40346.0 38371328
1731700688118 40380.0 38404096
1731700721456 40413.0 38436864
1731700756054 40448.0 38469632
1731700790136 40482.0 38502400
1731700823731 40516.0 38535168
1731700857846 40550.0 38567936
1731700890923 40583.0 38600704
1731700924230 40616.0 38633472
1731700957474 40649.0 38666240
1731700991086 40683.0 38699008
1731701025420 40717.0 38731776
1731701059349 40751.0 38764544
1731701093397 40785.0 38797312
1731701127445 40819.0 38830080
1731701161494 40853.0 38862848
1731701196001 40888.0 38895616
1731701229633 40921.0 38928384
1731701263206 40955.0 38961152
1731701297054 40989.0 38993920
1731701331886 41024.0 39026688
1731701366393 41058.0 39059456
1731701399841 41092.0 39092224
1731701433502 41125.0 39124992
1731701468241 41160.0 39157760
1731701503197 41195.0 39190528
1731701537312 41229.0 39223296
1731701570683 41262.0 39256064
1731701605290 41297.0 39288832
1731701638871 41331.0 39321600
1731701671729 41364.0 39354368
1731701706285 41398.0 39387136
1731701740035 41432.0 39419904
1731701773692 41465.0 39452672
1731701806956 41499.0 39485440
1731701840344 41532.0 39518208
1731701875150 41567.0 39550976
1731701908776 41601.0 39583744
1731701944414 41634.0 39616512
1731701979915 41672.0 39649280
1731702014679 41706.0 39682048
1731702048019 41740.0 39714816
1731702081768 41773.0 39747584
1731702118047 41808.0 39780352
1731702151448 41843.0 39813120
1731702185988 41878.0 39845888
1731702221703 41913.0 39878656
1731702255634 41947.0 39911424
1731702289925 41982.0 39944192
1731702324897 42017.0 39976960
1731702359581 42051.0 40009728
1731702392677 42084.0 40042496
1731702427118 42119.0 40075264
1731702460757 42152.0 40108032
1731702494098 42186.0 40140800
1731702528904 42221.0 40173568
1731702562411 42254.0 40206336
1731702596596 42288.0 40239104
1731702630755 42323.0 40271872
1731702664468 42356.0 40304640
1731702698630 42390.0 40337408
1731702731745 42424.0 40370176
1731702765227 42457.0 40402944
1731702798808 42491.0 40435712
1731702832865 42525.0 40468480
1731702866733 42558.0 40501248
1731702899887 42592.0 40534016
1731702933028 42625.0 40566784
1731702967043 42659.0 40599552
1731703000592 42692.0 40632320
1731703035448 42727.0 40665088
1731703068935 42761.0 40697856
1731703102465 42794.0 40730624
1731703136840 42828.0 40763392
1731703171043 42863.0 40796160
1731703204882 42897.0 40828928
1731703238008 42930.0 40861696
1731703271704 42963.0 40894464
1731703306369 42998.0 40927232
1731703340421 43032.0 40960000
1731703374376 43066.0 40992768
1731703407623 43099.0 41025536
1731703440953 43133.0 41058304
1731703474678 43166.0 41091072
1731703508585 43200.0 41123840
1731703542101 43234.0 41156608
1731703576448 43268.0 41189376
1731703609930 43302.0 41222144
1731703644145 43336.0 41254912
1731703678501 43370.0 41287680
1731703711642 43403.0 41320448
1731703745890 43438.0 41353216
1731703780783 43472.0 41385984
1731703814154 43506.0 41418752
1731703848170 43540.0 41451520
1731703882003 43574.0 41484288
1731703915566 43607.0 41517056
1731703948740 43640.0 41549824
1731703981799 43674.0 41582592
1731704015564 43707.0 41615360
1731704049247 43741.0 41648128
1731704083059 43775.0 41680896
1731704116916 43809.0 41713664
1731704150695 43842.0 41746432
1731704184977 43877.0 41779200
1731704219563 43911.0 41811968
1731704253934 43946.0 41844736
1731704287850 43980.0 41877504
1731704321073 44013.0 41910272
1731704355511 44047.0 41943040
1731704389650 44081.0 41975808
1731704423768 44116.0 42008576
1731704456867 44149.0 42041344
1731704489807 44182.0 42074112
