1731660315297 32768.0 32768
1731660349317 65536.0 65536
1731660383414 98304.0 98304
1731660417506 131072.0 131072
1731660449260 160000.0 160000
1731660451444 163840.0 163840
1731660484613 196608.0 196608
1731660518824 229376.0 229376
1731660553771 262144.0 262144
1731660587909 294912.0 294912
1731660618857 320000.0 320000
1731660623351 327680.0 327680
1731660655599 360448.0 360448
1731660689025 393216.0 393216
1731660724089 425984.0 425984
1731660759467 458752.0 458752
1731660790694 480000.0 480000
1731660795813 491520.0 491520
1731660831075 524288.0 524288
1731660867012 557056.0 557056
1731660902153 589824.0 589824
1731660937743 622592.0 622592
1731660967705 640000.0 640000
1731660974600 655360.0 655360
1731661007630 688128.0 688128
1731661044181 720896.0 720896
1731661080056 753664.0 753664
1731661115830 786432.0 786432
1731661145078 800000.0 800000
1731661153701 819200.0 819200
1731661187419 851968.0 851968
1731661224149 884736.0 884736
1731661259162 917504.0 917504
1731661294274 950272.0 950272
1731661322981 960000.0 960000
1731661330975 983040.0 983040
1731661365102 1015808.0 1015808
1731661400745 1048576.0 1048576
1731661434633 1081344.0 1081344
1731661469205 1114112.0 1114112
1731661495818 1120000.0 1120000
1731661504555 1146880.0 1146880
1731661537691 1179648.0 1179648
1731661571363 1212416.0 1212416
1731661605194 1245184.0 1245184
1731661639302 1277952.0 1277952
1731661664962 1280000.0 1280000
1731661675801 1310720.0 1310720
1731661709561 1343488.0 1343488
1731661744102 1376256.0 1376256
1731661777766 1409024.0 1409024
1731661811298 1440000.0 1440000
1731661812449 1441792.0 1441792
1731661845467 1474560.0 1474560
1731661879292 1507328.0 1507328
1731661914290 1540096.0 1540096
1731661948146 1572864.0 1572864
1731661981414 1600000.0 1600000
1731661983917 1605632.0 1605632
1731662016768 1638400.0 1638400
1731662050986 1671168.0 1671168
1731662086412 1703936.0 1703936
1731662121434 1736704.0 1736704
1731662153023 1760000.0 1760000
1731662156838 1769472.0 1769472
1731662190932 1802240.0 1802240
1731662226792 1835008.0 1835008
1731662261646 1867776.0 1867776
1731662295589 1900544.0 1900544
1731662326227 1920000.0 1920000
1731662330819 1933312.0 1933312
1731662364295 1966080.0 1966080
1731662398926 1998848.0 1998848
1731662433809 2031616.0 2031616
1731662467380 2064384.0 2064384
1731662497716 2080000.0 2080000
1731662505950 2097152.0 2097152
1731662539980 2129920.0 2129920
1731662574545 2162688.0 2162688
1731662609710 2195456.0 2195456
1731662644825 2228224.0 2228224
1731662673669 2240000.0 2240000
1731662680858 2260992.0 2260992
1731662716118 2293760.0 2293760
1731662751660 2326528.0 2326528
1731662787174 2359296.0 2359296
1731662823973 2392064.0 2392064
1731662852522 2400000.0 2400000
1731662860612 2424832.0 2424832
1731662894861 2457600.0 2457600
1731662930402 2490368.0 2490368
1731662965481 2523136.0 2523136
1731663001186 2555904.0 2555904
1731663027305 2560000.0 2560000
1731663036790 2588672.0 2588672
1731663070900 2621440.0 2621440
1731663106494 2654208.0 2654208
1731663142549 2686976.0 2686976
1731663178542 2719744.0 2719744
1731663203811 2720000.0 2720000
1731663214491 2752512.0 2752512
1731663249882 2785280.0 2785280
1731663285633 2818048.0 2818048
1731663320500 2850816.0 2850816
1731663355044 2880000.0 2880000
1731663357059 2883584.0 2883584
1731663392048 2916352.0 2916352
1731663428069 2949120.0 2949120
1731663463932 2981888.0 2981888
1731663500505 3014656.0 3014656
1731663533084 3040000.0 3040000
1731663536044 3047424.0 3047424
1731663571111 3080192.0 3080192
1731663606622 3112960.0 3112960
1731663641660 3145728.0 3145728
1731663678153 3178496.0 3178496
1731663710448 3200000.0 3200000
1731663715002 3211264.0 3211264
1731663749722 3244032.0 3244032
1731663786568 3276800.0 3276800
1731663821709 3309568.0 3309568
1731663855836 3342336.0 3342336
1731663886362 3360000.0 3360000
1731663891185 3375104.0 3375104
1731663925589 3407872.0 3407872
1731663961010 3440640.0 3440640
1731663995083 3473408.0 3473408
1731664030394 3506176.0 3506176
1731664060063 3520000.0 3520000
1731664067838 3538944.0 3538944
1731664102778 3571712.0 3571712
1731664138420 3604480.0 3604480
1731664175003 3637248.0 3637248
1731664212067 3670016.0 3670016
1731664240931 3680000.0 3680000
1731664248284 3702784.0 3702784
1731664284091 3735552.0 3735552
1731664320795 3768320.0 3768320
1731664356534 3801088.0 3801088
1731664392456 3833856.0 3833856
1731664419826 3840000.0 3840000
1731664428984 3866624.0 3866624
1731664464222 3899392.0 3899392
1731664499676 3932160.0 3932160
1731664534959 3964928.0 3964928
1731664569793 3997696.0 3997696
1731664596367 4000000.0 4000000
1731664606343 4030464.0 4030464
1731664641607 4063232.0 4063232
1731664676097 4096000.0 4096000
1731664710826 4128768.0 4128768
1731664745350 4160000.0 4160000
1731664746575 4161536.0 4161536
1731664781339 4194304.0 4194304
1731664817220 4227072.0 4227072
1731664852749 4259840.0 4259840
1731664888374 4292608.0 4292608
1731664922575 4320000.0 4320000
1731664926892 4325376.0 4325376
1731664961833 4358144.0 4358144
1731664997537 4390912.0 4390912
1731665033569 4423680.0 4423680
1731665069877 4456448.0 4456448
1731665103710 4480000.0 4480000
1731665107606 4489216.0 4489216
1731665143344 4521984.0 4521984
1731665179053 4554752.0 4554752
1731665213376 4587520.0 4587520
1731665248390 4620288.0 4620288
1731665279901 4640000.0 4640000
1731665286286 4653056.0 4653056
1731665322047 4685824.0 4685824
1731665358232 4718592.0 4718592
1731665394293 4751360.0 4751360
1731665430056 4784128.0 4784128
1731665460645 4800000.0 4800000
1731665466105 4816896.0 4816896
1731665504611 4849664.0 4849664
1731665541942 4882432.0 4882432
1731665578055 4915200.0 4915200
1731665613670 4947968.0 4947968
1731665643703 4960000.0 4960000
1731665651458 4980736.0 4980736
1731665687206 5013504.0 5013504
1731665723106 5046272.0 5046272
1731665758916 5079040.0 5079040
1731665793270 5111808.0 5111808
1731665820317 5120000.0 5120000
1731665828131 5144576.0 5144576
1731665861693 5177344.0 5177344
1731665895742 5210112.0 5210112
1731665930094 5242880.0 5242880
1731665964809 5275648.0 5275648
1731665990539 5280000.0 5280000
1731665999146 5308416.0 5308416
1731666033328 5341184.0 5341184
1731666067377 5373952.0 5373952
1731666102033 5406720.0 5406720
1731666137064 5439488.0 5439488
1731666161510 5440000.0 5440000
1731666172064 5472256.0 5472256
1731666206323 5505024.0 5505024
1731666240684 5537792.0 5537792
1731666276073 5570560.0 5570560
1731666310196 5600000.0 5600000
1731666311686 5603328.0 5603328
1731666347674 5636096.0 5636096
1731666382354 5668864.0 5668864
1731666416964 5701632.0 5701632
1731666451642 5734400.0 5734400
1731666485030 5760000.0 5760000
1731666487885 5767168.0 5767168
1731666522714 5799936.0 5799936
1731666559126 5832704.0 5832704
1731666594126 5865472.0 5865472
1731666629468 5898240.0 5898240
1731666661218 5920000.0 5920000
1731666665224 5931008.0 5931008
1731666700175 5963776.0 5963776
1731666734003 5996544.0 5996544
1731666770267 6029312.0 6029312
1731666804667 6062080.0 6062080
1731666835359 6080000.0 6080000
1731666840662 6094848.0 6094848
1731666875755 6127616.0 6127616
1731666911442 6160384.0 6160384
1731666947616 6193152.0 6193152
1731666984361 6225920.0 6225920
1731667015096 6240000.0 6240000
1731667023443 6258688.0 6258688
1731667058387 6291456.0 6291456
1731667095183 6324224.0 6324224
1731667131782 6356992.0 6356992
1731667168189 6389760.0 6389760
1731667197015 6400000.0 6400000
1731667204712 6422528.0 6422528
1731667239103 6455296.0 6455296
1731667275366 6488064.0 6488064
1731667312853 6520832.0 6520832
1731667349253 6553600.0 6553600
1731667376583 6560000.0 6560000
1731667386450 6586368.0 6586368
1731667421575 6619136.0 6619136
1731667455868 6651904.0 6651904
1731667492401 6684672.0 6684672
1731667527135 6717440.0 6717440
1731667552934 6720000.0 6720000
1731667562403 6750208.0 6750208
1731667597669 6782976.0 6782976
1731667632108 6815744.0 6815744
1731667667025 6848512.0 6848512
1731667702247 6880000.0 6880000
1731667703266 6881280.0 6881280
1731667737702 6914048.0 6914048
1731667771904 6946816.0 6946816
1731667808256 6979584.0 6979584
1731667843311 7012352.0 7012352
1731667877790 7040000.0 7040000
1731667880896 7045120.0 7045120
1731667916182 7077888.0 7077888
1731667952142 7110656.0 7110656
1731667987306 7143424.0 7143424
1731668021638 7176192.0 7176192
1731668053960 7200000.0 7200000
1731668057239 7208960.0 7208960
1731668092195 7241728.0 7241728
1731668128752 7274496.0 7274496
1731668164239 7307264.0 7307264
1731668199127 7340032.0 7340032
1731668230736 7360000.0 7360000
1731668235415 7372800.0 7372800
1731668270350 7405568.0 7405568
1731668305214 7438336.0 7438336
1731668340813 7471104.0 7471104
1731668377548 7503872.0 7503872
1731668408454 7520000.0 7520000
1731668414023 7536640.0 7536640
1731668449233 7569408.0 7569408
1731668483727 7602176.0 7602176
1731668518911 7634944.0 7634944
1731668554793 7667712.0 7667712
1731668583982 7680000.0 7680000
1731668590767 7700480.0 7700480
1731668626777 7733248.0 7733248
1731668663971 7766016.0 7766016
1731668699916 7798784.0 7798784
1731668735664 7831552.0 7831552
1731668762914 7840000.0 7840000
1731668771464 7864320.0 7864320
1731668805867 7897088.0 7897088
1731668840552 7929856.0 7929856
1731668875902 7962624.0 7962624
1731668911302 7995392.0 7995392
1731668938180 8000000.0 8000000
1731668947715 8028160.0 8028160
1731668982609 8060928.0 8060928
1731669018007 8093696.0 8093696
1731669053046 8126464.0 8126464
1731669089938 8159232.0 8159232
1731669116268 8160000.0 8160000
1731669127936 8192000.0 8192000
1731669162036 8224768.0 8224768
1731669198214 8257536.0 8257536
1731669233229 8290304.0 8290304
1731669267843 8320000.0 8320000
1731669270113 8323072.0 8323072
1731669304326 8355840.0 8355840
1731669338235 8388608.0 8388608
1731669372442 8421376.0 8421376
1731669406601 8454144.0 8454144
1731669440183 8480000.0 8480000
1731669443053 8486912.0 8486912
1731669477655 8519680.0 8519680
1731669512828 8552448.0 8552448
1731669547855 8585216.0 8585216
1731669584117 8617984.0 8617984
1731669615544 8640000.0 8640000
1731669620302 8650752.0 8650752
1731669654367 8683520.0 8683520
1731669690232 8716288.0 8716288
1731669725153 8749056.0 8749056
1731669760799 8781824.0 8781824
1731669791978 8800000.0 8800000
1731669797386 8814592.0 8814592
1731669831064 8847360.0 8847360
1731669865911 8880128.0 8880128
1731669899986 8912896.0 8912896
1731669935585 8945664.0 8945664
1731669965290 8960000.0 8960000
1731669972177 8978432.0 8978432
1731670005725 9011200.0 9011200
1731670041070 9043968.0 9043968
1731670075320 9076736.0 9076736
1731670109171 9109504.0 9109504
1731670136736 9120000.0 9120000
1731670144358 9142272.0 9142272
1731670178205 9175040.0 9175040
1731670213160 9207808.0 9207808
1731670248058 9240576.0 9240576
1731670281415 9273344.0 9273344
1731670308855 9280000.0 9280000
1731670317567 9306112.0 9306112
1731670351415 9338880.0 9338880
1731670386601 9371648.0 9371648
1731670421787 9404416.0 9404416
1731670457542 9437184.0 9437184
1731670483004 9440000.0 9440000
1731670492043 9469952.0 9469952
1731670525512 9502720.0 9502720
1731670560203 9535488.0 9535488
1731670593624 9568256.0 9568256
1731670628509 9600000.0 9600000
1731670629731 9601024.0 9601024
1731670663121 9633792.0 9633792
1731670697331 9666560.0 9666560
1731670731723 9699328.0 9699328
1731670766483 9732096.0 9732096
1731670799448 9760000.0 9760000
1731670801676 9764864.0 9764864
1731670835151 9797632.0 9797632
1731670868728 9830400.0 9830400
1731670903209 9863168.0 9863168
1731670936552 9895936.0 9895936
1731670967994 9920000.0 9920000
1731670971617 9928704.0 9928704
1731671004857 9961472.0 9961472
1731671039127 9994240.0 9994240
1731671073292 10027008.0 10027008
1731671106809 10059776.0 10059776
1731671137201 10080000.0 10080000
1731671141906 10092544.0 10092544
1731671176012 10125312.0 10125312
1731671210193 10158080.0 10158080
1731671245050 10190848.0 10190848
1731671279323 10223616.0 10223616
1731671308441 10240000.0 10240000
1731671314230 10256384.0 10256384
1731671347566 10289152.0 10289152
1731671381853 10321920.0 10321920
1731671415718 10354688.0 10354688
1731671449600 10387456.0 10387456
1731671478423 10400000.0 10400000
1731671485104 10420224.0 10420224
1731671518153 10452992.0 10452992
1731671552525 10485760.0 10485760
1731671586714 10518528.0 10518528
1731671619856 10551296.0 10551296
1731671646406 10560000.0 10560000
1731671654038 10584064.0 10584064
1731671688049 10616832.0 10616832
1731671722982 10649600.0 10649600
1731671757524 10682368.0 10682368
1731671791497 10715136.0 10715136
1731671817061 10720000.0 10720000
1731671825630 10747904.0 10747904
1731671859211 10780672.0 10780672
1731671893376 10813440.0 10813440
1731671927364 10846208.0 10846208
1731671962389 10878976.0 10878976
1731671986907 10880000.0 10880000
1731671998477 10911744.0 10911744
1731672031736 10944512.0 10944512
1731672065345 10977280.0 10977280
1731672099955 11010048.0 11010048
1731672133133 11040000.0 11040000
1731672134557 11042816.0 11042816
1731672167953 11075584.0 11075584
1731672201629 11108352.0 11108352
1731672235645 11141120.0 11141120
1731672269161 11173888.0 11173888
1731672301550 11200000.0 11200000
1731672304979 11206656.0 11206656
1731672338499 11239424.0 11239424
1731672372654 11272192.0 11272192
1731672405622 11304960.0 11304960
1731672439405 11337728.0 11337728
1731672470925 11360000.0 11360000
1731672475287 11370496.0 11370496
1731672509011 11403264.0 11403264
1731672542884 11436032.0 11436032
1731672576804 11468800.0 11468800
1731672610777 11501568.0 11501568
1731672640972 11520000.0 11520000
1731672645936 11534336.0 11534336
1731672679239 11567104.0 11567104
1731672714785 11599872.0 11599872
1731672748568 11632640.0 11632640
1731672783440 11665408.0 11665408
1731672813365 11680000.0 11680000
1731672819252 11698176.0 11698176
1731672852130 11730944.0 11730944
1731672885888 11763712.0 11763712
1731672919954 11796480.0 11796480
1731672953822 11829248.0 11829248
1731672981771 11840000.0 11840000
1731672988870 11862016.0 11862016
1731673022143 11894784.0 11894784
1731673055773 11927552.0 11927552
1731673090213 11960320.0 11960320
1731673124179 11993088.0 11993088
1731673151098 12000000.0 12000000
1731673159161 12025856.0 12025856
1731673192991 12058624.0 12058624
1731673227491 12091392.0 12091392
1731673262015 12124160.0 12124160
1731673296091 12156928.0 12156928
1731673321950 12160000.0 12160000
1731673330754 12189696.0 12189696
1731673364781 12222464.0 12222464
1731673399043 12255232.0 12255232
1731673432940 12288000.0 12288000
1731673466279 12320000.0 12320000
1731673466929 12320768.0 12320768
1731673500536 12353536.0 12353536
1731673534581 12386304.0 12386304
1731673568016 12419072.0 12419072
1731673603031 12451840.0 12451840
1731673636673 12480000.0 12480000
1731673638606 12484608.0 12484608
1731673672491 12517376.0 12517376
1731673706595 12550144.0 12550144
1731673740897 12582912.0 12582912
1731673776591 12615680.0 12615680
1731673808484 12640000.0 12640000
1731673811523 12648448.0 12648448
1731673845324 12681216.0 12681216
1731673880085 12713984.0 12713984
1731673913682 12746752.0 12746752
1731673947164 12779520.0 12779520
1731673978024 12800000.0 12800000
1731673982278 12812288.0 12812288
1731674015630 12845056.0 12845056
1731674050109 12877824.0 12877824
1731674084198 12910592.0 12910592
1731674118397 12943360.0 12943360
1731674148375 12960000.0 12960000
1731674153544 12976128.0 12976128
1731674187750 13008896.0 13008896
1731674221399 13041664.0 13041664
1731674254778 13074432.0 13074432
1731674288042 13107200.0 13107200
1731674317127 13120000.0 13120000
1731674323443 13139968.0 13139968
1731674357259 13172736.0 13172736
1731674391518 13205504.0 13205504
1731674425632 13238272.0 13238272
1731674459446 13271040.0 13271040
1731674487347 13280000.0 13280000
1731674495219 13303808.0 13303808
1731674529784 13336576.0 13336576
1731674563350 13369344.0 13369344
1731674597146 13402112.0 13402112
1731674631004 13434880.0 13434880
1731674657498 13440000.0 13440000
1731674668030 13467648.0 13467648
1731674701741 13500416.0 13500416
1731674735201 13533184.0 13533184
1731674769085 13565952.0 13565952
1731674802785 13598720.0 13598720
1731674828191 13600000.0 13600000
1731674838355 13631488.0 13631488
1731674872114 13664256.0 13664256
1731674906367 13697024.0 13697024
1731674940230 13729792.0 13729792
1731674973652 13760000.0 13760000
1731674974828 13762560.0 13762560
1731675008705 13795328.0 13795328
1731675042545 13828096.0 13828096
1731675076163 13860864.0 13860864
1731675110064 13893632.0 13893632
1731675142073 13920000.0 13920000
1731675144768 13926400.0 13926400
1731675178747 13959168.0 13959168
1731675212981 13991936.0 13991936
1731675246384 14024704.0 14024704
1731675280286 14057472.0 14057472
1731675311057 14080000.0 14080000
1731675314526 14090240.0 14090240
1731675347887 14123008.0 14123008
1731675381639 14155776.0 14155776
1731675415175 14188544.0 14188544
1731675449154 14221312.0 14221312
1731675478721 14240000.0 14240000
1731675483339 14254080.0 14254080
1731675517585 14286848.0 14286848
1731675551415 14319616.0 14319616
1731675584858 14352384.0 14352384
1731675618902 14385152.0 14385152
1731675648040 14400000.0 14400000
1731675653725 14417920.0 14417920
1731675687494 14450688.0 14450688
1731675721284 14483456.0 14483456
1731675757442 14516224.0 14516224
1731675790418 14548992.0 14548992
1731675817530 14560000.0 14560000
1731675824349 14581760.0 14581760
1731675858753 14614528.0 14614528
1731675892931 14647296.0 14647296
1731675927153 14680064.0 14680064
1731675960405 14712832.0 14712832
1731675986374 14720000.0 14720000
1731675994170 14745600.0 14745600
1731676028023 14778368.0 14778368
1731676061680 14811136.0 14811136
1731676095781 14843904.0 14843904
1731676130038 14876672.0 14876672
1731676155900 14880000.0 14880000
1731676165266 14909440.0 14909440
1731676199157 14942208.0 14942208
1731676233653 14974976.0 14974976
1731676267519 15007744.0 15007744
1731676301136 15040000.0 15040000
1731676301670 15040512.0 15040512
1731676334836 15073280.0 15073280
1731676368292 15106048.0 15106048
1731676403923 15138816.0 15138816
1731676437597 15171584.0 15171584
1731676470253 15200000.0 15200000
1731676471916 15204352.0 15204352
1731676505080 15237120.0 15237120
1731676539167 15269888.0 15269888
1731676574116 15302656.0 15302656
1731676607317 15335424.0 15335424
1731676638802 15360000.0 15360000
1731676641519 15368192.0 15368192
1731676675202 15400960.0 15400960
1731676708882 15433728.0 15433728
1731676742585 15466496.0 15466496
1731676776976 15499264.0 15499264
1731676807550 15520000.0 15520000
1731676811827 15532032.0 15532032
1731676845678 15564800.0 15564800
1731676879157 15597568.0 15597568
1731676913746 15630336.0 15630336
1731676947622 15663104.0 15663104
1731676977070 15680000.0 15680000
1731676982226 15695872.0 15695872
1731677016049 15728640.0 15728640
1731677050528 15761408.0 15761408
1731677084959 15794176.0 15794176
1731677118224 15826944.0 15826944
1731677146400 15840000.0 15840000
1731677152656 15859712.0 15859712
1731677186265 15892480.0 15892480
1731677220465 15925248.0 15925248
1731677254410 15958016.0 15958016
1731677289817 15990784.0 15990784
1731677316688 16000000.0 16000000
1731677324130 16023552.0 16023552
1731677357073 16056320.0 16056320
1731677390996 16089088.0 16089088
1731677424669 16121856.0 16121856
1731677458584 16154624.0 16154624
1731677485295 16160000.0 16160000
1731677494057 16187392.0 16187392
1731677527871 16220160.0 16220160
1731677560628 16252928.0 16252928
1731677594541 16285696.0 16285696
1731677628784 16318464.0 16318464
1731677654087 16320000.0 16320000
1731677663847 16351232.0 16351232
1731677697078 16384000.0 16384000
1731677731318 16416768.0 16416768
1731677765196 16449536.0 16449536
1731677798003 16480000.0 16480000
1731677799199 16482304.0 16482304
1731677832623 16515072.0 16515072
1731677867253 16547840.0 16547840
1731677903301 16580608.0 16580608
1731677937495 16613376.0 16613376
1731677969785 16640000.0 16640000
1731677972380 16646144.0 16646144
1731678005762 16678912.0 16678912
1731678039744 16711680.0 16711680
1731678074459 16744448.0 16744448
1731678109540 16777216.0 16777216
1731678140320 16800000.0 16800000
1731678143488 16809984.0 16809984
1731678176341 16842752.0 16842752
1731678210193 16875520.0 16875520
1731678243792 16908288.0 16908288
1731678277159 16941056.0 16941056
1731678307078 16960000.0 16960000
1731678312444 16973824.0 16973824
1731678345495 17006592.0 17006592
1731678379124 17039360.0 17039360
1731678412915 17072128.0 17072128
1731678447506 17104896.0 17104896
1731678476994 17120000.0 17120000
1731678482646 17137664.0 17137664
1731678515702 17170432.0 17170432
1731678548568 17203200.0 17203200
1731678581441 17235968.0 17235968
1731678614783 17268736.0 17268736
1731678643187 17280000.0 17280000
1731678650446 17301504.0 17301504
1731678684110 17334272.0 17334272
1731678717492 17367040.0 17367040
1731678750824 17399808.0 17399808
1731678784389 17432576.0 17432576
1731678810509 17440000.0 17440000
1731678818262 17465344.0 17465344
1731678852209 17498112.0 17498112
1731678885907 17530880.0 17530880
1731678919811 17563648.0 17563648
1731678954424 17596416.0 17596416
1731678980411 17600000.0 17600000
1731678991246 17629184.0 17629184
1731679024501 17661952.0 17661952
1731679057824 17694720.0 17694720
1731679092464 17727488.0 17727488
1731679126186 17760000.0 17760000
1731679126995 17760256.0 17760256
1731679159636 17793024.0 17793024
1731679194056 17825792.0 17825792
1731679228757 17858560.0 17858560
1731679262030 17891328.0 17891328
1731679294837 17920000.0 17920000
1731679296520 17924096.0 17924096
1731679330518 17956864.0 17956864
1731679364775 17989632.0 17989632
1731679399256 18022400.0 18022400
1731679433346 18055168.0 18055168
1731679464480 18080000.0 18080000
1731679467864 18087936.0 18087936
1731679500847 18120704.0 18120704
1731679534580 18153472.0 18153472
1731679568819 18186240.0 18186240
1731679603563 18219008.0 18219008
1731679633855 18240000.0 18240000
1731679637792 18251776.0 18251776
1731679671615 18284544.0 18284544
1731679706405 18317312.0 18317312
1731679740527 18350080.0 18350080
1731679775215 18382848.0 18382848
1731679804934 18400000.0 18400000
1731679811599 18415616.0 18415616
1731679844640 18448384.0 18448384
1731679878547 18481152.0 18481152
1731679913328 18513920.0 18513920
1731679947273 18546688.0 18546688
1731679975761 18560000.0 18560000
1731679981821 18579456.0 18579456
1731680015300 18612224.0 18612224
1731680049075 18644992.0 18644992
1731680082631 18677760.0 18677760
1731680116351 18710528.0 18710528
1731680144006 18720000.0 18720000
1731680151412 18743296.0 18743296
1731680185379 18776064.0 18776064
1731680219126 18808832.0 18808832
1731680253352 18841600.0 18841600
1731680287466 18874368.0 18874368
1731680313511 18880000.0 18880000
1731680321526 18907136.0 18907136
1731680354471 18939904.0 18939904
1731680387911 18972672.0 18972672
1731680421606 19005440.0 19005440
1731680456006 19038208.0 19038208
1731680481265 19040000.0 19040000
1731680491174 19070976.0 19070976
1731680525264 19103744.0 19103744
1731680559249 19136512.0 19136512
1731680592421 19169280.0 19169280
1731680625625 19200000.0 19200000
1731680627219 19202048.0 19202048
1731680661300 19234816.0 19234816
1731680695693 19267584.0 19267584
1731680730942 19300352.0 19300352
1731680764935 19333120.0 19333120
1731680797503 19360000.0 19360000
1731680800328 19365888.0 19365888
1731680833502 19398656.0 19398656
1731680869720 19431424.0 19431424
1731680903824 19464192.0 19464192
1731680938291 19496960.0 19496960
1731680969842 19520000.0 19520000
1731680973553 19529728.0 19529728
1731681010765 19562496.0 19562496
1731681045903 19595264.0 19595264
1731681080772 19628032.0 19628032
1731681114846 19660800.0 19660800
1731681145026 19680000.0 19680000
1731681149714 19693568.0 19693568
1731681183918 19726336.0 19726336
1731681217810 19759104.0 19759104
1731681252100 19791872.0 19791872
1731681286440 19824640.0 19824640
1731681315483 19840000.0 19840000
1731681321433 19857408.0 19857408
1731681354879 19890176.0 19890176
1731681390210 19922944.0 19922944
1731681426363 19955712.0 19955712
1731681460133 19988480.0 19988480
1731681488861 20000000.0 20000000
1731681495492 20021248.0 20021248
1731681528555 20054016.0 20054016
1731681563307 20086784.0 20086784
1731681598222 20119552.0 20119552
1731681632162 20152320.0 20152320
1731681659334 20160000.0 20160000
1731681666627 20185088.0 20185088
1731681700584 20217856.0 20217856
1731681733914 20250624.0 20250624
1731681767380 20283392.0 20283392
1731681801013 20316160.0 20316160
1731681826586 20320000.0 20320000
1731681835320 20348928.0 20348928
1731681868678 20381696.0 20381696
1731681903067 20414464.0 20414464
1731681936787 20447232.0 20447232
1731681971493 20480000.0 20480000
1731681972621 20480000.0 20480000
1731682005795 20512768.0 20512768
1731682041038 20545536.0 20545536
1731682075550 20578304.0 20578304
1731682109282 20611072.0 20611072
1731682141741 20640000.0 20640000
1731682143322 20643840.0 20643840
1731682177282 20676608.0 20676608
1731682210970 20709376.0 20709376
1731682245070 20742144.0 20742144
1731682279559 20774912.0 20774912
1731682311494 20800000.0 20800000
1731682314099 20807680.0 20807680
1731682347681 20840448.0 20840448
1731682381914 20873216.0 20873216
1731682419808 20905984.0 20905984
1731682453257 20938752.0 20938752
1731682483916 20960000.0 20960000
1731682488316 20971520.0 20971520
1731682521865 21004288.0 21004288
1731682555910 21037056.0 21037056
1731682589671 21069824.0 21069824
1731682623782 21102592.0 21102592
1731682652812 21120000.0 21120000
1731682657722 21135360.0 21135360
1731682691869 21168128.0 21168128
1731682725253 21200896.0 21200896
1731682759202 21233664.0 21233664
1731682793221 21266432.0 21266432
1731682821333 21280000.0 21280000
1731682827528 21299200.0 21299200
1731682860395 21331968.0 21331968
1731682894461 21364736.0 21364736
1731682928744 21397504.0 21397504
1731682962506 21430272.0 21430272
1731682989812 21440000.0 21440000
1731682997166 21463040.0 21463040
1731683030922 21495808.0 21495808
1731683064836 21528576.0 21528576
1731683099057 21561344.0 21561344
1731683132586 21594112.0 21594112
1731683158238 21600000.0 21600000
1731683166599 21626880.0 21626880
1731683200402 21659648.0 21659648
1731683234796 21692416.0 21692416
1731683269052 21725184.0 21725184
1731683302849 21757952.0 21757952
1731683327707 21760000.0 21760000
1731683337018 21790720.0 21790720
1731683370299 21823488.0 21823488
1731683403648 21856256.0 21856256
1731683437381 21889024.0 21889024
1731683471325 21920000.0 21920000
1731683472264 21921792.0 21921792
1731683506478 21954560.0 21954560
1731683539889 21987328.0 21987328
1731683573410 22020096.0 22020096
1731683608189 22052864.0 22052864
1731683640432 22080000.0 22080000
1731683642431 22085632.0 22085632
1731683675824 22118400.0 22118400
1731683709277 22151168.0 22151168
1731683742648 22183936.0 22183936
1731683777126 22216704.0 22216704
1731683808631 22240000.0 22240000
1731683811762 22249472.0 22249472
1731683845273 22282240.0 22282240
1731683879267 22315008.0 22315008
1731683913127 22347776.0 22347776
1731683946370 22380544.0 22380544
1731683976399 22400000.0 22400000
1731683982039 22413312.0 22413312
1731684015072 22446080.0 22446080
1731684049642 22478848.0 22478848
1731684082808 22511616.0 22511616
1731684115894 22544384.0 22544384
1731684145468 22560000.0 22560000
1731684150909 22577152.0 22577152
1731684184513 22609920.0 22609920
1731684219321 22642688.0 22642688
1731684253332 22675456.0 22675456
1731684287900 22708224.0 22708224
1731684315717 22720000.0 22720000
1731684322229 22740992.0 22740992
1731684356273 22773760.0 22773760
1731684390161 22806528.0 22806528
1731684423109 22839296.0 22839296
1731684456121 22872064.0 22872064
1731684482648 22880000.0 22880000
1731684490554 22904832.0 22904832
1731684523523 22937600.0 22937600
1731684556847 22970368.0 22970368
1731684590076 23003136.0 23003136
1731684624508 23035904.0 23035904
1731684650035 23040000.0 23040000
1731684658878 23068672.0 23068672
1731684692803 23101440.0 23101440
1731684727198 23134208.0 23134208
1731684761024 23166976.0 23166976
1731684795265 23199744.0 23199744
1731684819903 23200000.0 23200000
1731684829979 23232512.0 23232512
1731684863456 23265280.0 23265280
1731684897343 23298048.0 23298048
1731684931697 23330816.0 23330816
1731684964864 23360000.0 23360000
1731684966385 23363584.0 23363584
1731684999483 23396352.0 23396352
1731685033903 23429120.0 23429120
1731685067456 23461888.0 23461888
1731685101151 23494656.0 23494656
1731685133777 23520000.0 23520000
1731685137432 23527424.0 23527424
1731685171512 23560192.0 23560192
1731685205421 23592960.0 23592960
1731685239884 23625728.0 23625728
1731685274670 23658496.0 23658496
1731685306191 23680000.0 23680000
1731685310401 23691264.0 23691264
1731685344630 23724032.0 23724032
1731685378847 23756800.0 23756800
1731685413450 23789568.0 23789568
1731685447078 23822336.0 23822336
1731685477115 23840000.0 23840000
1731685481909 23855104.0 23855104
1731685515077 23887872.0 23887872
1731685549340 23920640.0 23920640
1731685583706 23953408.0 23953408
1731685618079 23986176.0 23986176
1731685647044 24000000.0 24000000
1731685653011 24018944.0 24018944
1731685687353 24051712.0 24051712
1731685721183 24084480.0 24084480
1731685754764 24117248.0 24117248
1731685790222 24150016.0 24150016
1731685817620 24160000.0 24160000
1731685824663 24182784.0 24182784
1731685858669 24215552.0 24215552
1731685893848 24248320.0 24248320
1731685927222 24281088.0 24281088
1731685966182 24313856.0 24313856
1731685992063 24320000.0 24320000
1731686000471 24346624.0 24346624
1731686034078 24379392.0 24379392
1731686067606 24412160.0 24412160
1731686101176 24444928.0 24444928
1731686135495 24477696.0 24477696
1731686160563 24480000.0 24480000
1731686169647 24510464.0 24510464
1731686203641 24543232.0 24543232
1731686237062 24576000.0 24576000
1731686270957 24608768.0 24608768
1731686304007 24640000.0 24640000
1731686304904 24641536.0 24641536
1731686338822 24674304.0 24674304
1731686372615 24707072.0 24707072
1731686407435 24739840.0 24739840
1731686441764 24772608.0 24772608
1731686474646 24800000.0 24800000
1731686476945 24805376.0 24805376
1731686510243 24838144.0 24838144
1731686544334 24870912.0 24870912
1731686578399 24903680.0 24903680
1731686611814 24936448.0 24936448
1731686642859 24960000.0 24960000
1731686645813 24969216.0 24969216
1731686679437 25001984.0 25001984
1731686713852 25034752.0 25034752
1731686748245 25067520.0 25067520
1731686781816 25100288.0 25100288
1731686811974 25120000.0 25120000
1731686816509 25133056.0 25133056
1731686850331 25165824.0 25165824
1731686884645 25198592.0 25198592
1731686918867 25231360.0 25231360
1731686953010 25264128.0 25264128
1731686983269 25280000.0 25280000
1731686988874 25296896.0 25296896
1731687022756 25329664.0 25329664
1731687056302 25362432.0 25362432
1731687091104 25395200.0 25395200
1731687125769 25427968.0 25427968
1731687153744 25440000.0 25440000
1731687160385 25460736.0 25460736
1731687194375 25493504.0 25493504
1731687229406 25526272.0 25526272
1731687264221 25559040.0 25559040
1731687298228 25591808.0 25591808
1731687325438 25600000.0 25600000
1731687335751 25624576.0 25624576
1731687368991 25657344.0 25657344
1731687403188 25690112.0 25690112
1731687437363 25722880.0 25722880
1731687471733 25755648.0 25755648
1731687497697 25760000.0 25760000
1731687506261 25788416.0 25788416
1731687540343 25821184.0 25821184
1731687575259 25853952.0 25853952
1731687609832 25886720.0 25886720
1731687643708 25919488.0 25919488
1731687668629 25920000.0 25920000
1731687678521 25952256.0 25952256
1731687711178 25985024.0 25985024
1731687745351 26017792.0 26017792
1731687779798 26050560.0 26050560
1731687813878 26080000.0 26080000
1731687815709 26083328.0 26083328
1731687849523 26116096.0 26116096
1731687886565 26148864.0 26148864
1731687921482 26181632.0 26181632
1731687956109 26214400.0 26214400
1731687987467 26240000.0 26240000
1731687990565 26247168.0 26247168
1731688024097 26279936.0 26279936
1731688058888 26312704.0 26312704
1731688092734 26345472.0 26345472
1731688126777 26378240.0 26378240
1731688157728 26400000.0 26400000
1731688161533 26411008.0 26411008
1731688194907 26443776.0 26443776
1731688229414 26476544.0 26476544
1731688263326 26509312.0 26509312
1731688297362 26542080.0 26542080
1731688327858 26560000.0 26560000
1731688332726 26574848.0 26574848
1731688367150 26607616.0 26607616
1731688400391 26640384.0 26640384
1731688432948 26673152.0 26673152
1731688466461 26705920.0 26705920
1731688495174 26720000.0 26720000
1731688500925 26738688.0 26738688
1731688534492 26771456.0 26771456
1731688568536 26804224.0 26804224
1731688602755 26836992.0 26836992
1731688636271 26869760.0 26869760
1731688663468 26880000.0 26880000
1731688670554 26902528.0 26902528
1731688703783 26935296.0 26935296
1731688737280 26968064.0 26968064
1731688770985 27000832.0 27000832
1731688804741 27033600.0 27033600
1731688831287 27040000.0 27040000
1731688839417 27066368.0 27066368
1731688873009 27099136.0 27099136
1731688907635 27131904.0 27131904
1731688941127 27164672.0 27164672
1731688975231 27197440.0 27197440
1731689001083 27200000.0 27200000
1731689010604 27230208.0 27230208
1731689044104 27262976.0 27262976
1731689078489 27295744.0 27295744
1731689111454 27328512.0 27328512
1731689145185 27360000.0 27360000
1731689146877 27361280.0 27361280
1731689181292 27394048.0 27394048
1731689215978 27426816.0 27426816
1731689250164 27459584.0 27459584
1731689284442 27492352.0 27492352
1731689316884 27520000.0 27520000
1731689319280 27525120.0 27525120
1731689353518 27557888.0 27557888
1731689388491 27590656.0 27590656
1731689422131 27623424.0 27623424
1731689456229 27656192.0 27656192
1731689488286 27680000.0 27680000
1731689491442 27688960.0 27688960
1731689524607 27721728.0 27721728
1731689558917 27754496.0 27754496
1731689592505 27787264.0 27787264
1731689626857 27820032.0 27820032
1731689658365 27840000.0 27840000
1731689663488 27852800.0 27852800
1731689696924 27885568.0 27885568
1731689731474 27918336.0 27918336
1731689764844 27951104.0 27951104
1731689798464 27983872.0 27983872
1731689827862 28000000.0 28000000
1731689833383 28016640.0 28016640
1731689867082 28049408.0 28049408
1731689901119 28082176.0 28082176
1731689935095 28114944.0 28114944
1731689969404 28147712.0 28147712
1731689997970 28160000.0 28160000
1731690004453 28180480.0 28180480
1731690038265 28213248.0 28213248
1731690072418 28246016.0 28246016
1731690107796 28278784.0 28278784
1731690142520 28311552.0 28311552
1731690169108 28320000.0 28320000
1731690177380 28344320.0 28344320
1731690210899 28377088.0 28377088
1731690245375 28409856.0 28409856
1731690279272 28442624.0 28442624
1731690313565 28475392.0 28475392
1731690340172 28480000.0 28480000
1731690349146 28508160.0 28508160
1731690382165 28540928.0 28540928
1731690416358 28573696.0 28573696
1731690451090 28606464.0 28606464
1731690484922 28639232.0 28639232
1731690509192 28640000.0 28640000
1731690519782 28672000.0 28672000
1731690553019 28704768.0 28704768
1731690587046 28737536.0 28737536
1731690621405 28770304.0 28770304
1731690654631 28800000.0 28800000
1731690656591 28803072.0 28803072
1731690691963 28835840.0 28835840
1731690726527 28868608.0 28868608
1731690762124 28901376.0 28901376
1731690796610 28934144.0 28934144
1731690828615 28960000.0 28960000
1731690831667 28966912.0 28966912
1731690865182 28999680.0 28999680
1731690906111 29032448.0 29032448
1731690939856 29065216.0 29065216
1731690974386 29097984.0 29097984
1731691004804 29120000.0 29120000
1731691008712 29130752.0 29130752
1731691042670 29163520.0 29163520
1731691076720 29196288.0 29196288
1731691111455 29229056.0 29229056
1731691145670 29261824.0 29261824
1731691175534 29280000.0 29280000
1731691180945 29294592.0 29294592
1731691214998 29327360.0 29327360
1731691249643 29360128.0 29360128
1731691284033 29392896.0 29392896
1731691319522 29425664.0 29425664
1731691349022 29440000.0 29440000
1731691355188 29458432.0 29458432
1731691388178 29491200.0 29491200
1731691422825 29523968.0 29523968
1731691457147 29556736.0 29556736
1731691491700 29589504.0 29589504
1731691519742 29600000.0 29600000
1731691527077 29622272.0 29622272
1731691560567 29655040.0 29655040
1731691595564 29687808.0 29687808
1731691629895 29720576.0 29720576
1731691663739 29753344.0 29753344
1731691691059 29760000.0 29760000
1731691700006 29786112.0 29786112
1731691734334 29818880.0 29818880
1731691768131 29851648.0 29851648
1731691802455 29884416.0 29884416
1731691836792 29917184.0 29917184
1731691863009 29920000.0 29920000
1731691873274 29949952.0 29949952
1731691906613 29982720.0 29982720
1731691941584 30015488.0 30015488
1731691977141 30048256.0 30048256
1731692010791 30080000.0 30080000
1731692012989 30081024.0 30081024
1731692046038 30113792.0 30113792
1731692080472 30146560.0 30146560
1731692115231 30179328.0 30179328
1731692149545 30212096.0 30212096
1731692182316 30240000.0 30240000
1731692184578 30244864.0 30244864
1731692218014 30277632.0 30277632
1731692252737 30310400.0 30310400
1731692287229 30343168.0 30343168
1731692322489 30375936.0 30375936
1731692356115 30400000.0 30400000
1731692359560 30408704.0 30408704
1731692393903 30441472.0 30441472
1731692428231 30474240.0 30474240
1731692462043 30507008.0 30507008
1731692496921 30539776.0 30539776
1731692527650 30560000.0 30560000
1731692537708 30572544.0 30572544
1731692571471 30605312.0 30605312
1731692605408 30638080.0 30638080
1731692639122 30670848.0 30670848
1731692673210 30703616.0 30703616
1731692703511 30720000.0 30720000
1731692712886 30736384.0 30736384
1731692745872 30769152.0 30769152
1731692779320 30801920.0 30801920
1731692813902 30834688.0 30834688
1731692848453 30867456.0 30867456
1731692877396 30880000.0 30880000
1731692883825 30900224.0 30900224
1731692917113 30932992.0 30932992
1731692951553 30965760.0 30965760
1731692986538 30998528.0 30998528
1731693021172 31031296.0 31031296
1731693048994 31040000.0 31040000
1731693057099 31064064.0 31064064
1731693091211 31096832.0 31096832
1731693125621 31129600.0 31129600
1731693159961 31162368.0 31162368
1731693194372 31195136.0 31195136
1731693220617 31200000.0 31200000
1731693229503 31227904.0 31227904
1731693262574 31260672.0 31260672
1731693297350 31293440.0 31293440
1731693332148 31326208.0 31326208
1731693367097 31358976.0 31358976
1731693391761 31360000.0 31360000
1731693401308 31391744.0 31391744
1731693434735 31424512.0 31424512
1731693468567 31457280.0 31457280
1731693503330 31490048.0 31490048
1731693537215 31520000.0 31520000
1731693538918 31522816.0 31522816
1731693571927 31555584.0 31555584
1731693606054 31588352.0 31588352
1731693641871 31621120.0 31621120
1731693677266 31653888.0 31653888
1731693710195 31680000.0 31680000
1731693712923 31686656.0 31686656
1731693746385 31719424.0 31719424
1731693780253 31752192.0 31752192
1731693814281 31784960.0 31784960
1731693848678 31817728.0 31817728
1731693879381 31840000.0 31840000
1731693883367 31850496.0 31850496
1731693917108 31883264.0 31883264
1731693950940 31916032.0 31916032
1731693984995 31948800.0 31948800
1731694019473 31981568.0 31981568
1731694049549 32000000.0 32000000
1731694055356 32014336.0 32014336
1731694089017 32047104.0 32047104
1731694123282 32079872.0 32079872
1731694156939 32112640.0 32112640
1731694190255 32145408.0 32145408
1731694219100 32160000.0 32160000
1731694224787 32178176.0 32178176
1731694258082 32210944.0 32210944
1731694293235 32243712.0 32243712
1731694327659 32276480.0 32276480
1731694361723 32309248.0 32309248
1731694389598 32320000.0 32320000
1731694396759 32342016.0 32342016
1731694430362 32374784.0 32374784
1731694464752 32407552.0 32407552
1731694498826 32440320.0 32440320
1731694532643 32473088.0 32473088
1731694559379 32480000.0 32480000
1731694567406 32505856.0 32505856
1731694600371 32538624.0 32538624
1731694634255 32571392.0 32571392
1731694668195 32604160.0 32604160
1731694701453 32636928.0 32636928
1731694726566 32640000.0 32640000
1731694735768 32669696.0 32669696
1731694768729 32702464.0 32702464
1731694802873 32735232.0 32735232
1731694837164 32768000.0 32768000
1731694870671 32800000.0 32800000
1731694871770 32800768.0 32800768
1731694905319 32833536.0 32833536
1731694940173 32866304.0 32866304
1731694974308 32899072.0 32899072
1731695008378 32931840.0 32931840
1731695040769 32960000.0 32960000
1731695042440 32964608.0 32964608
1731695076646 32997376.0 32997376
1731695110273 33030144.0 33030144
1731695143687 33062912.0 33062912
1731695177342 33095680.0 33095680
1731695208531 33120000.0 33120000
1731695211802 33128448.0 33128448
1731695245727 33161216.0 33161216
1731695279099 33193984.0 33193984
1731695312770 33226752.0 33226752
1731695347323 33259520.0 33259520
1731695377795 33280000.0 33280000
1731695382370 33292288.0 33292288
1731695415624 33325056.0 33325056
1731695450083 33357824.0 33357824
1731695484705 33390592.0 33390592
1731695518476 33423360.0 33423360
1731695548250 33440000.0 33440000
1731695553414 33456128.0 33456128
1731695586580 33488896.0 33488896
1731695620214 33521664.0 33521664
1731695653915 33554432.0 33554432
1731695687980 33587200.0 33587200
1731695716400 33600000.0 33600000
1731695722508 33619968.0 33619968
1731695755845 33652736.0 33652736
1731695795708 33685504.0 33685504
1731695829070 33718272.0 33718272
1731695864011 33751040.0 33751040
1731695890945 33760000.0 33760000
1731695897990 33783808.0 33783808
1731695931720 33816576.0 33816576
1731695965568 33849344.0 33849344
1731695999284 33882112.0 33882112
1731696033605 33914880.0 33914880
1731696059243 33920000.0 33920000
1731696067802 33947648.0 33947648
1731696102219 33980416.0 33980416
1731696136347 34013184.0 34013184
1731696170444 34045952.0 34045952
1731696204335 34078720.0 34078720
1731696228912 34080000.0 34080000
1731696238397 34111488.0 34111488
1731696271384 34144256.0 34144256
1731696308661 34177024.0 34177024
1731696342026 34209792.0 34209792
1731696374913 34240000.0 34240000
1731696376211 34242560.0 34242560
1731696409913 34275328.0 34275328
1731696443875 34308096.0 34308096
1731696478366 34340864.0 34340864
1731696512491 34373632.0 34373632
1731696544416 34400000.0 34400000
1731696546803 34406400.0 34406400
1731696580178 34439168.0 34439168
1731696614412 34471936.0 34471936
1731696648400 34504704.0 34504704
1731696682641 34537472.0 34537472
1731696713560 34560000.0 34560000
1731696717580 34570240.0 34570240
1731696750548 34603008.0 34603008
1731696784836 34635776.0 34635776
1731696818971 34668544.0 34668544
1731696853309 34701312.0 34701312
1731696883921 34720000.0 34720000
1731696888624 34734080.0 34734080
1731696922552 34766848.0 34766848
1731696955998 34799616.0 34799616
1731696990120 34832384.0 34832384
1731697023794 34865152.0 34865152
1731697052149 34880000.0 34880000
1731697057701 34897920.0 34897920
1731697091242 34930688.0 34930688
1731697125391 34963456.0 34963456
1731697159193 34996224.0 34996224
1731697193588 35028992.0 35028992
1731697220615 35040000.0 35040000
1731697227628 35061760.0 35061760
1731697261461 35094528.0 35094528
1731697295385 35127296.0 35127296
1731697328576 35160064.0 35160064
1731697362817 35192832.0 35192832
1731697389463 35200000.0 35200000
1731697398174 35225600.0 35225600
1731697431589 35258368.0 35258368
1731697464971 35291136.0 35291136
1731697498609 35323904.0 35323904
1731697532803 35356672.0 35356672
1731697559001 35360000.0 35360000
1731697568342 35389440.0 35389440
1731697602415 35422208.0 35422208
1731697635865 35454976.0 35454976
1731697670180 35487744.0 35487744
1731697703806 35520000.0 35520000
1731697704601 35520512.0 35520512
1731697738387 35553280.0 35553280
1731697772293 35586048.0 35586048
1731697807117 35618816.0 35618816
1731697840354 35651584.0 35651584
1731697872609 35680000.0 35680000
1731697874490 35684352.0 35684352
1731697908826 35717120.0 35717120
1731697942424 35749888.0 35749888
1731697976294 35782656.0 35782656
1731698010423 35815424.0 35815424
1731698041922 35840000.0 35840000
1731698044908 35848192.0 35848192
1731698078992 35880960.0 35880960
1731698113198 35913728.0 35913728
1731698147247 35946496.0 35946496
1731698180266 35979264.0 35979264
1731698210181 36000000.0 36000000
1731698214244 36012032.0 36012032
1731698247568 36044800.0 36044800
1731698281776 36077568.0 36077568
1731698315758 36110336.0 36110336
1731698350076 36143104.0 36143104
1731698379006 36160000.0 36160000
1731698384091 36175872.0 36175872
1731698417678 36208640.0 36208640
1731698451531 36241408.0 36241408
1731698485012 36274176.0 36274176
1731698518822 36306944.0 36306944
1731698546972 36320000.0 36320000
1731698553093 36339712.0 36339712
1731698586617 36372480.0 36372480
1731698620363 36405248.0 36405248
1731698654887 36438016.0 36438016
1731698688699 36470784.0 36470784
1731698715809 36480000.0 36480000
1731698723020 36503552.0 36503552
1731698756676 36536320.0 36536320
1731698790823 36569088.0 36569088
1731698825126 36601856.0 36601856
1731698858633 36634624.0 36634624
1731698884292 36640000.0 36640000
1731698892589 36667392.0 36667392
1731698926675 36700160.0 36700160
1731698961436 36732928.0 36732928
1731698995071 36765696.0 36765696
1731699028326 36798464.0 36798464
1731699053906 36800000.0 36800000
1731699063391 36831232.0 36831232
1731699097023 36864000.0 36864000
1731699130744 36896768.0 36896768
1731699163995 36929536.0 36929536
1731699197588 36960000.0 36960000
1731699198919 36962304.0 36962304
1731699232604 36995072.0 36995072
1731699265983 37027840.0 37027840
1731699300003 37060608.0 37060608
1731699334368 37093376.0 37093376
1731699366948 37120000.0 37120000
1731699369429 37126144.0 37126144
1731699403211 37158912.0 37158912
1731699436960 37191680.0 37191680
1731699470218 37224448.0 37224448
1731699503993 37257216.0 37257216
1731699535298 37280000.0 37280000
1731699538681 37289984.0 37289984
1731699572181 37322752.0 37322752
1731699605952 37355520.0 37355520
1731699639337 37388288.0 37388288
1731699673270 37421056.0 37421056
1731699703979 37440000.0 37440000
1731699708259 37453824.0 37453824
1731699741917 37486592.0 37486592
1731699775807 37519360.0 37519360
1731699809431 37552128.0 37552128
1731699843363 37584896.0 37584896
1731699871732 37600000.0 37600000
1731699877276 37617664.0 37617664
1731699910163 37650432.0 37650432
1731699944119 37683200.0 37683200
1731699978076 37715968.0 37715968
1731700011172 37748736.0 37748736
1731700038985 37760000.0 37760000
1731700045098 37781504.0 37781504
1731700079202 37814272.0 37814272
1731700113188 37847040.0 37847040
1731700147239 37879808.0 37879808
1731700181269 37912576.0 37912576
1731700207530 37920000.0 37920000
1731700215380 37945344.0 37945344
1731700248341 37978112.0 37978112
1731700282224 38010880.0 38010880
1731700315582 38043648.0 38043648
1731700349463 38076416.0 38076416
1731700374810 38080000.0 38080000
1731700383595 38109184.0 38109184
1731700416644 38141952.0 38141952
1731700450418 38174720.0 38174720
1731700484575 38207488.0 38207488
1731700519041 38240000.0 38240000
1731700519566 38240256.0 38240256
1731700553259 38273024.0 38273024
1731700586581 38305792.0 38305792
1731700620465 38338560.0 38338560
1731700654211 38371328.0 38371328
1731700686453 38400000.0 38400000
1731700688135 38404096.0 38404096
1731700721470 38436864.0 38436864
1731700756077 38469632.0 38469632
1731700790151 38502400.0 38502400
1731700823750 38535168.0 38535168
1731700855311 38560000.0 38560000
1731700857876 38567936.0 38567936
1731700890939 38600704.0 38600704
1731700924246 38633472.0 38633472
1731700957495 38666240.0 38666240
1731700991125 38699008.0 38699008
1731701021717 38720000.0 38720000
1731701025451 38731776.0 38731776
1731701059366 38764544.0 38764544
1731701093415 38797312.0 38797312
1731701127490 38830080.0 38830080
1731701161512 38862848.0 38862848
1731701190962 38880000.0 38880000
1731701196019 38895616.0 38895616
1731701229651 38928384.0 38928384
1731701263225 38961152.0 38961152
1731701297073 38993920.0 38993920
1731701331905 39026688.0 39026688
1731701360306 39040000.0 39040000
1731701366413 39059456.0 39059456
1731701399853 39092224.0 39092224
1731701433735 39124992.0 39124992
1731701468259 39157760.0 39157760
1731701503215 39190528.0 39190528
1731701530514 39200000.0 39200000
1731701537331 39223296.0 39223296
1731701570706 39256064.0 39256064
1731701605311 39288832.0 39288832
1731701638886 39321600.0 39321600
1731701671743 39354368.0 39354368
1731701697895 39360000.0 39360000
1731701706300 39387136.0 39387136
1731701740087 39419904.0 39419904
1731701773709 39452672.0 39452672
1731701806973 39485440.0 39485440
1731701840587 39518208.0 39518208
1731701865503 39520000.0 39520000
1731701875379 39550976.0 39550976
1731701908793 39583744.0 39583744
1731701945892 39616512.0 39616512
1731701979964 39649280.0 39649280
1731702013556 39680000.0 39680000
1731702014697 39682048.0 39682048
1731702048027 39714816.0 39714816
1731702081776 39747584.0 39747584
1731702118296 39780352.0 39780352
1731702151473 39813120.0 39813120
1731702183833 39840000.0 39840000
1731702186247 39845888.0 39845888
1731702221720 39878656.0 39878656
1731702255645 39911424.0 39911424
1731702289940 39944192.0 39944192
1731702324907 39976960.0 39976960
1731702356050 40000000.0 40000000
1731702359589 40009728.0 40009728
1731702392688 40042496.0 40042496
1731702427128 40075264.0 40075264
1731702460770 40108032.0 40108032
1731702494115 40140800.0 40140800
1731702524425 40160000.0 40160000
1731702528916 40173568.0 40173568
1731702562424 40206336.0 40206336
1731702596622 40239104.0 40239104
1731702630775 40271872.0 40271872
1731702664482 40304640.0 40304640
1731702693016 40320000.0 40320000
1731702698643 40337408.0 40337408
1731702731753 40370176.0 40370176
1731702765235 40402944.0 40402944
1731702798822 40435712.0 40435712
1731702832873 40468480.0 40468480
1731702860652 40480000.0 40480000
1731702866746 40501248.0 40501248
1731702899897 40534016.0 40534016
1731702933053 40566784.0 40566784
1731702967055 40599552.0 40599552
1731703000608 40632320.0 40632320
1731703027421 40640000.0 40640000
1731703035457 40665088.0 40665088
1731703068979 40697856.0 40697856
1731703102505 40730624.0 40730624
1731703136864 40763392.0 40763392
1731703171052 40796160.0 40796160
1731703196257 40800000.0 40800000
1731703204892 40828928.0 40828928
1731703238033 40861696.0 40861696
1731703271737 40894464.0 40894464
1731703306380 40927232.0 40927232
1731703340067 40960000.0 40960000
1731703340434 40960000.0 40960000
1731703374391 40992768.0 40992768
1731703407638 41025536.0 41025536
1731703441006 41058304.0 41058304
1731703474691 41091072.0 41091072
1731703507029 41120000.0 41120000
1731703508593 41123840.0 41123840
1731703542114 41156608.0 41156608
1731703576457 41189376.0 41189376
1731703609938 41222144.0 41222144
1731703644154 41254912.0 41254912
1731703675507 41280000.0 41280000
1731703678510 41287680.0 41287680
1731703711658 41320448.0 41320448
1731703745914 41353216.0 41353216
1731703780861 41385984.0 41385984
1731703814162 41418752.0 41418752
1731703844284 41440000.0 41440000
1731703848191 41451520.0 41451520
1731703882018 41484288.0 41484288
1731703915576 41517056.0 41517056
1731703948749 41549824.0 41549824
1731703981807 41582592.0 41582592
1731704010696 41600000.0 41600000
1731704015581 41615360.0 41615360
1731704049277 41648128.0 41648128
1731704083070 41680896.0 41680896
1731704116927 41713664.0 41713664
1731704150706 41746432.0 41746432
1731704178866 41760000.0 41760000
1731704185416 41779200.0 41779200
1731704219573 41811968.0 41811968
1731704253947 41844736.0 41844736
1731704287862 41877504.0 41877504
1731704321086 41910272.0 41910272
1731704348308 41920000.0 41920000
1731704355544 41943040.0 41943040
1731704389664 41975808.0 41975808
1731704423785 42008576.0 42008576
1731704456875 42041344.0 42041344
1731704489817 42074112.0 42074112
1731704515937 42080000.0 42080000
