1733223217972 1.0 32768
1733223259636 2.0 65536
1733223302973 3.0 98304
1733223347131 4.0 131072
1733223393079 5.0 163840
1733223435361 6.0 196608
1733223477916 7.0 229376
1733223520813 8.0 262144
1733223565023 9.0 294912
1733223608846 10.0 327680
1733223650392 11.0 360448
1733223692096 12.0 393216
1733223734544 13.0 425984
1733223776673 14.0 458752
1733223821153 15.0 491520
1733223863150 16.0 524288
1733223905763 17.0 557056
1733223947601 18.0 589824
1733223989249 19.0 622592
1733224034193 20.0 655360
1733224075548 21.0 688128
1733224117309 22.0 720896
1733224159790 23.0 753664
1733224201738 24.0 786432
1733224247192 25.0 819200
1733224288963 26.0 851968
1733224331601 27.0 884736
1733224373706 28.0 917504
1733224415545 29.0 950272
1733224460282 30.0 983040
1733224501938 31.0 1015808
1733224543534 32.0 1048576
1733224585147 33.0 1081344
1733224627935 34.0 1114112
1733224672548 35.0 1146880
1733224714625 36.0 1179648
1733224756082 37.0 1212416
1733224797621 38.0 1245184
1733224839959 39.0 1277952
1733224885073 40.0 1310720
1733224926968 41.0 1343488
1733224968856 42.0 1376256
1733225011228 43.0 1409024
1733225055490 44.0 1441792
1733225097070 45.0 1474560
1733225138940 46.0 1507328
1733225181194 47.0 1540096
1733225223660 48.0 1572864
1733225268318 49.0 1605632
1733225310202 50.0 1638400
1733225352602 51.0 1671168
1733225395887 52.0 1703936
1733225437759 53.0 1736704
1733225483013 54.0 1769472
1733225524484 55.0 1802240
1733225566781 56.0 1835008
1733225609150 57.0 1867776
1733225651366 58.0 1900544
1733225696632 59.0 1933312
1733225738525 60.0 1966080
1733225780479 61.0 1998848
1733225822718 62.0 2031616
1733225864613 63.0 2064384
1733225909477 64.0 2097152
1733225951473 65.0 2129920
1733225993170 66.0 2162688
1733226035692 67.0 2195456
1733226077746 68.0 2228224
1733226123316 69.0 2260992
1733226165434 70.0 2293760
1733226207710 71.0 2326528
1733226250698 72.0 2359296
1733226292628 73.0 2392064
1733226338424 74.0 2424832
1733226380529 75.0 2457600
1733226422967 76.0 2490368
1733226464822 77.0 2523136
1733226506450 78.0 2555904
1733226551746 79.0 2588672
1733226593654 80.0 2621440
1733226635998 81.0 2654208
1733226678069 82.0 2686976
1733226719976 83.0 2719744
1733226764853 84.0 2752512
1733226806668 85.0 2785280
1733226849539 86.0 2818048
1733226893027 87.0 2850816
1733226938989 88.0 2883584
1733226981025 89.0 2916352
1733227023597 90.0 2949120
1733227066018 91.0 2981888
1733227107690 92.0 3014656
1733227153038 93.0 3047424
1733227195323 94.0 3080192
1733227237598 95.0 3112960
1733227279313 96.0 3145728
1733227321108 97.0 3178496
1733227365920 98.0 3211264
1733227407789 99.0 3244032
1733227450613 100.0 3276800
1733227493290 101.0 3309568
1733227535020 102.0 3342336
1733227580532 103.0 3375104
1733227622342 104.0 3407872
1733227664242 105.0 3440640
1733227706213 106.0 3473408
1733227748413 107.0 3506176
1733227793520 108.0 3538944
1733227835298 109.0 3571712
1733227877568 110.0 3604480
1733227919391 111.0 3637248
1733227961949 112.0 3670016
1733228006904 113.0 3702784
1733228048804 114.0 3735552
1733228091076 115.0 3768320
1733228133272 116.0 3801088
1733228174924 117.0 3833856
1733228220131 118.0 3866624
1733228261958 119.0 3899392
1733228303625 120.0 3932160
1733228346768 121.0 3964928
1733228389506 122.0 3997696
1733228435680 123.0 4030464
1733228477655 124.0 4063232
1733228520268 125.0 4096000
1733228562465 126.0 4128768
1733228608198 127.0 4161536
1733228650082 128.0 4194304
1733228693837 129.0 4227072
1733228736000 130.0 4259840
1733228778134 131.0 4292608
1733228823363 132.0 4325376
1733228865555 133.0 4358144
1733228907776 134.0 4390912
1733228949603 135.0 4423680
1733228992753 136.0 4456448
1733229038328 137.0 4489216
1733229080391 138.0 4521984
1733229122583 139.0 4554752
1733229164446 140.0 4587520
1733229208381 141.0 4620288
1733229253560 142.0 4653056
1733229296234 143.0 4685824
1733229339048 144.0 4718592
1733229381953 145.0 4751360
1733229425998 146.0 4784128
1733229471468 147.0 4816896
1733229513844 148.0 4849664
1733229556600 149.0 4882432
1733229599181 150.0 4915200
1733229643579 151.0 4947968
1733229689599 152.0 4980736
1733229731160 153.0 5013504
1733229774019 154.0 5046272
1733229816836 155.0 5079040
1733229859068 156.0 5111808
1733229903597 157.0 5144576
1733229946251 158.0 5177344
1733229989090 159.0 5210112
1733230030952 160.0 5242880
1733230075320 161.0 5275648
1733230120560 162.0 5308416
1733230162206 163.0 5341184
1733230204494 164.0 5373952
1733230246789 165.0 5406720
1733230290039 166.0 5439488
1733230337292 167.0 5472256
1733230379928 168.0 5505024
1733230422811 169.0 5537792
1733230467203 170.0 5570560
1733230513833 171.0 5603328
1733230556173 172.0 5636096
1733230598861 173.0 5668864
1733230642137 174.0 5701632
1733230686697 175.0 5734400
1733230733343 176.0 5767168
1733230775581 177.0 5799936
1733230818188 178.0 5832704
1733230861354 179.0 5865472
1733230904040 180.0 5898240
1733230950530 181.0 5931008
1733230992604 182.0 5963776
1733231035645 183.0 5996544
1733231079069 184.0 6029312
1733231122179 185.0 6062080
1733231168111 186.0 6094848
1733231210982 187.0 6127616
1733231253178 188.0 6160384
1733231295765 189.0 6193152
1733231338165 190.0 6225920
1733231384033 191.0 6258688
1733231426752 192.0 6291456
1733231471807 193.0 6324224
1733231514258 194.0 6356992
1733231557745 195.0 6389760
1733231603065 196.0 6422528
1733231646056 197.0 6455296
1733231689039 198.0 6488064
1733231731999 199.0 6520832
1733231775373 200.0 6553600
1733231822126 201.0 6586368
1733231864541 202.0 6619136
1733231907217 203.0 6651904
1733231949956 204.0 6684672
1733231993461 205.0 6717440
1733232039260 206.0 6750208
1733232081325 207.0 6782976
1733232123984 208.0 6815744
1733232167071 209.0 6848512
1733232214199 210.0 6881280
1733232256446 211.0 6914048
1733232299451 212.0 6946816
1733232341912 213.0 6979584
1733232385590 214.0 7012352
1733232431697 215.0 7045120
1733232473706 216.0 7077888
1733232516548 217.0 7110656
1733232559146 218.0 7143424
1733232601241 219.0 7176192
1733232648902 220.0 7208960
1733232691245 221.0 7241728
1733232734421 222.0 7274496
1733232776892 223.0 7307264
1733232820023 224.0 7340032
1733232865451 225.0 7372800
1733232908093 226.0 7405568
1733232951194 227.0 7438336
1733232993434 228.0 7471104
1733233036037 229.0 7503872
1733233080707 230.0 7536640
1733233123770 231.0 7569408
1733233166441 232.0 7602176
1733233208588 233.0 7634944
1733233251826 234.0 7667712
1733233296920 235.0 7700480
1733233339008 236.0 7733248
1733233382065 237.0 7766016
1733233425753 238.0 7798784
1733233469240 239.0 7831552
1733233514486 240.0 7864320
1733233557778 241.0 7897088
1733233600456 242.0 7929856
1733233643566 243.0 7962624
1733233686378 244.0 7995392
1733233733859 245.0 8028160
1733233776744 246.0 8060928
1733233819857 247.0 8093696
1733233862031 248.0 8126464
1733233905754 249.0 8159232
1733233950391 250.0 8192000
1733233993303 251.0 8224768
1733234036585 252.0 8257536
1733234079454 253.0 8290304
1733234124681 254.0 8323072
1733234167364 255.0 8355840
1733234210145 256.0 8388608
1733234253519 257.0 8421376
1733234296760 258.0 8454144
1733234341930 259.0 8486912
1733234385420 260.0 8519680
1733234428607 261.0 8552448
1733234471439 262.0 8585216
1733234514724 263.0 8617984
1733234559958 264.0 8650752
1733234602324 265.0 8683520
1733234645034 266.0 8716288
1733234688205 267.0 8749056
1733234731097 268.0 8781824
1733234776239 269.0 8814592
1733234818985 270.0 8847360
1733234861868 271.0 8880128
1733234905319 272.0 8912896
1733234948732 273.0 8945664
1733234994777 274.0 8978432
1733235038235 275.0 9011200
1733235082581 276.0 9043968
1733235127044 277.0 9076736
1733235170007 278.0 9109504
1733235215282 279.0 9142272
1733235258862 280.0 9175040
1733235303037 281.0 9207808
1733235346692 282.0 9240576
1733235389817 283.0 9273344
1733235436662 284.0 9306112
1733235479783 285.0 9338880
1733235522740 286.0 9371648
1733235565626 287.0 9404416
1733235608656 288.0 9437184
1733235654334 289.0 9469952
1733235697052 290.0 9502720
1733235740480 291.0 9535488
1733235783071 292.0 9568256
1733235828427 293.0 9601024
1733235871482 294.0 9633792
1733235914831 295.0 9666560
1733235957443 296.0 9699328
1733236000762 297.0 9732096
1733236046766 298.0 9764864
1733236089937 299.0 9797632
1733236133307 300.0 9830400
1733236176626 301.0 9863168
1733236219140 302.0 9895936
1733236265118 303.0 9928704
1733236307705 304.0 9961472
1733236350999 305.0 9994240
1733236394327 306.0 10027008
1733236437014 307.0 10059776
1733236482501 308.0 10092544
1733236525379 309.0 10125312
1733236568411 310.0 10158080
1733236611589 311.0 10190848
1733236654713 312.0 10223616
1733236699968 313.0 10256384
1733236742993 314.0 10289152
1733236786142 315.0 10321920
1733236828696 316.0 10354688
1733236871567 317.0 10387456
1733236917398 318.0 10420224
1733236959624 319.0 10452992
1733237003586 320.0 10485760
1733237046739 321.0 10518528
1733237090120 322.0 10551296
1733237135110 323.0 10584064
1733237178946 324.0 10616832
1733237222814 325.0 10649600
1733237266420 326.0 10682368
1733237309082 327.0 10715136
1733237356350 328.0 10747904
1733237400568 329.0 10780672
1733237445718 330.0 10813440
1733237488439 331.0 10846208
1733237531708 332.0 10878976
1733237577086 333.0 10911744
1733237619451 334.0 10944512
1733237662765 335.0 10977280
1733237705754 336.0 11010048
1733237750853 337.0 11042816
1733237793764 338.0 11075584
1733237837037 339.0 11108352
1733237881073 340.0 11141120
1733237923932 341.0 11173888
1733237968978 342.0 11206656
1733238012198 343.0 11239424
1733238056151 344.0 11272192
1733238099601 345.0 11304960
1733238144326 346.0 11337728
1733238189279 347.0 11370496
1733238231615 348.0 11403264
1733238274694 349.0 11436032
1733238319255 350.0 11468800
1733238362576 351.0 11501568
1733238409351 352.0 11534336
1733238453115 353.0 11567104
1733238497227 354.0 11599872
1733238540081 355.0 11632640
1733238584904 356.0 11665408
1733238631096 357.0 11698176
1733238674142 358.0 11730944
1733238716729 359.0 11763712
1733238759019 360.0 11796480
1733238802327 361.0 11829248
1733238849033 362.0 11862016
1733238892220 363.0 11894784
1733238935403 364.0 11927552
1733238978194 365.0 11960320
1733239022248 366.0 11993088
1733239068596 367.0 12025856
1733239111005 368.0 12058624
1733239153899 369.0 12091392
1733239197993 370.0 12124160
1733239240774 371.0 12156928
1733239286777 372.0 12189696
1733239329701 373.0 12222464
1733239372705 374.0 12255232
1733239415118 375.0 12288000
1733239460929 376.0 12320768
1733239504198 377.0 12353536
1733239546909 378.0 12386304
1733239589509 379.0 12419072
1733239632399 380.0 12451840
1733239677908 381.0 12484608
1733239721195 382.0 12517376
1733239763661 383.0 12550144
1733239807405 384.0 12582912
1733239850285 385.0 12615680
1733239896086 386.0 12648448
1733239938309 387.0 12681216
1733239980929 388.0 12713984
1733240024466 389.0 12746752
1733240067719 390.0 12779520
1733240112373 391.0 12812288
1733240155444 392.0 12845056
1733240198356 393.0 12877824
1733240241520 394.0 12910592
1733240284865 395.0 12943360
1733240330820 396.0 12976128
1733240373297 397.0 13008896
1733240416462 398.0 13041664
1733240459905 399.0 13074432
1733240503438 400.0 13107200
1733240548533 401.0 13139968
1733240591675 402.0 13172736
1733240634316 403.0 13205504
1733240677777 404.0 13238272
1733240721595 405.0 13271040
1733240766999 406.0 13303808
1733240809621 407.0 13336576
1733240853283 408.0 13369344
1733240896578 409.0 13402112
1733240939474 410.0 13434880
1733240984169 411.0 13467648
1733241026517 412.0 13500416
1733241069763 413.0 13533184
1733241112255 414.0 13565952
1733241155466 415.0 13598720
1733241201300 416.0 13631488
1733241244226 417.0 13664256
1733241287639 418.0 13697024
1733241330769 419.0 13729792
1733241375850 420.0 13762560
1733241419404 421.0 13795328
1733241462424 422.0 13828096
1733241505944 423.0 13860864
1733241549165 424.0 13893632
1733241594951 425.0 13926400
1733241637546 426.0 13959168
1733241681291 427.0 13991936
1733241723995 428.0 14024704
1733241767116 429.0 14057472
1733241812369 430.0 14090240
1733241855201 431.0 14123008
1733241898942 432.0 14155776
1733241942561 433.0 14188544
1733241985891 434.0 14221312
1733242031328 435.0 14254080
1733242073913 436.0 14286848
1733242117836 437.0 14319616
1733242161372 438.0 14352384
1733242204443 439.0 14385152
1733242249438 440.0 14417920
1733242292106 441.0 14450688
1733242334828 442.0 14483456
1733242378541 443.0 14516224
1733242421720 444.0 14548992
1733242466339 445.0 14581760
1733242508611 446.0 14614528
1733242552123 447.0 14647296
1733242595094 448.0 14680064
1733242638030 449.0 14712832
1733242683134 450.0 14745600
1733242726102 451.0 14778368
1733242768809 452.0 14811136
1733242811343 453.0 14843904
1733242854292 454.0 14876672
1733242899345 455.0 14909440
1733242942115 456.0 14942208
1733242985794 457.0 14974976
1733243029373 458.0 15007744
1733243075426 459.0 15040512
1733243118277 460.0 15073280
1733243161675 461.0 15106048
1733243204619 462.0 15138816
1733243248063 463.0 15171584
1733243292578 464.0 15204352
1733243335582 465.0 15237120
1733243378196 466.0 15269888
1733243421919 467.0 15302656
1733243465721 468.0 15335424
1733243510938 469.0 15368192
1733243553491 470.0 15400960
1733243596612 471.0 15433728
1733243639847 472.0 15466496
1733243682654 473.0 15499264
1733243727049 474.0 15532032
1733243769478 475.0 15564800
1733243812162 476.0 15597568
1733243854845 477.0 15630336
1733243898215 478.0 15663104
1733243943027 479.0 15695872
1733243985613 480.0 15728640
1733244028618 481.0 15761408
1733244071934 482.0 15794176
1733244115259 483.0 15826944
1733244160175 484.0 15859712
1733244202450 485.0 15892480
1733244245608 486.0 15925248
1733244290578 487.0 15958016
1733244334161 488.0 15990784
1733244379547 489.0 16023552
1733244421872 490.0 16056320
1733244464434 491.0 16089088
1733244507626 492.0 16121856
1733244550347 493.0 16154624
1733244595442 494.0 16187392
1733244637816 495.0 16220160
1733244681083 496.0 16252928
1733244724078 497.0 16285696
1733244767166 498.0 16318464
1733244811990 499.0 16351232
1733244854540 500.0 16384000
1733244897594 501.0 16416768
1733244941048 502.0 16449536
1733244986379 503.0 16482304
1733245029488 504.0 16515072
1733245073583 505.0 16547840
1733245117154 506.0 16580608
1733245159991 507.0 16613376
1733245205278 508.0 16646144
1733245248096 509.0 16678912
1733245291160 510.0 16711680
1733245334747 511.0 16744448
1733245378247 512.0 16777216
1733245423438 513.0 16809984
1733245466467 514.0 16842752
1733245509621 515.0 16875520
1733245553139 516.0 16908288
1733245596036 517.0 16941056
1733245641617 518.0 16973824
1733245684650 519.0 17006592
1733245729480 520.0 17039360
1733245772037 521.0 17072128
1733245815180 522.0 17104896
1733245860433 523.0 17137664
1733245903554 524.0 17170432
1733245947287 525.0 17203200
1733245990836 526.0 17235968
1733246034348 527.0 17268736
1733246080176 528.0 17301504
1733246122880 529.0 17334272
1733246166226 530.0 17367040
1733246210004 531.0 17399808
1733246253027 532.0 17432576
1733246298520 533.0 17465344
1733246341390 534.0 17498112
1733246384919 535.0 17530880
1733246428523 536.0 17563648
1733246471479 537.0 17596416
1733246516706 538.0 17629184
1733246559451 539.0 17661952
1733246602996 540.0 17694720
1733246646637 541.0 17727488
1733246692045 542.0 17760256
1733246735217 543.0 17793024
1733246777944 544.0 17825792
1733246821191 545.0 17858560
1733246865618 546.0 17891328
1733246910947 547.0 17924096
1733246954311 548.0 17956864
1733246997832 549.0 17989632
1733247040833 550.0 18022400
1733247084248 551.0 18055168
1733247129665 552.0 18087936
1733247172259 553.0 18120704
1733247214765 554.0 18153472
1733247258018 555.0 18186240
1733247300740 556.0 18219008
1733247345576 557.0 18251776
1733247388413 558.0 18284544
1733247431606 559.0 18317312
1733247474588 560.0 18350080
1733247517067 561.0 18382848
1733247562978 562.0 18415616
1733247605700 563.0 18448384
1733247649241 564.0 18481152
1733247692402 565.0 18513920
1733247736479 566.0 18546688
1733247781597 567.0 18579456
1733247824470 568.0 18612224
1733247867423 569.0 18644992
1733247910569 570.0 18677760
1733247954066 571.0 18710528
1733247999901 572.0 18743296
1733248042268 573.0 18776064
1733248084749 574.0 18808832
1733248127916 575.0 18841600
1733248170656 576.0 18874368
1733248215645 577.0 18907136
1733248258399 578.0 18939904
1733248301515 579.0 18972672
1733248344939 580.0 19005440
1733248388175 581.0 19038208
1733248434696 582.0 19070976
1733248477499 583.0 19103744
1733248520294 584.0 19136512
1733248563581 585.0 19169280
1733248609177 586.0 19202048
1733248652073 587.0 19234816
1733248695035 588.0 19267584
1733248739103 589.0 19300352
1733248782551 590.0 19333120
1733248828146 591.0 19365888
1733248870849 592.0 19398656
1733248914327 593.0 19431424
1733248957798 594.0 19464192
1733249001491 595.0 19496960
1733249046556 596.0 19529728
1733249089350 597.0 19562496
1733249132924 598.0 19595264
1733249176325 599.0 19628032
1733249219662 600.0 19660800
1733249265092 601.0 19693568
1733249308279 602.0 19726336
1733249351522 603.0 19759104
1733249394705 604.0 19791872
1733249438105 605.0 19824640
1733249482768 606.0 19857408
1733249525805 607.0 19890176
1733249568708 608.0 19922944
1733249611796 609.0 19955712
1733249655296 610.0 19988480
1733249701384 611.0 20021248
1733249744402 612.0 20054016
1733249787835 613.0 20086784
1733249831129 614.0 20119552
1733249874699 615.0 20152320
1733249921062 616.0 20185088
1733249964161 617.0 20217856
1733250007470 618.0 20250624
1733250050953 619.0 20283392
1733250094938 620.0 20316160
1733250140385 621.0 20348928
1733250183351 622.0 20381696
1733250227001 623.0 20414464
1733250270109 624.0 20447232
1733250315019 625.0 20480000
1733250358507 626.0 20512768
1733250401178 627.0 20545536
1733250444653 628.0 20578304
1733250488896 629.0 20611072
1733250534227 630.0 20643840
1733250576909 631.0 20676608
1733250620119 632.0 20709376
1733250663162 633.0 20742144
1733250707227 634.0 20774912
1733250753488 635.0 20807680
1733250796605 636.0 20840448
1733250840295 637.0 20873216
1733250883642 638.0 20905984
1733250927463 639.0 20938752
1733250973355 640.0 20971520
1733251016643 641.0 21004288
1733251060055 642.0 21037056
1733251103527 643.0 21069824
1733251147361 644.0 21102592
1733251192991 645.0 21135360
1733251235453 646.0 21168128
1733251279073 647.0 21200896
1733251322400 648.0 21233664
1733251365639 649.0 21266432
1733251411081 650.0 21299200
1733251454270 651.0 21331968
1733251497468 652.0 21364736
1733251541278 653.0 21397504
1733251584520 654.0 21430272
1733251629680 655.0 21463040
1733251672147 656.0 21495808
1733251714803 657.0 21528576
1733251758605 658.0 21561344
1733251802312 659.0 21594112
1733251847501 660.0 21626880
1733251891018 661.0 21659648
1733251934461 662.0 21692416
1733251978691 663.0 21725184
1733252021694 664.0 21757952
1733252067205 665.0 21790720
1733252109766 666.0 21823488
1733252153577 667.0 21856256
1733252197066 668.0 21889024
1733252242590 669.0 21921792
1733252285253 670.0 21954560
1733252327870 671.0 21987328
1733252370578 672.0 22020096
1733252414323 673.0 22052864
1733252458626 674.0 22085632
1733252501979 675.0 22118400
1733252544634 676.0 22151168
1733252588138 677.0 22183936
1733252631042 678.0 22216704
1733252675870 679.0 22249472
1733252718752 680.0 22282240
1733252762203 681.0 22315008
1733252806126 682.0 22347776
1733252848782 683.0 22380544
1733252893542 684.0 22413312
1733252936038 685.0 22446080
1733252979527 686.0 22478848
1733253022230 687.0 22511616
1733253065697 688.0 22544384
1733253111519 689.0 22577152
1733253154508 690.0 22609920
1733253198040 691.0 22642688
1733253241386 692.0 22675456
1733253284656 693.0 22708224
1733253330842 694.0 22740992
1733253374638 695.0 22773760
1733253417450 696.0 22806528
1733253460440 697.0 22839296
1733253504091 698.0 22872064
1733253548661 699.0 22904832
1733253591591 700.0 22937600
1733253634619 701.0 22970368
1733253677484 702.0 23003136
1733253721001 703.0 23035904
1733253766430 704.0 23068672
1733253808834 705.0 23101440
1733253851757 706.0 23134208
1733253894883 707.0 23166976
1733253938262 708.0 23199744
1733253983702 709.0 23232512
1733254027086 710.0 23265280
1733254070831 711.0 23298048
1733254113952 712.0 23330816
1733254159180 713.0 23363584
1733254202426 714.0 23396352
1733254245588 715.0 23429120
1733254288933 716.0 23461888
1733254332663 717.0 23494656
1733254378182 718.0 23527424
1733254421402 719.0 23560192
1733254464584 720.0 23592960
1733254508071 721.0 23625728
1733254551748 722.0 23658496
