1733223218039 32768.0 32768
1733223259902 65536.0 65536
1733223303238 98304.0 98304
1733223347404 131072.0 131072
1733223391001 160000.0 160000
1733223393110 163840.0 163840
1733223435397 196608.0 196608
1733223477968 229376.0 229376
1733223521120 262144.0 262144
1733223565091 294912.0 294912
1733223605653 320000.0 320000
1733223608889 327680.0 327680
1733223650423 360448.0 360448
1733223692127 393216.0 393216
1733223734623 425984.0 425984
1733223776726 458752.0 458752
1733223816127 480000.0 480000
1733223821188 491520.0 491520
1733223863184 524288.0 524288
1733223905797 557056.0 557056
1733223947634 589824.0 589824
1733223989280 622592.0 622592
1733224027600 640000.0 640000
1733224034225 655360.0 655360
1733224075587 688128.0 688128
1733224117393 720896.0 720896
1733224159876 753664.0 753664
1733224201796 786432.0 786432
1733224239177 800000.0 800000
1733224247231 819200.0 819200
1733224289109 851968.0 851968
1733224331640 884736.0 884736
1733224373743 917504.0 917504
1733224415588 950272.0 950272
1733224450651 960000.0 960000
1733224460317 983040.0 983040
1733224501971 1015808.0 1015808
1733224543566 1048576.0 1048576
1733224585178 1081344.0 1081344
1733224627993 1114112.0 1114112
1733224661789 1120000.0 1120000
1733224672577 1146880.0 1146880
1733224714656 1179648.0 1179648
1733224756118 1212416.0 1212416
1733224797667 1245184.0 1245184
1733224839993 1277952.0 1277952
1733224872552 1280000.0 1280000
1733224885180 1310720.0 1310720
1733224927000 1343488.0 1343488
1733224968888 1376256.0 1376256
1733225011259 1409024.0 1409024
1733225054307 1440000.0 1440000
1733225055528 1441792.0 1441792
1733225097108 1474560.0 1474560
1733225138971 1507328.0 1507328
1733225181232 1540096.0 1540096
1733225223700 1572864.0 1572864
1733225265687 1600000.0 1600000
1733225268382 1605632.0 1605632
1733225310307 1638400.0 1638400
1733225352872 1671168.0 1671168
1733225395922 1703936.0 1703936
1733225437792 1736704.0 1736704
1733225478858 1760000.0 1760000
1733225483045 1769472.0 1769472
1733225524516 1802240.0 1802240
1733225566820 1835008.0 1835008
1733225609197 1867776.0 1867776
1733225651394 1900544.0 1900544
1733225690664 1920000.0 1920000
1733225696663 1933312.0 1933312
1733225738559 1966080.0 1966080
1733225780512 1998848.0 1998848
1733225822800 2031616.0 2031616
1733225864645 2064384.0 2064384
1733225902402 2080000.0 2080000
1733225909507 2097152.0 2097152
1733225951511 2129920.0 2129920
1733225993206 2162688.0 2162688
1733226035728 2195456.0 2195456
1733226077782 2228224.0 2228224
1733226114747 2240000.0 2240000
1733226123352 2260992.0 2260992
1733226165470 2293760.0 2293760
1733226207748 2326528.0 2326528
1733226250739 2359296.0 2359296
1733226292664 2392064.0 2392064
1733226327954 2400000.0 2400000
1733226338468 2424832.0 2424832
1733226380567 2457600.0 2457600
1733226423024 2490368.0 2490368
1733226464853 2523136.0 2523136
1733226506482 2555904.0 2555904
1733226540108 2560000.0 2560000
1733226551776 2588672.0 2588672
1733226593697 2621440.0 2621440
1733226636143 2654208.0 2654208
1733226678104 2686976.0 2686976
1733226720008 2719744.0 2719744
1733226751658 2720000.0 2720000
1733226764886 2752512.0 2752512
1733226806698 2785280.0 2785280
1733226849577 2818048.0 2818048
1733226893073 2850816.0 2850816
1733226937115 2880000.0 2880000
1733226939017 2883584.0 2883584
1733226981055 2916352.0 2916352
1733227023632 2949120.0 2949120
1733227066054 2981888.0 2981888
1733227107730 3014656.0 3014656
1733227149564 3040000.0 3040000
1733227153070 3047424.0 3047424
1733227195357 3080192.0 3080192
1733227237628 3112960.0 3112960
1733227279349 3145728.0 3145728
1733227321144 3178496.0 3178496
1733227361093 3200000.0 3200000
1733227365952 3211264.0 3211264
1733227407827 3244032.0 3244032
1733227450651 3276800.0 3276800
1733227493329 3309568.0 3309568
1733227535056 3342336.0 3342336
1733227574112 3360000.0 3360000
1733227580569 3375104.0 3375104
1733227622402 3407872.0 3407872
1733227664277 3440640.0 3440640
1733227706247 3473408.0 3473408
1733227748463 3506176.0 3506176
1733227785345 3520000.0 3520000
1733227793571 3538944.0 3538944
1733227835341 3571712.0 3571712
1733227877604 3604480.0 3604480
1733227919449 3637248.0 3637248
1733227961978 3670016.0 3670016
1733227997466 3680000.0 3680000
1733228006940 3702784.0 3702784
1733228048851 3735552.0 3735552
1733228091106 3768320.0 3768320
1733228133336 3801088.0 3801088
1733228174971 3833856.0 3833856
1733228208846 3840000.0 3840000
1733228220185 3866624.0 3866624
1733228261997 3899392.0 3899392
1733228303690 3932160.0 3932160
1733228346805 3964928.0 3964928
1733228389542 3997696.0 3997696
1733228423158 4000000.0 4000000
1733228435716 4030464.0 4030464
1733228477686 4063232.0 4063232
1733228520329 4096000.0 4096000
1733228562507 4128768.0 4128768
1733228607189 4160000.0 4160000
1733228608229 4161536.0 4161536
1733228650116 4194304.0 4194304
1733228693870 4227072.0 4227072
1733228736057 4259840.0 4259840
1733228778178 4292608.0 4292608
1733228820368 4320000.0 4320000
1733228823397 4325376.0 4325376
1733228865617 4358144.0 4358144
1733228907842 4390912.0 4390912
1733228949718 4423680.0 4423680
1733228992821 4456448.0 4456448
1733229034096 4480000.0 4480000
1733229038582 4489216.0 4489216
1733229080428 4521984.0 4521984
1733229122615 4554752.0 4554752
1733229164745 4587520.0 4587520
1733229208415 4620288.0 4620288
1733229247602 4640000.0 4640000
1733229253601 4653056.0 4653056
1733229296272 4685824.0 4685824
1733229339084 4718592.0 4718592
1733229382225 4751360.0 4751360
1733229426041 4784128.0 4784128
1733229463931 4800000.0 4800000
1733229471514 4816896.0 4816896
1733229513902 4849664.0 4849664
1733229556752 4882432.0 4882432
1733229599465 4915200.0 4915200
1733229643612 4947968.0 4947968
1733229680349 4960000.0 4960000
1733229689656 4980736.0 4980736
1733229731201 5013504.0 5013504
1733229774079 5046272.0 5046272
1733229816877 5079040.0 5079040
1733229859096 5111808.0 5111808
1733229893389 5120000.0 5120000
1733229903644 5144576.0 5144576
1733229946318 5177344.0 5177344
1733229989132 5210112.0 5210112
1733230031351 5242880.0 5242880
1733230075440 5275648.0 5275648
1733230108281 5280000.0 5280000
1733230120625 5308416.0 5308416
1733230162272 5341184.0 5341184
1733230204621 5373952.0 5373952
1733230246867 5406720.0 5406720
1733230290322 5439488.0 5439488
1733230322686 5440000.0 5440000
1733230337565 5472256.0 5472256
1733230380042 5505024.0 5505024
1733230423097 5537792.0 5537792
1733230467276 5570560.0 5570560
1733230511775 5600000.0 5600000
1733230513912 5603328.0 5603328
1733230556268 5636096.0 5636096
1733230599149 5668864.0 5668864
1733230642498 5701632.0 5701632
1733230686784 5734400.0 5734400
1733230729553 5760000.0 5760000
1733230733436 5767168.0 5767168
1733230775703 5799936.0 5799936
1733230818230 5832704.0 5832704
1733230861455 5865472.0 5865472
1733230904124 5898240.0 5898240
1733230944828 5920000.0 5920000
1733230950625 5931008.0 5931008
1733230992680 5963776.0 5963776
1733231035845 5996544.0 5996544
1733231079115 6029312.0 6029312
1733231122269 6062080.0 6062080
1733231161203 6080000.0 6080000
1733231168246 6094848.0 6094848
1733231211048 6127616.0 6127616
1733231253281 6160384.0 6160384
1733231295913 6193152.0 6193152
1733231338246 6225920.0 6225920
1733231375097 6240000.0 6240000
1733231384093 6258688.0 6258688
1733231427036 6291456.0 6291456
1733231471856 6324224.0 6324224
1733231514318 6356992.0 6356992
1733231557792 6389760.0 6389760
1733231592964 6400000.0 6400000
1733231603171 6422528.0 6422528
1733231646125 6455296.0 6455296
1733231689172 6488064.0 6488064
1733231732109 6520832.0 6520832
1733231775436 6553600.0 6553600
1733231809341 6560000.0 6560000
1733231822593 6586368.0 6586368
1733231864639 6619136.0 6619136
1733231907304 6651904.0 6651904
1733231950031 6684672.0 6684672
1733231993496 6717440.0 6717440
1733232025750 6720000.0 6720000
1733232039305 6750208.0 6750208
1733232081376 6782976.0 6782976
1733232124067 6815744.0 6815744
1733232167136 6848512.0 6848512
1733232211554 6880000.0 6880000
1733232214483 6881280.0 6881280
1733232256489 6914048.0 6914048
1733232299492 6946816.0 6946816
1733232341954 6979584.0 6979584
1733232385635 7012352.0 7012352
1733232428963 7040000.0 7040000
1733232431742 7045120.0 7045120
1733232473758 7077888.0 7077888
1733232516662 7110656.0 7110656
1733232559272 7143424.0 7143424
1733232601297 7176192.0 7176192
1733232643110 7200000.0 7200000
1733232649143 7208960.0 7208960
1733232691277 7241728.0 7241728
1733232734455 7274496.0 7274496
1733232776926 7307264.0 7307264
1733232820080 7340032.0 7340032
1733232859773 7360000.0 7360000
1733232865482 7372800.0 7372800
1733232908171 7405568.0 7405568
1733232951223 7438336.0 7438336
1733232993468 7471104.0 7471104
1733233036088 7503872.0 7503872
1733233073469 7520000.0 7520000
1733233080747 7536640.0 7536640
1733233123821 7569408.0 7569408
1733233166474 7602176.0 7602176
1733233208621 7634944.0 7634944
1733233251857 7667712.0 7667712
1733233288016 7680000.0 7680000
1733233296956 7700480.0 7700480
1733233339040 7733248.0 7733248
1733233382324 7766016.0 7766016
1733233425789 7798784.0 7798784
1733233469276 7831552.0 7831552
1733233503810 7840000.0 7840000
1733233514525 7864320.0 7864320
1733233557865 7897088.0 7897088
1733233600537 7929856.0 7929856
1733233643610 7962624.0 7962624
1733233686655 7995392.0 7995392
1733233721355 8000000.0 8000000
1733233733944 8028160.0 8028160
1733233776778 8060928.0 8060928
1733233819890 8093696.0 8093696
1733233862069 8126464.0 8126464
1733233905788 8159232.0 8159232
1733233936701 8160000.0 8160000
1733233950475 8192000.0 8192000
1733233993346 8224768.0 8224768
1733234036636 8257536.0 8257536
1733234079494 8290304.0 8290304
1733234122601 8320000.0 8320000
1733234124738 8323072.0 8323072
1733234167466 8355840.0 8355840
1733234210214 8388608.0 8388608
1733234253567 8421376.0 8421376
1733234296825 8454144.0 8454144
1733234338456 8480000.0 8480000
1733234341974 8486912.0 8486912
1733234385488 8519680.0 8519680
1733234428648 8552448.0 8552448
1733234471484 8585216.0 8585216
1733234514760 8617984.0 8617984
1733234554883 8640000.0 8640000
1733234559996 8650752.0 8650752
1733234602358 8683520.0 8683520
1733234645070 8716288.0 8716288
1733234688257 8749056.0 8749056
1733234731135 8781824.0 8781824
1733234769858 8800000.0 8800000
1733234776271 8814592.0 8814592
1733234819018 8847360.0 8847360
1733234861921 8880128.0 8880128
1733234905357 8912896.0 8912896
1733234948760 8945664.0 8945664
1733234986560 8960000.0 8960000
1733234994804 8978432.0 8978432
1733235038356 9011200.0 9011200
1733235082920 9043968.0 9043968
1733235127114 9076736.0 9076736
1733235170041 9109504.0 9109504
1733235205776 9120000.0 9120000
1733235215313 9142272.0 9142272
1733235259156 9175040.0 9175040
1733235303082 9207808.0 9207808
1733235346725 9240576.0 9240576
1733235390063 9273344.0 9273344
1733235425184 9280000.0 9280000
1733235436708 9306112.0 9306112
1733235479831 9338880.0 9338880
1733235522832 9371648.0 9371648
1733235565677 9404416.0 9404416
1733235608726 9437184.0 9437184
1733235641479 9440000.0 9440000
1733235654380 9469952.0 9469952
1733235697106 9502720.0 9502720
1733235740612 9535488.0 9535488
1733235783120 9568256.0 9568256
1733235827576 9600000.0 9600000
1733235828470 9601024.0 9601024
1733235871527 9633792.0 9633792
1733235914869 9666560.0 9666560
1733235957475 9699328.0 9699328
1733236000899 9732096.0 9732096
1733236044031 9760000.0 9760000
1733236046807 9764864.0 9764864
1733236089978 9797632.0 9797632
1733236133357 9830400.0 9830400
1733236176677 9863168.0 9863168
1733236219224 9895936.0 9895936
1733236259291 9920000.0 9920000
1733236265408 9928704.0 9928704
1733236307756 9961472.0 9961472
1733236351052 9994240.0 9994240
1733236394381 10027008.0 10027008
1733236437068 10059776.0 10059776
1733236476721 10080000.0 10080000
1733236482551 10092544.0 10092544
1733236525431 10125312.0 10125312
1733236568441 10158080.0 10158080
1733236611631 10190848.0 10190848
1733236654757 10223616.0 10223616
1733236692524 10240000.0 10240000
1733236700021 10256384.0 10256384
1733236743051 10289152.0 10289152
1733236786192 10321920.0 10321920
1733236828746 10354688.0 10354688
1733236871621 10387456.0 10387456
1733236908385 10400000.0 10400000
1733236917489 10420224.0 10420224
1733236959728 10452992.0 10452992
1733237003663 10485760.0 10485760
1733237046832 10518528.0 10518528
1733237090180 10551296.0 10551296
1733237124813 10560000.0 10560000
1733237135210 10584064.0 10584064
1733237179210 10616832.0 10616832
1733237222862 10649600.0 10649600
1733237266458 10682368.0 10682368
1733237309208 10715136.0 10715136
1733237342901 10720000.0 10720000
1733237356736 10747904.0 10747904
1733237400868 10780672.0 10780672
1733237445777 10813440.0 10813440
1733237488490 10846208.0 10846208
1733237531749 10878976.0 10878976
1733237563460 10880000.0 10880000
1733237577129 10911744.0 10911744
1733237619542 10944512.0 10944512
1733237662887 10977280.0 10977280
1733237705851 11010048.0 11010048
1733237749073 11040000.0 11040000
1733237750890 11042816.0 11042816
1733237793798 11075584.0 11075584
1733237837077 11108352.0 11108352
1733237881159 11141120.0 11141120
1733237923983 11173888.0 11173888
1733237965410 11200000.0 11200000
1733237969049 11206656.0 11206656
1733238012521 11239424.0 11239424
1733238056237 11272192.0 11272192
1733238099876 11304960.0 11304960
1733238144369 11337728.0 11337728
1733238184158 11360000.0 11360000
1733238189353 11370496.0 11370496
1733238231665 11403264.0 11403264
1733238274927 11436032.0 11436032
1733238319313 11468800.0 11468800
1733238362824 11501568.0 11501568
1733238402450 11520000.0 11520000
1733238409653 11534336.0 11534336
1733238453396 11567104.0 11567104
1733238497278 11599872.0 11599872
1733238540339 11632640.0 11632640
1733238585159 11665408.0 11665408
1733238623055 11680000.0 11680000
1733238631113 11698176.0 11698176
1733238674185 11730944.0 11730944
1733238716771 11763712.0 11763712
1733238759120 11796480.0 11796480
1733238802569 11829248.0 11829248
1733238839422 11840000.0 11840000
1733238849057 11862016.0 11862016
1733238892270 11894784.0 11894784
1733238935436 11927552.0 11927552
1733238978215 11960320.0 11960320
1733239022519 11993088.0 11993088
1733239057217 12000000.0 12000000
1733239068661 12025856.0 12025856
1733239111050 12058624.0 12058624
1733239154157 12091392.0 12091392
1733239198033 12124160.0 12124160
1733239240828 12156928.0 12156928
1733239273194 12160000.0 12160000
1733239286899 12189696.0 12189696
1733239329751 12222464.0 12222464
1733239372771 12255232.0 12255232
1733239415176 12288000.0 12288000
1733239460143 12320000.0 12320000
1733239460946 12320768.0 12320768
1733239504266 12353536.0 12353536
1733239546946 12386304.0 12386304
1733239589567 12419072.0 12419072
1733239632426 12451840.0 12451840
1733239675338 12480000.0 12480000
1733239678027 12484608.0 12484608
1733239721245 12517376.0 12517376
1733239763716 12550144.0 12550144
1733239807446 12582912.0 12582912
1733239850335 12615680.0 12615680
1733239891786 12640000.0 12640000
1733239896105 12648448.0 12648448
1733239938359 12681216.0 12681216
1733239980971 12713984.0 12713984
1733240024491 12746752.0 12746752
1733240067762 12779520.0 12779520
1733240106736 12800000.0 12800000
1733240112402 12812288.0 12812288
1733240155502 12845056.0 12845056
1733240198415 12877824.0 12877824
1733240241569 12910592.0 12910592
1733240284924 12943360.0 12943360
1733240323037 12960000.0 12960000
1733240330926 12976128.0 12976128
1733240373355 13008896.0 13008896
1733240416551 13041664.0 13041664
1733240459974 13074432.0 13074432
1733240503498 13107200.0 13107200
1733240539551 13120000.0 13120000
1733240548604 13139968.0 13139968
1733240591720 13172736.0 13172736
1733240634367 13205504.0 13205504
1733240677827 13238272.0 13238272
1733240721649 13271040.0 13271040
1733240756494 13280000.0 13280000
1733240767117 13303808.0 13303808
1733240809681 13336576.0 13336576
1733240853338 13369344.0 13369344
1733240896632 13402112.0 13402112
1733240939524 13434880.0 13434880
1733240972144 13440000.0 13440000
1733240984185 13467648.0 13467648
1733241026548 13500416.0 13500416
1733241069802 13533184.0 13533184
1733241112307 13565952.0 13565952
1733241155581 13598720.0 13598720
1733241187423 13600000.0 13600000
1733241201358 13631488.0 13631488
1733241244286 13664256.0 13664256
1733241287773 13697024.0 13697024
1733241330827 13729792.0 13729792
1733241374292 13760000.0 13760000
1733241375889 13762560.0 13762560
1733241419467 13795328.0 13795328
1733241462488 13828096.0 13828096
1733241506008 13860864.0 13860864
1733241549196 13893632.0 13893632
1733241591738 13920000.0 13920000
1733241594990 13926400.0 13926400
1733241637633 13959168.0 13959168
1733241681348 13991936.0 13991936
1733241724085 14024704.0 14024704
1733241767173 14057472.0 14057472
1733241807583 14080000.0 14080000
1733241812401 14090240.0 14090240
1733241855318 14123008.0 14123008
1733241899008 14155776.0 14155776
1733241942595 14188544.0 14188544
1733241985970 14221312.0 14221312
1733242024985 14240000.0 14240000
1733242031361 14254080.0 14254080
1733242073931 14286848.0 14286848
1733242117886 14319616.0 14319616
1733242161431 14352384.0 14352384
1733242204501 14385152.0 14385152
1733242241438 14400000.0 14400000
1733242249471 14417920.0 14417920
1733242292125 14450688.0 14450688
1733242334869 14483456.0 14483456
1733242378591 14516224.0 14516224
1733242421770 14548992.0 14548992
1733242456734 14560000.0 14560000
1733242466373 14581760.0 14581760
1733242508661 14614528.0 14614528
1733242552202 14647296.0 14647296
1733242595152 14680064.0 14680064
1733242638081 14712832.0 14712832
1733242671680 14720000.0 14720000
1733242683206 14745600.0 14745600
1733242726175 14778368.0 14778368
1733242768859 14811136.0 14811136
1733242811427 14843904.0 14843904
1733242854342 14876672.0 14876672
1733242886634 14880000.0 14880000
1733242899411 14909440.0 14909440
1733242942174 14942208.0 14942208
1733242985878 14974976.0 14974976
1733243029428 15007744.0 15007744
1733243074729 15040000.0 15040000
1733243075443 15040512.0 15040512
1733243118313 15073280.0 15073280
1733243161742 15106048.0 15106048
1733243204825 15138816.0 15138816
1733243248140 15171584.0 15171584
1733243290174 15200000.0 15200000
1733243292611 15204352.0 15204352
1733243335632 15237120.0 15237120
1733243378366 15269888.0 15269888
1733243422025 15302656.0 15302656
1733243465810 15335424.0 15335424
1733243506804 15360000.0 15360000
1733243510955 15368192.0 15368192
1733243553526 15400960.0 15400960
1733243596651 15433728.0 15433728
1733243639881 15466496.0 15466496
1733243682711 15499264.0 15499264
1733243721582 15520000.0 15520000
1733243727074 15532032.0 15532032
1733243769520 15564800.0 15564800
1733243812200 15597568.0 15597568
1733243854924 15630336.0 15630336
1733243898290 15663104.0 15663104
1733243936186 15680000.0 15680000
1733243943107 15695872.0 15695872
1733243985652 15728640.0 15728640
1733244028685 15761408.0 15761408
1733244071968 15794176.0 15794176
1733244115330 15826944.0 15826944
1733244151665 15840000.0 15840000
1733244160219 15859712.0 15859712
1733244202504 15892480.0 15892480
1733244245874 15925248.0 15925248
1733244290611 15958016.0 15958016
1733244334225 15990784.0 15990784
1733244369326 16000000.0 16000000
1733244379572 16023552.0 16023552
1733244421943 16056320.0 16056320
1733244464459 16089088.0 16089088
1733244507688 16121856.0 16121856
1733244550400 16154624.0 16154624
1733244583647 16160000.0 16160000
1733244595506 16187392.0 16187392
1733244637908 16220160.0 16220160
1733244681156 16252928.0 16252928
1733244724137 16285696.0 16285696
1733244767219 16318464.0 16318464
1733244798118 16320000.0 16320000
1733244812100 16351232.0 16351232
1733244854601 16384000.0 16384000
1733244897655 16416768.0 16416768
1733244941101 16449536.0 16449536
1733244984948 16480000.0 16480000
1733244986452 16482304.0 16482304
1733245029750 16515072.0 16515072
1733245073650 16547840.0 16547840
1733245117220 16580608.0 16580608
1733245160066 16613376.0 16613376
1733245202117 16640000.0 16640000
1733245205302 16646144.0 16646144
1733245248168 16678912.0 16678912
1733245291221 16711680.0 16711680
1733245334945 16744448.0 16744448
1733245378294 16777216.0 16777216
1733245418879 16800000.0 16800000
1733245423457 16809984.0 16809984
1733245466526 16842752.0 16842752
1733245509681 16875520.0 16875520
1733245553216 16908288.0 16908288
1733245596098 16941056.0 16941056
1733245635207 16960000.0 16960000
1733245641651 16973824.0 16973824
1733245685014 17006592.0 17006592
1733245729541 17039360.0 17039360
1733245772079 17072128.0 17072128
1733245815232 17104896.0 17104896
1733245852269 17120000.0 17120000
1733245860452 17137664.0 17137664
1733245903614 17170432.0 17170432
1733245947374 17203200.0 17203200
1733245990898 17235968.0 17235968
1733246034418 17268736.0 17268736
1733246070272 17280000.0 17280000
1733246080237 17301504.0 17301504
1733246122941 17334272.0 17334272
1733246166291 17367040.0 17367040
1733246210079 17399808.0 17399808
1733246253119 17432576.0 17432576
1733246287379 17440000.0 17440000
1733246298621 17465344.0 17465344
1733246341451 17498112.0 17498112
1733246384971 17530880.0 17530880
1733246428583 17563648.0 17563648
1733246471537 17596416.0 17596416
1733246503722 17600000.0 17600000
1733246516738 17629184.0 17629184
1733246559544 17661952.0 17661952
1733246603056 17694720.0 17694720
1733246646718 17727488.0 17727488
1733246691518 17760000.0 17760000
1733246692063 17760256.0 17760256
1733246735250 17793024.0 17793024
1733246778004 17825792.0 17825792
1733246821456 17858560.0 17858560
1733246865679 17891328.0 17891328
1733246908820 17920000.0 17920000
1733246910964 17924096.0 17924096
1733246954388 17956864.0 17956864
1733246997855 17989632.0 17989632
1733247040893 18022400.0 18022400
1733247084329 18055168.0 18055168
1733247125778 18080000.0 18080000
1733247129683 18087936.0 18087936
1733247172320 18120704.0 18120704
1733247214816 18153472.0 18153472
1733247258078 18186240.0 18186240
1733247300799 18219008.0 18219008
1733247340141 18240000.0 18240000
1733247345594 18251776.0 18251776
1733247388473 18284544.0 18284544
1733247431651 18317312.0 18317312
1733247474638 18350080.0 18350080
1733247517169 18382848.0 18382848
1733247555501 18400000.0 18400000
1733247562995 18415616.0 18415616
1733247605774 18448384.0 18448384
1733247649317 18481152.0 18481152
1733247692645 18513920.0 18513920
1733247736584 18546688.0 18546688
1733247772796 18560000.0 18560000
1733247781640 18579456.0 18579456
1733247824528 18612224.0 18612224
1733247867530 18644992.0 18644992
1733247910598 18677760.0 18677760
1733247954169 18710528.0 18710528
1733247989684 18720000.0 18720000
1733247999929 18743296.0 18743296
1733248042327 18776064.0 18776064
1733248084782 18808832.0 18808832
1733248127971 18841600.0 18841600
1733248170755 18874368.0 18874368
1733248203393 18880000.0 18880000
1733248215693 18907136.0 18907136
1733248258464 18939904.0 18939904
1733248301549 18972672.0 18972672
1733248344999 19005440.0 19005440
1733248388225 19038208.0 19038208
1733248420730 19040000.0 19040000
1733248434762 19070976.0 19070976
1733248477566 19103744.0 19103744
1733248520337 19136512.0 19136512
1733248563642 19169280.0 19169280
1733248607465 19200000.0 19200000
1733248609209 19202048.0 19202048
1733248652114 19234816.0 19234816
1733248695073 19267584.0 19267584
1733248739137 19300352.0 19300352
1733248782678 19333120.0 19333120
1733248825060 19360000.0 19360000
1733248828244 19365888.0 19365888
1733248870907 19398656.0 19398656
1733248914369 19431424.0 19431424
1733248957849 19464192.0 19464192
1733249001516 19496960.0 19496960
1733249041952 19520000.0 19520000
1733249046589 19529728.0 19529728
1733249089401 19562496.0 19562496
1733249133032 19595264.0 19595264
1733249176425 19628032.0 19628032
1733249219753 19660800.0 19660800
1733249258638 19680000.0 19680000
1733249265159 19693568.0 19693568
1733249308359 19726336.0 19726336
1733249351638 19759104.0 19759104
1733249394753 19791872.0 19791872
1733249438166 19824640.0 19824640
1733249475111 19840000.0 19840000
1733249482792 19857408.0 19857408
1733249525871 19890176.0 19890176
1733249568748 19922944.0 19922944
1733249611846 19955712.0 19955712
1733249655377 19988480.0 19988480
1733249691357 20000000.0 20000000
1733249701455 20021248.0 20021248
1733249744524 20054016.0 20054016
1733249787909 20086784.0 20086784
1733249831172 20119552.0 20119552
1733249874721 20152320.0 20152320
1733249909498 20160000.0 20160000
1733249921154 20185088.0 20185088
1733249964198 20217856.0 20217856
1733250007620 20250624.0 20250624
1733250050979 20283392.0 20283392
1733250095033 20316160.0 20316160
1733250127763 20320000.0 20320000
1733250140511 20348928.0 20348928
1733250183407 20381696.0 20381696
1733250227234 20414464.0 20414464
1733250270190 20447232.0 20447232
1733250314384 20480000.0 20480000
1733250315119 20480000.0 20480000
1733250358591 20512768.0 20512768
1733250401236 20545536.0 20545536
1733250444741 20578304.0 20578304
1733250488969 20611072.0 20611072
1733250531898 20640000.0 20640000
1733250534260 20643840.0 20643840
1733250576976 20676608.0 20676608
1733250620271 20709376.0 20709376
1733250663309 20742144.0 20742144
1733250707296 20774912.0 20774912
1733250749441 20800000.0 20800000
1733250753543 20807680.0 20807680
1733250796816 20840448.0 20840448
1733250840370 20873216.0 20873216
1733250883765 20905984.0 20905984
1733250927507 20938752.0 20938752
1733250967917 20960000.0 20960000
1733250973430 20971520.0 20971520
1733251016776 21004288.0 21004288
1733251060099 21037056.0 21037056
1733251103596 21069824.0 21069824
1733251147461 21102592.0 21102592
1733251185689 21120000.0 21120000
1733251193021 21135360.0 21135360
1733251235530 21168128.0 21168128
1733251279232 21200896.0 21200896
1733251322463 21233664.0 21233664
1733251365681 21266432.0 21266432
1733251401901 21280000.0 21280000
1733251411212 21299200.0 21299200
1733251454311 21331968.0 21331968
1733251497558 21364736.0 21364736
1733251541340 21397504.0 21397504
1733251584637 21430272.0 21430272
1733251619195 21440000.0 21440000
1733251629757 21463040.0 21463040
1733251672181 21495808.0 21495808
1733251714843 21528576.0 21528576
1733251758634 21561344.0 21561344
1733251802392 21594112.0 21594112
1733251835521 21600000.0 21600000
1733251847581 21626880.0 21626880
1733251891084 21659648.0 21659648
1733251934609 21692416.0 21692416
1733251978791 21725184.0 21725184
1733252021855 21757952.0 21757952
1733252053195 21760000.0 21760000
1733252067304 21790720.0 21790720
1733252109903 21823488.0 21823488
1733252153600 21856256.0 21856256
1733252197183 21889024.0 21889024
1733252241298 21920000.0 21920000
1733252242615 21921792.0 21921792
1733252285328 21954560.0 21954560
1733252327923 21987328.0 21987328
1733252370614 22020096.0 22020096
1733252414409 22052864.0 22052864
1733252455845 22080000.0 22080000
1733252458654 22085632.0 22085632
1733252502040 22118400.0 22118400
1733252544695 22151168.0 22151168
1733252588240 22183936.0 22183936
1733252631114 22216704.0 22216704
1733252671315 22240000.0 22240000
1733252675895 22249472.0 22249472
1733252718794 22282240.0 22282240
1733252762258 22315008.0 22315008
1733252806165 22347776.0 22347776
1733252848827 22380544.0 22380544
1733252887447 22400000.0 22400000
1733252893567 22413312.0 22413312
1733252936146 22446080.0 22446080
1733252979617 22478848.0 22478848
1733253022262 22511616.0 22511616
1733253065758 22544384.0 22544384
1733253103683 22560000.0 22560000
1733253111669 22577152.0 22577152
1733253154609 22609920.0 22609920
1733253198109 22642688.0 22642688
1733253241480 22675456.0 22675456
1733253284750 22708224.0 22708224
1733253321522 22720000.0 22720000
1733253330861 22740992.0 22740992
1733253374736 22773760.0 22773760
1733253417531 22806528.0 22806528
1733253460547 22839296.0 22839296
1733253504152 22872064.0 22872064
1733253537960 22880000.0 22880000
1733253548722 22904832.0 22904832
1733253591660 22937600.0 22937600
1733253634691 22970368.0 22970368
1733253677517 23003136.0 23003136
1733253721112 23035904.0 23035904
1733253753960 23040000.0 23040000
1733253766448 23068672.0 23068672
1733253808894 23101440.0 23101440
1733253851840 23134208.0 23134208
1733253894944 23166976.0 23166976
1733253938314 23199744.0 23199744
1733253969356 23200000.0 23200000
1733253983751 23232512.0 23232512
1733254027179 23265280.0 23265280
1733254070900 23298048.0 23298048
1733254114015 23330816.0 23330816
1733254157246 23360000.0 23360000
1733254159198 23363584.0 23363584
1733254202486 23396352.0 23396352
1733254245640 23429120.0 23429120
1733254289001 23461888.0 23461888
1733254332762 23494656.0 23494656
1733254374668 23520000.0 23520000
1733254378200 23527424.0 23527424
1733254421464 23560192.0 23560192
1733254464642 23592960.0 23592960
1733254508133 23625728.0 23625728
1733254551870 23658496.0 23658496
1733254591091 23680000.0 23680000
