1733223218919 1.0 32768
1733223262108 2.0 65536
1733223305736 3.0 98304
1733223349618 4.0 131072
1733223394070 5.0 163840
1733223437150 6.0 196608
1733223480255 7.0 229376
1733223524193 8.0 262144
1733223568397 9.0 294912
1733223612618 10.0 327680
1733223654614 11.0 360448
1733223696786 12.0 393216
1733223738906 13.0 425984
1733223780954 14.0 458752
1733223824700 15.0 491520
1733223866519 16.0 524288
1733223909243 17.0 557056
1733223950948 18.0 589824
1733223994103 19.0 622592
1733224037332 20.0 655360
1733224079136 21.0 688128
1733224121875 22.0 720896
1733224164246 23.0 753664
1733224206426 24.0 786432
1733224250480 25.0 819200
1733224292694 26.0 851968
1733224335524 27.0 884736
1733224378270 28.0 917504
1733224421374 29.0 950272
1733224465770 30.0 983040
1733224508178 31.0 1015808
1733224551438 32.0 1048576
1733224594651 33.0 1081344
1733224637614 34.0 1114112
1733224682626 35.0 1146880
1733224725780 36.0 1179648
1733224768585 37.0 1212416
1733224811615 38.0 1245184
1733224854903 39.0 1277952
1733224898890 40.0 1310720
1733224942120 41.0 1343488
1733224985175 42.0 1376256
1733225028312 43.0 1409024
1733225073350 44.0 1441792
1733225116787 45.0 1474560
1733225159592 46.0 1507328
1733225202530 47.0 1540096
1733225245733 48.0 1572864
1733225290247 49.0 1605632
1733225332994 50.0 1638400
1733225377765 51.0 1671168
1733225420636 52.0 1703936
1733225463974 53.0 1736704
1733225507595 54.0 1769472
1733225549975 55.0 1802240
1733225593179 56.0 1835008
1733225636292 57.0 1867776
1733225679205 58.0 1900544
1733225723193 59.0 1933312
1733225766088 60.0 1966080
1733225809294 61.0 1998848
1733225852232 62.0 2031616
1733225894695 63.0 2064384
1733225939107 64.0 2097152
1733225983053 65.0 2129920
1733226025941 66.0 2162688
1733226069296 67.0 2195456
1733226112309 68.0 2228224
1733226156221 69.0 2260992
1733226199484 70.0 2293760
1733226242389 71.0 2326528
1733226284926 72.0 2359296
1733226327782 73.0 2392064
1733226372511 74.0 2424832
1733226416032 75.0 2457600
1733226460153 76.0 2490368
1733226504041 77.0 2523136
1733226547845 78.0 2555904
1733226592224 79.0 2588672
1733226635838 80.0 2621440
1733226680142 81.0 2654208
1733226723571 82.0 2686976
1733226767009 83.0 2719744
1733226812329 84.0 2752512
1733226855406 85.0 2785280
1733226899580 86.0 2818048
1733226943153 87.0 2850816
1733226988155 88.0 2883584
1733227031909 89.0 2916352
1733227075271 90.0 2949120
1733227119201 91.0 2981888
1733227162890 92.0 3014656
1733227208735 93.0 3047424
1733227251815 94.0 3080192
1733227295675 95.0 3112960
1733227339335 96.0 3145728
1733227382619 97.0 3178496
1733227426557 98.0 3211264
1733227470338 99.0 3244032
1733227514458 100.0 3276800
1733227557379 101.0 3309568
1733227600884 102.0 3342336
1733227645397 103.0 3375104
1733227688942 104.0 3407872
1733227732088 105.0 3440640
1733227775838 106.0 3473408
1733227819348 107.0 3506176
1733227863513 108.0 3538944
1733227906898 109.0 3571712
1733227950261 110.0 3604480
1733227993007 111.0 3637248
1733228036535 112.0 3670016
1733228080624 113.0 3702784
1733228123781 114.0 3735552
1733228167000 115.0 3768320
1733228210734 116.0 3801088
1733228253934 117.0 3833856
1733228298197 118.0 3866624
1733228341585 119.0 3899392
1733228386031 120.0 3932160
1733228428968 121.0 3964928
1733228473206 122.0 3997696
1733228517219 123.0 4030464
1733228560972 124.0 4063232
1733228604439 125.0 4096000
1733228648179 126.0 4128768
1733228693370 127.0 4161536
1733228736457 128.0 4194304
1733228779180 129.0 4227072
1733228821792 130.0 4259840
1733228864765 131.0 4292608
1733228909075 132.0 4325376
1733228951605 133.0 4358144
1733228994660 134.0 4390912
1733229038349 135.0 4423680
1733229081986 136.0 4456448
1733229126280 137.0 4489216
1733229169670 138.0 4521984
1733229214057 139.0 4554752
1733229257462 140.0 4587520
1733229300715 141.0 4620288
1733229345177 142.0 4653056
1733229389208 143.0 4685824
1733229433446 144.0 4718592
1733229476091 145.0 4751360
1733229520126 146.0 4784128
1733229565077 147.0 4816896
1733229608570 148.0 4849664
1733229653409 149.0 4882432
1733229696759 150.0 4915200
1733229741268 151.0 4947968
1733229786122 152.0 4980736
1733229829335 153.0 5013504
1733229873305 154.0 5046272
1733229917194 155.0 5079040
1733229960805 156.0 5111808
1733230006111 157.0 5144576
1733230049157 158.0 5177344
1733230092887 159.0 5210112
1733230136434 160.0 5242880
1733230180582 161.0 5275648
1733230225767 162.0 5308416
1733230270831 163.0 5341184
1733230317226 164.0 5373952
1733230360595 165.0 5406720
1733230404462 166.0 5439488
1733230451682 167.0 5472256
1733230494924 168.0 5505024
1733230538375 169.0 5537792
1733230582827 170.0 5570560
1733230630182 171.0 5603328
1733230673205 172.0 5636096
1733230717414 173.0 5668864
1733230760910 174.0 5701632
1733230804304 175.0 5734400
1733230849548 176.0 5767168
1733230892625 177.0 5799936
1733230936329 178.0 5832704
1733230980334 179.0 5865472
1733231023533 180.0 5898240
1733231069285 181.0 5931008
1733231112526 182.0 5963776
1733231156331 183.0 5996544
1733231199968 184.0 6029312
1733231243944 185.0 6062080
1733231288990 186.0 6094848
1733231332394 187.0 6127616
1733231376225 188.0 6160384
1733231419766 189.0 6193152
1733231464626 190.0 6225920
1733231509757 191.0 6258688
1733231552716 192.0 6291456
1733231596326 193.0 6324224
1733231640495 194.0 6356992
1733231684643 195.0 6389760
1733231729473 196.0 6422528
1733231772248 197.0 6455296
1733231816494 198.0 6488064
1733231861686 199.0 6520832
1733231905685 200.0 6553600
1733231949645 201.0 6586368
1733231992953 202.0 6619136
1733232037461 203.0 6651904
1733232080699 204.0 6684672
1733232123827 205.0 6717440
1733232168606 206.0 6750208
1733232211743 207.0 6782976
1733232257264 208.0 6815744
1733232300693 209.0 6848512
1733232345171 210.0 6881280
1733232388302 211.0 6914048
1733232431452 212.0 6946816
1733232474678 213.0 6979584
1733232517899 214.0 7012352
1733232561678 215.0 7045120
1733232604916 216.0 7077888
1733232648471 217.0 7110656
1733232692666 218.0 7143424
1733232736188 219.0 7176192
1733232780414 220.0 7208960
1733232824213 221.0 7241728
1733232867407 222.0 7274496
1733232910764 223.0 7307264
1733232954133 224.0 7340032
1733232998922 225.0 7372800
1733233042303 226.0 7405568
1733233086482 227.0 7438336
1733233129827 228.0 7471104
1733233173408 229.0 7503872
1733233218450 230.0 7536640
1733233261208 231.0 7569408
1733233304466 232.0 7602176
1733233347746 233.0 7634944
1733233391492 234.0 7667712
1733233436972 235.0 7700480
1733233479996 236.0 7733248
1733233523217 237.0 7766016
1733233566730 238.0 7798784
1733233611026 239.0 7831552
1733233656245 240.0 7864320
1733233699508 241.0 7897088
1733233744654 242.0 7929856
1733233788643 243.0 7962624
1733233831686 244.0 7995392
1733233877027 245.0 8028160
1733233920537 246.0 8060928
1733233964436 247.0 8093696
1733234007954 248.0 8126464
1733234051229 249.0 8159232
1733234095904 250.0 8192000
1733234139543 251.0 8224768
1733234183741 252.0 8257536
1733234227992 253.0 8290304
1733234272705 254.0 8323072
1733234316137 255.0 8355840
1733234360477 256.0 8388608
1733234404219 257.0 8421376
1733234447763 258.0 8454144
1733234492843 259.0 8486912
1733234536350 260.0 8519680
1733234579147 261.0 8552448
1733234622440 262.0 8585216
1733234665945 263.0 8617984
1733234711099 264.0 8650752
1733234754381 265.0 8683520
1733234797844 266.0 8716288
1733234841571 267.0 8749056
1733234885638 268.0 8781824
1733234930765 269.0 8814592
1733234974561 270.0 8847360
1733235018748 271.0 8880128
1733235062383 272.0 8912896
1733235106505 273.0 8945664
1733235152995 274.0 8978432
1733235196008 275.0 9011200
1733235239972 276.0 9043968
1733235284423 277.0 9076736
1733235327926 278.0 9109504
1733235372000 279.0 9142272
1733235415418 280.0 9175040
1733235460225 281.0 9207808
1733235504060 282.0 9240576
1733235547826 283.0 9273344
1733235592830 284.0 9306112
1733235636592 285.0 9338880
1733235680194 286.0 9371648
1733235724149 287.0 9404416
1733235768069 288.0 9437184
1733235813040 289.0 9469952
1733235856549 290.0 9502720
1733235900472 291.0 9535488
1733235944847 292.0 9568256
1733235989528 293.0 9601024
1733236033238 294.0 9633792
1733236076383 295.0 9666560
1733236119953 296.0 9699328
1733236163684 297.0 9732096
1733236208683 298.0 9764864
1733236252374 299.0 9797632
1733236297147 300.0 9830400
1733236340938 301.0 9863168
1733236384838 302.0 9895936
1733236428901 303.0 9928704
1733236472109 304.0 9961472
1733236516047 305.0 9994240
1733236560072 306.0 10027008
1733236603214 307.0 10059776
1733236647592 308.0 10092544
1733236691019 309.0 10125312
1733236734965 310.0 10158080
1733236779165 311.0 10190848
1733236822949 312.0 10223616
1733236867953 313.0 10256384
1733236911228 314.0 10289152
1733236955041 315.0 10321920
1733236999698 316.0 10354688
1733237043029 317.0 10387456
1733237087141 318.0 10420224
1733237130612 319.0 10452992
1733237174672 320.0 10485760
1733237220615 321.0 10518528
1733237264310 322.0 10551296
1733237309687 323.0 10584064
1733237354132 324.0 10616832
1733237400403 325.0 10649600
1733237445351 326.0 10682368
1733237488962 327.0 10715136
1733237533558 328.0 10747904
1733237576471 329.0 10780672
1733237620149 330.0 10813440
1733237664161 331.0 10846208
1733237708223 332.0 10878976
1733237752852 333.0 10911744
1733237796218 334.0 10944512
1733237839075 335.0 10977280
1733237882400 336.0 11010048
1733237927262 337.0 11042816
1733237971161 338.0 11075584
1733238014561 339.0 11108352
1733238059498 340.0 11141120
1733238103838 341.0 11173888
1733238149565 342.0 11206656
1733238193269 343.0 11239424
1733238236503 344.0 11272192
1733238280461 345.0 11304960
1733238324845 346.0 11337728
1733238371583 347.0 11370496
1733238414911 348.0 11403264
1733238459916 349.0 11436032
1733238504590 350.0 11468800
1733238548567 351.0 11501568
1733238595977 352.0 11534336
1733238639508 353.0 11567104
1733238682424 354.0 11599872
1733238725358 355.0 11632640
1733238767329 356.0 11665408
1733238812628 357.0 11698176
1733238854792 358.0 11730944
1733238897522 359.0 11763712
1733238940581 360.0 11796480
1733238983300 361.0 11829248
1733239028137 362.0 11862016
1733239070401 363.0 11894784
1733239113037 364.0 11927552
1733239155470 365.0 11960320
1733239200071 366.0 11993088
1733239243450 367.0 12025856
1733239286267 368.0 12058624
1733239328668 369.0 12091392
1733239371481 370.0 12124160
1733239413736 371.0 12156928
1733239457202 372.0 12189696
1733239499707 373.0 12222464
1733239542363 374.0 12255232
1733239585205 375.0 12288000
1733239627676 376.0 12320768
1733239669947 377.0 12353536
1733239712277 378.0 12386304
1733239755465 379.0 12419072
1733239797565 380.0 12451840
1733239840662 381.0 12484608
1733239882741 382.0 12517376
1733239925767 383.0 12550144
1733239968974 384.0 12582912
1733240011207 385.0 12615680
1733240054698 386.0 12648448
1733240096311 387.0 12681216
1733240139028 388.0 12713984
1733240182329 389.0 12746752
1733240224895 390.0 12779520
1733240268508 391.0 12812288
1733240310497 392.0 12845056
1733240353619 393.0 12877824
1733240395914 394.0 12910592
1733240437807 395.0 12943360
1733240481183 396.0 12976128
1733240523028 397.0 13008896
1733240565222 398.0 13041664
1733240607022 399.0 13074432
1733240649230 400.0 13107200
1733240692902 401.0 13139968
1733240735132 402.0 13172736
1733240777615 403.0 13205504
1733240819512 404.0 13238272
1733240861500 405.0 13271040
1733240905271 406.0 13303808
1733240947814 407.0 13336576
1733240990330 408.0 13369344
1733241032733 409.0 13402112
1733241074912 410.0 13434880
1733241118436 411.0 13467648
1733241160773 412.0 13500416
1733241202815 413.0 13533184
1733241245344 414.0 13565952
1733241287884 415.0 13598720
1733241331210 416.0 13631488
1733241374098 417.0 13664256
1733241417019 418.0 13697024
1733241459158 419.0 13729792
1733241502670 420.0 13762560
1733241546091 421.0 13795328
1733241588089 422.0 13828096
1733241630460 423.0 13860864
1733241672620 424.0 13893632
1733241716086 425.0 13926400
1733241758535 426.0 13959168
1733241800780 427.0 13991936
1733241843061 428.0 14024704
1733241885605 429.0 14057472
1733241928882 430.0 14090240
1733241970976 431.0 14123008
1733242014060 432.0 14155776
1733242056179 433.0 14188544
1733242099120 434.0 14221312
1733242142614 435.0 14254080
1733242185315 436.0 14286848
1733242227502 437.0 14319616
1733242270161 438.0 14352384
1733242312869 439.0 14385152
1733242356087 440.0 14417920
1733242398575 441.0 14450688
1733242441440 442.0 14483456
1733242483884 443.0 14516224
1733242526123 444.0 14548992
1733242569664 445.0 14581760
1733242612168 446.0 14614528
1733242654848 447.0 14647296
1733242697128 448.0 14680064
1733242739224 449.0 14712832
1733242782604 450.0 14745600
1733242824523 451.0 14778368
1733242866395 452.0 14811136
1733242910085 453.0 14843904
1733242952839 454.0 14876672
1733242996710 455.0 14909440
1733243039482 456.0 14942208
1733243081945 457.0 14974976
1733243124147 458.0 15007744
1733243167851 459.0 15040512
1733243210157 460.0 15073280
1733243252453 461.0 15106048
1733243294835 462.0 15138816
1733243336565 463.0 15171584
1733243380011 464.0 15204352
1733243422064 465.0 15237120
1733243464499 466.0 15269888
1733243507459 467.0 15302656
1733243549395 468.0 15335424
1733243592633 469.0 15368192
1733243634606 470.0 15400960
1733243677167 471.0 15433728
1733243719433 472.0 15466496
1733243761738 473.0 15499264
1733243804962 474.0 15532032
1733243846766 475.0 15564800
1733243889541 476.0 15597568
1733243931883 477.0 15630336
1733243973992 478.0 15663104
1733244017466 479.0 15695872
1733244059821 480.0 15728640
1733244102040 481.0 15761408
1733244144503 482.0 15794176
1733244187477 483.0 15826944
1733244232762 484.0 15859712
1733244275083 485.0 15892480
1733244317240 486.0 15925248
1733244359337 487.0 15958016
1733244401441 488.0 15990784
1733244444597 489.0 16023552
1733244487054 490.0 16056320
1733244529347 491.0 16089088
1733244571851 492.0 16121856
1733244614499 493.0 16154624
1733244657801 494.0 16187392
1733244699975 495.0 16220160
1733244742194 496.0 16252928
1733244784961 497.0 16285696
1733244827437 498.0 16318464
1733244870767 499.0 16351232
1733244913204 500.0 16384000
1733244956278 501.0 16416768
1733244998872 502.0 16449536
1733245044220 503.0 16482304
1733245086499 504.0 16515072
1733245129316 505.0 16547840
1733245171509 506.0 16580608
1733245213914 507.0 16613376
1733245257186 508.0 16646144
1733245299373 509.0 16678912
1733245341951 510.0 16711680
1733245384266 511.0 16744448
1733245427071 512.0 16777216
1733245470576 513.0 16809984
1733245512887 514.0 16842752
1733245555860 515.0 16875520
1733245598689 516.0 16908288
1733245641435 517.0 16941056
1733245686140 518.0 16973824
1733245728668 519.0 17006592
1733245771374 520.0 17039360
1733245813587 521.0 17072128
1733245855941 522.0 17104896
1733245899120 523.0 17137664
1733245941358 524.0 17170432
1733245984121 525.0 17203200
1733246026418 526.0 17235968
1733246068683 527.0 17268736
