1733223218981 32768.0 32768
1733223262400 65536.0 65536
1733223305987 98304.0 98304
1733223349658 131072.0 131072
1733223392031 160000.0 160000
1733223394087 163840.0 163840
1733223437212 196608.0 196608
1733223480305 229376.0 229376
1733223524467 262144.0 262144
1733223568449 294912.0 294912
1733223609044 320000.0 320000
1733223612684 327680.0 327680
1733223654656 360448.0 360448
1733223696836 393216.0 393216
1733223738940 425984.0 425984
1733223781004 458752.0 458752
1733223819551 480000.0 480000
1733223824716 491520.0 491520
1733223866552 524288.0 524288
1733223909270 557056.0 557056
1733223951016 589824.0 589824
1733223994180 622592.0 622592
1733224030497 640000.0 640000
1733224037382 655360.0 655360
1733224079196 688128.0 688128
1733224121925 720896.0 720896
1733224164297 753664.0 753664
1733224206529 786432.0 786432
1733224241997 800000.0 800000
1733224250522 819200.0 819200
1733224292735 851968.0 851968
1733224335573 884736.0 884736
1733224378324 917504.0 917504
1733224421416 950272.0 950272
1733224455242 960000.0 960000
1733224465853 983040.0 983040
1733224508192 1015808.0 1015808
1733224551498 1048576.0 1048576
1733224594711 1081344.0 1081344
1733224637690 1114112.0 1114112
1733224670254 1120000.0 1120000
1733224682643 1146880.0 1146880
1733224725834 1179648.0 1179648
1733224768635 1212416.0 1212416
1733224811734 1245184.0 1245184
1733224854944 1277952.0 1277952
1733224885038 1280000.0 1280000
1733224898942 1310720.0 1310720
1733224942179 1343488.0 1343488
1733224985225 1376256.0 1376256
1733225028393 1409024.0 1409024
1733225072190 1440000.0 1440000
1733225073366 1441792.0 1441792
1733225116829 1474560.0 1474560
1733225159642 1507328.0 1507328
1733225202572 1540096.0 1540096
1733225245785 1572864.0 1572864
1733225287372 1600000.0 1600000
1733225290264 1605632.0 1605632
1733225333258 1638400.0 1638400
1733225377799 1671168.0 1671168
1733225420677 1703936.0 1703936
1733225464015 1736704.0 1736704
1733225503179 1760000.0 1760000
1733225507645 1769472.0 1769472
1733225550000 1802240.0 1802240
1733225593229 1835008.0 1835008
1733225636312 1867776.0 1867776
1733225679255 1900544.0 1900544
1733225716837 1920000.0 1920000
1733225723209 1933312.0 1933312
1733225766123 1966080.0 1966080
1733225809327 1998848.0 1998848
1733225852274 2031616.0 2031616
1733225894757 2064384.0 2064384
1733225931185 2080000.0 2080000
1733225939182 2097152.0 2097152
1733225983103 2129920.0 2129920
1733226025991 2162688.0 2162688
1733226069346 2195456.0 2195456
1733226112359 2228224.0 2228224
1733226146396 2240000.0 2240000
1733226156238 2260992.0 2260992
1733226199534 2293760.0 2293760
1733226242439 2326528.0 2326528
1733226284994 2359296.0 2359296
1733226327832 2392064.0 2392064
1733226360951 2400000.0 2400000
1733226372561 2424832.0 2424832
1733226416082 2457600.0 2457600
1733226460203 2490368.0 2490368
1733226504093 2523136.0 2523136
1733226547878 2555904.0 2555904
1733226578939 2560000.0 2560000
1733226592266 2588672.0 2588672
1733226635921 2621440.0 2621440
1733226680224 2654208.0 2654208
1733226723701 2686976.0 2686976
1733226767072 2719744.0 2719744
1733226796898 2720000.0 2720000
1733226812367 2752512.0 2752512
1733226855467 2785280.0 2785280
1733226899622 2818048.0 2818048
1733226943171 2850816.0 2850816
1733226986325 2880000.0 2880000
1733226988225 2883584.0 2883584
1733227031943 2916352.0 2916352
1733227075334 2949120.0 2949120
1733227119238 2981888.0 2981888
1733227163128 3014656.0 3014656
1733227204907 3040000.0 3040000
1733227208752 3047424.0 3047424
1733227251889 3080192.0 3080192
1733227295794 3112960.0 3112960
1733227339366 3145728.0 3145728
1733227382653 3178496.0 3178496
1733227421275 3200000.0 3200000
1733227426574 3211264.0 3211264
1733227470373 3244032.0 3244032
1733227514519 3276800.0 3276800
1733227557455 3309568.0 3309568
1733227600940 3342336.0 3342336
1733227638336 3360000.0 3360000
1733227645474 3375104.0 3375104
1733227688984 3407872.0 3407872
1733227732130 3440640.0 3440640
1733227775860 3473408.0 3473408
1733227819389 3506176.0 3506176
1733227854665 3520000.0 3520000
1733227863557 3538944.0 3538944
1733227906920 3571712.0 3571712
1733227950311 3604480.0 3604480
1733227993081 3637248.0 3637248
1733228036595 3670016.0 3670016
1733228070119 3680000.0 3680000
1733228080641 3702784.0 3702784
1733228123820 3735552.0 3735552
1733228167050 3768320.0 3768320
1733228210763 3801088.0 3801088
1733228253976 3833856.0 3833856
1733228285903 3840000.0 3840000
1733228298251 3866624.0 3866624
1733228341626 3899392.0 3899392
1733228386080 3932160.0 3932160
1733228429027 3964928.0 3964928
1733228473256 3997696.0 3997696
1733228503289 4000000.0 4000000
1733228517260 4030464.0 4030464
1733228561015 4063232.0 4063232
1733228604486 4096000.0 4096000
1733228648210 4128768.0 4128768
1733228692261 4160000.0 4160000
1733228693386 4161536.0 4161536
1733228736507 4194304.0 4194304
1733228779278 4227072.0 4227072
1733228821833 4259840.0 4259840
1733228864796 4292608.0 4292608
1733228906012 4320000.0 4320000
1733228909108 4325376.0 4325376
1733228951655 4358144.0 4358144
1733228994710 4390912.0 4390912
1733229038620 4423680.0 4423680
1733229082036 4456448.0 4456448
1733229121882 4480000.0 4480000
1733229126298 4489216.0 4489216
1733229169961 4521984.0 4521984
1733229214074 4554752.0 4554752
1733229257521 4587520.0 4587520
1733229300758 4620288.0 4620288
1733229338564 4640000.0 4640000
1733229345461 4653056.0 4653056
1733229389243 4685824.0 4685824
1733229433510 4718592.0 4718592
1733229476134 4751360.0 4751360
1733229520155 4784128.0 4784128
1733229556420 4800000.0 4800000
1733229565334 4816896.0 4816896
1733229608605 4849664.0 4849664
1733229653464 4882432.0 4882432
1733229696887 4915200.0 4915200
1733229741332 4947968.0 4947968
1733229776438 4960000.0 4960000
1733229786207 4980736.0 4980736
1733229829399 5013504.0 5013504
1733229873339 5046272.0 5046272
1733229917243 5079040.0 5079040
1733229960848 5111808.0 5111808
1733229993865 5120000.0 5120000
1733230006144 5144576.0 5144576
1733230049256 5177344.0 5177344
1733230092936 5210112.0 5210112
1733230136575 5242880.0 5242880
1733230180678 5275648.0 5275648
1733230212226 5280000.0 5280000
1733230225842 5308416.0 5308416
1733230271119 5341184.0 5341184
1733230317334 5373952.0 5373952
1733230360663 5406720.0 5406720
1733230404686 5439488.0 5439488
1733230434787 5440000.0 5440000
1733230452000 5472256.0 5472256
1733230494970 5505024.0 5505024
1733230538457 5537792.0 5537792
1733230582935 5570560.0 5570560
1733230626406 5600000.0 5600000
1733230630506 5603328.0 5603328
1733230673265 5636096.0 5636096
1733230717507 5668864.0 5668864
1733230760965 5701632.0 5701632
1733230804454 5734400.0 5734400
1733230845653 5760000.0 5760000
1733230849594 5767168.0 5767168
1733230892720 5799936.0 5799936
1733230936382 5832704.0 5832704
1733230980386 5865472.0 5865472
1733231023933 5898240.0 5898240
1733231063682 5920000.0 5920000
1733231069379 5931008.0 5931008
1733231112653 5963776.0 5963776
1733231156444 5996544.0 5996544
1733231200144 6029312.0 6029312
1733231244013 6062080.0 6062080
1733231281526 6080000.0 6080000
1733231289117 6094848.0 6094848
1733231332487 6127616.0 6127616
1733231376285 6160384.0 6160384
1733231420091 6193152.0 6193152
1733231464670 6225920.0 6225920
1733231500271 6240000.0 6240000
1733231509890 6258688.0 6258688
1733231552774 6291456.0 6291456
1733231596467 6324224.0 6324224
1733231640589 6356992.0 6356992
1733231684708 6389760.0 6389760
1733231718869 6400000.0 6400000
1733231729624 6422528.0 6422528
1733231772305 6455296.0 6455296
1733231816759 6488064.0 6488064
1733231861835 6520832.0 6520832
1733231905737 6553600.0 6553600
1733231937916 6560000.0 6560000
1733231949680 6586368.0 6586368
1733231992987 6619136.0 6619136
1733232037511 6651904.0 6651904
1733232080733 6684672.0 6684672
1733232123919 6717440.0 6717440
1733232155044 6720000.0 6720000
1733232168640 6750208.0 6750208
1733232212009 6782976.0 6782976
1733232257295 6815744.0 6815744
1733232300741 6848512.0 6848512
1733232344061 6880000.0 6880000
1733232345206 6881280.0 6881280
1733232388334 6914048.0 6914048
1733232431499 6946816.0 6946816
1733232474709 6979584.0 6979584
1733232517948 7012352.0 7012352
1733232559010 7040000.0 7040000
1733232561695 7045120.0 7045120
1733232604966 7077888.0 7077888
1733232648705 7110656.0 7110656
1733232692716 7143424.0 7143424
1733232736246 7176192.0 7176192
1733232775904 7200000.0 7200000
1733232780433 7208960.0 7208960
1733232824305 7241728.0 7241728
1733232867451 7274496.0 7274496
1733232910814 7307264.0 7307264
1733232954189 7340032.0 7340032
1733232992841 7360000.0 7360000
1733232998948 7372800.0 7372800
1733233042327 7405568.0 7405568
1733233086525 7438336.0 7438336
1733233129884 7471104.0 7471104
1733233173739 7503872.0 7503872
1733233210594 7520000.0 7520000
1733233218477 7536640.0 7536640
1733233261330 7569408.0 7569408
1733233304501 7602176.0 7602176
1733233347806 7634944.0 7634944
1733233391799 7667712.0 7667712
1733233427827 7680000.0 7680000
1733233437016 7700480.0 7700480
1733233480046 7733248.0 7733248
1733233523272 7766016.0 7766016
1733233566814 7798784.0 7798784
1733233611098 7831552.0 7831552
1733233644471 7840000.0 7840000
1733233656329 7864320.0 7864320
1733233699766 7897088.0 7897088
1733233744718 7929856.0 7929856
1733233788693 7962624.0 7962624
1733233831732 7995392.0 7995392
1733233863214 8000000.0 8000000
1733233877078 8028160.0 8028160
1733233920614 8060928.0 8060928
1733233964475 8093696.0 8093696
1733234007983 8126464.0 8126464
1733234051280 8159232.0 8159232
1733234080911 8160000.0 8160000
1733234095937 8192000.0 8192000
1733234139586 8224768.0 8224768
1733234183797 8257536.0 8257536
1733234228029 8290304.0 8290304
1733234270739 8320000.0 8320000
1733234272737 8323072.0 8323072
1733234316195 8355840.0 8355840
1733234360587 8388608.0 8388608
1733234404259 8421376.0 8421376
1733234447824 8454144.0 8454144
1733234489156 8480000.0 8480000
1733234492871 8486912.0 8486912
1733234536402 8519680.0 8519680
1733234579214 8552448.0 8552448
1733234622484 8585216.0 8585216
1733234665989 8617984.0 8617984
1733234705744 8640000.0 8640000
1733234711171 8650752.0 8650752
1733234754456 8683520.0 8683520
1733234797920 8716288.0 8716288
1733234841637 8749056.0 8749056
1733234885683 8781824.0 8781824
1733234923675 8800000.0 8800000
1733234930790 8814592.0 8814592
1733234974653 8847360.0 8847360
1733235018770 8880128.0 8880128
1733235062496 8912896.0 8912896
1733235106754 8945664.0 8945664
1733235144090 8960000.0 8960000
1733235153020 8978432.0 8978432
1733235196068 9011200.0 9011200
1733235240259 9043968.0 9043968
1733235284524 9076736.0 9076736
1733235328012 9109504.0 9109504
1733235361766 9120000.0 9120000
1733235372225 9142272.0 9142272
1733235415469 9175040.0 9175040
1733235460267 9207808.0 9207808
1733235504129 9240576.0 9240576
1733235547892 9273344.0 9273344
1733235580651 9280000.0 9280000
1733235592891 9306112.0 9306112
1733235636626 9338880.0 9338880
1733235680253 9371648.0 9371648
1733235724219 9404416.0 9404416
1733235768120 9437184.0 9437184
1733235799041 9440000.0 9440000
1733235813065 9469952.0 9469952
1733235856631 9502720.0 9502720
1733235900566 9535488.0 9535488
1733235944890 9568256.0 9568256
1733235988587 9600000.0 9600000
1733235989557 9601024.0 9601024
1733236033277 9633792.0 9633792
1733236076437 9666560.0 9666560
1733236119979 9699328.0 9699328
1733236163734 9732096.0 9732096
1733236206060 9760000.0 9760000
1733236208716 9764864.0 9764864
1733236252659 9797632.0 9797632
1733236297238 9830400.0 9830400
1733236341004 9863168.0 9863168
1733236384888 9895936.0 9895936
1733236424633 9920000.0 9920000
1733236428926 9928704.0 9928704
1733236472164 9961472.0 9961472
1733236516101 9994240.0 9994240
1733236560131 10027008.0 10027008
1733236603269 10059776.0 10059776
1733236641593 10080000.0 10080000
1733236647669 10092544.0 10092544
1733236691073 10125312.0 10125312
1733236735069 10158080.0 10158080
1733236779230 10190848.0 10190848
1733236823040 10223616.0 10223616
1733236859904 10240000.0 10240000
1733236868016 10256384.0 10256384
1733236911266 10289152.0 10289152
1733236955128 10321920.0 10321920
1733236999772 10354688.0 10354688
1733237043054 10387456.0 10387456
1733237077763 10400000.0 10400000
1733237087192 10420224.0 10420224
1733237130642 10452992.0 10452992
1733237174980 10485760.0 10485760
1733237220667 10518528.0 10518528
1733237264489 10551296.0 10551296
1733237298367 10560000.0 10560000
1733237309859 10584064.0 10584064
1733237354462 10616832.0 10616832
1733237400708 10649600.0 10649600
1733237445503 10682368.0 10682368
1733237489062 10715136.0 10715136
1733237520401 10720000.0 10720000
1733237533630 10747904.0 10747904
1733237576521 10780672.0 10780672
1733237620196 10813440.0 10813440
1733237664218 10846208.0 10846208
1733237708454 10878976.0 10878976
1733237738160 10880000.0 10880000
1733237752929 10911744.0 10911744
1733237796247 10944512.0 10944512
1733237839131 10977280.0 10977280
1733237882449 11010048.0 11010048
1733237925183 11040000.0 11040000
1733237927380 11042816.0 11042816
1733237971194 11075584.0 11075584
1733238014819 11108352.0 11108352
1733238059591 11141120.0 11141120
1733238104107 11173888.0 11173888
1733238146117 11200000.0 11200000
1733238149602 11206656.0 11206656
1733238193332 11239424.0 11239424
1733238236557 11272192.0 11272192
1733238280732 11304960.0 11304960
1733238324916 11337728.0 11337728
1733238364891 11360000.0 11360000
1733238371842 11370496.0 11370496
1733238415166 11403264.0 11403264
1733238460178 11436032.0 11436032
1733238504644 11468800.0 11468800
1733238548824 11501568.0 11501568
1733238588040 11520000.0 11520000
1733238596277 11534336.0 11534336
1733238639594 11567104.0 11567104
1733238682474 11599872.0 11599872
1733238725416 11632640.0 11632640
1733238767417 11665408.0 11665408
1733238802502 11680000.0 11680000
1733238812866 11698176.0 11698176
1733238854850 11730944.0 11730944
1733238897576 11763712.0 11763712
1733238940628 11796480.0 11796480
1733238983373 11829248.0 11829248
1733239016585 11840000.0 11840000
1733239028395 11862016.0 11862016
1733239070465 11894784.0 11894784
1733239113113 11927552.0 11927552
1733239155752 11960320.0 11960320
1733239200145 11993088.0 11993088
1733239231521 12000000.0 12000000
1733239243525 12025856.0 12025856
1733239286360 12058624.0 12058624
1733239328721 12091392.0 12091392
1733239371535 12124160.0 12124160
1733239413813 12156928.0 12156928
1733239443313 12160000.0 12160000
1733239457259 12189696.0 12189696
1733239499765 12222464.0 12222464
1733239542391 12255232.0 12255232
1733239585229 12288000.0 12288000
1733239626947 12320000.0 12320000
1733239627701 12320768.0 12320768
1733239669972 12353536.0 12353536
1733239712302 12386304.0 12386304
1733239755510 12419072.0 12419072
1733239797624 12451840.0 12451840
1733239838160 12480000.0 12480000
1733239840742 12484608.0 12484608
1733239882787 12517376.0 12517376
1733239925821 12550144.0 12550144
1733239968997 12582912.0 12582912
1733240011243 12615680.0 12615680
1733240050657 12640000.0 12640000
1733240054756 12648448.0 12648448
1733240096373 12681216.0 12681216
1733240139134 12713984.0 12713984
1733240182382 12746752.0 12746752
1733240224922 12779520.0 12779520
1733240262610 12800000.0 12800000
1733240268533 12812288.0 12812288
1733240310574 12845056.0 12845056
1733240353651 12877824.0 12877824
1733240395969 12910592.0 12910592
1733240437865 12943360.0 12943360
1733240473327 12960000.0 12960000
1733240481215 12976128.0 12976128
1733240523098 13008896.0 13008896
1733240565247 13041664.0 13041664
1733240607076 13074432.0 13074432
1733240649527 13107200.0 13107200
1733240683900 13120000.0 13120000
1733240692956 13139968.0 13139968
1733240735219 13172736.0 13172736
1733240777665 13205504.0 13205504
1733240819535 13238272.0 13238272
1733240861555 13271040.0 13271040
1733240894171 13280000.0 13280000
1733240905330 13303808.0 13303808
1733240947868 13336576.0 13336576
1733240990380 13369344.0 13369344
1733241032760 13402112.0 13402112
1733241074954 13434880.0 13434880
1733241105942 13440000.0 13440000
1733241118495 13467648.0 13467648
1733241160866 13500416.0 13500416
1733241202876 13533184.0 13533184
1733241245398 13565952.0 13565952
1733241287922 13598720.0 13598720
1733241317026 13600000.0 13600000
1733241331298 13631488.0 13631488
1733241374153 13664256.0 13664256
1733241417075 13697024.0 13697024
1733241459208 13729792.0 13729792
1733241501151 13760000.0 13760000
1733241502692 13762560.0 13762560
1733241546168 13795328.0 13795328
1733241588144 13828096.0 13828096
1733241630515 13860864.0 13860864
1733241672673 13893632.0 13893632
1733241712778 13920000.0 13920000
1733241716111 13926400.0 13926400
1733241758591 13959168.0 13959168
1733241800813 13991936.0 13991936
1733241843111 14024704.0 14024704
1733241885668 14057472.0 14057472
1733241923917 14080000.0 14080000
1733241928905 14090240.0 14090240
1733241971103 14123008.0 14123008
1733242014110 14155776.0 14155776
1733242056249 14188544.0 14188544
1733242099173 14221312.0 14221312
1733242135714 14240000.0 14240000
1733242142633 14254080.0 14254080
1733242185432 14286848.0 14286848
1733242227559 14319616.0 14319616
1733242270237 14352384.0 14352384
1733242312920 14385152.0 14385152
1733242347659 14400000.0 14400000
1733242356128 14417920.0 14417920
1733242398628 14450688.0 14450688
1733242441541 14483456.0 14483456
1733242483918 14516224.0 14516224
1733242526181 14548992.0 14548992
1733242559530 14560000.0 14560000
1733242569702 14581760.0 14581760
1733242612229 14614528.0 14614528
1733242654923 14647296.0 14647296
1733242697183 14680064.0 14680064
1733242739283 14712832.0 14712832
1733242770976 14720000.0 14720000
1733242782667 14745600.0 14745600
1733242824575 14778368.0 14778368
1733242866432 14811136.0 14811136
1733242910259 14843904.0 14843904
1733242952889 14876672.0 14876672
1733242983233 14880000.0 14880000
1733242996727 14909440.0 14909440
1733243039564 14942208.0 14942208
1733243082035 14974976.0 14974976
1733243124199 15007744.0 15007744
1733243167271 15040000.0 15040000
1733243167870 15040512.0 15040512
1733243210252 15073280.0 15073280
1733243252505 15106048.0 15106048
1733243294853 15138816.0 15138816
1733243336585 15171584.0 15171584
1733243377613 15200000.0 15200000
1733243380036 15204352.0 15204352
1733243422126 15237120.0 15237120
1733243464625 15269888.0 15269888
1733243507509 15302656.0 15302656
1733243549447 15335424.0 15335424
1733243588787 15360000.0 15360000
1733243592657 15368192.0 15368192
1733243634656 15400960.0 15400960
1733243677259 15433728.0 15433728
1733243719473 15466496.0 15466496
1733243761787 15499264.0 15499264
1733243799374 15520000.0 15520000
1733243805000 15532032.0 15532032
1733243846856 15564800.0 15564800
1733243889616 15597568.0 15597568
1733243931931 15630336.0 15630336
1733243974053 15663104.0 15663104
1733244010143 15680000.0 15680000
1733244017482 15695872.0 15695872
1733244059870 15728640.0 15728640
1733244102092 15761408.0 15761408
1733244144555 15794176.0 15794176
1733244187526 15826944.0 15826944
1733244222119 15840000.0 15840000
1733244233006 15859712.0 15859712
1733244275127 15892480.0 15892480
1733244317290 15925248.0 15925248
1733244359414 15958016.0 15958016
1733244401470 15990784.0 15990784
1733244434127 16000000.0 16000000
1733244444613 16023552.0 16023552
1733244487101 16056320.0 16056320
1733244529397 16089088.0 16089088
1733244571885 16121856.0 16121856
1733244614600 16154624.0 16154624
1733244645281 16160000.0 16160000
1733244657819 16187392.0 16187392
1733244700024 16220160.0 16220160
1733244742246 16252928.0 16252928
1733244785086 16285696.0 16285696
1733244827499 16318464.0 16318464
1733244856533 16320000.0 16320000
1733244870818 16351232.0 16351232
1733244913265 16384000.0 16384000
1733244956346 16416768.0 16416768
1733244999120 16449536.0 16449536
1733245042824 16480000.0 16480000
1733245044243 16482304.0 16482304
1733245086565 16515072.0 16515072
1733245129405 16547840.0 16547840
1733245171572 16580608.0 16580608
1733245213975 16613376.0 16613376
1733245253834 16640000.0 16640000
1733245257235 16646144.0 16646144
1733245299423 16678912.0 16678912
1733245341978 16711680.0 16711680
1733245384316 16744448.0 16744448
1733245427112 16777216.0 16777216
1733245465730 16800000.0 16800000
1733245470592 16809984.0 16809984
1733245512954 16842752.0 16842752
1733245555909 16875520.0 16875520
1733245598739 16908288.0 16908288
1733245641482 16941056.0 16941056
1733245678315 16960000.0 16960000
1733245686424 16973824.0 16973824
1733245728719 17006592.0 17006592
1733245771433 17039360.0 17039360
1733245813637 17072128.0 17072128
1733245855992 17104896.0 17104896
1733245890919 17120000.0 17120000
1733245899182 17137664.0 17137664
1733245941393 17170432.0 17170432
1733245984173 17203200.0 17203200
1733246026469 17235968.0 17235968
1733246068742 17268736.0 17268736
1733246101983 17280000.0 17280000
