1731660346281 0.2 65536
1731660375531 0.2 98304
1731660406077 0.2 131072
1731660435772 0.2 160000
1731660467260 0.2 196608
1731660496516 0.2 229376
1731660525660 0.2 262144
1731660554784 0.2 294912
1731660584464 0.2 320000
1731660616683 0.2 360448
1731660645780 0.2 393216
1731660674893 0.2 425984
1731660704001 0.2 458752
1731660731949 0.2 480000
1731660765280 0.2 524288
1731660794708 0.2 557056
1731660825025 0.2 589824
1731660854616 0.2 622592
1731660881724 0.2 640000
1731660914524 0.2 688128
1731660943997 0.2 720896
1731660973249 0.2 753664
1731661002138 0.2 786432
1731661028922 0.2 800000
1731661063951 0.2 851968
1731661093618 0.2 884736
1731661123232 0.2 917504
1731661152141 0.2 950272
1731661178684 0.2 960000
1731661214327 0.2 1015808
1731661243217 0.2 1048576
1731661271346 0.2 1081344
1731661300447 0.2 1114112
1731661325707 0.2 1120000
1731661362077 0.2 1179648
1731661391342 0.2 1212416
1731661419962 0.2 1245184
1731661448035 0.2 1277952
1731661471703 0.2 1280000
1731661506430 0.2 1343488
1731661535157 0.2 1376256
1731661563403 0.2 1409024
1731661592830 0.2 1440000
1731661621642 0.2 1474560
1731661649786 0.2 1507328
1731661678163 0.2 1540096
1731661706846 0.2 1572864
1731661735536 0.2 1600000
1731661766247 0.2 1638400
1731661794327 0.2 1671168
1731661822632 0.2 1703936
1731661851192 0.2 1736704
1731661879207 0.2 1760000
1731661910639 0.2 1802240
1731661940515 0.2 1835008
1731661970187 0.2 1867776
1731662000090 0.2 1900544
1731662028519 0.2 1920000
1731662062363 0.2 1966080
1731662092294 0.2 1998848
1731662122519 0.2 2031616
1731662151668 0.2 2064384
1731662179645 0.2 2080000
1731662215396 0.2 2129920
1731662244649 0.2 2162688
1731662273513 0.2 2195456
1731662302784 0.2 2228224
1731662328744 0.2 2240000
1731662363737 0.2 2293760
1731662392330 0.2 2326528
1731662421480 0.2 2359296
1731662450295 0.2 2392064
1731662475507 0.2 2400000
1731662511713 0.2 2457600
1731662541940 0.2 2490368
1731662571229 0.2 2523136
1731662601308 0.2 2555904
1731662626269 0.2 2560000
1731662663379 0.2 2621440
1731662692589 0.2 2654208
1731662721450 0.2 2686976
1731662751430 0.2 2719744
1731662774202 0.2 2720000
1731662812004 0.2 2785280
1731662841963 0.2 2818048
1731662871944 0.2 2850816
1731662903690 0.2 2880000
1731662933884 0.2 2916352
1731662962626 0.2 2949120
1731662991695 0.2 2981888
1731663020564 0.2 3014656
1731663050045 0.2 3040000
1731663081025 0.2 3080192
1731663110474 0.2 3112960
1731663139819 0.2 3145728
1731663169173 0.2 3178496
1731663196825 0.2 3200000
1731663228951 0.2 3244032
1731663258384 0.2 3276800
1731663287409 0.2 3309568
1731663316667 0.2 3342336
1731663343613 0.2 3360000
1731663376726 0.2 3407872
1731663406401 0.2 3440640
1731663435436 0.2 3473408
1731663464572 0.2 3506176
1731663491061 0.2 3520000
1731663525990 0.2 3571712
1731663555017 0.2 3604480
1731663585045 0.2 3637248
1731663614461 0.2 3670016
1731663639766 0.2 3680000
1731663676059 0.2 3735552
1731663705400 0.2 3768320
1731663735287 0.2 3801088
1731663764861 0.2 3833856
1731663790192 0.2 3840000
1731663826869 0.2 3899392
1731663855683 0.2 3932160
1731663884866 0.2 3964928
1731663914004 0.2 3997696
1731663938177 0.2 4000000
1731663975930 0.2 4063232
1731664005593 0.2 4096000
1731664034719 0.2 4128768
1731664065225 0.2 4160000
1731664096285 0.2 4194304
1731664125278 0.2 4227072
1731664154261 0.2 4259840
1731664183976 0.2 4292608
1731664214692 0.2 4320000
1731664245578 0.2 4358144
1731664275730 0.2 4390912
1731664305375 0.2 4423680
1731664334331 0.2 4456448
1731664363120 0.2 4480000
1731664394094 0.2 4521984
1731664423296 0.2 4554752
1731664452712 0.2 4587520
1731664481861 0.2 4620288
1731664510075 0.2 4640000
1731664542897 0.2 4685824
1731664571595 0.2 4718592
1731664600367 0.2 4751360
1731664629779 0.2 4784128
1731664656151 0.2 4800000
1731664688874 0.2 4849664
1731664718055 0.2 4882432
1731664746859 0.2 4915200
1731664776113 0.2 4947968
1731664802025 0.2 4960000
1731664837879 0.2 5013504
1731664868099 0.2 5046272
1731664897391 0.2 5079040
1731664927636 0.2 5111808
1731664953314 0.2 5120000
1731664988540 0.2 5177344
1731665018099 0.2 5210112
1731665048329 0.2 5242880
1731665078178 0.2 5275648
1731665102479 0.2 5280000
1731665139023 0.2 5341184
1731665168107 0.2 5373952
1731665197135 0.2 5406720
1731665226195 0.2 5439488
1731665249436 0.2 5440000
1731665287591 0.2 5505024
1731665317552 0.2 5537792
1731665346687 0.2 5570560
1731665376354 0.2 5600000
1731665405897 0.2 5636096
1731665434797 0.2 5668864
1731665463461 0.2 5701632
1731665492422 0.2 5734400
1731665521388 0.2 5760000
1731665552077 0.2 5799936
1731665581453 0.2 5832704
1731665610563 0.2 5865472
1731665639770 0.2 5898240
1731665667740 0.2 5920000
1731665699597 0.2 5963776
1731665729012 0.2 5996544
1731665757738 0.2 6029312
1731665786748 0.2 6062080
1731665814149 0.2 6080000
1731665847068 0.2 6127616
1731665876037 0.2 6160384
1731665905112 0.2 6193152
1731665934113 0.2 6225920
1731665960733 0.2 6240000
1731665994290 0.2 6291456
1731666023541 0.2 6324224
1731666052648 0.2 6356992
1731666081443 0.2 6389760
1731666106607 0.2 6400000
1731666141529 0.2 6455296
1731666170849 0.2 6488064
1731666199832 0.2 6520832
1731666229067 0.2 6553600
1731666253469 0.2 6560000
1731666288982 0.2 6619136
1731666317649 0.2 6651904
1731666347723 0.2 6684672
1731666376586 0.2 6717440
1731666400118 0.2 6720000
1731666436858 0.2 6782976
1731666465481 0.2 6815744
1731666495085 0.2 6848512
1731666526325 0.2 6880000
1731666556636 0.2 6914048
1731666585608 0.2 6946816
1731666615096 0.2 6979584
1731666644601 0.2 7012352
1731666674308 0.2 7040000
1731666704478 0.2 7077888
1731666733942 0.2 7110656
1731666763119 0.2 7143424
1731666792394 0.2 7176192
1731666820944 0.2 7200000
1731666852294 0.2 7241728
1731666881578 0.2 7274496
1731666910629 0.2 7307264
1731666940108 0.2 7340032
1731666967951 0.2 7360000
1731667000537 0.2 7405568
1731667029876 0.2 7438336
1731667059371 0.2 7471104
1731667088837 0.2 7503872
1731667116233 0.2 7520000
1731667151271 0.2 7569408
1731667180493 0.2 7602176
1731667209659 0.2 7634944
1731667238444 0.2 7667712
1731667264665 0.2 7680000
1731667299020 0.2 7733248
1731667328526 0.2 7766016
1731667357643 0.2 7798784
1731667386982 0.2 7831552
1731667412065 0.2 7840000
1731667448097 0.2 7897088
1731667477184 0.2 7929856
1731667506201 0.2 7962624
1731667535188 0.2 7995392
1731667559503 0.2 8000000
1731667595726 0.2 8060928
1731667624780 0.2 8093696
1731667653826 0.2 8126464
1731667682782 0.2 8159232
1731667705945 0.2 8160000
1731667743213 0.2 8224768
1731667773816 0.2 8257536
1731667802849 0.2 8290304
1731667833066 0.2 8320000
1731667863359 0.2 8355840
1731667892408 0.2 8388608
1731667921410 0.2 8421376
1731667950390 0.2 8454144
1731667979260 0.2 8480000
1731668010068 0.2 8519680
1731668039011 0.2 8552448
1731668068396 0.2 8585216
1731668097229 0.2 8617984
1731668125495 0.2 8640000
1731668157747 0.2 8683520
1731668186685 0.2 8716288
1731668215871 0.2 8749056
1731668244836 0.2 8781824
1731668272673 0.2 8800000
1731668306268 0.2 8847360
1731668335061 0.2 8880128
1731668364094 0.2 8912896
1731668392924 0.2 8945664
1731668419670 0.2 8960000
1731668453117 0.2 9011200
1731668483727 0.2 9043968
1731668512375 0.2 9076736
1731668541270 0.2 9109504
1731668567119 0.2 9120000
1731668602161 0.2 9175040
1731668631486 0.2 9207808
1731668660641 0.2 9240576
1731668691039 0.2 9273344
1731668716141 0.2 9280000
1731668752209 0.2 9338880
1731668782054 0.2 9371648
1731668812818 0.2 9404416
1731668843995 0.2 9437184
1731668868704 0.2 9440000
1731668906211 0.2 9502720
1731668935704 0.2 9535488
1731668965350 0.2 9568256
1731668995999 0.2 9600000
1731669026681 0.2 9633792
1731669056352 0.2 9666560
1731669086214 0.2 9699328
1731669116903 0.2 9732096
1731669147529 0.2 9760000
1731669179837 0.2 9797632
1731669210696 0.2 9830400
1731669240285 0.2 9863168
1731669270361 0.2 9895936
1731669299822 0.2 9920000
1731669331875 0.2 9961472
1731669361508 0.2 9994240
1731669391148 0.2 10027008
1731669420435 0.2 10059776
1731669448845 0.2 10080000
1731669483599 0.2 10125312
1731669513453 0.2 10158080
1731669543618 0.2 10190848
1731669573512 0.2 10223616
1731669601143 0.2 10240000
1731669634982 0.2 10289152
1731669664213 0.2 10321920
1731669693805 0.2 10354688
1731669723733 0.2 10387456
1731669750112 0.2 10400000
1731669785377 0.2 10452992
1731669815015 0.2 10485760
1731669845114 0.2 10518528
1731669875090 0.2 10551296
1731669900757 0.2 10560000
1731669936483 0.2 10616832
1731669966525 0.2 10649600
1731669996042 0.2 10682368
1731670025609 0.2 10715136
1731670050310 0.2 10720000
1731670086548 0.2 10780672
1731670115962 0.2 10813440
1731670145821 0.2 10846208
1731670175810 0.2 10878976
1731670199146 0.2 10880000
1731670236080 0.2 10944512
1731670265696 0.2 10977280
1731670295291 0.2 11010048
1731670325814 0.2 11040000
1731670356407 0.2 11075584
1731670385870 0.2 11108352
1731670415378 0.2 11141120
1731670444563 0.2 11173888
1731670474131 0.2 11200000
1731670505306 0.2 11239424
1731670534695 0.2 11272192
1731670563942 0.2 11304960
1731670595154 0.2 11337728
1731670623515 0.2 11360000
1731670655355 0.2 11403264
1731670684721 0.2 11436032
1731670714692 0.2 11468800
1731670744091 0.2 11501568
1731670771875 0.2 11520000
1731670805304 0.2 11567104
1731670834289 0.2 11599872
1731670863047 0.2 11632640
1731670891882 0.2 11665408
1731670918586 0.2 11680000
1731670952588 0.2 11730944
1731670981395 0.2 11763712
1731671010605 0.2 11796480
1731671040380 0.2 11829248
1731671066115 0.2 11840000
1731671100571 0.2 11894784
1731671129513 0.2 11927552
1731671158464 0.2 11960320
1731671187285 0.2 11993088
1731671212164 0.2 12000000
1731671247934 0.2 12058624
1731671277804 0.2 12091392
1731671306936 0.2 12124160
1731671336047 0.2 12156928
1731671359891 0.2 12160000
1731671396279 0.2 12222464
1731671425156 0.2 12255232
1731671454425 0.2 12288000
1731671484862 0.2 12320000
1731671514706 0.2 12353536
1731671543594 0.2 12386304
1731671572670 0.2 12419072
1731671602702 0.2 12451840
1731671632240 0.2 12480000
1731671662372 0.2 12517376
1731671691074 0.2 12550144
1731671720228 0.2 12582912
1731671749323 0.2 12615680
1731671777788 0.2 12640000
1731671809287 0.2 12681216
1731671838456 0.2 12713984
1731671867624 0.2 12746752
1731671896624 0.2 12779520
1731671924450 0.2 12800000
1731671956964 0.2 12845056
1731671986279 0.2 12877824
1731672015364 0.2 12910592
1731672044135 0.2 12943360
1731672070924 0.2 12960000
1731672104879 0.2 13008896
1731672133721 0.2 13041664
1731672162972 0.2 13074432
1731672192164 0.2 13107200
1731672218075 0.2 13120000
1731672251872 0.2 13172736
1731672280931 0.2 13205504
1731672309855 0.2 13238272
1731672338893 0.2 13271040
1731672363784 0.2 13280000
1731672398798 0.2 13336576
1731672428324 0.2 13369344
1731672457455 0.2 13402112
1731672486356 0.2 13434880
1731672510428 0.2 13440000
1731672546118 0.2 13500416
1731672574984 0.2 13533184
1731672604316 0.2 13565952
1731672635998 0.2 13598720
1731672659610 0.2 13600000
1731672696393 0.2 13664256
1731672725167 0.2 13697024
1731672754239 0.2 13729792
1731672785362 0.2 13760000
1731672815183 0.2 13795328
1731672844175 0.2 13828096
1731672872913 0.2 13860864
1731672902393 0.2 13893632
1731672931361 0.2 13920000
1731672962460 0.2 13959168
1731672991740 0.2 13991936
1731673020586 0.2 14024704
1731673050059 0.2 14057472
1731673078626 0.2 14080000
1731673110271 0.2 14123008
1731673139561 0.2 14155776
1731673168926 0.2 14188544
1731673198180 0.2 14221312
1731673225626 0.2 14240000
1731673258044 0.2 14286848
1731673286694 0.2 14319616
1731673315746 0.2 14352384
1731673344553 0.2 14385152
1731673370747 0.2 14400000
1731673404066 0.2 14450688
1731673433657 0.2 14483456
1731673463289 0.2 14516224
1731673493138 0.2 14548992
1731673518729 0.2 14560000
1731673552924 0.2 14614528
1731673582332 0.2 14647296
1731673612510 0.2 14680064
1731673642143 0.2 14712832
1731673666853 0.2 14720000
1731673701889 0.2 14778368
1731673731609 0.2 14811136
1731673761023 0.2 14843904
1731673789947 0.2 14876672
1731673813926 0.2 14880000
1731673849793 0.2 14942208
1731673878820 0.2 14974976
1731673907806 0.2 15007744
1731673939232 0.2 15040000
1731673968688 0.2 15073280
1731673998460 0.2 15106048
1731674027623 0.2 15138816
1731674056113 0.2 15171584
1731674085587 0.2 15200000
1731674116212 0.2 15237120
1731674146354 0.2 15269888
1731674177161 0.2 15302656
1731674205912 0.2 15335424
1731674234685 0.2 15360000
1731674265870 0.2 15400960
1731674294573 0.2 15433728
1731674323511 0.2 15466496
1731674352170 0.2 15499264
1731674380018 0.2 15520000
1731674414170 0.2 15564800
1731674442901 0.2 15597568
1731674472246 0.2 15630336
1731674501637 0.2 15663104
1731674528548 0.2 15680000
1731674561931 0.2 15728640
1731674591042 0.2 15761408
1731674620028 0.2 15794176
1731674650015 0.2 15826944
1731674676859 0.2 15840000
1731674710590 0.2 15892480
1731674739901 0.2 15925248
1731674768701 0.2 15958016
1731674798496 0.2 15990784
1731674823735 0.2 16000000
1731674859103 0.2 16056320
1731674888035 0.2 16089088
1731674917349 0.2 16121856
1731674946776 0.2 16154624
1731674970792 0.2 16160000
1731675006671 0.2 16220160
1731675035624 0.2 16252928
1731675066855 0.2 16285696
1731675095907 0.2 16318464
1731675119502 0.2 16320000
1731675155955 0.2 16384000
1731675185322 0.2 16416768
1731675214166 0.2 16449536
1731675244405 0.2 16480000
1731675274319 0.2 16515072
1731675302988 0.2 16547840
1731675337464 0.2 16580608
1731675366753 0.2 16613376
1731675396306 0.2 16640000
1731675426892 0.2 16678912
1731675456027 0.2 16711680
1731675485420 0.2 16744448
1731675514594 0.2 16777216
1731675542605 0.2 16800000
1731675574271 0.2 16842752
1731675603186 0.2 16875520
1731675632284 0.2 16908288
1731675661401 0.2 16941056
1731675690434 0.2 16960000
1731675723801 0.2 17006592
1731675752665 0.2 17039360
1731675781394 0.2 17072128
1731675810382 0.2 17104896
1731675836924 0.2 17120000
1731675870609 0.2 17170432
1731675899709 0.2 17203200
1731675928930 0.2 17235968
1731675957748 0.2 17268736
1731675983799 0.2 17280000
1731676017985 0.2 17334272
1731676046981 0.2 17367040
1731676075923 0.2 17399808
1731676104775 0.2 17432576
1731676129486 0.2 17440000
1731676165368 0.2 17498112
1731676193881 0.2 17530880
1731676222841 0.2 17563648
1731676251108 0.2 17596416
1731676275079 0.2 17600000
1731676311350 0.2 17661952
1731676339813 0.2 17694720
1731676370340 0.2 17727488
1731676400971 0.2 17760000
1731676430495 0.2 17793024
1731676459481 0.2 17825792
1731676488298 0.2 17858560
1731676517099 0.2 17891328
1731676546847 0.2 17920000
1731676576907 0.2 17956864
1731676605855 0.2 17989632
1731676634831 0.2 18022400
1731676663415 0.2 18055168
1731676692964 0.2 18080000
1731676724318 0.2 18120704
1731676753314 0.2 18153472
1731676782072 0.2 18186240
1731676811039 0.2 18219008
1731676839141 0.2 18240000
1731676871231 0.2 18284544
1731676900358 0.2 18317312
1731676930078 0.2 18350080
1731676959450 0.2 18382848
1731676986851 0.2 18400000
1731677019796 0.2 18448384
1731677048779 0.2 18481152
1731677077635 0.2 18513920
1731677107346 0.2 18546688
1731677134268 0.2 18560000
1731677168070 0.2 18612224
1731677197362 0.2 18644992
1731677226434 0.2 18677760
1731677255831 0.2 18710528
1731677281352 0.2 18720000
1731677316802 0.2 18776064
1731677345901 0.2 18808832
1731677375619 0.2 18841600
1731677404381 0.2 18874368
1731677428854 0.2 18880000
1731677464339 0.2 18939904
1731677493501 0.2 18972672
1731677522952 0.2 19005440
1731677551801 0.2 19038208
1731677575506 0.2 19040000
1731677611859 0.2 19103744
1731677641154 0.2 19136512
1731677670288 0.2 19169280
1731677701174 0.2 19200000
1731677730969 0.2 19234816
1731677759720 0.2 19267584
1731677788828 0.2 19300352
1731677818037 0.2 19333120
1731677847564 0.2 19360000
1731677879306 0.2 19398656
1731677908385 0.2 19431424
1731677937331 0.2 19464192
1731677967922 0.2 19496960
1731677996296 0.2 19520000
1731678028248 0.2 19562496
1731678057244 0.2 19595264
1731678086593 0.2 19628032
1731678115269 0.2 19660800
1731678142147 0.2 19680000
1731678174791 0.2 19726336
1731678204298 0.2 19759104
1731678233527 0.2 19791872
1731678263185 0.2 19824640
1731678290120 0.2 19840000
1731678323729 0.2 19890176
1731678352545 0.2 19922944
1731678381426 0.2 19955712
1731678410467 0.2 19988480
1731678436384 0.2 20000000
1731678471458 0.2 20054016
1731678500323 0.2 20086784
1731678529188 0.2 20119552
1731678558447 0.2 20152320
1731678582856 0.2 20160000
1731678618057 0.2 20217856
1731678646995 0.2 20250624
1731678676492 0.2 20283392
1731678707421 0.2 20316160
1731678733923 0.2 20320000
1731678775948 0.2 20381696
1731678808327 0.2 20414464
1731678838432 0.2 20447232
1731678870518 0.2 20480000
1731678906601 0.2 20512768
1731678942146 0.2 20545536
1731678977236 0.2 20578304
1731679010758 0.2 20611072
1731679042846 0.2 20640000
1731679073854 0.2 20676608
1731679103031 0.2 20709376
1731679132240 0.2 20742144
1731679163437 0.2 20774912
1731679192278 0.2 20800000
1731679223708 0.2 20840448
1731679252643 0.2 20873216
1731679281636 0.2 20905984
1731679310919 0.2 20938752
1731679338773 0.2 20960000
1731679370906 0.2 21004288
1731679400172 0.2 21037056
1731679429147 0.2 21069824
1731679458013 0.2 21102592
1731679485575 0.2 21120000
1731679519403 0.2 21168128
1731679548519 0.2 21200896
1731679578057 0.2 21233664
1731679606885 0.2 21266432
1731679633464 0.2 21280000
1731679667688 0.2 21331968
1731679697555 0.2 21364736
1731679726856 0.2 21397504
1731679756197 0.2 21430272
1731679782031 0.2 21440000
1731679816651 0.2 21495808
1731679845580 0.2 21528576
1731679875485 0.2 21561344
1731679904538 0.2 21594112
1731679929901 0.2 21600000
1731679965508 0.2 21659648
1731679994924 0.2 21692416
1731680024512 0.2 21725184
1731680053800 0.2 21757952
1731680077265 0.2 21760000
1731680113604 0.2 21823488
1731680142544 0.2 21856256
1731680171828 0.2 21889024
1731680202933 0.2 21920000
1731680232933 0.2 21954560
1731680262393 0.2 21987328
1731680291705 0.2 22020096
1731680320682 0.2 22052864
1731680350081 0.2 22080000
1731680380597 0.2 22118400
1731680409221 0.2 22151168
1731680437939 0.2 22183936
1731680467173 0.2 22216704
1731680496475 0.2 22240000
1731680528244 0.2 22282240
1731680557331 0.2 22315008
1731680586059 0.2 22347776
1731680615614 0.2 22380544
1731680643667 0.2 22400000
1731680676382 0.2 22446080
1731680710436 0.2 22478848
1731680740413 0.2 22511616
1731680771433 0.2 22544384
1731680798513 0.2 22560000
1731680831759 0.2 22609920
1731680860858 0.2 22642688
1731680888866 0.2 22675456
1731680918041 0.2 22708224
1731680944194 0.2 22720000
1731680978990 0.2 22773760
1731681011029 0.2 22806528
1731681040278 0.2 22839296
1731681069363 0.2 22872064
1731681094045 0.2 22880000
1731681128952 0.2 22937600
1731681157867 0.2 22970368
1731681187094 0.2 23003136
1731681216317 0.2 23035904
1731681240354 0.2 23040000
1731681277487 0.2 23101440
1731681306672 0.2 23134208
1731681336352 0.2 23166976
1731681366638 0.2 23199744
1731681391180 0.2 23200000
1731681429793 0.2 23265280
1731681459071 0.2 23298048
1731681487857 0.2 23330816
1731681517857 0.2 23360000
1731681548734 0.2 23396352
1731681578489 0.2 23429120
1731681607595 0.2 23461888
1731681638354 0.2 23494656
1731681667236 0.2 23520000
1731681698602 0.2 23560192
1731681727855 0.2 23592960
1731681757201 0.2 23625728
1731681786063 0.2 23658496
1731681814508 0.2 23680000
1731681846116 0.2 23724032
1731681875615 0.2 23756800
1731681905189 0.2 23789568
1731681935079 0.2 23822336
1731681962047 0.2 23840000
1731681995486 0.2 23887872
1731682026631 0.2 23920640
1731682057325 0.2 23953408
1731682086267 0.2 23986176
1731682111984 0.2 24000000
1731682145948 0.2 24051712
1731682175006 0.2 24084480
1731682203897 0.2 24117248
1731682232680 0.2 24150016
1731682258616 0.2 24160000
1731682294708 0.2 24215552
1731682324802 0.2 24248320
1731682354351 0.2 24281088
1731682383709 0.2 24313856
1731682408409 0.2 24320000
1731682444372 0.2 24379392
1731682473575 0.2 24412160
1731682502739 0.2 24444928
1731682532413 0.2 24477696
1731682555833 0.2 24480000
1731682592711 0.2 24543232
1731682621619 0.2 24576000
1731682650652 0.2 24608768
1731682681504 0.2 24640000
1731682711233 0.2 24674304
1731682740387 0.2 24707072
1731682769690 0.2 24739840
1731682798766 0.2 24772608
1731682828250 0.2 24800000
1731682858533 0.2 24838144
1731682887705 0.2 24870912
1731682916763 0.2 24903680
1731682945737 0.2 24936448
1731682974603 0.2 24960000
1731683006401 0.2 25001984
1731683035493 0.2 25034752
1731683064534 0.2 25067520
1731683094066 0.2 25100288
1731683121574 0.2 25120000
1731683153681 0.2 25165824
1731683182739 0.2 25198592
1731683211989 0.2 25231360
1731683241821 0.2 25264128
1731683268638 0.2 25280000
1731683302145 0.2 25329664
1731683331577 0.2 25362432
1731683360443 0.2 25395200
1731683390203 0.2 25427968
1731683416126 0.2 25440000
1731683450191 0.2 25493504
1731683479082 0.2 25526272
1731683508348 0.2 25559040
1731683537406 0.2 25591808
1731683562648 0.2 25600000
1731683597945 0.2 25657344
1731683627149 0.2 25690112
1731683655894 0.2 25722880
1731683684869 0.2 25755648
1731683708891 0.2 25760000
1731683744732 0.2 25821184
1731683774399 0.2 25853952
1731683803690 0.2 25886720
1731683832757 0.2 25919488
1731683855406 0.2 25920000
1731683892289 0.2 25985024
1731683921247 0.2 26017792
1731683950437 0.2 26050560
1731683980572 0.2 26080000
1731684010811 0.2 26116096
1731684040266 0.2 26148864
1731684069620 0.2 26181632
1731684099468 0.2 26214400
1731684128913 0.2 26240000
1731684160133 0.2 26279936
1731684189897 0.2 26312704
1731684218813 0.2 26345472
1731684247821 0.2 26378240
1731684276027 0.2 26400000
1731684307536 0.2 26443776
1731684336789 0.2 26476544
1731684366462 0.2 26509312
1731684395318 0.2 26542080
1731684422859 0.2 26560000
1731684455516 0.2 26607616
1731684484627 0.2 26640384
1731684513274 0.2 26673152
1731684542539 0.2 26705920
1731684569034 0.2 26720000
1731684603326 0.2 26771456
1731684632770 0.2 26804224
1731684661355 0.2 26836992
1731684690394 0.2 26869760
1731684715861 0.2 26880000
1731684750489 0.2 26935296
1731684779025 0.2 26968064
1731684808050 0.2 27000832
1731684837090 0.2 27033600
1731684861442 0.2 27040000
1731684897064 0.2 27099136
1731684926164 0.2 27131904
1731684955480 0.2 27164672
1731684984654 0.2 27197440
1731685008604 0.2 27200000
1731685045156 0.2 27262976
1731685074235 0.2 27295744
1731685103259 0.2 27328512
1731685134003 0.2 27360000
1731685163424 0.2 27394048
1731685192670 0.2 27426816
1731685221673 0.2 27459584
1731685250831 0.2 27492352
1731685280580 0.2 27520000
1731685311423 0.2 27557888
1731685341128 0.2 27590656
1731685370337 0.2 27623424
1731685399635 0.2 27656192
1731685428085 0.2 27680000
1731685459311 0.2 27721728
1731685488457 0.2 27754496
1731685517691 0.2 27787264
1731685546432 0.2 27820032
1731685574332 0.2 27840000
1731685606942 0.2 27885568
1731685636180 0.2 27918336
1731685665320 0.2 27951104
1731685694178 0.2 27983872
1731685721196 0.2 28000000
1731685754643 0.2 28049408
1731685783426 0.2 28082176
1731685812501 0.2 28114944
1731685841501 0.2 28147712
1731685867733 0.2 28160000
1731685901598 0.2 28213248
1731685932421 0.2 28246016
1731685961155 0.2 28278784
1731685989802 0.2 28311552
1731686015007 0.2 28320000
1731686050019 0.2 28377088
1731686078780 0.2 28409856
1731686107643 0.2 28442624
1731686142816 0.2 28475392
1731686166925 0.2 28480000
1731686202523 0.2 28540928
1731686231781 0.2 28573696
1731686260935 0.2 28606464
1731686289962 0.2 28639232
1731686313181 0.2 28640000
1731686351512 0.2 28704768
1731686380735 0.2 28737536
1731686411009 0.2 28770304
1731686442291 0.2 28800000
1731686472092 0.2 28835840
1731686501547 0.2 28868608
1731686530597 0.2 28901376
1731686559530 0.2 28934144
1731686588753 0.2 28960000
1731686619592 0.2 28999680
1731686648328 0.2 29032448
1731686677302 0.2 29065216
1731686706201 0.2 29097984
1731686735176 0.2 29120000
1731686766838 0.2 29163520
1731686796019 0.2 29196288
1731686824973 0.2 29229056
1731686854048 0.2 29261824
1731686881885 0.2 29280000
1731686915089 0.2 29327360
1731686944090 0.2 29360128
1731686973658 0.2 29392896
1731687002686 0.2 29425664
1731687029236 0.2 29440000
1731687063375 0.2 29491200
1731687092441 0.2 29523968
1731687121297 0.2 29556736
1731687150299 0.2 29589504
1731687175925 0.2 29600000
1731687211300 0.2 29655040
1731687240038 0.2 29687808
1731687268379 0.2 29720576
1731687297231 0.2 29753344
1731687322630 0.2 29760000
1731687358334 0.2 29818880
1731687388030 0.2 29851648
1731687417750 0.2 29884416
1731687449118 0.2 29917184
1731687472893 0.2 29920000
1731687512190 0.2 29982720
1731687541346 0.2 30015488
1731687571451 0.2 30048256
1731687602152 0.2 30080000
1731687634365 0.2 30113792
1731687663344 0.2 30146560
1731687693649 0.2 30179328
1731687723373 0.2 30212096
1731687752489 0.2 30240000
1731687782772 0.2 30277632
1731687812132 0.2 30310400
1731687841720 0.2 30343168
1731687877547 0.2 30375936
1731687908043 0.2 30400000
1731687945652 0.2 30441472
1731687975095 0.2 30474240
1731688004665 0.2 30507008
1731688034945 0.2 30539776
1731688062595 0.2 30560000
1731688094944 0.2 30605312
1731688123516 0.2 30638080
1731688152309 0.2 30670848
1731688180959 0.2 30703616
1731688207688 0.2 30720000
1731688240782 0.2 30769152
1731688269407 0.2 30801920
1731688297323 0.2 30834688
1731688327540 0.2 30867456
1731688353906 0.2 30880000
1731688389054 0.2 30932992
1731688418202 0.2 30965760
1731688447193 0.2 30998528
1731688476451 0.2 31031296
1731688501510 0.2 31040000
1731688536168 0.2 31096832
1731688564591 0.2 31129600
1731688593557 0.2 31162368
1731688622614 0.2 31195136
1731688647005 0.2 31200000
1731688682981 0.2 31260672
1731688712038 0.2 31293440
1731688741115 0.2 31326208
1731688770136 0.2 31358976
1731688793379 0.2 31360000
1731688830384 0.2 31424512
1731688859651 0.2 31457280
1731688888833 0.2 31490048
1731688919149 0.2 31520000
1731688948973 0.2 31555584
1731688978397 0.2 31588352
1731689008591 0.2 31621120
1731689037586 0.2 31653888
1731689066304 0.2 31680000
1731689097286 0.2 31719424
1731689126807 0.2 31752192
1731689156301 0.2 31784960
1731689184990 0.2 31817728
1731689213573 0.2 31840000
1731689245408 0.2 31883264
1731689274489 0.2 31916032
1731689304006 0.2 31948800
1731689333933 0.2 31981568
1731689361618 0.2 32000000
1731689394661 0.2 32047104
1731689423928 0.2 32079872
1731689452682 0.2 32112640
1731689481750 0.2 32145408
1731689508326 0.2 32160000
1731689541767 0.2 32210944
1731689570594 0.2 32243712
1731689599852 0.2 32276480
1731689629048 0.2 32309248
1731689655447 0.2 32320000
1731689691519 0.2 32374784
1731689720860 0.2 32407552
1731689750552 0.2 32440320
1731689780136 0.2 32473088
1731689804992 0.2 32480000
1731689841874 0.2 32538624
1731689870948 0.2 32571392
1731689900647 0.2 32604160
1731689929910 0.2 32636928
1731689953696 0.2 32640000
1731689990233 0.2 32702464
1731690019429 0.2 32735232
1731690048287 0.2 32768000
1731690079071 0.2 32800000
1731690109000 0.2 32833536
1731690138996 0.2 32866304
1731690168768 0.2 32899072
1731690198156 0.2 32931840
1731690228267 0.2 32960000
1731690259088 0.2 32997376
1731690288125 0.2 33030144
1731690318340 0.2 33062912
1731690347595 0.2 33095680
1731690377066 0.2 33120000
1731690410648 0.2 33161216
1731690440815 0.2 33193984
1731690471372 0.2 33226752
1731690500842 0.2 33259520
1731690529212 0.2 33280000
1731690562045 0.2 33325056
1731690591495 0.2 33357824
1731690620886 0.2 33390592
1731690650533 0.2 33423360
1731690677595 0.2 33440000
1731690711458 0.2 33488896
1731690741947 0.2 33521664
1731690771132 0.2 33554432
1731690800812 0.2 33587200
1731690827072 0.2 33600000
1731690861093 0.2 33652736
1731690890403 0.2 33685504
1731690919365 0.2 33718272
1731690948679 0.2 33751040
1731690974019 0.2 33760000
1731691009465 0.2 33816576
1731691038994 0.2 33849344
1731691068804 0.2 33882112
1731691098268 0.2 33914880
1731691123035 0.2 33920000
1731691161344 0.2 33980416
1731691190801 0.2 34013184
1731691220179 0.2 34045952
1731691249886 0.2 34078720
1731691273777 0.2 34080000
1731691310754 0.2 34144256
1731691340807 0.2 34177024
1731691370306 0.2 34209792
1731691400798 0.2 34240000
1731691430394 0.2 34275328
1731691459929 0.2 34308096
1731691489286 0.2 34340864
1731691518526 0.2 34373632
1731691548021 0.2 34400000
1731691579612 0.2 34439168
1731691608818 0.2 34471936
1731691638377 0.2 34504704
1731691668265 0.2 34537472
1731691697011 0.2 34560000
1731691729535 0.2 34603008
1731691760679 0.2 34635776
1731691791785 0.2 34668544
1731691821496 0.2 34701312
1731691849212 0.2 34720000
1731691882923 0.2 34766848
1731691912558 0.2 34799616
1731691941946 0.2 34832384
1731691971656 0.2 34865152
1731691998603 0.2 34880000
1731692033069 0.2 34930688
1731692062686 0.2 34963456
1731692091435 0.2 34996224
1731692120739 0.2 35028992
1731692146470 0.2 35040000
1731692181487 0.2 35094528
1731692209993 0.2 35127296
1731692240165 0.2 35160064
1731692269702 0.2 35192832
1731692294278 0.2 35200000
1731692329837 0.2 35258368
1731692359025 0.2 35291136
1731692388069 0.2 35323904
1731692417297 0.2 35356672
1731692441360 0.2 35360000
1731692478185 0.2 35422208
1731692507522 0.2 35454976
1731692537234 0.2 35487744
1731692568169 0.2 35520000
1731692597196 0.2 35553280
1731692626462 0.2 35586048
1731692655695 0.2 35618816
1731692685411 0.2 35651584
1731692715354 0.2 35680000
1731692745665 0.2 35717120
1731692775375 0.2 35749888
1731692806507 0.2 35782656
1731692835763 0.2 35815424
1731692865419 0.2 35840000
1731692896791 0.2 35880960
1731692926677 0.2 35913728
1731692956773 0.2 35946496
1731692986756 0.2 35979264
1731693015023 0.2 36000000
1731693047617 0.2 36044800
1731693078286 0.2 36077568
1731693107917 0.2 36110336
1731693137543 0.2 36143104
1731693164483 0.2 36160000
1731693198050 0.2 36208640
1731693227392 0.2 36241408
1731693256302 0.2 36274176
1731693285445 0.2 36306944
1731693311646 0.2 36320000
1731693346224 0.2 36372480
1731693375474 0.2 36405248
1731693404783 0.2 36438016
1731693433831 0.2 36470784
1731693458697 0.2 36480000
1731693494041 0.2 36536320
1731693523850 0.2 36569088
1731693553097 0.2 36601856
1731693582286 0.2 36634624
1731693607112 0.2 36640000
1731693644465 0.2 36700160
1731693674145 0.2 36732928
1731693703165 0.2 36765696
1731693733439 0.2 36798464
1731693757040 0.2 36800000
1731693794237 0.2 36864000
1731693823103 0.2 36896768
1731693852120 0.2 36929536
1731693883361 0.2 36960000
1731693913017 0.2 36995072
1731693941943 0.2 37027840
1731693970813 0.2 37060608
1731693999540 0.2 37093376
1731694028834 0.2 37120000
1731694059821 0.2 37158912
1731694088713 0.2 37191680
1731694117814 0.2 37224448
1731694146988 0.2 37257216
1731694176137 0.2 37280000
1731694208102 0.2 37322752
1731694237226 0.2 37355520
1731694266235 0.2 37388288
1731694295375 0.2 37421056
1731694323325 0.2 37440000
1731694355349 0.2 37486592
1731694384783 0.2 37519360
1731694413853 0.2 37552128
1731694443103 0.2 37584896
1731694470088 0.2 37600000
1731694503661 0.2 37650432
1731694533136 0.2 37683200
1731694562069 0.2 37715968
1731694591185 0.2 37748736
1731694616710 0.2 37760000
1731694651198 0.2 37814272
1731694680091 0.2 37847040
1731694709082 0.2 37879808
1731694737948 0.2 37912576
1731694762644 0.2 37920000
1731694797647 0.2 37978112
1731694826996 0.2 38010880
1731694856004 0.2 38043648
1731694885040 0.2 38076416
1731694908962 0.2 38080000
1731694945102 0.2 38141952
1731694974019 0.2 38174720
1731695003397 0.2 38207488
1731695033941 0.2 38240000
1731695063007 0.2 38273024
1731695091957 0.2 38305792
1731695120881 0.2 38338560
1731695149922 0.2 38371328
1731695179460 0.2 38400000
1731695209562 0.2 38436864
1731695238845 0.2 38469632
1731695267844 0.2 38502400
1731695296377 0.2 38535168
1731695325396 0.2 38560000
1731695356557 0.2 38600704
1731695386258 0.2 38633472
1731695415307 0.2 38666240
1731695444390 0.2 38699008
1731695472426 0.2 38720000
1731695504722 0.2 38764544
1731695533524 0.2 38797312
1731695563016 0.2 38830080
1731695591512 0.2 38862848
1731695618353 0.2 38880000
1731695651438 0.2 38928384
1731695680693 0.2 38961152
1731695711292 0.2 38993920
1731695740358 0.2 39026688
1731695765850 0.2 39040000
1731695799965 0.2 39092224
1731695832464 0.2 39124992
1731695863970 0.2 39157760
1731695893027 0.2 39190528
1731695918245 0.2 39200000
1731695953120 0.2 39256064
1731695982899 0.2 39288832
1731696012724 0.2 39321600
1731696043559 0.2 39354368
1731696068157 0.2 39360000
1731696103581 0.2 39419904
1731696132862 0.2 39452672
1731696161912 0.2 39485440
1731696190936 0.2 39518208
1731696214363 0.2 39520000
1731696251295 0.2 39583744
1731696280451 0.2 39616512
1731696309859 0.2 39649280
1731696340183 0.2 39680000
1731696369898 0.2 39714816
1731696399064 0.2 39747584
1731696427905 0.2 39780352
1731696456615 0.2 39813120
1731696486279 0.2 39840000
1731696517241 0.2 39878656
1731696546355 0.2 39911424
1731696575427 0.2 39944192
1731696604851 0.2 39976960
1731696633338 0.2 40000000
1731696665222 0.2 40042496
1731696694076 0.2 40075264
1731696723681 0.2 40108032
1731696753223 0.2 40140800
1731696781097 0.2 40160000
1731696813362 0.2 40206336
1731696842752 0.2 40239104
1731696872261 0.2 40271872
1731696901104 0.2 40304640
1731696927536 0.2 40320000
1731696961017 0.2 40370176
1731696990089 0.2 40402944
1731697019166 0.2 40435712
1731697048380 0.2 40468480
1731697073983 0.2 40480000
1731697108363 0.2 40534016
1731697137190 0.2 40566784
1731697166204 0.2 40599552
1731697195529 0.2 40632320
1731697220987 0.2 40640000
1731697256085 0.2 40697856
1731697285293 0.2 40730624
1731697314570 0.2 40763392
1731697344050 0.2 40796160
1731697368143 0.2 40800000
1731697404398 0.2 40861696
1731697433414 0.2 40894464
1731697461997 0.2 40927232
1731697492988 0.2 40960000
1731697522652 0.2 40992768
1731697552086 0.2 41025536
1731697581606 0.2 41058304
1731697610660 0.2 41091072
1731697640609 0.2 41120000
1731697671650 0.2 41156608
1731697700257 0.2 41189376
1731697729865 0.2 41222144
1731697759397 0.2 41254912
1731697789022 0.2 41280000
1731697820597 0.2 41320448
1731697849997 0.2 41353216
1731697878953 0.2 41385984
1731697908177 0.2 41418752
1731697936185 0.2 41440000
1731697968504 0.2 41484288
1731697997550 0.2 41517056
1731698026693 0.2 41549824
1731698055623 0.2 41582592
1731698082623 0.2 41600000
1731698115129 0.2 41648128
1731698144038 0.2 41680896
1731698173179 0.2 41713664
1731698202054 0.2 41746432
1731698228304 0.2 41760000
1731698261877 0.2 41811968
1731698291168 0.2 41844736
1731698320051 0.2 41877504
1731698349042 0.2 41910272
1731698374743 0.2 41920000
1731698409157 0.2 41975808
1731698438374 0.2 42008576
1731698467668 0.2 42041344
1731698496942 0.2 42074112
1731698521147 0.2 42080000
1731698557420 0.2 42139648
1731698586369 0.2 42172416
1731698615519 0.2 42205184
1731698644696 0.2 42237952
1731698668295 0.2 42240000
1731698705050 0.2 42303488
1731698733964 0.2 42336256
1731698763615 0.2 42369024
1731698793868 0.2 42400000
1731698823238 0.2 42434560
1731698852446 0.2 42467328
1731698881387 0.2 42500096
1731698910789 0.2 42532864
1731698940367 0.2 42560000
1731698971118 0.2 42598400
1731698999659 0.2 42631168
1731699029183 0.2 42663936
1731699058839 0.2 42696704
1731699087158 0.2 42720000
1731699118548 0.2 42762240
1731699147197 0.2 42795008
1731699176240 0.2 42827776
1731699205000 0.2 42860544
1731699232593 0.2 42880000
1731699265397 0.2 42926080
1731699294491 0.2 42958848
1731699323442 0.2 42991616
1731699352333 0.2 43024384
1731699378926 0.2 43040000
1731699411751 0.2 43089920
1731699440533 0.2 43122688
1731699469068 0.2 43155456
1731699497715 0.2 43188224
1731699523251 0.2 43200000
1731699557214 0.2 43253760
1731699586481 0.2 43286528
1731699615214 0.2 43319296
1731699644549 0.2 43352064
1731699669455 0.2 43360000
1731699705808 0.2 43417600
1731699734710 0.2 43450368
1731699763256 0.2 43483136
1731699792291 0.2 43515904
1731699816485 0.2 43520000
1731699852298 0.2 43581440
1731699881162 0.2 43614208
1731699910146 0.2 43646976
1731699939940 0.2 43679744
1731699962108 0.2 43680000
1731700000821 0.2 43745280
1731700029722 0.2 43778048
1731700058622 0.2 43810816
1731700088589 0.2 43840000
1731700118782 0.2 43876352
1731700147963 0.2 43909120
1731700176783 0.2 43941888
1731700206643 0.2 43974656
1731700235588 0.2 44000000
1731700266296 0.2 44040192
1731700295076 0.2 44072960
1731700324971 0.2 44105728
1731700354139 0.2 44138496
1731700382107 0.2 44160000
1731700413540 0.2 44204032
1731700442652 0.2 44236800
1731700471854 0.2 44269568
1731700500696 0.2 44302336
1731700528061 0.2 44320000
1731700562665 0.2 44367872
1731700592172 0.2 44400640
1731700621286 0.2 44433408
1731700650486 0.2 44466176
1731700676855 0.2 44480000
1731700710052 0.2 44531712
1731700738902 0.2 44564480
1731700768560 0.2 44597248
1731700797519 0.2 44630016
1731700822682 0.2 44640000
1731700857311 0.2 44695552
1731700886631 0.2 44728320
1731700915531 0.2 44761088
1731700944111 0.2 44793856
1731700968780 0.2 44800000
1731701004719 0.2 44859392
1731701034351 0.2 44892160
1731701062843 0.2 44924928
1731701091634 0.2 44957696
1731701115045 0.2 44960000
1731701151425 0.2 45023232
1731701180202 0.2 45056000
1731701209525 0.2 45088768
1731701240025 0.2 45120000
1731701269582 0.2 45154304
1731701298951 0.2 45187072
1731701328226 0.2 45219840
1731701357667 0.2 45252608
1731701387337 0.2 45280000
1731701417950 0.2 45318144
1731701447507 0.2 45350912
1731701475942 0.2 45383680
1731701504616 0.2 45416448
1731701533277 0.2 45440000
1731701565050 0.2 45481984
1731701594434 0.2 45514752
1731701623390 0.2 45547520
1731701652054 0.2 45580288
1731701679441 0.2 45600000
1731701711863 0.2 45645824
1731701740981 0.2 45678592
1731701769914 0.2 45711360
1731701799466 0.2 45744128
1731701826275 0.2 45760000
1731701863033 0.2 45809664
1731701891838 0.2 45842432
1731701920547 0.2 45875200
1731701949560 0.2 45907968
1731701975014 0.2 45920000
1731702009238 0.2 45973504
1731702038088 0.2 46006272
1731702067096 0.2 46039040
1731702096211 0.2 46071808
1731702121026 0.2 46080000
1731702157683 0.2 46137344
1731702188553 0.2 46170112
1731702217836 0.2 46202880
1731702246258 0.2 46235648
1731702270230 0.2 46240000
1731702309293 0.2 46301184
1731702338221 0.2 46333952
1731702367052 0.2 46366720
1731702395419 0.2 46399488
1731702417549 0.2 46400000
1731702454552 0.2 46465024
1731702483352 0.2 46497792
1731702512571 0.2 46530560
1731702543171 0.2 46560000
1731702573389 0.2 46596096
1731702601962 0.2 46628864
1731702630912 0.2 46661632
1731702660076 0.2 46694400
1731702688969 0.2 46720000
1731702720109 0.2 46759936
1731702748735 0.2 46792704
1731702777627 0.2 46825472
1731702807251 0.2 46858240
1731702835001 0.2 46880000
1731702866476 0.2 46923776
1731702894982 0.2 46956544
1731702924072 0.2 46989312
1731702953125 0.2 47022080
1731702980006 0.2 47040000
1731703012817 0.2 47087616
1731703041766 0.2 47120384
1731703071033 0.2 47153152
1731703099983 0.2 47185920
1731703126387 0.2 47200000
1731703160059 0.2 47251456
1731703190408 0.2 47284224
1731703219024 0.2 47316992
1731703247831 0.2 47349760
1731703274018 0.2 47360000
1731703308723 0.2 47415296
1731703338001 0.2 47448064
1731703366549 0.2 47480832
1731703395474 0.2 47513600
1731703420917 0.2 47520000
1731703456664 0.2 47579136
1731703485745 0.2 47611904
1731703514381 0.2 47644672
1731703543881 0.2 47677440
1731703567538 0.2 47680000
1731703603631 0.2 47742976
1731703632156 0.2 47775744
1731703660831 0.2 47808512
1731703691240 0.2 47840000
1731703720606 0.2 47874048
1731703749814 0.2 47906816
1731703778597 0.2 47939584
1731703807516 0.2 47972352
1731703837382 0.2 48000000
1731703867480 0.2 48037888
1731703897322 0.2 48070656
1731703926630 0.2 48103424
1731703955213 0.2 48136192
1731703983539 0.2 48160000
1731704014562 0.2 48201728
1731704043294 0.2 48234496
1731704071827 0.2 48267264
1731704100627 0.2 48300032
1731704128692 0.2 48320000
1731704161010 0.2 48365568
1731704190043 0.2 48398336
1731704219117 0.2 48431104
1731704247826 0.2 48463872
1731704274841 0.2 48480000
1731704308012 0.2 48529408
1731704336845 0.2 48562176
1731704365562 0.2 48594944
1731704394645 0.2 48627712
1731704420623 0.2 48640000
1731704454987 0.2 48693248
1731704483962 0.2 48726016
1731704513062 0.2 48758784
1731704542228 0.2 48791552
1731704567194 0.2 48800000
1731704601911 0.2 48857088
1731704630353 0.2 48889856
1731704659328 0.2 48922624
1731704688388 0.2 48955392
1731704712809 0.2 48960000
1731704748820 0.2 49020928
1731704777970 0.2 49053696
1731704807144 0.2 49086464
1731704838041 0.2 49119232
1731704861215 0.2 49120000
1731704897901 0.2 49184768
1731704926801 0.2 49217536
1731704955520 0.2 49250304
1731704985343 0.2 49280000
1731705014845 0.2 49315840
1731705043719 0.2 49348608
1731705072758 0.2 49381376
1731705101399 0.2 49414144
1731705130609 0.2 49440000
1731705161659 0.2 49479680
1731705190391 0.2 49512448
1731705218715 0.2 49545216
1731705247930 0.2 49577984
1731705276149 0.2 49600000
1731705307760 0.2 49643520
1731705337800 0.2 49676288
1731705366964 0.2 49709056
1731705395937 0.2 49741824
1731705423214 0.2 49760000
1731705455580 0.2 49807360
1731705484647 0.2 49840128
1731705513646 0.2 49872896
1731705544159 0.2 49905664
1731705570590 0.2 49920000
1731705604895 0.2 49971200
1731705633581 0.2 50003968
1731705662832 0.2 50036736
1731705691805 0.2 50069504
1731705717767 0.2 50080000
1731705752060 0.2 50135040
1731705781056 0.2 50167808
1731705810090 0.2 50200576
1731705839157 0.2 50233344
1731705863782 0.2 50240000
1731705899259 0.2 50298880
1731705928539 0.2 50331648
1731705957822 0.2 50364416
1731705987034 0.2 50397184
1731706010490 0.2 50400000
1731706047724 0.2 50462720
1731706078425 0.2 50495488
1731706107637 0.2 50528256
1731706138895 0.2 50560000
1731706169347 0.2 50593792
1731706198245 0.2 50626560
1731706227320 0.2 50659328
1731706256371 0.2 50692096
1731706285995 0.2 50720000
1731706316413 0.2 50757632
1731706345495 0.2 50790400
1731706374737 0.2 50823168
1731706403544 0.2 50855936
1731706432038 0.2 50880000
1731706463044 0.2 50921472
1731706491569 0.2 50954240
1731706520220 0.2 50987008
1731706549191 0.2 51019776
1731706576989 0.2 51040000
1731706608911 0.2 51085312
1731706637727 0.2 51118080
1731706666378 0.2 51150848
1731706694952 0.2 51183616
1731706721855 0.2 51200000
1731706754694 0.2 51249152
1731706783503 0.2 51281920
1731706812290 0.2 51314688
1731706841401 0.2 51347456
1731706867352 0.2 51360000
1731706901109 0.2 51412992
1731706930125 0.2 51445760
1731706958700 0.2 51478528
1731706987317 0.2 51511296
1731707012439 0.2 51520000
1731707047342 0.2 51576832
1731707075849 0.2 51609600
1731707105204 0.2 51642368
1731707133810 0.2 51675136
1731707157795 0.2 51680000
1731707196626 0.2 51740672
1731707225313 0.2 51773440
1731707255825 0.2 51806208
1731707284750 0.2 51838976
1731707307619 0.2 51840000
1731707345258 0.2 51904512
1731707374891 0.2 51937280
1731707403766 0.2 51970048
1731707433841 0.2 52000000
1731707463399 0.2 52035584
1731707492103 0.2 52068352
1731707520949 0.2 52101120
1731707550399 0.2 52133888
1731707579378 0.2 52160000
1731707610082 0.2 52199424
1731707638932 0.2 52232192
1731707667649 0.2 52264960
1731707696561 0.2 52297728
1731707725017 0.2 52320000
1731707757406 0.2 52363264
1731707786648 0.2 52396032
1731707815901 0.2 52428800
1731707845189 0.2 52461568
1731707872233 0.2 52480000
1731707904798 0.2 52527104
1731707933750 0.2 52559872
1731707962606 0.2 52592640
1731707991340 0.2 52625408
1731708017712 0.2 52640000
1731708051456 0.2 52690944
1731708080198 0.2 52723712
1731708109476 0.2 52756480
1731708138472 0.2 52789248
1731708164210 0.2 52800000
1731708199195 0.2 52854784
1731708228290 0.2 52887552
1731708257121 0.2 52920320
1731708285790 0.2 52953088
1731708310240 0.2 52960000
1731708345588 0.2 53018624
1731708374288 0.2 53051392
1731708402988 0.2 53084160
1731708432013 0.2 53116928
1731708456005 0.2 53120000
1731708492145 0.2 53182464
1731708520654 0.2 53215232
1731708549595 0.2 53248000
1731708579520 0.2 53280000
1731708609220 0.2 53313536
1731708637859 0.2 53346304
1731708667029 0.2 53379072
1731708695979 0.2 53411840
1731708725605 0.2 53440000
1731708755944 0.2 53477376
1731708785011 0.2 53510144
1731708813974 0.2 53542912
1731708843095 0.2 53575680
1731708872052 0.2 53600000
1731708903294 0.2 53641216
1731708932378 0.2 53673984
1731708961061 0.2 53706752
1731708989690 0.2 53739520
1731709017840 0.2 53760000
1731709049600 0.2 53805056
1731709078361 0.2 53837824
1731709107127 0.2 53870592
1731709136511 0.2 53903360
1731709163408 0.2 53920000
1731709196319 0.2 53968896
1731709225227 0.2 54001664
1731709254160 0.2 54034432
1731709283227 0.2 54067200
1731709308999 0.2 54080000
1731709343152 0.2 54132736
1731709372118 0.2 54165504
1731709401256 0.2 54198272
1731709429919 0.2 54231040
1731709454896 0.2 54240000
1731709490226 0.2 54296576
1731709519126 0.2 54329344
1731709547921 0.2 54362112
1731709576826 0.2 54394880
1731709600754 0.2 54400000
1731709636018 0.2 54460416
1731709665112 0.2 54493184
1731709694299 0.2 54525952
1731709723090 0.2 54558720
1731709746438 0.2 54560000
1731709785653 0.2 54624256
1731709814696 0.2 54657024
1731709843415 0.2 54689792
1731709873418 0.2 54720000
1731709904343 0.2 54755328
1731709933045 0.2 54788096
1731709962277 0.2 54820864
1731709991951 0.2 54853632
1731710021050 0.2 54880000
1731710053749 0.2 54919168
1731710082435 0.2 54951936
1731710112548 0.2 54984704
1731710141723 0.2 55017472
1731710171156 0.2 55040000
1731710202967 0.2 55083008
1731710232034 0.2 55115776
1731710261313 0.2 55148544
1731710290080 0.2 55181312
1731710317589 0.2 55200000
1731710350071 0.2 55246848
1731710379204 0.2 55279616
1731710408463 0.2 55312384
1731710437605 0.2 55345152
1731710464207 0.2 55360000
1731710498087 0.2 55410688
1731710527087 0.2 55443456
1731710556162 0.2 55476224
1731710584896 0.2 55508992
1731710611046 0.2 55520000
1731710645495 0.2 55574528
1731710674394 0.2 55607296
1731710703000 0.2 55640064
1731710731695 0.2 55672832
1731710756088 0.2 55680000
1731710790911 0.2 55738368
1731710819745 0.2 55771136
1731710848404 0.2 55803904
1731710877087 0.2 55836672
1731710900711 0.2 55840000
1731710937074 0.2 55902208
1731710966636 0.2 55934976
1731710995511 0.2 55967744
1731711025761 0.2 56000000
1731711055502 0.2 56033280
1731711084344 0.2 56066048
1731711113304 0.2 56098816
1731711141936 0.2 56131584
1731711172073 0.2 56160000
1731711201968 0.2 56197120
1731711232170 0.2 56229888
1731711261026 0.2 56262656
1731711290000 0.2 56295424
1731711318675 0.2 56320000
1731711350983 0.2 56360960
1731711379990 0.2 56393728
1731711408648 0.2 56426496
1731711437340 0.2 56459264
1731711465203 0.2 56480000
1731711497317 0.2 56524800
1731711526847 0.2 56557568
1731711555668 0.2 56590336
1731711584517 0.2 56623104
1731711613217 0.2 56640000
1731711647235 0.2 56688640
1731711676091 0.2 56721408
1731711706683 0.2 56754176
1731711735774 0.2 56786944
1731711762097 0.2 56800000
1731711796393 0.2 56852480
1731711825125 0.2 56885248
1731711853927 0.2 56918016
1731711882807 0.2 56950784
1731711907922 0.2 56960000
1731711943016 0.2 57016320
1731711971990 0.2 57049088
1731712001374 0.2 57081856
1731712030498 0.2 57114624
1731712054412 0.2 57120000
1731712090009 0.2 57180160
1731712118838 0.2 57212928
1731712147498 0.2 57245696
1731712176198 0.2 57278464
1731712199776 0.2 57280000
1731712235905 0.2 57344000
1731712264888 0.2 57376768
1731712293714 0.2 57409536
1731712324488 0.2 57440000
1731712354115 0.2 57475072
1731712383580 0.2 57507840
1731712413221 0.2 57540608
1731712442729 0.2 57573376
1731712472280 0.2 57600000
1731712503811 0.2 57638912
1731712532746 0.2 57671680
1731712561696 0.2 57704448
1731712590583 0.2 57737216
1731712619025 0.2 57760000
1731712651151 0.2 57802752
1731712680486 0.2 57835520
1731712709153 0.2 57868288
1731712738167 0.2 57901056
1731712765579 0.2 57920000
1731712797858 0.2 57966592
1731712826920 0.2 57999360
1731712855911 0.2 58032128
1731712884741 0.2 58064896
1731712911292 0.2 58080000
1731712945452 0.2 58130432
1731712974575 0.2 58163200
1731713003453 0.2 58195968
1731713032543 0.2 58228736
1731713058909 0.2 58240000
1731713093739 0.2 58294272
1731713122698 0.2 58327040
1731713151720 0.2 58359808
1731713180501 0.2 58392576
1731713205140 0.2 58400000
1731713240059 0.2 58458112
1731713269326 0.2 58490880
1731713298412 0.2 58523648
1731713327333 0.2 58556416
1731713351428 0.2 58560000
1731713387300 0.2 58621952
1731713416170 0.2 58654720
1731713444787 0.2 58687488
1731713475594 0.2 58720000
1731713504858 0.2 58753024
1731713533963 0.2 58785792
1731713562334 0.2 58818560
1731713591008 0.2 58851328
1731713620298 0.2 58880000
1731713650308 0.2 58916864
1731713679202 0.2 58949632
1731713707967 0.2 58982400
1731713737250 0.2 59015168
1731713765758 0.2 59040000
1731713796699 0.2 59080704
1731713825283 0.2 59113472
1731713854191 0.2 59146240
1731713883250 0.2 59179008
1731713910719 0.2 59200000
1731713942441 0.2 59244544
1731713971417 0.2 59277312
1731714000175 0.2 59310080
1731714028758 0.2 59342848
1731714055360 0.2 59360000
1731714088032 0.2 59408384
1731714116741 0.2 59441152
1731714145816 0.2 59473920
1731714174715 0.2 59506688
1731714201086 0.2 59520000
1731714234554 0.2 59572224
1731714263632 0.2 59604992
1731714292832 0.2 59637760
1731714322099 0.2 59670528
1731714347285 0.2 59680000
1731714382364 0.2 59736064
1731714411359 0.2 59768832
1731714440282 0.2 59801600
1731714469240 0.2 59834368
1731714493143 0.2 59840000
1731714529373 0.2 59899904
1731714558531 0.2 59932672
1731714587565 0.2 59965440
1731714616306 0.2 59998208
1731714639414 0.2 60000000
1731714675929 0.2 60063744
1731714705025 0.2 60096512
1731714733624 0.2 60129280
1731714763731 0.2 60160000
1731714793291 0.2 60194816
1731714822483 0.2 60227584
1731714851130 0.2 60260352
1731714880395 0.2 60293120
1731714909877 0.2 60320000
1731714940074 0.2 60358656
1731714967289 0.2 60391424
1731714994023 0.2 60424192
1731715019249 0.2 60456960
1731715044629 0.2 60480000
1731715072750 0.2 60522496
1731715097593 0.2 60555264
1731715122607 0.2 60588032
1731715147504 0.2 60620800
1731715171417 0.2 60640000
1731715200372 0.2 60686336
1731715227030 0.2 60719104
1731715252086 0.2 60751872
1731715277069 0.2 60784640
1731715300393 0.2 60800000
1731715329160 0.2 60850176
1731715354211 0.2 60882944
1731715379270 0.2 60915712
1731715404572 0.2 60948480
1731715426899 0.2 60960000
1731715456432 0.2 61014016
1731715481195 0.2 61046784
1731715506345 0.2 61079552
1731715531455 0.2 61112320
1731715552776 0.2 61120000
1731715583089 0.2 61177856
1731715608124 0.2 61210624
1731715632750 0.2 61243392
1731715657816 0.2 61276160
1731715678594 0.2 61280000
1731715709127 0.2 61341696
1731715734077 0.2 61374464
1731715758945 0.2 61407232
1731715785596 0.2 61440000
1731715810539 0.2 61472768
1731715835490 0.2 61505536
1731715860225 0.2 61538304
1731715884909 0.2 61571072
1731715910594 0.2 61600000
1731715936711 0.2 61636608
1731715961420 0.2 61669376
1731715986205 0.2 61702144
1731716011136 0.2 61734912
1731716036170 0.2 61760000
1731716063058 0.2 61800448
1731716088667 0.2 61833216
1731716113696 0.2 61865984
1731716138378 0.2 61898752
1731716162431 0.2 61920000
1731716189848 0.2 61964288
1731716215924 0.2 61997056
1731716241557 0.2 62029824
1731716266442 0.2 62062592
1731716289908 0.2 62080000
1731716317795 0.2 62128128
1731716342944 0.2 62160896
1731716369078 0.2 62193664
1731716394082 0.2 62226432
1731716416797 0.2 62240000
1731716445852 0.2 62291968
1731716470773 0.2 62324736
1731716496081 0.2 62357504
1731716520749 0.2 62390272
1731716542543 0.2 62400000
1731716572520 0.2 62455808
1731716597305 0.2 62488576
1731716622078 0.2 62521344
1731716646907 0.2 62554112
1731716667918 0.2 62560000
1731716698451 0.2 62619648
1731716723532 0.2 62652416
1731716748970 0.2 62685184
1731716774212 0.2 62717952
1731716794203 0.2 62720000
1731716825407 0.2 62783488
1731716850253 0.2 62816256
1731716875357 0.2 62849024
1731716902001 0.2 62880000
1731716927590 0.2 62914560
1731716952653 0.2 62947328
1731716977258 0.2 62980096
1731717002062 0.2 63012864
1731717027038 0.2 63040000
1731717053282 0.2 63078400
1731717078758 0.2 63111168
1731717103729 0.2 63143936
1731717128665 0.2 63176704
1731717152873 0.2 63200000
1731717179721 0.2 63242240
1731717204622 0.2 63275008
1731717230007 0.2 63307776
1731717255133 0.2 63340544
1731717278878 0.2 63360000
1731717306445 0.2 63406080
1731717331336 0.2 63438848
1731717357286 0.2 63471616
1731717383787 0.2 63504384
1731717406932 0.2 63520000
1731717435283 0.2 63569920
1731717460009 0.2 63602688
1731717484660 0.2 63635456
1731717509418 0.2 63668224
1731717531680 0.2 63680000
1731717562828 0.2 63733760
1731717587762 0.2 63766528
1731717612658 0.2 63799296
1731717637403 0.2 63832064
1731717659212 0.2 63840000
1731717691124 0.2 63897600
1731717716126 0.2 63930368
1731717741164 0.2 63963136
1731717766203 0.2 63995904
1731717786910 0.2 64000000
1731717817816 0.2 64061440
1731717842732 0.2 64094208
1731717869409 0.2 64126976
1731717894615 0.2 64159744
1731717914595 0.2 64160000
1731717946334 0.2 64225280
1731717971137 0.2 64258048
1731717995829 0.2 64290816
1731718021688 0.2 64320000
1731718047472 0.2 64356352
1731718072665 0.2 64389120
1731718097893 0.2 64421888
1731718122884 0.2 64454656
1731718147725 0.2 64480000
1731718174800 0.2 64520192
1731718201586 0.2 64552960
1731718226952 0.2 64585728
1731718252116 0.2 64618496
1731718276423 0.2 64640000
1731718305457 0.2 64684032
1731718330430 0.2 64716800
1731718355389 0.2 64749568
1731718380335 0.2 64782336
1731718403903 0.2 64800000
