1731660346349 0.0003 65536
1731660375893 0.0003 98304
1731660406124 0.0003 131072
1731660436239 0.0003 160000
1731660467638 0.0003 196608
1731660496551 0.0003 229376
1731660526077 0.0003 262144
1731660555012 0.0003 294912
1731660584846 0.0003 320000
1731660617101 0.0003 360448
1731660645847 0.0003 393216
1731660675286 0.0003 425984
1731660704103 0.0003 458752
1731660732464 0.0003 480000
1731660765846 0.0003 524288
1731660794978 0.0003 557056
1731660825494 0.0003 589824
1731660854879 0.0003 622592
1731660881902 0.0003 640000
1731660915022 0.0003 688128
1731660944427 0.0003 720896
1731660973411 0.0003 753664
1731661002634 0.0003 786432
1731661029435 0.0003 800000
1731661064061 0.0003 851968
1731661094105 0.0003 884736
1731661123308 0.0003 917504
1731661152570 0.0003 950272
1731661178916 0.0003 960000
1731661214906 0.0003 1015808
1731661243483 0.0003 1048576
1731661271414 0.0003 1081344
1731661300896 0.0003 1114112
1731661325796 0.0003 1120000
1731661362500 0.0003 1179648
1731661391487 0.0003 1212416
1731661420039 0.0003 1245184
1731661448170 0.0003 1277952
1731661471788 0.0003 1280000
1731661506955 0.0003 1343488
1731661535236 0.0003 1376256
1731661563494 0.0003 1409024
1731661592902 0.0003 1440000
1731661621825 0.0003 1474560
1731661649895 0.0003 1507328
1731661678206 0.0003 1540096
1731661706954 0.0003 1572864
1731661735675 0.0003 1600000
1731661766305 0.0003 1638400
1731661794454 0.0003 1671168
1731661822716 0.0003 1703936
1731661851287 0.0003 1736704
1731661879320 0.0003 1760000
1731661910664 0.0003 1802240
1731661940957 0.0003 1835008
1731661970273 0.0003 1867776
1731662000384 0.0003 1900544
1731662028664 0.0003 1920000
1731662062473 0.0003 1966080
1731662092792 0.0003 1998848
1731662122679 0.0003 2031616
1731662151840 0.0003 2064384
1731662180141 0.0003 2080000
1731662215655 0.0003 2129920
1731662244814 0.0003 2162688
1731662273640 0.0003 2195456
1731662302999 0.0003 2228224
1731662328902 0.0003 2240000
1731662363836 0.0003 2293760
1731662392404 0.0003 2326528
1731662421632 0.0003 2359296
1731662450434 0.0003 2392064
1731662475581 0.0003 2400000
1731662512117 0.0003 2457600
1731662541986 0.0003 2490368
1731662571297 0.0003 2523136
1731662601719 0.0003 2555904
1731662626346 0.0003 2560000
1731662663462 0.0003 2621440
1731662692675 0.0003 2654208
1731662721741 0.0003 2686976
1731662751480 0.0003 2719744
1731662774329 0.0003 2720000
1731662812093 0.0003 2785280
1731662842422 0.0003 2818048
1731662872075 0.0003 2850816
1731662903796 0.0003 2880000
1731662933970 0.0003 2916352
1731662962716 0.0003 2949120
1731662991794 0.0003 2981888
1731663020810 0.0003 3014656
1731663050118 0.0003 3040000
1731663081177 0.0003 3080192
1731663110587 0.0003 3112960
1731663139981 0.0003 3145728
1731663169254 0.0003 3178496
1731663196886 0.0003 3200000
1731663229049 0.0003 3244032
1731663258490 0.0003 3276800
1731663287505 0.0003 3309568
1731663316732 0.0003 3342336
1731663343685 0.0003 3360000
1731663376822 0.0003 3407872
1731663406505 0.0003 3440640
1731663435539 0.0003 3473408
1731663464693 0.0003 3506176
1731663491239 0.0003 3520000
1731663526050 0.0003 3571712
1731663555113 0.0003 3604480
1731663585231 0.0003 3637248
1731663614534 0.0003 3670016
1731663640285 0.0003 3680000
1731663676150 0.0003 3735552
1731663705496 0.0003 3768320
1731663735726 0.0003 3801088
1731663765070 0.0003 3833856
1731663790611 0.0003 3840000
1731663826921 0.0003 3899392
1731663855781 0.0003 3932160
1731663884949 0.0003 3964928
1731663914056 0.0003 3997696
1731663938542 0.0003 4000000
1731663976023 0.0003 4063232
1731664005776 0.0003 4096000
1731664034785 0.0003 4128768
1731664065589 0.0003 4160000
1731664096356 0.0003 4194304
1731664125359 0.0003 4227072
1731664154312 0.0003 4259840
1731664184417 0.0003 4292608
1731664214806 0.0003 4320000
1731664245657 0.0003 4358144
1731664276095 0.0003 4390912
1731664305445 0.0003 4423680
1731664334381 0.0003 4456448
1731664363177 0.0003 4480000
1731664394187 0.0003 4521984
1731664423363 0.0003 4554752
1731664452813 0.0003 4587520
1731664482005 0.0003 4620288
1731664510516 0.0003 4640000
1731664542928 0.0003 4685824
1731664571630 0.0003 4718592
1731664600437 0.0003 4751360
1731664629818 0.0003 4784128
1731664656181 0.0003 4800000
1731664689003 0.0003 4849664
1731664718197 0.0003 4882432
1731664746924 0.0003 4915200
1731664776208 0.0003 4947968
1731664802070 0.0003 4960000
1731664838367 0.0003 5013504
1731664868218 0.0003 5046272
1731664897560 0.0003 5079040
1731664928026 0.0003 5111808
1731664953390 0.0003 5120000
1731664988627 0.0003 5177344
1731665018196 0.0003 5210112
1731665048718 0.0003 5242880
1731665078261 0.0003 5275648
1731665102526 0.0003 5280000
1731665139073 0.0003 5341184
1731665168179 0.0003 5373952
1731665197196 0.0003 5406720
1731665226236 0.0003 5439488
1731665249473 0.0003 5440000
1731665287981 0.0003 5505024
1731665317746 0.0003 5537792
1731665346825 0.0003 5570560
1731665376387 0.0003 5600000
1731665405925 0.0003 5636096
1731665434856 0.0003 5668864
1731665463497 0.0003 5701632
1731665492471 0.0003 5734400
1731665521414 0.0003 5760000
1731665552202 0.0003 5799936
1731665581535 0.0003 5832704
1731665610597 0.0003 5865472
1731665639930 0.0003 5898240
1731665667782 0.0003 5920000
1731665699760 0.0003 5963776
1731665729103 0.0003 5996544
1731665757814 0.0003 6029312
1731665786865 0.0003 6062080
1731665814245 0.0003 6080000
1731665847137 0.0003 6127616
1731665876070 0.0003 6160384
1731665905182 0.0003 6193152
1731665934284 0.0003 6225920
1731665960783 0.0003 6240000
1731665994404 0.0003 6291456
1731666023641 0.0003 6324224
1731666052704 0.0003 6356992
1731666081525 0.0003 6389760
1731666106656 0.0003 6400000
1731666141562 0.0003 6455296
1731666171039 0.0003 6488064
1731666199949 0.0003 6520832
1731666229104 0.0003 6553600
1731666253509 0.0003 6560000
1731666289020 0.0003 6619136
1731666317695 0.0003 6651904
1731666347795 0.0003 6684672
1731666376620 0.0003 6717440
1731666400165 0.0003 6720000
1731666436895 0.0003 6782976
1731666465549 0.0003 6815744
1731666495133 0.0003 6848512
1731666526395 0.0003 6880000
1731666556734 0.0003 6914048
1731666585930 0.0003 6946816
1731666615148 0.0003 6979584
1731666644771 0.0003 7012352
1731666674361 0.0003 7040000
1731666704511 0.0003 7077888
1731666734026 0.0003 7110656
1731666763208 0.0003 7143424
1731666792533 0.0003 7176192
1731666821012 0.0003 7200000
1731666852417 0.0003 7241728
1731666881667 0.0003 7274496
1731666910681 0.0003 7307264
1731666940257 0.0003 7340032
1731666968009 0.0003 7360000
1731667000601 0.0003 7405568
1731667029930 0.0003 7438336
1731667059448 0.0003 7471104
1731667088972 0.0003 7503872
1731667116694 0.0003 7520000
1731667151339 0.0003 7569408
1731667180589 0.0003 7602176
1731667209752 0.0003 7634944
1731667238643 0.0003 7667712
1731667264767 0.0003 7680000
1731667299259 0.0003 7733248
1731667328655 0.0003 7766016
1731667357719 0.0003 7798784
1731667387129 0.0003 7831552
1731667412212 0.0003 7840000
1731667448184 0.0003 7897088
1731667477256 0.0003 7929856
1731667506313 0.0003 7962624
1731667535273 0.0003 7995392
1731667559628 0.0003 8000000
1731667595818 0.0003 8060928
1731667624839 0.0003 8093696
1731667653910 0.0003 8126464
1731667682858 0.0003 8159232
1731667706011 0.0003 8160000
1731667743260 0.0003 8224768
1731667773885 0.0003 8257536
1731667802960 0.0003 8290304
1731667833235 0.0003 8320000
1731667863451 0.0003 8355840
1731667892560 0.0003 8388608
1731667921532 0.0003 8421376
1731667950429 0.0003 8454144
1731667979310 0.0003 8480000
1731668010146 0.0003 8519680
1731668039082 0.0003 8552448
1731668068444 0.0003 8585216
1731668097260 0.0003 8617984
1731668125536 0.0003 8640000
1731668157826 0.0003 8683520
1731668186760 0.0003 8716288
1731668215940 0.0003 8749056
1731668244979 0.0003 8781824
1731668272772 0.0003 8800000
1731668306404 0.0003 8847360
1731668335173 0.0003 8880128
1731668364145 0.0003 8912896
1731668392985 0.0003 8945664
1731668419746 0.0003 8960000
1731668453240 0.0003 9011200
1731668483820 0.0003 9043968
1731668512616 0.0003 9076736
1731668541360 0.0003 9109504
1731668567219 0.0003 9120000
1731668602263 0.0003 9175040
1731668631573 0.0003 9207808
1731668660711 0.0003 9240576
1731668691168 0.0003 9273344
1731668716210 0.0003 9280000
1731668752349 0.0003 9338880
1731668782128 0.0003 9371648
1731668813419 0.0003 9404416
1731668844216 0.0003 9437184
1731668868824 0.0003 9440000
1731668906397 0.0003 9502720
1731668936025 0.0003 9535488
1731668965567 0.0003 9568256
1731668996221 0.0003 9600000
1731669027091 0.0003 9633792
1731669056634 0.0003 9666560
1731669086439 0.0003 9699328
1731669117257 0.0003 9732096
1731669147807 0.0003 9760000
1731669180267 0.0003 9797632
1731669210883 0.0003 9830400
1731669240525 0.0003 9863168
1731669270563 0.0003 9895936
1731669299953 0.0003 9920000
1731669332167 0.0003 9961472
1731669361620 0.0003 9994240
1731669391238 0.0003 10027008
1731669420644 0.0003 10059776
1731669449076 0.0003 10080000
1731669483889 0.0003 10125312
1731669513849 0.0003 10158080
1731669543816 0.0003 10190848
1731669573713 0.0003 10223616
1731669601390 0.0003 10240000
1731669635276 0.0003 10289152
1731669664390 0.0003 10321920
1731669693939 0.0003 10354688
1731669723990 0.0003 10387456
1731669750734 0.0003 10400000
1731669785729 0.0003 10452992
1731669815113 0.0003 10485760
1731669845495 0.0003 10518528
1731669875238 0.0003 10551296
1731669900936 0.0003 10560000
1731669936664 0.0003 10616832
1731669966680 0.0003 10649600
1731669996171 0.0003 10682368
1731670025731 0.0003 10715136
1731670050484 0.0003 10720000
1731670086750 0.0003 10780672
1731670116169 0.0003 10813440
1731670146083 0.0003 10846208
1731670175918 0.0003 10878976
1731670199334 0.0003 10880000
1731670236264 0.0003 10944512
1731670265807 0.0003 10977280
1731670295613 0.0003 11010048
1731670325955 0.0003 11040000
1731670356561 0.0003 11075584
1731670385960 0.0003 11108352
1731670415507 0.0003 11141120
1731670444765 0.0003 11173888
1731670474263 0.0003 11200000
1731670505453 0.0003 11239424
1731670534781 0.0003 11272192
1731670565232 0.0003 11304960
1731670595260 0.0003 11337728
1731670623613 0.0003 11360000
1731670655468 0.0003 11403264
1731670684823 0.0003 11436032
1731670714835 0.0003 11468800
1731670744211 0.0003 11501568
1731670772024 0.0003 11520000
1731670805369 0.0003 11567104
1731670834346 0.0003 11599872
1731670863091 0.0003 11632640
1731670891932 0.0003 11665408
1731670918636 0.0003 11680000
1731670952638 0.0003 11730944
1731670981449 0.0003 11763712
1731671011111 0.0003 11796480
1731671040574 0.0003 11829248
1731671066192 0.0003 11840000
1731671100633 0.0003 11894784
1731671129565 0.0003 11927552
1731671158510 0.0003 11960320
1731671187342 0.0003 11993088
1731671212314 0.0003 12000000
1731671248014 0.0003 12058624
1731671277946 0.0003 12091392
1731671307009 0.0003 12124160
1731671336164 0.0003 12156928
1731671359944 0.0003 12160000
1731671396328 0.0003 12222464
1731671425231 0.0003 12255232
1731671454568 0.0003 12288000
1731671485037 0.0003 12320000
1731671514756 0.0003 12353536
1731671543665 0.0003 12386304
1731671572756 0.0003 12419072
1731671602756 0.0003 12451840
1731671632328 0.0003 12480000
1731671662462 0.0003 12517376
1731671691111 0.0003 12550144
1731671720273 0.0003 12582912
1731671749373 0.0003 12615680
1731671777837 0.0003 12640000
1731671809361 0.0003 12681216
1731671838515 0.0003 12713984
1731671867698 0.0003 12746752
1731671896689 0.0003 12779520
1731671924512 0.0003 12800000
1731671957029 0.0003 12845056
1731671986323 0.0003 12877824
1731672015461 0.0003 12910592
1731672044244 0.0003 12943360
1731672070997 0.0003 12960000
1731672104949 0.0003 13008896
1731672133791 0.0003 13041664
1731672163011 0.0003 13074432
1731672192216 0.0003 13107200
1731672218112 0.0003 13120000
1731672251961 0.0003 13172736
1731672281002 0.0003 13205504
1731672309984 0.0003 13238272
1731672338983 0.0003 13271040
1731672363858 0.0003 13280000
1731672398932 0.0003 13336576
1731672428465 0.0003 13369344
1731672457518 0.0003 13402112
1731672486463 0.0003 13434880
1731672510493 0.0003 13440000
1731672546186 0.0003 13500416
1731672575046 0.0003 13533184
1731672604442 0.0003 13565952
1731672636101 0.0003 13598720
1731672659753 0.0003 13600000
1731672696453 0.0003 13664256
1731672725219 0.0003 13697024
1731672754309 0.0003 13729792
1731672785571 0.0003 13760000
1731672815247 0.0003 13795328
1731672844225 0.0003 13828096
1731672873046 0.0003 13860864
1731672902493 0.0003 13893632
1731672931669 0.0003 13920000
1731672962569 0.0003 13959168
1731672991811 0.0003 13991936
1731673020619 0.0003 14024704
1731673050252 0.0003 14057472
1731673078727 0.0003 14080000
1731673110358 0.0003 14123008
1731673139641 0.0003 14155776
1731673168969 0.0003 14188544
1731673198240 0.0003 14221312
1731673225895 0.0003 14240000
1731673258114 0.0003 14286848
1731673286727 0.0003 14319616
1731673315794 0.0003 14352384
1731673344577 0.0003 14385152
1731673370781 0.0003 14400000
1731673404126 0.0003 14450688
1731673433802 0.0003 14483456
1731673463356 0.0003 14516224
1731673493278 0.0003 14548992
1731673518787 0.0003 14560000
1731673553117 0.0003 14614528
1731673582668 0.0003 14647296
1731673612903 0.0003 14680064
1731673642250 0.0003 14712832
1731673666879 0.0003 14720000
1731673701960 0.0003 14778368
1731673732096 0.0003 14811136
1731673761118 0.0003 14843904
1731673790020 0.0003 14876672
1731673813961 0.0003 14880000
1731673849844 0.0003 14942208
1731673878900 0.0003 14974976
1731673908046 0.0003 15007744
1731673939299 0.0003 15040000
1731673969486 0.0003 15073280
1731673998843 0.0003 15106048
1731674027700 0.0003 15138816
1731674056153 0.0003 15171584
1731674085612 0.0003 15200000
1731674116537 0.0003 15237120
1731674146964 0.0003 15269888
1731674177212 0.0003 15302656
1731674205951 0.0003 15335424
1731674234728 0.0003 15360000
1731674265982 0.0003 15400960
1731674294609 0.0003 15433728
1731674323563 0.0003 15466496
1731674352210 0.0003 15499264
1731674380063 0.0003 15520000
1731674414211 0.0003 15564800
1731674443012 0.0003 15597568
1731674472320 0.0003 15630336
1731674501679 0.0003 15663104
1731674528748 0.0003 15680000
1731674562182 0.0003 15728640
1731674591084 0.0003 15761408
1731674620062 0.0003 15794176
1731674650414 0.0003 15826944
1731674676907 0.0003 15840000
1731674710645 0.0003 15892480
1731674739958 0.0003 15925248
1731674768824 0.0003 15958016
1731674798533 0.0003 15990784
1731674823772 0.0003 16000000
1731674859189 0.0003 16056320
1731674888126 0.0003 16089088
1731674917383 0.0003 16121856
1731674946855 0.0003 16154624
1731674970826 0.0003 16160000
1731675006714 0.0003 16220160
1731675035764 0.0003 16252928
1731675066932 0.0003 16285696
1731675095971 0.0003 16318464
1731675119541 0.0003 16320000
1731675156032 0.0003 16384000
1731675185368 0.0003 16416768
1731675214252 0.0003 16449536
1731675244454 0.0003 16480000
1731675274449 0.0003 16515072
1731675303049 0.0003 16547840
1731675337880 0.0003 16580608
1731675366790 0.0003 16613376
1731675396361 0.0003 16640000
1731675426954 0.0003 16678912
1731675456073 0.0003 16711680
1731675485530 0.0003 16744448
1731675514648 0.0003 16777216
1731675542631 0.0003 16800000
1731675574433 0.0003 16842752
1731675603239 0.0003 16875520
1731675632350 0.0003 16908288
1731675661458 0.0003 16941056
1731675690946 0.0003 16960000
1731675723841 0.0003 17006592
1731675752780 0.0003 17039360
1731675781447 0.0003 17072128
1731675810434 0.0003 17104896
1731675836948 0.0003 17120000
1731675870651 0.0003 17170432
1731675899739 0.0003 17203200
1731675929012 0.0003 17235968
1731675957794 0.0003 17268736
1731675983845 0.0003 17280000
1731676018081 0.0003 17334272
1731676047017 0.0003 17367040
1731676075956 0.0003 17399808
1731676104856 0.0003 17432576
1731676129571 0.0003 17440000
1731676165397 0.0003 17498112
1731676193923 0.0003 17530880
1731676222873 0.0003 17563648
1731676251140 0.0003 17596416
1731676275179 0.0003 17600000
1731676311431 0.0003 17661952
1731676339860 0.0003 17694720
1731676370469 0.0003 17727488
1731676401148 0.0003 17760000
1731676430629 0.0003 17793024
1731676459523 0.0003 17825792
1731676488366 0.0003 17858560
1731676517166 0.0003 17891328
1731676546989 0.0003 17920000
1731676577000 0.0003 17956864
1731676605904 0.0003 17989632
1731676634866 0.0003 18022400
1731676663640 0.0003 18055168
1731676692991 0.0003 18080000
1731676724381 0.0003 18120704
1731676753383 0.0003 18153472
1731676782137 0.0003 18186240
1731676811092 0.0003 18219008
1731676839222 0.0003 18240000
1731676871270 0.0003 18284544
1731676900417 0.0003 18317312
1731676930150 0.0003 18350080
1731676959507 0.0003 18382848
1731676986901 0.0003 18400000
1731677019843 0.0003 18448384
1731677048834 0.0003 18481152
1731677077674 0.0003 18513920
1731677107433 0.0003 18546688
1731677134301 0.0003 18560000
1731677168198 0.0003 18612224
1731677197453 0.0003 18644992
1731677226506 0.0003 18677760
1731677255865 0.0003 18710528
1731677281424 0.0003 18720000
1731677316864 0.0003 18776064
1731677345925 0.0003 18808832
1731677375943 0.0003 18841600
1731677404418 0.0003 18874368
1731677428915 0.0003 18880000
1731677464376 0.0003 18939904
1731677493632 0.0003 18972672
1731677523050 0.0003 19005440
1731677551891 0.0003 19038208
1731677575561 0.0003 19040000
1731677611920 0.0003 19103744
1731677641220 0.0003 19136512
1731677670381 0.0003 19169280
1731677701253 0.0003 19200000
1731677731047 0.0003 19234816
1731677759844 0.0003 19267584
1731677788966 0.0003 19300352
1731677818088 0.0003 19333120
1731677848014 0.0003 19360000
1731677879366 0.0003 19398656
1731677908430 0.0003 19431424
1731677937441 0.0003 19464192
1731677967980 0.0003 19496960
1731677996404 0.0003 19520000
1731678028301 0.0003 19562496
1731678057287 0.0003 19595264
1731678086634 0.0003 19628032
1731678115309 0.0003 19660800
1731678142176 0.0003 19680000
1731678174862 0.0003 19726336
1731678204366 0.0003 19759104
1731678233684 0.0003 19791872
1731678263381 0.0003 19824640
1731678290182 0.0003 19840000
1731678323810 0.0003 19890176
1731678352660 0.0003 19922944
1731678381467 0.0003 19955712
1731678410535 0.0003 19988480
1731678436438 0.0003 20000000
1731678471596 0.0003 20054016
1731678500365 0.0003 20086784
1731678529236 0.0003 20119552
1731678558563 0.0003 20152320
1731678582900 0.0003 20160000
1731678618165 0.0003 20217856
1731678647072 0.0003 20250624
1731678676667 0.0003 20283392
1731678708105 0.0003 20316160
1731678734793 0.0003 20320000
1731678776358 0.0003 20381696
1731678809112 0.0003 20414464
1731678838566 0.0003 20447232
1731678871574 0.0003 20480000
1731678908055 0.0003 20512768
1731678943245 0.0003 20545536
1731678977740 0.0003 20578304
1731679012075 0.0003 20611072
1731679043020 0.0003 20640000
1731679074012 0.0003 20676608
1731679103122 0.0003 20709376
1731679132331 0.0003 20742144
1731679163470 0.0003 20774912
1731679192305 0.0003 20800000
1731679223806 0.0003 20840448
1731679252684 0.0003 20873216
1731679281674 0.0003 20905984
1731679310944 0.0003 20938752
1731679339074 0.0003 20960000
1731679371044 0.0003 21004288
1731679400234 0.0003 21037056
1731679429218 0.0003 21069824
1731679458071 0.0003 21102592
1731679485705 0.0003 21120000
1731679519495 0.0003 21168128
1731679548543 0.0003 21200896
1731679578084 0.0003 21233664
1731679607017 0.0003 21266432
1731679633541 0.0003 21280000
1731679668090 0.0003 21331968
1731679697688 0.0003 21364736
1731679726897 0.0003 21397504
1731679756238 0.0003 21430272
1731679782084 0.0003 21440000
1731679816734 0.0003 21495808
1731679845636 0.0003 21528576
1731679875518 0.0003 21561344
1731679904687 0.0003 21594112
1731679930001 0.0003 21600000
1731679965662 0.0003 21659648
1731679994971 0.0003 21692416
1731680024557 0.0003 21725184
1731680053897 0.0003 21757952
1731680077307 0.0003 21760000
1731680113630 0.0003 21823488
1731680142639 0.0003 21856256
1731680172052 0.0003 21889024
1731680202970 0.0003 21920000
1731680233050 0.0003 21954560
1731680262473 0.0003 21987328
1731680291757 0.0003 22020096
1731680320721 0.0003 22052864
1731680350109 0.0003 22080000
1731680380644 0.0003 22118400
1731680409265 0.0003 22151168
1731680437982 0.0003 22183936
1731680467263 0.0003 22216704
1731680496586 0.0003 22240000
1731680528315 0.0003 22282240
1731680557395 0.0003 22315008
1731680586142 0.0003 22347776
1731680615655 0.0003 22380544
1731680643713 0.0003 22400000
1731680676451 0.0003 22446080
1731680710479 0.0003 22478848
1731680740490 0.0003 22511616
1731680771573 0.0003 22544384
1731680798673 0.0003 22560000
1731680831794 0.0003 22609920
1731680860888 0.0003 22642688
1731680889124 0.0003 22675456
1731680918074 0.0003 22708224
1731680944308 0.0003 22720000
1731680979439 0.0003 22773760
1731681011156 0.0003 22806528
1731681040333 0.0003 22839296
1731681069432 0.0003 22872064
1731681094097 0.0003 22880000
1731681129070 0.0003 22937600
1731681157994 0.0003 22970368
1731681187146 0.0003 23003136
1731681216398 0.0003 23035904
1731681240445 0.0003 23040000
1731681277642 0.0003 23101440
1731681306735 0.0003 23134208
1731681336583 0.0003 23166976
1731681367032 0.0003 23199744
1731681391484 0.0003 23200000
1731681429863 0.0003 23265280
1731681459221 0.0003 23298048
1731681487902 0.0003 23330816
1731681517890 0.0003 23360000
1731681549106 0.0003 23396352
1731681578551 0.0003 23429120
1731681607651 0.0003 23461888
1731681638450 0.0003 23494656
1731681667261 0.0003 23520000
1731681698671 0.0003 23560192
1731681727944 0.0003 23592960
1731681757303 0.0003 23625728
1731681786115 0.0003 23658496
1731681814549 0.0003 23680000
1731681846348 0.0003 23724032
1731681875797 0.0003 23756800
1731681905277 0.0003 23789568
1731681935121 0.0003 23822336
1731681962105 0.0003 23840000
1731681995544 0.0003 23887872
1731682028510 0.0003 23920640
1731682057364 0.0003 23953408
1731682086292 0.0003 23986176
1731682112009 0.0003 24000000
1731682145990 0.0003 24051712
1731682175049 0.0003 24084480
1731682203951 0.0003 24117248
1731682232745 0.0003 24150016
1731682259616 0.0003 24160000
1731682294747 0.0003 24215552
1731682324902 0.0003 24248320
1731682354545 0.0003 24281088
1731682383758 0.0003 24313856
1731682408438 0.0003 24320000
1731682444412 0.0003 24379392
1731682473718 0.0003 24412160
1731682502776 0.0003 24444928
1731682532483 0.0003 24477696
1731682555931 0.0003 24480000
1731682592861 0.0003 24543232
1731682621679 0.0003 24576000
1731682650735 0.0003 24608768
1731682681569 0.0003 24640000
1731682711277 0.0003 24674304
1731682740443 0.0003 24707072
1731682769765 0.0003 24739840
1731682798806 0.0003 24772608
1731682828292 0.0003 24800000
1731682858617 0.0003 24838144
1731682887746 0.0003 24870912
1731682916823 0.0003 24903680
1731682945818 0.0003 24936448
1731682974636 0.0003 24960000
1731683006426 0.0003 25001984
1731683035527 0.0003 25034752
1731683064559 0.0003 25067520
1731683094128 0.0003 25100288
1731683121608 0.0003 25120000
1731683153740 0.0003 25165824
1731683182773 0.0003 25198592
1731683212120 0.0003 25231360
1731683241889 0.0003 25264128
1731683268698 0.0003 25280000
1731683302219 0.0003 25329664
1731683331641 0.0003 25362432
1731683360567 0.0003 25395200
1731683390330 0.0003 25427968
1731683416154 0.0003 25440000
1731683450227 0.0003 25493504
1731683479206 0.0003 25526272
1731683508397 0.0003 25559040
1731683537451 0.0003 25591808
1731683562706 0.0003 25600000
1731683598071 0.0003 25657344
1731683627178 0.0003 25690112
1731683655952 0.0003 25722880
1731683684918 0.0003 25755648
1731683708919 0.0003 25760000
1731683744758 0.0003 25821184
1731683774592 0.0003 25853952
1731683803736 0.0003 25886720
1731683832798 0.0003 25919488
1731683855439 0.0003 25920000
1731683892372 0.0003 25985024
1731683921325 0.0003 26017792
1731683950500 0.0003 26050560
1731683980757 0.0003 26080000
1731684010969 0.0003 26116096
1731684040355 0.0003 26148864
1731684069686 0.0003 26181632
1731684099513 0.0003 26214400
1731684129033 0.0003 26240000
1731684160283 0.0003 26279936
1731684189971 0.0003 26312704
1731684218872 0.0003 26345472
1731684247859 0.0003 26378240
1731684276056 0.0003 26400000
1731684307605 0.0003 26443776
1731684336813 0.0003 26476544
1731684366580 0.0003 26509312
1731684395420 0.0003 26542080
1731684422904 0.0003 26560000
1731684455616 0.0003 26607616
1731684484682 0.0003 26640384
1731684513350 0.0003 26673152
1731684542610 0.0003 26705920
1731684569106 0.0003 26720000
1731684603392 0.0003 26771456
1731684632803 0.0003 26804224
1731684661545 0.0003 26836992
1731684690424 0.0003 26869760
1731684715903 0.0003 26880000
1731684750523 0.0003 26935296
1731684779081 0.0003 26968064
1731684808156 0.0003 27000832
1731684837132 0.0003 27033600
1731684861534 0.0003 27040000
1731684897114 0.0003 27099136
1731684926205 0.0003 27131904
1731684955521 0.0003 27164672
1731684984928 0.0003 27197440
1731685008688 0.0003 27200000
1731685045193 0.0003 27262976
1731685074285 0.0003 27295744
1731685103294 0.0003 27328512
1731685134058 0.0003 27360000
1731685163450 0.0003 27394048
1731685192700 0.0003 27426816
1731685221707 0.0003 27459584
1731685250857 0.0003 27492352
1731685280623 0.0003 27520000
1731685311497 0.0003 27557888
1731685341170 0.0003 27590656
1731685370435 0.0003 27623424
1731685399696 0.0003 27656192
1731685428182 0.0003 27680000
1731685459362 0.0003 27721728
1731685488543 0.0003 27754496
1731685517744 0.0003 27787264
1731685546482 0.0003 27820032
1731685574597 0.0003 27840000
1731685606995 0.0003 27885568
1731685636284 0.0003 27918336
1731685665345 0.0003 27951104
1731685694213 0.0003 27983872
1731685721301 0.0003 28000000
1731685754765 0.0003 28049408
1731685783451 0.0003 28082176
1731685812550 0.0003 28114944
1731685841548 0.0003 28147712
1731685867770 0.0003 28160000
1731685901673 0.0003 28213248
1731685932455 0.0003 28246016
1731685961196 0.0003 28278784
1731685989836 0.0003 28311552
1731686015126 0.0003 28320000
1731686050046 0.0003 28377088
1731686078893 0.0003 28409856
1731686107677 0.0003 28442624
1731686142852 0.0003 28475392
1731686166959 0.0003 28480000
1731686202572 0.0003 28540928
1731686231826 0.0003 28573696
1731686260997 0.0003 28606464
1731686289996 0.0003 28639232
1731686313530 0.0003 28640000
1731686351619 0.0003 28704768
1731686380777 0.0003 28737536
1731686411428 0.0003 28770304
1731686442352 0.0003 28800000
1731686472154 0.0003 28835840
1731686501698 0.0003 28868608
1731686530699 0.0003 28901376
1731686559567 0.0003 28934144
1731686588802 0.0003 28960000
1731686619628 0.0003 28999680
1731686648374 0.0003 29032448
1731686677335 0.0003 29065216
1731686706375 0.0003 29097984
1731686735230 0.0003 29120000
1731686766866 0.0003 29163520
1731686796099 0.0003 29196288
1731686825079 0.0003 29229056
1731686854081 0.0003 29261824
1731686882005 0.0003 29280000
1731686915125 0.0003 29327360
1731686944260 0.0003 29360128
1731686973714 0.0003 29392896
1731687002788 0.0003 29425664
1731687029282 0.0003 29440000
1731687063434 0.0003 29491200
1731687092506 0.0003 29523968
1731687121326 0.0003 29556736
1731687150359 0.0003 29589504
1731687176095 0.0003 29600000
1731687211381 0.0003 29655040
1731687240072 0.0003 29687808
1731687268405 0.0003 29720576
1731687297368 0.0003 29753344
1731687322708 0.0003 29760000
1731687358415 0.0003 29818880
1731687388159 0.0003 29851648
1731687417847 0.0003 29884416
1731687449193 0.0003 29917184
1731687473093 0.0003 29920000
1731687512308 0.0003 29982720
1731687541416 0.0003 30015488
1731687571564 0.0003 30048256
1731687602189 0.0003 30080000
1731687634406 0.0003 30113792
1731687663470 0.0003 30146560
1731687693699 0.0003 30179328
1731687723443 0.0003 30212096
1731687752516 0.0003 30240000
1731687782830 0.0003 30277632
1731687812233 0.0003 30310400
1731687842483 0.0003 30343168
1731687878383 0.0003 30375936
1731687908098 0.0003 30400000
1731687945725 0.0003 30441472
1731687975188 0.0003 30474240
1731688004859 0.0003 30507008
1731688035013 0.0003 30539776
1731688062686 0.0003 30560000
1731688094984 0.0003 30605312
1731688123560 0.0003 30638080
1731688152350 0.0003 30670848
1731688181017 0.0003 30703616
1731688207750 0.0003 30720000
1731688240815 0.0003 30769152
1731688269433 0.0003 30801920
1731688298130 0.0003 30834688
1731688327643 0.0003 30867456
1731688353990 0.0003 30880000
1731688389213 0.0003 30932992
1731688418246 0.0003 30965760
1731688447287 0.0003 30998528
1731688476533 0.0003 31031296
1731688501546 0.0003 31040000
1731688536252 0.0003 31096832
1731688564620 0.0003 31129600
1731688593631 0.0003 31162368
1731688622663 0.0003 31195136
1731688647065 0.0003 31200000
1731688683071 0.0003 31260672
1731688712081 0.0003 31293440
1731688741220 0.0003 31326208
1731688770174 0.0003 31358976
1731688793404 0.0003 31360000
1731688830417 0.0003 31424512
1731688859717 0.0003 31457280
1731688888891 0.0003 31490048
1731688919198 0.0003 31520000
1731688949056 0.0003 31555584
1731688978828 0.0003 31588352
1731689008672 0.0003 31621120
1731689037637 0.0003 31653888
1731689066421 0.0003 31680000
1731689097367 0.0003 31719424
1731689126893 0.0003 31752192
1731689156409 0.0003 31784960
1731689185034 0.0003 31817728
1731689213688 0.0003 31840000
1731689245460 0.0003 31883264
1731689274542 0.0003 31916032
1731689304114 0.0003 31948800
1731689333992 0.0003 31981568
1731689361673 0.0003 32000000
1731689394712 0.0003 32047104
1731689423996 0.0003 32079872
1731689452811 0.0003 32112640
1731689481801 0.0003 32145408
1731689508388 0.0003 32160000
1731689541817 0.0003 32210944
1731689570634 0.0003 32243712
1731689599964 0.0003 32276480
1731689629123 0.0003 32309248
1731689656191 0.0003 32320000
1731689691670 0.0003 32374784
1731689720927 0.0003 32407552
1731689750715 0.0003 32440320
1731689780229 0.0003 32473088
1731689805103 0.0003 32480000
1731689841944 0.0003 32538624
1731689871071 0.0003 32571392
1731689900697 0.0003 32604160
1731689929988 0.0003 32636928
1731689953755 0.0003 32640000
1731689990295 0.0003 32702464
1731690019493 0.0003 32735232
1731690048465 0.0003 32768000
1731690079395 0.0003 32800000
1731690109109 0.0003 32833536
1731690139130 0.0003 32866304
1731690168862 0.0003 32899072
1731690198413 0.0003 32931840
1731690228341 0.0003 32960000
1731690259255 0.0003 32997376
1731690288462 0.0003 33030144
1731690318445 0.0003 33062912
1731690347655 0.0003 33095680
1731690377154 0.0003 33120000
1731690410767 0.0003 33161216
1731690440918 0.0003 33193984
1731690471456 0.0003 33226752
1731690500989 0.0003 33259520
1731690529278 0.0003 33280000
1731690562142 0.0003 33325056
1731690591590 0.0003 33357824
1731690621336 0.0003 33390592
1731690650593 0.0003 33423360
1731690677720 0.0003 33440000
1731690711542 0.0003 33488896
1731690742081 0.0003 33521664
1731690771466 0.0003 33554432
1731690800922 0.0003 33587200
1731690827128 0.0003 33600000
1731690861185 0.0003 33652736
1731690890511 0.0003 33685504
1731690919532 0.0003 33718272
1731690948727 0.0003 33751040
1731690974088 0.0003 33760000
1731691009565 0.0003 33816576
1731691039093 0.0003 33849344
1731691069102 0.0003 33882112
1731691098331 0.0003 33914880
1731691123210 0.0003 33920000
1731691161507 0.0003 33980416
1731691190986 0.0003 34013184
1731691220255 0.0003 34045952
1731691250199 0.0003 34078720
1731691273875 0.0003 34080000
1731691310919 0.0003 34144256
1731691341001 0.0003 34177024
1731691370446 0.0003 34209792
1731691400907 0.0003 34240000
1731691430557 0.0003 34275328
1731691460029 0.0003 34308096
1731691489424 0.0003 34340864
1731691518632 0.0003 34373632
1731691548234 0.0003 34400000
1731691579735 0.0003 34439168
1731691608892 0.0003 34471936
1731691638519 0.0003 34504704
1731691668511 0.0003 34537472
1731691697275 0.0003 34560000
1731691729658 0.0003 34603008
1731691761760 0.0003 34635776
1731691792043 0.0003 34668544
1731691821664 0.0003 34701312
1731691849372 0.0003 34720000
1731691883067 0.0003 34766848
1731691912795 0.0003 34799616
1731691942173 0.0003 34832384
1731691971806 0.0003 34865152
1731691998765 0.0003 34880000
1731692033295 0.0003 34930688
1731692062837 0.0003 34963456
1731692091568 0.0003 34996224
1731692120842 0.0003 35028992
1731692146580 0.0003 35040000
1731692181546 0.0003 35094528
1731692210156 0.0003 35127296
1731692240299 0.0003 35160064
1731692269789 0.0003 35192832
1731692294396 0.0003 35200000
1731692329957 0.0003 35258368
1731692359094 0.0003 35291136
1731692388133 0.0003 35323904
1731692417518 0.0003 35356672
1731692441433 0.0003 35360000
1731692478254 0.0003 35422208
1731692507643 0.0003 35454976
1731692537452 0.0003 35487744
1731692568273 0.0003 35520000
1731692597318 0.0003 35553280
1731692626522 0.0003 35586048
1731692655744 0.0003 35618816
1731692685511 0.0003 35651584
1731692715413 0.0003 35680000
1731692745825 0.0003 35717120
1731692775499 0.0003 35749888
1731692806601 0.0003 35782656
1731692835890 0.0003 35815424
1731692865558 0.0003 35840000
1731692896911 0.0003 35880960
1731692926831 0.0003 35913728
1731692957037 0.0003 35946496
1731692986846 0.0003 35979264
1731693015170 0.0003 36000000
1731693047849 0.0003 36044800
1731693078487 0.0003 36077568
1731693108118 0.0003 36110336
1731693137696 0.0003 36143104
1731693164602 0.0003 36160000
1731693198175 0.0003 36208640
1731693227494 0.0003 36241408
1731693256418 0.0003 36274176
1731693285579 0.0003 36306944
1731693311748 0.0003 36320000
1731693346283 0.0003 36372480
1731693375542 0.0003 36405248
1731693404863 0.0003 36438016
1731693433897 0.0003 36470784
1731693458778 0.0003 36480000
1731693494116 0.0003 36536320
1731693523931 0.0003 36569088
1731693553173 0.0003 36601856
1731693582370 0.0003 36634624
1731693607213 0.0003 36640000
1731693644595 0.0003 36700160
1731693674351 0.0003 36732928
1731693703883 0.0003 36765696
1731693733535 0.0003 36798464
1731693757065 0.0003 36800000
1731693794288 0.0003 36864000
1731693823136 0.0003 36896768
1731693852394 0.0003 36929536
1731693883399 0.0003 36960000
1731693913089 0.0003 36995072
1731693942002 0.0003 37027840
1731693970841 0.0003 37060608
1731693999574 0.0003 37093376
1731694028885 0.0003 37120000
1731694059871 0.0003 37158912
1731694088758 0.0003 37191680
1731694117942 0.0003 37224448
1731694147086 0.0003 37257216
1731694176218 0.0003 37280000
1731694208127 0.0003 37322752
1731694237284 0.0003 37355520
1731694266334 0.0003 37388288
1731694295468 0.0003 37421056
1731694323351 0.0003 37440000
1731694355425 0.0003 37486592
1731694384834 0.0003 37519360
1731694414124 0.0003 37552128
1731694443168 0.0003 37584896
1731694470151 0.0003 37600000
1731694503727 0.0003 37650432
1731694533180 0.0003 37683200
1731694562113 0.0003 37715968
1731694591239 0.0003 37748736
1731694616820 0.0003 37760000
1731694651241 0.0003 37814272
1731694680161 0.0003 37847040
1731694709148 0.0003 37879808
1731694737981 0.0003 37912576
1731694762682 0.0003 37920000
1731694797880 0.0003 37978112
1731694827020 0.0003 38010880
1731694856028 0.0003 38043648
1731694885109 0.0003 38076416
1731694908987 0.0003 38080000
1731694945143 0.0003 38141952
1731694974136 0.0003 38174720
1731695003466 0.0003 38207488
1731695033974 0.0003 38240000
1731695063041 0.0003 38273024
1731695092022 0.0003 38305792
1731695120989 0.0003 38338560
1731695149997 0.0003 38371328
1731695179509 0.0003 38400000
1731695209671 0.0003 38436864
1731695238922 0.0003 38469632
1731695267878 0.0003 38502400
1731695296453 0.0003 38535168
1731695325436 0.0003 38560000
1731695357534 0.0003 38600704
1731695386284 0.0003 38633472
1731695415360 0.0003 38666240
1731695444476 0.0003 38699008
1731695472506 0.0003 38720000
1731695504753 0.0003 38764544
1731695533678 0.0003 38797312
1731695563050 0.0003 38830080
1731695591564 0.0003 38862848
1731695618407 0.0003 38880000
1731695651560 0.0003 38928384
1731695680721 0.0003 38961152
1731695711329 0.0003 38993920
1731695740416 0.0003 39026688
1731695766010 0.0003 39040000
1731695800088 0.0003 39092224
1731695832646 0.0003 39124992
1731695864023 0.0003 39157760
1731695893061 0.0003 39190528
1731695918303 0.0003 39200000
1731695953211 0.0003 39256064
1731695983699 0.0003 39288832
1731696012799 0.0003 39321600
1731696043851 0.0003 39354368
1731696068182 0.0003 39360000
1731696103625 0.0003 39419904
1731696132887 0.0003 39452672
1731696161937 0.0003 39485440
1731696190998 0.0003 39518208
1731696214438 0.0003 39520000
1731696251332 0.0003 39583744
1731696280501 0.0003 39616512
1731696309912 0.0003 39649280
1731696340304 0.0003 39680000
1731696369932 0.0003 39714816
1731696399132 0.0003 39747584
1731696428064 0.0003 39780352
1731696456655 0.0003 39813120
1731696486349 0.0003 39840000
1731696517361 0.0003 39878656
1731696546380 0.0003 39911424
1731696575531 0.0003 39944192
1731696604912 0.0003 39976960
1731696633388 0.0003 40000000
1731696665258 0.0003 40042496
1731696694252 0.0003 40075264
1731696723808 0.0003 40108032
1731696753260 0.0003 40140800
1731696781130 0.0003 40160000
1731696813395 0.0003 40206336
1731696842818 0.0003 40239104
1731696872341 0.0003 40271872
1731696901179 0.0003 40304640
1731696927569 0.0003 40320000
1731696961076 0.0003 40370176
1731696990147 0.0003 40402944
1731697019217 0.0003 40435712
1731697048458 0.0003 40468480
1731697074024 0.0003 40480000
1731697108413 0.0003 40534016
1731697137313 0.0003 40566784
1731697166253 0.0003 40599552
1731697195697 0.0003 40632320
1731697221063 0.0003 40640000
1731697256118 0.0003 40697856
1731697285601 0.0003 40730624
1731697314601 0.0003 40763392
1731697344109 0.0003 40796160
1731697368168 0.0003 40800000
1731697404440 0.0003 40861696
1731697433508 0.0003 40894464
1731697462032 0.0003 40927232
1731697493106 0.0003 40960000
1731697522778 0.0003 40992768
1731697552154 0.0003 41025536
1731697581730 0.0003 41058304
1731697610754 0.0003 41091072
1731697640654 0.0003 41120000
1731697671708 0.0003 41156608
1731697700352 0.0003 41189376
1731697729923 0.0003 41222144
1731697759470 0.0003 41254912
1731697789059 0.0003 41280000
1731697820697 0.0003 41320448
1731697850148 0.0003 41353216
1731697879033 0.0003 41385984
1731697908227 0.0003 41418752
1731697936227 0.0003 41440000
1731697968539 0.0003 41484288
1731697997597 0.0003 41517056
1731698026747 0.0003 41549824
1731698055663 0.0003 41582592
1731698082688 0.0003 41600000
1731698115163 0.0003 41648128
1731698144122 0.0003 41680896
1731698173221 0.0003 41713664
1731698202104 0.0003 41746432
1731698228358 0.0003 41760000
1731698261913 0.0003 41811968
1731698291211 0.0003 41844736
1731698320116 0.0003 41877504
1731698349126 0.0003 41910272
1731698374791 0.0003 41920000
1731698409237 0.0003 41975808
1731698438420 0.0003 42008576
1731698467772 0.0003 42041344
1731698497004 0.0003 42074112
1731698521571 0.0003 42080000
1731698557480 0.0003 42139648
1731698586541 0.0003 42172416
1731698615628 0.0003 42205184
1731698644772 0.0003 42237952
1731698668414 0.0003 42240000
1731698705195 0.0003 42303488
1731698734171 0.0003 42336256
1731698763654 0.0003 42369024
1731698793972 0.0003 42400000
1731698823270 0.0003 42434560
1731698852502 0.0003 42467328
1731698881503 0.0003 42500096
1731698910842 0.0003 42532864
1731698940402 0.0003 42560000
1731698971168 0.0003 42598400
1731698999702 0.0003 42631168
1731699029247 0.0003 42663936
1731699058897 0.0003 42696704
1731699087188 0.0003 42720000
1731699118579 0.0003 42762240
1731699147229 0.0003 42795008
1731699176287 0.0003 42827776
1731699205028 0.0003 42860544
1731699232715 0.0003 42880000
1731699265493 0.0003 42926080
1731699294568 0.0003 42958848
1731699323467 0.0003 42991616
1731699352358 0.0003 43024384
1731699378954 0.0003 43040000
1731699411782 0.0003 43089920
1731699440565 0.0003 43122688
1731699469090 0.0003 43155456
1731699497740 0.0003 43188224
1731699523350 0.0003 43200000
1731699557277 0.0003 43253760
1731699586506 0.0003 43286528
1731699615249 0.0003 43319296
1731699644680 0.0003 43352064
1731699669482 0.0003 43360000
1731699705854 0.0003 43417600
1731699734746 0.0003 43450368
1731699763468 0.0003 43483136
1731699792329 0.0003 43515904
1731699816522 0.0003 43520000
1731699852337 0.0003 43581440
1731699881191 0.0003 43614208
1731699910191 0.0003 43646976
1731699939989 0.0003 43679744
1731699962183 0.0003 43680000
1731700000929 0.0003 43745280
1731700029747 0.0003 43778048
1731700058654 0.0003 43810816
1731700088620 0.0003 43840000
1731700118886 0.0003 43876352
1731700147994 0.0003 43909120
1731700177713 0.0003 43941888
1731700206742 0.0003 43974656
1731700235617 0.0003 44000000
1731700266325 0.0003 44040192
1731700295099 0.0003 44072960
1731700324999 0.0003 44105728
1731700354198 0.0003 44138496
1731700382140 0.0003 44160000
1731700413565 0.0003 44204032
1731700442746 0.0003 44236800
1731700471940 0.0003 44269568
1731700500723 0.0003 44302336
1731700528224 0.0003 44320000
1731700562763 0.0003 44367872
1731700592197 0.0003 44400640
1731700621326 0.0003 44433408
1731700650525 0.0003 44466176
1731700676892 0.0003 44480000
1731700710082 0.0003 44531712
1731700738933 0.0003 44564480
1731700768598 0.0003 44597248
1731700797553 0.0003 44630016
1731700822721 0.0003 44640000
1731700857346 0.0003 44695552
1731700886662 0.0003 44728320
1731700915563 0.0003 44761088
1731700944145 0.0003 44793856
1731700968813 0.0003 44800000
1731701004844 0.0003 44859392
1731701034380 0.0003 44892160
1731701062868 0.0003 44924928
1731701091659 0.0003 44957696
1731701115102 0.0003 44960000
1731701151450 0.0003 45023232
1731701180241 0.0003 45056000
1731701209607 0.0003 45088768
1731701240125 0.0003 45120000
1731701269624 0.0003 45154304
1731701298990 0.0003 45187072
1731701328274 0.0003 45219840
1731701357698 0.0003 45252608
1731701387448 0.0003 45280000
1731701417986 0.0003 45318144
1731701447543 0.0003 45350912
1731701475990 0.0003 45383680
1731701504651 0.0003 45416448
1731701533332 0.0003 45440000
1731701565083 0.0003 45481984
1731701594466 0.0003 45514752
1731701623415 0.0003 45547520
1731701652123 0.0003 45580288
1731701679465 0.0003 45600000
1731701711889 0.0003 45645824
1731701741005 0.0003 45678592
1731701770196 0.0003 45711360
1731701799546 0.0003 45744128
1731701826304 0.0003 45760000
1731701863276 0.0003 45809664
1731701891868 0.0003 45842432
1731701920584 0.0003 45875200
1731701949593 0.0003 45907968
1731701975043 0.0003 45920000
1731702009292 0.0003 45973504
1731702038225 0.0003 46006272
1731702067125 0.0003 46039040
1731702096317 0.0003 46071808
1731702121051 0.0003 46080000
1731702157738 0.0003 46137344
1731702189028 0.0003 46170112
1731702217865 0.0003 46202880
1731702246344 0.0003 46235648
1731702270292 0.0003 46240000
1731702309325 0.0003 46301184
1731702338258 0.0003 46333952
1731702367083 0.0003 46366720
1731702395479 0.0003 46399488
1731702417605 0.0003 46400000
1731702454604 0.0003 46465024
1731702483389 0.0003 46497792
1731702512646 0.0003 46530560
1731702543196 0.0003 46560000
1731702573412 0.0003 46596096
1731702601987 0.0003 46628864
1731702630965 0.0003 46661632
1731702660103 0.0003 46694400
1731702689077 0.0003 46720000
1731702720135 0.0003 46759936
1731702748760 0.0003 46792704
1731702777651 0.0003 46825472
1731702807301 0.0003 46858240
1731702835026 0.0003 46880000
1731702866500 0.0003 46923776
1731702895018 0.0003 46956544
1731702924109 0.0003 46989312
1731702953159 0.0003 47022080
1731702980084 0.0003 47040000
1731703012850 0.0003 47087616
1731703041929 0.0003 47120384
1731703071085 0.0003 47153152
1731703100058 0.0003 47185920
1731703126420 0.0003 47200000
1731703160156 0.0003 47251456
1731703190443 0.0003 47284224
1731703219064 0.0003 47316992
1731703247859 0.0003 47349760
1731703274042 0.0003 47360000
1731703308816 0.0003 47415296
1731703338031 0.0003 47448064
1731703366590 0.0003 47480832
1731703395580 0.0003 47513600
1731703420942 0.0003 47520000
1731703456690 0.0003 47579136
1731703485770 0.0003 47611904
1731703514412 0.0003 47644672
1731703543967 0.0003 47677440
1731703567588 0.0003 47680000
1731703603669 0.0003 47742976
1731703632186 0.0003 47775744
1731703660911 0.0003 47808512
1731703691277 0.0003 47840000
1731703720835 0.0003 47874048
1731703749844 0.0003 47906816
1731703778660 0.0003 47939584
1731703807782 0.0003 47972352
1731703837436 0.0003 48000000
1731703867531 0.0003 48037888
1731703897359 0.0003 48070656
1731703926667 0.0003 48103424
1731703955245 0.0003 48136192
1731703983642 0.0003 48160000
1731704014758 0.0003 48201728
1731704043319 0.0003 48234496
1731704071866 0.0003 48267264
1731704100651 0.0003 48300032
1731704128727 0.0003 48320000
1731704161080 0.0003 48365568
1731704190083 0.0003 48398336
1731704219149 0.0003 48431104
1731704247851 0.0003 48463872
1731704274876 0.0003 48480000
1731704308039 0.0003 48529408
1731704336875 0.0003 48562176
1731704365614 0.0003 48594944
1731704394694 0.0003 48627712
1731704420664 0.0003 48640000
1731704455013 0.0003 48693248
1731704483988 0.0003 48726016
1731704513096 0.0003 48758784
1731704542254 0.0003 48791552
1731704567222 0.0003 48800000
1731704601937 0.0003 48857088
1731704630420 0.0003 48889856
1731704659358 0.0003 48922624
1731704688441 0.0003 48955392
1731704712872 0.0003 48960000
1731704748848 0.0003 49020928
1731704778039 0.0003 49053696
1731704807194 0.0003 49086464
1731704838088 0.0003 49119232
1731704861256 0.0003 49120000
1731704898020 0.0003 49184768
1731704926837 0.0003 49217536
1731704955544 0.0003 49250304
1731704985369 0.0003 49280000
1731705014884 0.0003 49315840
1731705043742 0.0003 49348608
1731705072786 0.0003 49381376
1731705101508 0.0003 49414144
1731705130675 0.0003 49440000
1731705161690 0.0003 49479680
1731705190416 0.0003 49512448
1731705218765 0.0003 49545216
1731705248014 0.0003 49577984
1731705276174 0.0003 49600000
1731705307813 0.0003 49643520
1731705338247 0.0003 49676288
1731705366989 0.0003 49709056
1731705396376 0.0003 49741824
1731705423239 0.0003 49760000
1731705455655 0.0003 49807360
1731705484685 0.0003 49840128
1731705513692 0.0003 49872896
1731705544208 0.0003 49905664
1731705570625 0.0003 49920000
1731705604940 0.0003 49971200
1731705633606 0.0003 50003968
1731705662882 0.0003 50036736
1731705691830 0.0003 50069504
1731705717806 0.0003 50080000
1731705752138 0.0003 50135040
1731705781152 0.0003 50167808
1731705810227 0.0003 50200576
1731705839188 0.0003 50233344
1731705863845 0.0003 50240000
1731705899284 0.0003 50298880
1731705928567 0.0003 50331648
1731705957875 0.0003 50364416
1731705987058 0.0003 50397184
1731706010518 0.0003 50400000
1731706049566 0.0003 50462720
1731706078450 0.0003 50495488
1731706107679 0.0003 50528256
1731706138923 0.0003 50560000
1731706169404 0.0003 50593792
1731706198332 0.0003 50626560
1731706227347 0.0003 50659328
1731706256417 0.0003 50692096
1731706286030 0.0003 50720000
1731706316488 0.0003 50757632
1731706345533 0.0003 50790400
1731706374766 0.0003 50823168
1731706403574 0.0003 50855936
1731706432082 0.0003 50880000
1731706463072 0.0003 50921472
1731706491597 0.0003 50954240
1731706520279 0.0003 50987008
1731706549288 0.0003 51019776
1731706577022 0.0003 51040000
1731706608937 0.0003 51085312
1731706637762 0.0003 51118080
1731706666420 0.0003 51150848
1731706694978 0.0003 51183616
1731706721957 0.0003 51200000
1731706754768 0.0003 51249152
1731706783551 0.0003 51281920
1731706812330 0.0003 51314688
1731706841426 0.0003 51347456
1731706867377 0.0003 51360000
1731706901134 0.0003 51412992
1731706930150 0.0003 51445760
1731706958725 0.0003 51478528
1731706987342 0.0003 51511296
1731707012476 0.0003 51520000
1731707047383 0.0003 51576832
1731707075920 0.0003 51609600
1731707105250 0.0003 51642368
1731707133892 0.0003 51675136
1731707157890 0.0003 51680000
1731707196660 0.0003 51740672
1731707225368 0.0003 51773440
1731707255850 0.0003 51806208
1731707284775 0.0003 51838976
1731707307643 0.0003 51840000
1731707345344 0.0003 51904512
1731707374923 0.0003 51937280
1731707403789 0.0003 51970048
1731707433880 0.0003 52000000
1731707463429 0.0003 52035584
1731707492129 0.0003 52068352
1731707521000 0.0003 52101120
1731707550428 0.0003 52133888
1731707579403 0.0003 52160000
1731707610111 0.0003 52199424
1731707638960 0.0003 52232192
1731707667686 0.0003 52264960
1731707696636 0.0003 52297728
1731707725053 0.0003 52320000
1731707757434 0.0003 52363264
1731707786684 0.0003 52396032
1731707815934 0.0003 52428800
1731707845264 0.0003 52461568
1731707872259 0.0003 52480000
1731707904833 0.0003 52527104
1731707933787 0.0003 52559872
1731707962641 0.0003 52592640
1731707991370 0.0003 52625408
1731708017746 0.0003 52640000
1731708051485 0.0003 52690944
1731708080321 0.0003 52723712
1731708109511 0.0003 52756480
1731708138596 0.0003 52789248
1731708164235 0.0003 52800000
1731708199306 0.0003 52854784
1731708228334 0.0003 52887552
1731708257148 0.0003 52920320
1731708285836 0.0003 52953088
1731708310274 0.0003 52960000
1731708345613 0.0003 53018624
1731708374313 0.0003 53051392
1731708403013 0.0003 53084160
1731708432038 0.0003 53116928
1731708456039 0.0003 53120000
1731708492186 0.0003 53182464
1731708520679 0.0003 53215232
1731708549620 0.0003 53248000
1731708579545 0.0003 53280000
1731708609245 0.0003 53313536
1731708637895 0.0003 53346304
1731708667146 0.0003 53379072
1731708696011 0.0003 53411840
1731708725641 0.0003 53440000
1731708755995 0.0003 53477376
1731708785044 0.0003 53510144
1731708814040 0.0003 53542912
1731708843135 0.0003 53575680
1731708872088 0.0003 53600000
1731708903378 0.0003 53641216
1731708932403 0.0003 53673984
1731708961086 0.0003 53706752
1731708989802 0.0003 53739520
1731709017870 0.0003 53760000
1731709049676 0.0003 53805056
1731709078392 0.0003 53837824
1731709107230 0.0003 53870592
1731709136542 0.0003 53903360
1731709163442 0.0003 53920000
1731709196366 0.0003 53968896
1731709225257 0.0003 54001664
1731709254190 0.0003 54034432
1731709283257 0.0003 54067200
1731709309024 0.0003 54080000
1731709343181 0.0003 54132736
1731709372183 0.0003 54165504
1731709401312 0.0003 54198272
1731709429962 0.0003 54231040
1731709455175 0.0003 54240000
1731709490269 0.0003 54296576
1731709519171 0.0003 54329344
1731709547946 0.0003 54362112
1731709576863 0.0003 54394880
1731709600789 0.0003 54400000
1731709636062 0.0003 54460416
1731709665167 0.0003 54493184
1731709694338 0.0003 54525952
1731709723114 0.0003 54558720
1731709746483 0.0003 54560000
1731709785680 0.0003 54624256
1731709814745 0.0003 54657024
1731709843445 0.0003 54689792
1731709873494 0.0003 54720000
1731709904368 0.0003 54755328
1731709933135 0.0003 54788096
1731709962645 0.0003 54820864
1731709992028 0.0003 54853632
1731710021078 0.0003 54880000
1731710053774 0.0003 54919168
1731710082512 0.0003 54951936
1731710112632 0.0003 54984704
1731710141748 0.0003 55017472
1731710171181 0.0003 55040000
1731710202997 0.0003 55083008
1731710232114 0.0003 55115776
1731710261347 0.0003 55148544
1731710290249 0.0003 55181312
1731710317639 0.0003 55200000
1731710350204 0.0003 55246848
1731710379242 0.0003 55279616
1731710408500 0.0003 55312384
1731710437641 0.0003 55345152
1731710464241 0.0003 55360000
1731710498114 0.0003 55410688
1731710527114 0.0003 55443456
1731710556188 0.0003 55476224
1731710585030 0.0003 55508992
1731710611072 0.0003 55520000
1731710645535 0.0003 55574528
1731710674436 0.0003 55607296
1731710703030 0.0003 55640064
1731710731752 0.0003 55672832
1731710756112 0.0003 55680000
1731710791009 0.0003 55738368
1731710819767 0.0003 55771136
1731710848505 0.0003 55803904
1731710877109 0.0003 55836672
1731710900736 0.0003 55840000
1731710937100 0.0003 55902208
1731710966666 0.0003 55934976
1731710995541 0.0003 55967744
1731711026008 0.0003 56000000
1731711055532 0.0003 56033280
1731711084374 0.0003 56066048
1731711113340 0.0003 56098816
1731711142088 0.0003 56131584
1731711172111 0.0003 56160000
1731711202011 0.0003 56197120
1731711232242 0.0003 56229888
1731711261059 0.0003 56262656
1731711290065 0.0003 56295424
1731711318700 0.0003 56320000
1731711351058 0.0003 56360960
1731711380015 0.0003 56393728
1731711408673 0.0003 56426496
1731711437364 0.0003 56459264
1731711465231 0.0003 56480000
1731711497346 0.0003 56524800
1731711526873 0.0003 56557568
1731711555713 0.0003 56590336
1731711584571 0.0003 56623104
1731711613262 0.0003 56640000
1731711647260 0.0003 56688640
1731711676118 0.0003 56721408
1731711706717 0.0003 56754176
1731711735801 0.0003 56786944
1731711762159 0.0003 56800000
1731711796416 0.0003 56852480
1731711825158 0.0003 56885248
1731711853958 0.0003 56918016
1731711882860 0.0003 56950784
1731711907959 0.0003 56960000
1731711943091 0.0003 57016320
1731711972028 0.0003 57049088
1731712001412 0.0003 57081856
1731712030540 0.0003 57114624
1731712054445 0.0003 57120000
1731712090072 0.0003 57180160
1731712118901 0.0003 57212928
1731712147629 0.0003 57245696
1731712176336 0.0003 57278464
1731712199801 0.0003 57280000
1731712235932 0.0003 57344000
1731712264915 0.0003 57376768
1731712293815 0.0003 57409536
1731712324514 0.0003 57440000
1731712354224 0.0003 57475072
1731712383612 0.0003 57507840
1731712413245 0.0003 57540608
1731712442761 0.0003 57573376
1731712472311 0.0003 57600000
1731712503835 0.0003 57638912
1731712532792 0.0003 57671680
1731712561727 0.0003 57704448
1731712590610 0.0003 57737216
1731712619052 0.0003 57760000
1731712651201 0.0003 57802752
1731712680517 0.0003 57835520
1731712709184 0.0003 57868288
1731712738192 0.0003 57901056
1731712765609 0.0003 57920000
1731712797896 0.0003 57966592
1731712827012 0.0003 57999360
1731712856012 0.0003 58032128
1731712884770 0.0003 58064896
1731712911320 0.0003 58080000
1731712945476 0.0003 58130432
1731712974601 0.0003 58163200
1731713003509 0.0003 58195968
1731713032615 0.0003 58228736
1731713059427 0.0003 58240000
1731713093789 0.0003 58294272
1731713122723 0.0003 58327040
1731713151773 0.0003 58359808
1731713180539 0.0003 58392576
1731713205173 0.0003 58400000
1731713240088 0.0003 58458112
1731713269354 0.0003 58490880
1731713298437 0.0003 58523648
1731713327387 0.0003 58556416
1731713351455 0.0003 58560000
1731713387345 0.0003 58621952
1731713416195 0.0003 58654720
1731713444862 0.0003 58687488
1731713475627 0.0003 58720000
1731713504885 0.0003 58753024
1731713533994 0.0003 58785792
1731713562377 0.0003 58818560
1731713591065 0.0003 58851328
1731713620335 0.0003 58880000
1731713650339 0.0003 58916864
1731713679257 0.0003 58949632
1731713708013 0.0003 58982400
1731713737279 0.0003 59015168
1731713765787 0.0003 59040000
1731713796728 0.0003 59080704
1731713825320 0.0003 59113472
1731713854219 0.0003 59146240
1731713883284 0.0003 59179008
1731713910744 0.0003 59200000
1731713942467 0.0003 59244544
1731713971442 0.0003 59277312
1731714000200 0.0003 59310080
1731714028783 0.0003 59342848
1731714055400 0.0003 59360000
1731714088113 0.0003 59408384
1731714116766 0.0003 59441152
1731714145840 0.0003 59473920
1731714174740 0.0003 59506688
1731714201116 0.0003 59520000
1731714234581 0.0003 59572224
1731714263656 0.0003 59604992
1731714292898 0.0003 59637760
1731714322131 0.0003 59670528
1731714347315 0.0003 59680000
1731714382421 0.0003 59736064
1731714411393 0.0003 59768832
1731714440330 0.0003 59801600
1731714469267 0.0003 59834368
1731714493181 0.0003 59840000
1731714529471 0.0003 59899904
1731714558706 0.0003 59932672
1731714587590 0.0003 59965440
1731714616331 0.0003 59998208
1731714639449 0.0003 60000000
1731714675955 0.0003 60063744
1731714705054 0.0003 60096512
1731714733654 0.0003 60129280
1731714763753 0.0003 60160000
1731714793319 0.0003 60194816
1731714822512 0.0003 60227584
1731714851168 0.0003 60260352
1731714880493 0.0003 60293120
1731714910147 0.0003 60320000
1731714940101 0.0003 60358656
1731714967401 0.0003 60391424
1731714994052 0.0003 60424192
1731715019278 0.0003 60456960
1731715044655 0.0003 60480000
1731715072779 0.0003 60522496
1731715097622 0.0003 60555264
1731715122706 0.0003 60588032
1731715147541 0.0003 60620800
1731715171442 0.0003 60640000
1731715200408 0.0003 60686336
1731715227067 0.0003 60719104
1731715252136 0.0003 60751872
1731715277169 0.0003 60784640
1731715300425 0.0003 60800000
1731715329208 0.0003 60850176
1731715354322 0.0003 60882944
1731715379301 0.0003 60915712
1731715404602 0.0003 60948480
1731715426928 0.0003 60960000
1731715456461 0.0003 61014016
1731715481220 0.0003 61046784
1731715506379 0.0003 61079552
1731715531487 0.0003 61112320
1731715552807 0.0003 61120000
1731715583131 0.0003 61177856
1731715608166 0.0003 61210624
1731715632825 0.0003 61243392
1731715657850 0.0003 61276160
1731715678619 0.0003 61280000
1731715709152 0.0003 61341696
1731715734163 0.0003 61374464
1731715758971 0.0003 61407232
1731715785621 0.0003 61440000
1731715810564 0.0003 61472768
1731715835515 0.0003 61505536
1731715860250 0.0003 61538304
1731715884934 0.0003 61571072
1731715910619 0.0003 61600000
1731715936736 0.0003 61636608
1731715961503 0.0003 61669376
1731715986238 0.0003 61702144
1731716011164 0.0003 61734912
1731716036207 0.0003 61760000
1731716063171 0.0003 61800448
1731716088704 0.0003 61833216
1731716113721 0.0003 61865984
1731716138422 0.0003 61898752
1731716162456 0.0003 61920000
1731716189873 0.0003 61964288
1731716215949 0.0003 61997056
1731716241645 0.0003 62029824
1731716266467 0.0003 62062592
1731716289935 0.0003 62080000
1731716317818 0.0003 62128128
1731716342969 0.0003 62160896
1731716369102 0.0003 62193664
1731716394179 0.0003 62226432
1731716416948 0.0003 62240000
1731716445880 0.0003 62291968
1731716470844 0.0003 62324736
1731716496106 0.0003 62357504
1731716520774 0.0003 62390272
1731716542576 0.0003 62400000
1731716572550 0.0003 62455808
1731716597335 0.0003 62488576
1731716622117 0.0003 62521344
1731716646952 0.0003 62554112
1731716667963 0.0003 62560000
1731716698548 0.0003 62619648
1731716723782 0.0003 62652416
1731716749064 0.0003 62685184
1731716774250 0.0003 62717952
1731716794241 0.0003 62720000
1731716825440 0.0003 62783488
1731716850291 0.0003 62816256
1731716875529 0.0003 62849024
1731716902033 0.0003 62880000
1731716927973 0.0003 62914560
1731716952685 0.0003 62947328
1731716977294 0.0003 62980096
1731717002087 0.0003 63012864
1731717027071 0.0003 63040000
1731717053313 0.0003 63078400
1731717078788 0.0003 63111168
1731717103860 0.0003 63143936
1731717128690 0.0003 63176704
1731717152906 0.0003 63200000
1731717179750 0.0003 63242240
1731717204651 0.0003 63275008
1731717230147 0.0003 63307776
1731717255202 0.0003 63340544
1731717278903 0.0003 63360000
1731717306470 0.0003 63406080
1731717331397 0.0003 63438848
1731717357372 0.0003 63471616
1731717383873 0.0003 63504384
1731717406957 0.0003 63520000
1731717435316 0.0003 63569920
1731717460033 0.0003 63602688
1731717484693 0.0003 63635456
1731717509453 0.0003 63668224
1731717531705 0.0003 63680000
1731717562854 0.0003 63733760
1731717587855 0.0003 63766528
1731717612703 0.0003 63799296
1731717637437 0.0003 63832064
1731717659289 0.0003 63840000
1731717691162 0.0003 63897600
1731717716154 0.0003 63930368
1731717741214 0.0003 63963136
1731717766231 0.0003 63995904
1731717786958 0.0003 64000000
1731717817841 0.0003 64061440
1731717842758 0.0003 64094208
1731717869509 0.0003 64126976
1731717894642 0.0003 64159744
1731717914628 0.0003 64160000
1731717946388 0.0003 64225280
1731717971161 0.0003 64258048
1731717995854 0.0003 64290816
1731718021713 0.0003 64320000
1731718047505 0.0003 64356352
1731718072723 0.0003 64389120
1731718097941 0.0003 64421888
1731718122917 0.0003 64454656
1731718147798 0.0003 64480000
1731718174836 0.0003 64520192
1731718201620 0.0003 64552960
1731718226990 0.0003 64585728
1731718252157 0.0003 64618496
1731718276467 0.0003 64640000
1731718305500 0.0003 64684032
1731718330467 0.0003 64716800
1731718355427 0.0003 64749568
1731718380370 0.0003 64782336
1731718403938 0.0003 64800000
