1731660345790 -2.0935513973236084 65536
1731660375220 -2.319206953048706 98304
1731660404992 -1.084021806716919 131072
1731660434031 0.16822189092636108 160000
1731660465589 0.33615124225616455 196608
1731660494691 0.34005022048950195 229376
1731660524674 0.36958974599838257 262144
1731660553857 0.37338680028915405 294912
1731660582919 0.41131848096847534 320000
1731660614810 0.3629012107849121 360448
1731660645338 0.3547767400741577 393216
1731660674784 0.37609148025512695 425984
1731660703617 0.36058753728866577 458752
1731660732126 0.35870838165283203 480000
1731660765894 0.4177435636520386 524288
1731660796162 0.43963152170181274 557056
1731660826608 0.42226505279541016 589824
1731660856546 0.39562439918518066 622592
1731660884455 0.44696229696273804 640000
1731660918318 0.38906925916671753 688128
1731660949047 0.45490795373916626 720896
1731660978282 0.513471931219101 753664
1731661007659 0.3861457109451294 786432
1731661034839 0.5280930697917938 800000
1731661070334 0.506177693605423 851968
1731661100493 0.5115244090557098 884736
1731661130132 0.47776538133621216 917504
1731661159542 0.5472172796726227 950272
1731661184366 0.47468680143356323 960000
1731661219753 0.5277434587478638 1015808
1731661252072 0.43907803297042847 1048576
1731661281569 0.5663110017776489 1081344
1731661310739 0.47366416454315186 1114112
1731661334923 0.5963644087314606 1120000
1731661371662 0.5432097911834717 1179648
1731661400206 0.2815014719963074 1212416
1731661429048 0.224432110786438 1245184
1731661457790 0.2937057614326477 1277952
1731661480708 0.26405829191207886 1280000
1731661517114 0.1717579960823059 1343488
1731661545779 0.283300518989563 1376256
1731661574414 0.3606395125389099 1409024
1731661604171 0.18635505437850952 1440000
1731661633508 -0.26062965393066406 1474560
1731661662081 0.013081967830657959 1507328
1731661690931 0.17892181873321533 1540096
1731661720239 -0.04256594181060791 1572864
1731661748902 0.15238577127456665 1600000
1731661779541 -0.047591447830200195 1638400
1731661808921 0.25478261709213257 1671168
1731661837861 0.23857533931732178 1703936
1731661866962 0.3313014507293701 1736704
1731661894948 0.27839481830596924 1760000
1731661926256 0.33823710680007935 1802240
1731661955523 0.5015344619750977 1835008
1731661985149 0.4669799208641052 1867776
1731662014334 0.5336796045303345 1900544
1731662041804 0.5864280760288239 1920000
1731662075439 0.5703224837779999 1966080
1731662105480 0.6413140296936035 1998848
1731662135437 0.6247344315052032 2031616
1731662164674 0.5887567102909088 2064384
1731662191543 0.6237533092498779 2080000
1731662227191 0.6465923488140106 2129920
1731662256550 0.654854953289032 2162688
1731662285656 0.6448141932487488 2195456
1731662315203 0.5841855704784393 2228224
1731662340518 0.642085462808609 2240000
1731662375072 0.5812991857528687 2293760
1731662404071 0.6096928715705872 2326528
1731662433422 0.548574298620224 2359296
1731662462620 0.5993162095546722 2392064
1731662487269 0.6235515475273132 2400000
1731662523271 0.6264664530754089 2457600
1731662552609 0.6359919309616089 2490368
1731662581428 0.6140894889831543 2523136
1731662611270 0.6366131901741028 2555904
1731662635833 0.6336635947227478 2560000
1731662672592 0.6302421689033508 2621440
1731662701429 0.6166015863418579 2654208
1731662730427 0.6312020719051361 2686976
1731662759844 0.6603411436080933 2719744
1731662783029 0.6078699231147766 2720000
1731662820685 0.6464865505695343 2785280
1731662850468 0.6178999245166779 2818048
1731662880035 0.6201945245265961 2850816
1731662909821 0.6102277636528015 2880000
1731662939740 0.6044133603572845 2916352
1731662968737 0.6017036736011505 2949120
1731662997787 0.5756945312023163 2981888
1731663026918 0.6150966584682465 3014656
1731663055430 0.6192638874053955 3040000
1731663086270 0.6313961446285248 3080192
1731663115628 0.6082702279090881 3112960
1731663144593 0.6003870964050293 3145728
1731663174506 0.5824888050556183 3178496
1731663202037 0.544171541929245 3200000
1731663234519 0.5809034407138824 3244032
1731663263585 0.5799071192741394 3276800
1731663292552 0.6062113642692566 3309568
1731663321866 0.5789065361022949 3342336
1731663348518 0.6028742790222168 3360000
1731663381657 0.6363697946071625 3407872
1731663411220 0.5765619874000549 3440640
1731663440705 0.5561485290527344 3473408
1731663470189 0.6011554300785065 3506176
1731663496210 0.5727831423282623 3520000
1731663530000 0.6200370490550995 3571712
1731663559025 0.6226839423179626 3604480
1731663588251 0.5999268591403961 3637248
1731663618450 0.6196968257427216 3670016
1731663644623 0.588275671005249 3680000
1731663679874 0.6073755621910095 3735552
1731663708619 0.5706441104412079 3768320
1731663738646 0.5541727244853973 3801088
1731663768310 0.60118767619133 3833856
1731663792870 0.5988674461841583 3840000
1731663830201 0.5839009582996368 3899392
1731663859015 0.5822381675243378 3932160
1731663888567 0.5611622929573059 3964928
1731663918308 0.6033396422863007 3997696
1731663941750 0.6030160784721375 4000000
1731663980159 0.5826572179794312 4063232
1731664009056 0.568698912858963 4096000
1731664038847 0.5931060612201691 4128768
1731664069872 0.6177752017974854 4160000
1731664101127 0.6136002242565155 4194304
1731664130663 0.6011240482330322 4227072
1731664159740 0.5852878987789154 4259840
1731664189513 0.6142622828483582 4292608
1731664219118 0.597932904958725 4320000
1731664249482 0.6370057761669159 4358144
1731664279129 0.6096861362457275 4390912
1731664308888 0.577073872089386 4423680
1731664337705 0.5916807651519775 4456448
1731664366419 0.6027536392211914 4480000
1731664397876 0.6176621913909912 4521984
1731664426670 0.5495911538600922 4554752
1731664456164 0.6293431222438812 4587520
1731664485800 0.6030175983905792 4620288
1731664513053 0.5810577571392059 4640000
1731664546055 0.5690428614616394 4685824
1731664574715 0.5640604794025421 4718592
1731664603821 0.5785390436649323 4751360
1731664632587 0.6161099970340729 4784128
1731664658829 0.5879474878311157 4800000
1731664692586 0.6076609790325165 4849664
1731664722135 0.6003848016262054 4882432
1731664751130 0.5990866720676422 4915200
1731664780521 0.6123158931732178 4947968
1731664805979 0.594842255115509 4960000
1731664841034 0.6054290533065796 5013504
1731664870957 0.594581812620163 5046272
1731664900818 0.6132300496101379 5079040
1731664931257 0.5996309220790863 5111808
1731664956679 0.6190059185028076 5120000
1731664992611 0.5985440909862518 5177344
1731665021993 0.6225561201572418 5210112
1731665053108 0.5970055162906647 5242880
1731665082717 0.5825279951095581 5275648
1731665106702 0.6019402146339417 5280000
1731665143343 0.6000921726226807 5341184
1731665172017 0.6144673526287079 5373952
1731665201729 0.5843974947929382 5406720
1731665230776 0.6078187525272369 5439488
1731665253386 0.5856734216213226 5440000
1731665291650 0.5726085305213928 5505024
1731665321091 0.6110994815826416 5537792
1731665350041 0.6203196346759796 5570560
1731665379491 0.6086747348308563 5600000
1731665409357 0.6062833368778229 5636096
1731665438375 0.6083669364452362 5668864
1731665467401 0.5933775305747986 5701632
1731665496361 0.5910203456878662 5734400
1731665525399 0.5946475267410278 5760000
1731665556312 0.5984701812267303 5799936
1731665584939 0.6157266795635223 5832704
1731665613966 0.5933473408222198 5865472
1731665642874 0.6143316626548767 5898240
1731665670758 0.6163435578346252 5920000
1731665702044 0.5985940098762512 5963776
1731665731404 0.6045737564563751 5996544
1731665760781 0.6056398749351501 6029312
1731665789569 0.585886150598526 6062080
1731665816010 0.6191191077232361 6080000
1731665848359 0.5960597991943359 6127616
1731665877310 0.6052516996860504 6160384
1731665905950 0.6146053075790405 6193152
1731665934617 0.5949395298957825 6225920
1731665960776 0.6189480125904083 6240000
1731665994414 0.6112180352210999 6291456
1731666023610 0.6145035922527313 6324224
1731666052673 0.6005743741989136 6356992
1731666081583 0.6005091667175293 6389760
1731666106385 0.6331360936164856 6400000
1731666140433 0.6227340996265411 6455296
1731666169498 0.6498144865036011 6488064
1731666198570 0.6064531207084656 6520832
1731666227284 0.617523193359375 6553600
1731666251443 0.6205260157585144 6560000
1731666286510 0.6162866055965424 6619136
1731666315220 0.5982488989830017 6651904
1731666344417 0.6108159422874451 6684672
1731666373212 0.6197975873947144 6717440
1731666396236 0.6213859915733337 6720000
1731666432605 0.5983909368515015 6782976
1731666461484 0.589131623506546 6815744
1731666490344 0.6093167364597321 6848512
1731666520142 0.6244049966335297 6880000
1731666549917 0.6153825521469116 6914048
1731666578782 0.6055358648300171 6946816
1731666608251 0.6076667308807373 6979584
1731666637620 0.6095270216464996 7012352
1731666666650 0.5950875580310822 7040000
1731666696750 0.6295746266841888 7077888
1731666726145 0.6004084348678589 7110656
1731666755250 0.6109760105609894 7143424
1731666784203 0.6081541180610657 7176192
1731666812384 0.6117236018180847 7200000
1731666846106 0.6018514335155487 7241728
1731666875012 0.6405627727508545 7274496
1731666904094 0.6316817998886108 7307264
1731666932933 0.6050252914428711 7340032
1731666960370 0.6247716248035431 7360000
1731666993155 0.5803233981132507 7405568
1731667022496 0.5870067179203033 7438336
1731667051868 0.62755486369133 7471104
1731667080841 0.6282121539115906 7503872
1731667107344 0.6150807738304138 7520000
1731667142095 0.5903983116149902 7569408
1731667171240 0.641333132982254 7602176
1731667200271 0.6414957344532013 7634944
1731667229565 0.648236870765686 7667712
1731667254922 0.6217302083969116 7680000
1731667289508 0.6457408964633942 7733248
1731667318490 0.588858425617218 7766016
1731667347319 0.5895630121231079 7798784
1731667377294 0.5892078280448914 7831552
1731667401967 0.6266524195671082 7840000
1731667437906 0.6373469531536102 7897088
1731667467199 0.6326463222503662 7929856
1731667496140 0.6013891696929932 7962624
1731667525116 0.6157389879226685 7995392
1731667548732 0.6182370483875275 8000000
1731667585949 0.6151655912399292 8060928
1731667614949 0.6078695356845856 8093696
1731667643975 0.6244028508663177 8126464
1731667673137 0.6163451075553894 8159232
1731667695839 0.6285290122032166 8160000
1731667733389 0.6268265247344971 8224768
1731667762781 0.6190505921840668 8257536
1731667791112 0.593702495098114 8290304
1731667820745 0.6360248923301697 8320000
1731667850591 0.6137418150901794 8355840
1731667879993 0.603494256734848 8388608
1731667910067 0.6185330152511597 8421376
1731667938947 0.6152865886688232 8454144
1731667968271 0.6069447100162506 8480000
1731668000029 0.5961318016052246 8519680
1731668029071 0.6181766986846924 8552448
1731668057915 0.6280643045902252 8585216
1731668087421 0.6171897649765015 8617984
1731668115272 0.6590381264686584 8640000
1731668147879 0.636863648891449 8683520
1731668176854 0.6080101728439331 8716288
1731668206161 0.6247247159481049 8749056
1731668235022 0.5882784724235535 8781824
1731668261735 0.6430273354053497 8800000
1731668295222 0.549275130033493 8847360
1731668325927 0.622538685798645 8880128
1731668355404 0.6092824637889862 8912896
1731668385444 0.6182803511619568 8945664
1731668411601 0.6047375500202179 8960000
1731668445887 0.6025170981884003 9011200
1731668475184 0.6210677623748779 9043968
1731668505164 0.6127206385135651 9076736
1731668534507 0.6118270456790924 9109504
1731668559343 0.6133525669574738 9120000
1731668594578 0.5936501026153564 9175040
1731668625384 0.5979061424732208 9207808
1731668654842 0.5976142585277557 9240576
1731668683990 0.6091064512729645 9273344
1731668707598 0.5877359211444855 9280000
1731668744192 0.5998576283454895 9338880
1731668773540 0.6251928806304932 9371648
1731668803456 0.6090890765190125 9404416
1731668833482 0.6001373529434204 9437184
1731668857039 0.6014333367347717 9440000
1731668894552 0.619610458612442 9502720
1731668924433 0.5730454921722412 9535488
1731668953980 0.6033783555030823 9568256
1731668984648 0.6029679775238037 9600000
1731669015368 0.593558669090271 9633792
1731669045497 0.5989611148834229 9666560
1731669076878 0.6045157313346863 9699328
1731669107369 0.6096737384796143 9732096
1731669138556 0.5903157293796539 9760000
1731669172803 0.5607655942440033 9797632
1731669204286 0.5862955451011658 9830400
1731669234924 0.5767821669578552 9863168
1731669264803 0.5930350124835968 9895936
1731669293546 0.5986396372318268 9920000
1731669326010 0.6027901470661163 9961472
1731669355776 0.6020162105560303 9994240
1731669385788 0.561657726764679 10027008
1731669415765 0.5951841175556183 10059776
1731669443552 0.59075528383255 10080000
1731669477500 0.5965708494186401 10125312
1731669507337 0.5855171084403992 10158080
1731669537742 0.568663090467453 10190848
1731669568154 0.5930840075016022 10223616
1731669595187 0.5640550255775452 10240000
1731669630762 0.6117494702339172 10289152
1731669660584 0.5571141541004181 10321920
1731669690865 0.583769828081131 10354688
1731669720732 0.6193965673446655 10387456
1731669746512 0.5786781907081604 10400000
1731669782695 0.5705989599227905 10452992
1731669812679 0.5920120477676392 10485760
1731669842528 0.6044745445251465 10518528
1731669872620 0.6376191079616547 10551296
1731669897139 0.5953986942768097 10560000
1731669934467 0.5627943873405457 10616832
1731669964401 0.5561576187610626 10649600
1731669993870 0.5456187427043915 10682368
1731670023860 0.5892994999885559 10715136
1731670047584 0.6029716730117798 10720000
1731670085511 0.5557465255260468 10780672
1731670115336 0.5874673426151276 10813440
1731670145481 0.5683157742023468 10846208
1731670175852 0.584773451089859 10878976
1731670198572 0.5971626341342926 10880000
1731670236931 0.5688070952892303 10944512
1731670266960 0.6012368500232697 10977280
1731670296904 0.5784760117530823 11010048
1731670326817 0.5839847922325134 11040000
1731670358055 0.5369882881641388 11075584
1731670387968 0.5536565780639648 11108352
1731670417912 0.5574358403682709 11141120
1731670448098 0.6176862716674805 11173888
1731670476893 0.6106447577476501 11200000
1731670508645 0.5548974573612213 11239424
1731670538645 0.5934173762798309 11272192
1731670568502 0.6186080873012543 11304960
1731670598598 0.6045366525650024 11337728
1731670626519 0.5338878929615021 11360000
1731670658871 0.5723834931850433 11403264
1731670689342 0.5834333896636963 11436032
1731670719189 0.5654723942279816 11468800
1731670748808 0.5312447249889374 11501568
1731670775803 0.581632524728775 11520000
1731670809685 0.5870642066001892 11567104
1731670839503 0.5818882286548615 11599872
1731670869328 0.5816428959369659 11632640
1731670898702 0.5911677181720734 11665408
1731670924411 0.5760745704174042 11680000
1731670958783 0.5524774789810181 11730944
1731670988782 0.5373249351978302 11763712
1731671018204 0.5669021308422089 11796480
1731671048174 0.5456826686859131 11829248
1731671072814 0.5665581822395325 11840000
1731671108138 0.5805525779724121 11894784
1731671137645 0.5800263285636902 11927552
1731671167171 0.5848453938961029 11960320
1731671196606 0.5346863865852356 11993088
1731671220533 0.5377566516399384 12000000
1731671256543 0.54307821393013 12058624
1731671285771 0.5803215205669403 12091392
1731671315729 0.5804955661296844 12124160
1731671345567 0.5683326721191406 12156928
1731671368278 0.5867709815502167 12160000
1731671405479 0.558121383190155 12222464
1731671434858 0.5465599596500397 12255232
1731671464591 0.5777011811733246 12288000
1731671495019 0.5684375166893005 12320000
1731671524881 0.594440370798111 12353536
1731671554113 0.5536066889762878 12386304
1731671583704 0.576438307762146 12419072
1731671613118 0.5779068768024445 12451840
1731671642057 0.5720229148864746 12480000
1731671672896 0.5660357177257538 12517376
1731671702478 0.5997721254825592 12550144
1731671731751 0.5850135684013367 12582912
1731671761692 0.5511036515235901 12615680
1731671790185 0.5748659670352936 12640000
1731671821686 0.5487041473388672 12681216
1731671851006 0.5221067667007446 12713984
1731671880419 0.551436722278595 12746752
1731671910241 0.5798799693584442 12779520
1731671937396 0.4951428174972534 12800000
1731671970116 0.5635735094547272 12845056
1731671999248 0.5426583886146545 12877824
1731672030526 0.5927282571792603 12910592
1731672060110 0.554958313703537 12943360
1731672086284 0.6160880923271179 12960000
1731672120101 0.5910100638866425 13008896
1731672149377 0.5369373261928558 13041664
1731672178549 0.5977275669574738 13074432
1731672207793 0.6129246652126312 13107200
1731672233633 0.5908733904361725 13120000
1731672268351 0.5424983501434326 13172736
1731672297709 0.5513618588447571 13205504
1731672327342 0.5468312799930573 13238272
1731672356526 0.5480297207832336 13271040
1731672381004 0.5580113530158997 13280000
1731672416753 0.6137783229351044 13336576
1731672445915 0.5999747812747955 13369344
1731672475458 0.5393739640712738 13402112
1731672505985 0.5471752882003784 13434880
1731672529177 0.5902242958545685 13440000
1731672566068 0.5878601670265198 13500416
1731672595497 0.5857496857643127 13533184
1731672624755 0.5610107183456421 13565952
1731672654580 0.6019658446311951 13598720
1731672676856 0.5301879346370697 13600000
1731672715292 0.5204421281814575 13664256
1731672745010 0.5605299472808838 13697024
1731672776974 0.5711451768875122 13729792
1731672807112 0.603066474199295 13760000
1731672837462 0.49672049283981323 13795328
1731672866847 0.5664702355861664 13828096
1731672895876 0.5392526686191559 13860864
1731672925614 0.6262657940387726 13893632
1731672954488 0.5918990969657898 13920000
1731672986036 0.5849438309669495 13959168
1731673015695 0.5513640344142914 13991936
1731673044808 0.5532288253307343 14024704
1731673073891 0.5203840732574463 14057472
1731673101408 0.5606377720832825 14080000
1731673133987 0.5836624503135681 14123008
1731673163312 0.5659693479537964 14155776
1731673192892 0.5666700899600983 14188544
1731673222716 0.5882036089897156 14221312
1731673249595 0.5511918067932129 14240000
1731673283468 0.5543082058429718 14286848
1731673313136 0.5788673758506775 14319616
1731673342594 0.5379898846149445 14352384
1731673371736 0.5683016180992126 14385152
1731673397679 0.5793601870536804 14400000
1731673432898 0.5349003374576569 14450688
1731673463167 0.5697354674339294 14483456
1731673493326 0.5864045023918152 14516224
1731673522711 0.5716029107570648 14548992
1731673547329 0.6450252830982208 14560000
1731673583070 0.5661204755306244 14614528
1731673613903 0.5863216519355774 14647296
1731673643965 0.5389901995658875 14680064
1731673673359 0.5179058313369751 14712832
1731673697090 0.4973773956298828 14720000
1731673735262 0.5129778683185577 14778368
1731673765730 0.5660458207130432 14811136
1731673795628 0.5684880912303925 14843904
1731673825353 0.4996568560600281 14876672
1731673848032 0.46071887016296387 14880000
1731673885000 0.5147363245487213 14942208
1731673914442 0.5757299661636353 14974976
1731673943867 0.5588068664073944 15007744
1731673974505 0.5598244667053223 15040000
1731674004136 0.6162368059158325 15073280
1731674034260 0.5782531797885895 15106048
1731674064111 0.5644363164901733 15138816
1731674093705 0.5043612122535706 15171584
1731674123296 0.565284013748169 15200000
1731674154305 0.5369696617126465 15237120
1731674183513 0.5560012459754944 15269888
1731674212882 0.5508201718330383 15302656
1731674242815 0.4943578243255615 15335424
1731674271210 0.447709858417511 15360000
1731674303626 0.5472025573253632 15400960
1731674333090 0.5208047926425934 15433728
1731674362740 0.5710212588310242 15466496
1731674392367 0.5168586075305939 15499264
1731674419672 0.5858538746833801 15520000
1731674452381 0.5440648794174194 15564800
1731674481856 0.5929941236972809 15597568
1731674511701 0.6028339862823486 15630336
1731674541357 0.5929307341575623 15663104
1731674567674 0.5829030871391296 15680000
1731674601633 0.5439424812793732 15728640
1731674631074 0.5846023261547089 15761408
1731674661271 0.4276166558265686 15794176
1731674691944 0.47145164012908936 15826944
1731674717580 0.5518217384815216 15840000
1731674752156 0.5033529102802277 15892480
1731674781354 0.5023177266120911 15925248
1731674810697 0.4937012195587158 15958016
1731674840672 0.48828035593032837 15990784
1731674865045 0.5753461122512817 16000000
1731674901636 0.5581085085868835 16056320
1731674931036 0.5602342784404755 16089088
1731674960305 0.6095585525035858 16121856
1731674990339 0.5421426296234131 16154624
1731675013481 0.5834542512893677 16160000
1731675050786 0.5544447004795074 16220160
1731675079846 0.5574460923671722 16252928
1731675109204 0.5763902366161346 16285696
1731675138504 0.6255947351455688 16318464
1731675160624 0.5907310545444489 16320000
1731675198479 0.5069660842418671 16384000
1731675227563 0.5990943610668182 16416768
1731675256721 0.5176980793476105 16449536
1731675286425 0.5394347012042999 16480000
1731675317637 0.5642915368080139 16515072
1731675346369 0.4861525297164917 16547840
1731675376211 0.552881509065628 16580608
1731675405204 0.579053670167923 16613376
1731675434013 0.5432164371013641 16640000
1731675465613 0.5027750134468079 16678912
1731675495637 0.556774914264679 16711680
1731675525699 0.5223897695541382 16744448
1731675555324 0.5473110377788544 16777216
1731675582954 0.5744433403015137 16800000
1731675615019 0.5429223775863647 16842752
1731675644403 0.5988201797008514 16875520
1731675673854 0.5301971435546875 16908288
1731675702670 0.5655309557914734 16941056
1731675729401 0.5286450386047363 16960000
1731675762939 0.5392733514308929 17006592
1731675792501 0.5764627456665039 17039360
1731675821795 0.5089417397975922 17072128
1731675851820 0.4626542329788208 17104896
1731675877615 0.5659063458442688 17120000
1731675911637 0.5725549459457397 17170432
1731675941207 0.5209078788757324 17203200
1731675970883 0.5124485492706299 17235968
1731676001279 0.6312880218029022 17268736
1731676026337 0.5009087920188904 17280000
1731676061402 0.5600192248821259 17334272
1731676091458 0.548075944185257 17367040
1731676120586 0.4958655834197998 17399808
1731676149678 0.5164766609668732 17432576
1731676173184 0.5528677701950073 17440000
1731676209334 0.5564061403274536 17498112
1731676238573 0.5515305995941162 17530880
1731676268486 0.5556495189666748 17563648
1731676298117 0.6204545199871063 17596416
1731676321058 0.5574772357940674 17600000
1731676358419 0.5406706929206848 17661952
1731676387212 0.5144646167755127 17694720
1731676416973 0.5775792598724365 17727488
1731676447639 0.5253006517887115 17760000
1731676477510 0.5449429452419281 17793024
1731676507319 0.5843841433525085 17825792
1731676536625 0.4984428882598877 17858560
1731676566249 0.5450172126293182 17891328
1731676595920 0.5102421045303345 17920000
1731676627022 0.4922366738319397 17956864
1731676656485 0.5347698330879211 17989632
1731676686361 0.5790444612503052 18022400
1731676715951 0.5480445921421051 18055168
1731676745651 0.5051627159118652 18080000
1731676777152 0.46112900972366333 18120704
1731676806702 0.5285042822360992 18153472
1731676836168 0.5410215258598328 18186240
1731676865435 0.6057564318180084 18219008
1731676894087 0.5874665975570679 18240000
1731676927216 0.5427831411361694 18284544
1731676956504 0.5317601561546326 18317312
1731676985884 0.5118534862995148 18350080
1731677015642 0.49448132514953613 18382848
1731677042009 0.5365190505981445 18400000
1731677075336 0.5148331522941589 18448384
1731677105015 0.5993106663227081 18481152
1731677134725 0.5394867956638336 18513920
1731677164168 0.5709739625453949 18546688
1731677189394 0.482272207736969 18560000
1731677223858 0.5498948097229004 18612224
1731677253158 0.4942992329597473 18644992
1731677282183 0.5608936846256256 18677760
1731677311102 0.5497576892375946 18710528
1731677335857 0.3987925052642822 18720000
1731677370937 0.32823437452316284 18776064
1731677402245 0.4690491557121277 18808832
1731677431678 0.5429255664348602 18841600
1731677461306 0.5237593054771423 18874368
1731677484644 0.51527139544487 18880000
1731677520724 0.5335520803928375 18939904
1731677550224 0.558219850063324 18972672
1731677581471 0.5578057169914246 19005440
1731677610795 0.5584847629070282 19038208
1731677633320 0.5113511383533478 19040000
1731677670643 0.5093902349472046 19103744
1731677699966 0.5555252730846405 19136512
1731677730976 0.5718763768672943 19169280
1731677760768 0.626760333776474 19200000
1731677791548 0.5371399521827698 19234816
1731677821493 0.5327548384666443 19267584
1731677852324 0.5629242360591888 19300352
1731677882817 0.5509564280509949 19333120
1731677911859 0.5431035757064819 19360000
1731677943407 0.5363026857376099 19398656
1731677972983 0.5543059408664703 19431424
1731678002350 0.5574173331260681 19464192
1731678031358 0.5539312362670898 19496960
1731678059489 0.5381851196289062 19520000
1731678092026 0.5733826756477356 19562496
1731678121423 0.5612691938877106 19595264
1731678151094 0.5017310976982117 19628032
1731678180972 0.5019139647483826 19660800
1731678207867 0.5807076692581177 19680000
1731678240542 0.5617683529853821 19726336
1731678270292 0.5702718198299408 19759104
1731678300197 0.5971321761608124 19791872
1731678330055 0.5265527963638306 19824640
1731678356200 0.5891157984733582 19840000
1731678390579 0.539831280708313 19890176
1731678420341 0.5495031774044037 19922944
1731678450217 0.5097993314266205 19955712
1731678479799 0.5072691738605499 19988480
1731678504792 0.534666508436203 20000000
1731678540157 0.5252062678337097 20054016
1731678569941 0.5620383620262146 20086784
1731678599485 0.5107935965061188 20119552
1731678629193 0.5747566819190979 20152320
1731678652828 0.5510153472423553 20160000
1731678691496 0.5390782058238983 20217856
1731678724129 0.6323004961013794 20250624
1731678757296 0.5635046362876892 20283392
1731678789623 0.5289051532745361 20316160
1731678815331 0.5945481956005096 20320000
1731678857688 0.5815715491771698 20381696
1731678891656 0.5722580254077911 20414464
1731678929296 0.5560060441493988 20447232
1731678965600 0.5691180229187012 20480000
1731679001975 0.4987228512763977 20512768
1731679036178 0.5271318256855011 20545536
1731679065527 0.5879405438899994 20578304
1731679095261 0.520841509103775 20611072
1731679124930 0.5299365818500519 20640000
1731679156021 0.5498407483100891 20676608
1731679184885 0.5020604133605957 20709376
1731679214820 0.5277365446090698 20742144
1731679244538 0.495705783367157 20774912
1731679273159 0.49929797649383545 20800000
1731679305397 0.5514425039291382 20840448
1731679336541 0.575717955827713 20873216
1731679367612 0.4757973551750183 20905984
1731679397125 0.5011546909809113 20938752
1731679424671 0.5184236168861389 20960000
1731679457103 0.508468896150589 21004288
1731679486478 0.5413601100444794 21037056
1731679516335 0.5457251965999603 21069824
1731679545688 0.5741658210754395 21102592
1731679572277 0.5557138919830322 21120000
1731679607177 0.5751091241836548 21168128
1731679636758 0.5588096082210541 21200896
1731679667069 0.5891065895557404 21233664
1731679697188 0.513434648513794 21266432
1731679722641 0.45891475677490234 21280000
1731679757348 0.39442360401153564 21331968
1731679786999 0.49181175231933594 21364736
1731679816788 0.38703155517578125 21397504
1731679845964 0.41547298431396484 21430272
1731679870478 0.5117214024066925 21440000
1731679905382 0.36222976446151733 21495808
1731679935722 0.3890193700790405 21528576
1731679965600 0.5040213763713837 21561344
1731679995393 0.45429521799087524 21594112
1731680018671 0.4845581650733948 21600000
1731680055245 0.546684592962265 21659648
1731680085170 0.5748071074485779 21692416
1731680114843 0.4875792860984802 21725184
1731680144626 0.5041260421276093 21757952
1731680167338 0.5641966164112091 21760000
1731680205156 0.5547486245632172 21823488
1731680235166 0.5320024490356445 21856256
1731680264723 0.5457981824874878 21889024
1731680294996 0.5169508755207062 21920000
1731680325392 0.5214130282402039 21954560
1731680354908 0.538397341966629 21987328
1731680384885 0.4966716170310974 22020096
1731680414908 0.5405501127243042 22052864
1731680443568 0.584401547908783 22080000
1731680474850 0.5361447632312775 22118400
1731680504360 0.5429796874523163 22151168
1731680533608 0.4762392044067383 22183936
1731680565703 0.5463787913322449 22216704
1731680593939 0.5573085248470306 22240000
1731680626599 0.578158438205719 22282240
1731680656186 0.5509418249130249 22315008
1731680685452 0.5717624723911285 22347776
1731680714522 0.5173023343086243 22380544
1731680742060 0.5809817314147949 22400000
1731680775713 0.5280434191226959 22446080
1731680805448 0.5722002983093262 22478848
1731680835199 0.5865342617034912 22511616
1731680865481 0.5425849258899689 22544384
1731680895616 0.4969612956047058 22560000
1731680929696 0.519385814666748 22609920
1731680959688 0.5353513062000275 22642688
1731680990421 0.5196239352226257 22675456
1731681020584 0.570976585149765 22708224
1731681045792 0.6006349325180054 22720000
1731681081889 0.5483140051364899 22773760
1731681111729 0.5735310316085815 22806528
1731681141244 0.5633338391780853 22839296
1731681170988 0.5235036909580231 22872064
1731681194919 0.5487039685249329 22880000
1731681231494 0.49713730812072754 22937600
1731681261741 0.5127545595169067 22970368
1731681291722 0.5525117218494415 23003136
1731681321606 0.5458847880363464 23035904
1731681345067 0.5646683871746063 23040000
1731681383530 0.5250674188137054 23101440
1731681413177 0.5368168354034424 23134208
1731681443217 0.5236908793449402 23166976
1731681472989 0.6162960827350616 23199744
1731681494642 0.4693375825881958 23200000
1731681532470 0.459534227848053 23265280
1731681562741 0.540184885263443 23298048
1731681593018 0.4555501937866211 23330816
1731681623193 0.5058579742908478 23360000
1731681653634 0.5279191732406616 23396352
1731681683360 0.5420251786708832 23429120
1731681712909 0.5778281092643738 23461888
1731681742518 0.5441405475139618 23494656
1731681770701 0.5718030333518982 23520000
1731681803750 0.578996866941452 23560192
1731681833134 0.5955715775489807 23592960
1731681862555 0.4832201600074768 23625728
1731681892174 0.5396986305713654 23658496
1731681919792 0.5877743363380432 23680000
1731681953191 0.5651682913303375 23724032
1731681982516 0.5533240735530853 23756800
1731682011887 0.5268549919128418 23789568
1731682042685 0.4989438056945801 23822336
1731682069534 0.5096618831157684 23840000
1731682106665 0.5402620136737823 23887872
1731682136107 0.5224331617355347 23920640
1731682165665 0.5605288445949554 23953408
1731682195152 0.5388618111610413 23986176
1731682221089 0.5403067171573639 24000000
1731682256879 0.5621659755706787 24051712
1731682286449 0.49499350786209106 24084480
1731682315856 0.5018859803676605 24117248
1731682345281 0.5315383076667786 24150016
1731682369654 0.615907609462738 24160000
1731682405306 0.5723065137863159 24215552
1731682434689 0.5275355279445648 24248320
1731682464062 0.5965532064437866 24281088
1731682493390 0.5799188911914825 24313856
1731682516769 0.5829344391822815 24320000
1731682553297 0.5779456198215485 24379392
1731682582962 0.652307540178299 24412160
1731682612648 0.5261009633541107 24444928
1731682642111 0.5464434325695038 24477696
1731682664583 0.5423106551170349 24480000
1731682702263 0.5141871869564056 24543232
1731682731929 0.5356481969356537 24576000
1731682761830 0.528650313615799 24608768
1731682791806 0.4962010979652405 24640000
1731682821855 0.5011734962463379 24674304
1731682851224 0.5827243328094482 24707072
1731682880577 0.5379828214645386 24739840
1731682909972 0.49868476390838623 24772608
1731682938806 0.5465005040168762 24800000
1731682970069 0.4273819923400879 24838144
1731682999372 0.5321373045444489 24870912
1731683028916 0.506069153547287 24903680
1731683058538 0.546819657087326 24936448
1731683086280 0.5235499441623688 24960000
1731683118814 0.5267991125583649 25001984
1731683148029 0.5332677066326141 25034752
1731683177285 0.526199221611023 25067520
1731683207081 0.4863124489784241 25100288
1731683234534 0.4765223264694214 25120000
1731683268010 0.5303398072719574 25165824
1731683297247 0.5352163016796112 25198592
1731683326501 0.5346657037734985 25231360
1731683355739 0.48424744606018066 25264128
1731683381565 0.47593289613723755 25280000
1731683415344 0.5594965815544128 25329664
1731683444806 0.53888139128685 25362432
1731683474047 0.5010247528553009 25395200
1731683503541 0.5520605444908142 25427968
1731683528557 0.4819418787956238 25440000
1731683563931 0.5850333571434021 25493504
1731683593364 0.5663880109786987 25526272
1731683622395 0.5612331032752991 25559040
1731683651506 0.6169863939285278 25591808
1731683675383 0.5244486033916473 25600000
1731683711410 0.5624666213989258 25657344
1731683741217 0.5124969780445099 25690112
1731683770772 0.5162851214408875 25722880
1731683799939 0.5255138874053955 25755648
1731683822933 0.5545085370540619 25760000
1731683859389 0.5553713738918304 25821184
1731683888748 0.5418975055217743 25853952
1731683917981 0.5859817266464233 25886720
1731683947463 0.5710398554801941 25919488
1731683969554 0.525407612323761 25920000
1731684008941 0.5205745100975037 25985024
1731684038195 0.5408863127231598 26017792
1731684067986 0.49995648860931396 26050560
1731684097961 0.47113949060440063 26080000
1731684129081 0.5160375535488129 26116096
1731684158929 0.5105603933334351 26148864
1731684188603 0.5074650645256042 26181632
1731684218161 0.5032477676868439 26214400
1731684246231 0.5480315685272217 26240000
1731684277570 0.5071891844272614 26279936
1731684306936 0.4994974732398987 26312704
1731684336514 0.5405338108539581 26345472
1731684366589 0.5289244651794434 26378240
1731684393781 0.5241118967533112 26400000
1731684426534 0.5511603653430939 26443776
1731684456538 0.4945027828216553 26476544
1731684486238 0.5285930335521698 26509312
1731684515523 0.5456844568252563 26542080
1731684542586 0.5718927085399628 26560000
1731684576668 0.5227795541286469 26607616
1731684606255 0.5691753625869751 26640384
1731684635712 0.572245180606842 26673152
1731684665269 0.5652019381523132 26705920
1731684690931 0.6045113503932953 26720000
1731684725478 0.6158197522163391 26771456
1731684755293 0.5266722738742828 26804224
1731684785438 0.5979215502738953 26836992
1731684815346 0.5393290519714355 26869760
1731684840031 0.5155500173568726 26880000
1731684876392 0.5202154219150543 26935296
1731684906217 0.5514780282974243 26968064
1731684935800 0.5958454608917236 27000832
1731684965470 0.5224554240703583 27033600
1731684989077 0.4986710548400879 27040000
1731685025633 0.5073210597038269 27099136
1731685055143 0.5556822419166565 27131904
1731685084866 0.5434989929199219 27164672
1731685114458 0.5868964791297913 27197440
1731685137598 0.5904695689678192 27200000
1731685175352 0.5263366103172302 27262976
1731685205137 0.5803565979003906 27295744
1731685234916 0.49014919996261597 27328512
1731685264837 0.4958258271217346 27360000
1731685294595 0.5827868580818176 27394048
1731685324209 0.4792715907096863 27426816
1731685353633 0.4383423924446106 27459584
1731685382857 0.47879427671432495 27492352
1731685411645 0.5318403542041779 27520000
1731685442521 0.4909045100212097 27557888
1731685472498 0.49528443813323975 27590656
1731685502149 0.5096798539161682 27623424
1731685531937 0.4754254221916199 27656192
1731685559971 0.49296265840530396 27680000
1731685592551 0.5072756409645081 27721728
1731685622270 0.5085843205451965 27754496
1731685652003 0.5643871426582336 27787264
1731685682194 0.5299871861934662 27820032
1731685709033 0.5655482113361359 27840000
1731685742498 0.5644084811210632 27885568
1731685771965 0.571040004491806 27918336
1731685801823 0.5635531544685364 27951104
1731685831339 0.5271921157836914 27983872
1731685857182 0.5760330557823181 28000000
1731685893980 0.5285010635852814 28049408
1731685924063 0.540696918964386 28082176
1731685953213 0.511695146560669 28114944
1731685982830 0.5184387564659119 28147712
1731686008042 0.5086145401000977 28160000
1731686043722 0.5335986018180847 28213248
1731686073348 0.5271683931350708 28246016
1731686103374 0.543189287185669 28278784
1731686131862 0.4817745089530945 28311552
1731686156508 0.4856160283088684 28320000
1731686193115 0.5937660038471222 28377088
1731686222679 0.5594174861907959 28409856
1731686252145 0.5472635924816132 28442624
1731686281687 0.5399786233901978 28475392
1731686304628 0.5962060391902924 28480000
1731686342159 0.5132851600646973 28540928
1731686371734 0.5126551389694214 28573696
1731686401554 0.5346818566322327 28606464
1731686432038 0.5590442419052124 28639232
1731686454846 0.4985074996948242 28640000
1731686492994 0.5464392304420471 28704768
1731686522469 0.493377685546875 28737536
1731686552473 0.529201090335846 28770304
1731686581826 0.590564101934433 28800000
1731686612431 0.5607958436012268 28835840
1731686641780 0.5320002734661102 28868608
1731686671286 0.5281638205051422 28901376
1731686701077 0.6107282340526581 28934144
1731686729779 0.5225747227668762 28960000
1731686761170 0.5045603513717651 28999680
1731686790732 0.5089025497436523 29032448
1731686820892 0.4680665135383606 29065216
1731686850693 0.5107213258743286 29097984
1731686878197 0.5897615253925323 29120000
1731686910585 0.5512386560440063 29163520
1731686939673 0.39834195375442505 29196288
1731686969068 0.44886183738708496 29229056
1731686997961 0.47183817625045776 29261824
1731687024686 0.339033305644989 29280000
1731687058295 0.40569669008255005 29327360
1731687087627 0.450356125831604 29360128
1731687116969 0.4532121419906616 29392896
1731687146451 0.41717344522476196 29425664
1731687172149 0.42090749740600586 29440000
1731687207684 0.4065195918083191 29491200
1731687237353 0.4826532006263733 29523968
1731687267784 0.42344462871551514 29556736
1731687297609 0.440090537071228 29589504
1731687322664 0.4799548387527466 29600000
1731687358432 0.461046040058136 29655040
1731687388204 0.3980467915534973 29687808
1731687417961 0.5262999534606934 29720576
1731687449183 0.5615176558494568 29753344
1731687473128 0.5314066708087921 29760000
1731687512325 0.5741367936134338 29818880
1731687541823 0.5017399787902832 29851648
1731687571673 0.4647262692451477 29884416
1731687600955 0.5043967962265015 29917184
1731687623400 0.5650914907455444 29920000
1731687663871 0.4930911660194397 29982720
1731687693690 0.5526425242424011 30015488
1731687723405 0.5307276248931885 30048256
1731687753377 0.5376735031604767 30080000
1731687783251 0.4934055805206299 30113792
1731687812964 0.49069154262542725 30146560
1731687844242 0.5374664664268494 30179328
1731687879126 0.5251434445381165 30212096
1731687909491 0.5883826613426208 30240000
1731687945614 0.49011075496673584 30277632
1731687975218 0.5041004717350006 30310400
1731688004917 0.44134557247161865 30343168
1731688034951 0.4716801047325134 30375936
1731688063130 0.4288327097892761 30400000
1731688095367 0.4890192151069641 30441472
1731688125117 0.476840615272522 30474240
1731688155128 0.5210956931114197 30507008
1731688184692 0.5192771255970001 30539776
1731688211938 0.5142402350902557 30560000
1731688245192 0.46699821949005127 30605312
1731688284265 0.5402321219444275 30638080
1731688314339 0.5780349373817444 30670848
1731688343535 0.537411630153656 30703616
1731688370902 0.47416359186172485 30720000
1731688404689 0.5465004742145538 30769152
1731688434355 0.5433640480041504 30801920
1731688463747 0.5417218208312988 30834688
1731688493114 0.565399557352066 30867456
1731688518165 0.529321163892746 30880000
1731688553130 0.5370508432388306 30932992
1731688583083 0.5569464266300201 30965760
1731688612489 0.5331093966960907 30998528
1731688642205 0.5383180379867554 31031296
1731688666640 0.5406598448753357 31040000
1731688702904 0.5279750227928162 31096832
1731688732331 0.5559504628181458 31129600
1731688761505 0.5792896449565887 31162368
1731688791144 0.48723411560058594 31195136
1731688814467 0.6171564161777496 31200000
1731688851433 0.5481717586517334 31260672
1731688880688 0.5570205748081207 31293440
1731688910122 0.4139702320098877 31326208
1731688939910 0.4116717576980591 31358976
1731688962789 0.5845589339733124 31360000
1731689003308 0.5547285974025726 31424512
1731689032699 0.42299073934555054 31457280
1731689062173 0.4599156975746155 31490048
1731689091601 0.5161945223808289 31520000
1731689122098 0.3827967047691345 31555584
1731689151963 0.45010507106781006 31588352
1731689181495 0.4937207102775574 31621120
1731689210867 0.495749831199646 31653888
1731689239545 0.4354499578475952 31680000
1731689271554 0.5316561758518219 31719424
1731689301328 0.3695806860923767 31752192
1731689331033 0.4804515242576599 31784960
1731689360865 0.4856218695640564 31817728
1731689388875 0.521413266658783 31840000
1731689421481 0.5483941435813904 31883264
1731689451228 0.5071850121021271 31916032
1731689480969 0.5730820000171661 31948800
1731689510311 0.5230127573013306 31981568
1731689536942 0.48517513275146484 32000000
1731689570262 0.529026985168457 32047104
1731689599829 0.5911016464233398 32079872
1731689629600 0.4704698324203491 32112640
1731689659072 0.5674331486225128 32145408
1731689685265 0.5161702036857605 32160000
1731689720401 0.5026054978370667 32210944
1731689750124 0.4680393934249878 32243712
1731689780152 0.5136613249778748 32276480
1731689812233 0.5702621936798096 32309248
1731689837332 0.5840008854866028 32320000
1731689873273 0.5331977605819702 32374784
1731689903238 0.5126786530017853 32407552
1731689933030 0.5203913748264313 32440320
1731689962457 0.5528122186660767 32473088
1731689986334 0.5767671465873718 32480000
1731690023169 0.5173538029193878 32538624
1731690053559 0.535828024148941 32571392
1731690083694 0.5150617361068726 32604160
1731690113399 0.4761941432952881 32636928
1731690136434 0.4557639956474304 32640000
1731690174221 0.44532299041748047 32702464
1731690204603 0.4987955093383789 32735232
1731690234593 0.5030028522014618 32768000
1731690265927 0.5209336876869202 32800000
1731690298356 0.5601937174797058 32833536
1731690327955 0.4370560646057129 32866304
1731690358141 0.4994950294494629 32899072
1731690388344 0.510409414768219 32931840
1731690418080 0.527092844247818 32960000
1731690449740 0.548134058713913 32997376
1731690479248 0.4683358073234558 33030144
1731690509158 0.5394040942192078 33062912
1731690539271 0.49126535654067993 33095680
1731690567227 0.5312947034835815 33120000
1731690601868 0.5727163553237915 33161216
1731690631610 0.5291070938110352 33193984
1731690661225 0.5733061730861664 33226752
1731690691737 0.5178748667240143 33259520
1731690718824 0.5224413573741913 33280000
1731690751585 0.5232895910739899 33325056
1731690781303 0.46588408946990967 33357824
1731690811296 0.5132364332675934 33390592
1731690841240 0.5425213575363159 33423360
1731690870222 0.5550747215747833 33440000
1731690906612 0.5390147566795349 33488896
1731690937179 0.5207823216915131 33521664
1731690966738 0.5713463425636292 33554432
1731690996219 0.5112053751945496 33587200
1731691021572 0.5150086283683777 33600000
1731691056839 0.5866102576255798 33652736
1731691086564 0.5536681413650513 33685504
1731691116931 0.4647296071052551 33718272
1731691147023 0.49139225482940674 33751040
1731691171401 0.5413572788238525 33760000
1731691208078 0.5253320336341858 33816576
1731691238268 0.49202001094818115 33849344
1731691267996 0.5383375287055969 33882112
1731691298046 0.5123751759529114 33914880
1731691322515 0.4957934617996216 33920000
1731691360345 0.45968925952911377 33980416
1731691390592 0.5584873855113983 34013184
1731691420828 0.4495735764503479 34045952
1731691452587 0.5255427360534668 34078720
1731691475545 0.4707300662994385 34080000
1731691514965 0.5492985844612122 34144256
1731691544972 0.566045492887497 34177024
1731691575444 0.5408315360546112 34209792
1731691605349 0.5823746919631958 34240000
1731691637030 0.5126121342182159 34275328
1731691667514 0.49771934747695923 34308096
1731691697919 0.47362786531448364 34340864
1731691728001 0.5761095881462097 34373632
1731691758890 0.45286595821380615 34400000
1731691793007 0.5353587567806244 34439168
1731691823368 0.523190826177597 34471936
1731691853751 0.5120605826377869 34504704
1731691885488 0.5588091015815735 34537472
1731691913668 0.5640854239463806 34560000
1731691946842 0.5106683075428009 34603008
1731691977102 0.545386403799057 34635776
1731692007612 0.5613083839416504 34668544
1731692037576 0.580731987953186 34701312
1731692065621 0.5331916511058807 34720000
1731692099144 0.5522059798240662 34766848
1731692128967 0.5745278298854828 34799616
1731692158981 0.5544988811016083 34832384
1731692190437 0.5561573803424835 34865152
1731692219452 0.4932354688644409 34880000
1731692255590 0.490342378616333 34930688
1731692286523 0.5004293620586395 34963456
1731692316109 0.5563927888870239 34996224
1731692345662 0.5859533846378326 35028992
1731692370839 0.572514683008194 35040000
1731692406458 0.43756937980651855 35094528
1731692436974 0.5001009106636047 35127296
1731692466677 0.548670619726181 35160064
1731692496947 0.5091918408870697 35192832
1731692520465 0.494795560836792 35200000
1731692557209 0.48495471477508545 35258368
1731692588384 0.5328023433685303 35291136
1731692618145 0.5125249326229095 35323904
1731692647910 0.502955973148346 35356672
1731692670725 0.5377044677734375 35360000
1731692713071 0.5363731980323792 35422208
1731692742628 0.5467118322849274 35454976
1731692772597 0.4817110300064087 35487744
1731692803567 0.4655715227127075 35520000
1731692836371 0.5464428961277008 35553280
1731692866421 0.4772593379020691 35586048
1731692896503 0.4981060028076172 35618816
1731692926841 0.4927932024002075 35651584
1731692956962 0.5455692112445831 35680000
1731692989852 0.42753010988235474 35717120
1731693020200 0.49889683723449707 35749888
1731693050676 0.469893217086792 35782656
1731693080999 0.4978017210960388 35815424
1731693109866 0.4972319006919861 35840000
1731693143626 0.493053138256073 35880960
1731693173746 0.569464772939682 35913728
1731693204016 0.5221319198608398 35946496
1731693234386 0.436160683631897 35979264
1731693261970 0.5038532316684723 36000000
1731693296507 0.504171758890152 36044800
1731693327006 0.4537133574485779 36077568
1731693356885 0.5325166881084442 36110336
1731693386530 0.5855715274810791 36143104
1731693413328 0.5277731716632843 36160000
1731693448841 0.5791025459766388 36208640
1731693478369 0.5433801412582397 36241408
1731693508426 0.5556029677391052 36274176
1731693538293 0.49542415142059326 36306944
1731693564336 0.5094661712646484 36320000
1731693599379 0.5046471059322357 36372480
1731693630108 0.47730135917663574 36405248
1731693660733 0.5215205550193787 36438016
1731693690494 0.4418703317642212 36470784
1731693714591 0.4953784942626953 36480000
1731693750961 0.5613241195678711 36536320
1731693780161 0.5574827492237091 36569088
1731693809429 0.39837127923965454 36601856
1731693838972 0.34019362926483154 36634624
1731693862581 0.4179511070251465 36640000
1731693900020 0.3790569305419922 36700160
1731693929430 0.43899983167648315 36732928
1731693959147 0.31645631790161133 36765696
1731693989404 0.4253253936767578 36798464
1731694011680 0.4352111220359802 36800000
1731694050294 0.45816707611083984 36864000
1731694079427 0.5278447270393372 36896768
1731694109025 0.4843287467956543 36929536
1731694138960 0.5466093719005585 36960000
1731694169490 0.4911210536956787 36995072
1731694198717 0.49148476123809814 37027840
1731694228274 0.5496131479740143 37060608
1731694257751 0.5328295826911926 37093376
1731694286682 0.513651043176651 37120000
1731694318372 0.4654766321182251 37158912
1731694348390 0.5949789881706238 37191680
1731694378194 0.4929599165916443 37224448
1731694407404 0.505046010017395 37257216
1731694435184 0.5448686182498932 37280000
1731694467733 0.5760561525821686 37322752
1731694497318 0.5438159108161926 37355520
1731694527024 0.45809733867645264 37388288
1731694556277 0.5556212663650513 37421056
1731694583873 0.3872804045677185 37440000
1731694617375 0.45464134216308594 37486592
1731694647183 0.39562225341796875 37519360
1731694676741 0.4518861770629883 37552128
1731694706384 0.44020789861679077 37584896
1731694732674 0.3168252110481262 37600000
1731694766810 0.42271697521209717 37650432
1731694796139 0.47478389739990234 37683200
1731694825669 0.456440269947052 37715968
1731694855271 0.4317106008529663 37748736
1731694880338 0.5208345055580139 37760000
1731694915846 0.5007736086845398 37814272
1731694945654 0.4692479968070984 37847040
1731694975864 0.5790705978870392 37879808
1731695005872 0.5486648082733154 37912576
1731695029751 0.4363904595375061 37920000
1731695065676 0.4952390789985657 37978112
1731695095406 0.48528677225112915 38010880
1731695125518 0.5071646571159363 38043648
1731695155355 0.5183081328868866 38076416
1731695178476 0.469903826713562 38080000
1731695216140 0.44492894411087036 38141952
1731695245884 0.51984703540802 38174720
1731695275622 0.47010236978530884 38207488
1731695306580 0.562617838382721 38240000
1731695336746 0.5089074671268463 38273024
1731695366487 0.52454873919487 38305792
1731695396236 0.5343614518642426 38338560
1731695426161 0.5292563736438751 38371328
1731695455278 0.5565775632858276 38400000
1731695486018 0.4746837615966797 38436864
1731695516185 0.46455520391464233 38469632
1731695545931 0.4534723162651062 38502400
1731695576220 0.4574248194694519 38535168
1731695605140 0.5263017117977142 38560000
1731695637135 0.4919138550758362 38600704
1731695667057 0.4627613425254822 38633472
1731695696739 0.4365866780281067 38666240
1731695726081 0.4845684766769409 38699008
1731695753673 0.5197242498397827 38720000
1731695791587 0.45513540506362915 38764544
1731695820645 0.5219691097736359 38797312
1731695850295 0.39697903394699097 38830080
1731695879502 0.3559425473213196 38862848
1731695906161 0.47132039070129395 38880000
1731695940457 0.5244345366954803 38928384
1731695971936 0.4669390916824341 38961152
1731696001455 0.49307698011398315 38993920
1731696031323 0.49179893732070923 39026688
1731696056342 0.5481725931167603 39040000
1731696091398 0.5140141248703003 39092224
1731696121197 0.5039027333259583 39124992
1731696150972 0.486015260219574 39157760
1731696180505 0.5120435953140259 39190528
1731696205028 0.5035362541675568 39200000
1731696241304 0.47585952281951904 39256064
1731696271124 0.443422794342041 39288832
1731696301310 0.4871097803115845 39321600
1731696331277 0.4679727554321289 39354368
1731696354884 0.49510490894317627 39360000
1731696392567 0.5292412042617798 39419904
1731696422267 0.44693249464035034 39452672
1731696451985 0.524588942527771 39485440
1731696481558 0.5396537780761719 39518208
1731696504436 0.5295310318470001 39520000
1731696543356 0.5224025547504425 39583744
1731696573172 0.4568083882331848 39616512
1731696602806 0.5308445394039154 39649280
1731696632890 0.5098943114280701 39680000
1731696662864 0.48982250690460205 39714816
1731696693059 0.5413773357868195 39747584
1731696722699 0.524429976940155 39780352
1731696752672 0.5522973537445068 39813120
1731696781394 0.5001620054244995 39840000
1731696812852 0.5190863013267517 39878656
1731696842692 0.5047087669372559 39911424
1731696872764 0.4986206293106079 39944192
1731696903024 0.5380429625511169 39976960
1731696931234 0.531498908996582 40000000
1731696964182 0.47489720582962036 40042496
1731696993784 0.496850848197937 40075264
1731697023510 0.5244711935520172 40108032
1731697053535 0.5259445607662201 40140800
1731697080831 0.5465099513530731 40160000
1731697114671 0.5011475086212158 40206336
1731697144862 0.4808405637741089 40239104
1731697174895 0.5096160769462585 40271872
1731697204930 0.4935707449913025 40304640
1731697231432 0.5255759060382843 40320000
1731697265985 0.46787816286087036 40370176
1731697295738 0.4753132462501526 40402944
1731697325792 0.520158439874649 40435712
1731697355528 0.5374498069286346 40468480
1731697380759 0.5339477360248566 40480000
1731697417190 0.5123193860054016 40534016
1731697447168 0.5244654715061188 40566784
1731697477360 0.5650214850902557 40599552
1731697507383 0.5868444442749023 40632320
1731697531515 0.4631195664405823 40640000
1731697567891 0.37161314487457275 40697856
1731697597637 0.47772908210754395 40730624
1731697627613 0.41854435205459595 40763392
1731697657558 0.4515112638473511 40796160
1731697680823 0.5040943920612335 40800000
1731697718054 0.5216896533966064 40861696
1731697748243 0.4368283748626709 40894464
1731697778359 0.4405730962753296 40927232
1731697808795 0.5099444091320038 40960000
1731697838901 0.5001275837421417 40992768
1731697868417 0.49333375692367554 41025536
1731697898192 0.5502649247646332 41058304
1731697928170 0.535474419593811 41091072
1731697958056 0.5324078500270844 41120000
1731697989115 0.4826850891113281 41156608
1731698018873 0.5347260534763336 41189376
1731698049122 0.49223828315734863 41222144
1731698079361 0.5312753617763519 41254912
1731698108080 0.49323946237564087 41280000
1731698140095 0.538897305727005 41320448
1731698170253 0.5595778822898865 41353216
1731698199957 0.5131497085094452 41385984
1731698229619 0.47110486030578613 41418752
1731698257119 0.503728836774826 41440000
1731698290007 0.515362948179245 41484288
1731698319802 0.49949461221694946 41517056
1731698349572 0.4924272298812866 41549824
1731698379605 0.5068202614784241 41582592
1731698406449 0.5284930169582367 41600000
1731698440601 0.49010831117630005 41648128
1731698470722 0.5073480606079102 41680896
1731698500685 0.5232773423194885 41713664
1731698530751 0.5616883039474487 41746432
1731698556698 0.4800843596458435 41760000
1731698592053 0.48258692026138306 41811968
1731698621594 0.47550588846206665 41844736
1731698651243 0.503825843334198 41877504
1731698681001 0.49348366260528564 41910272
1731698705769 0.5247480273246765 41920000
1731698741706 0.4980608820915222 41975808
1731698772482 0.4890136122703552 42008576
1731698802692 0.47580283880233765 42041344
1731698833223 0.5432769060134888 42074112
1731698857132 0.48410564661026 42080000
1731698894018 0.5062807500362396 42139648
1731698923718 0.4936445951461792 42172416
1731698953587 0.5188537538051605 42205184
1731698983711 0.49382126331329346 42237952
1731699006122 0.5273333191871643 42240000
1731699044111 0.4918900728225708 42303488
1731699074018 0.5048753619194031 42336256
1731699103951 0.48253315687179565 42369024
1731699134333 0.5463785827159882 42400000
1731699164607 0.49589604139328003 42434560
1731699194507 0.4721512198448181 42467328
1731699224132 0.5230832099914551 42500096
1731699254439 0.5252863764762878 42532864
1731699283547 0.5024957656860352 42560000
1731699315038 0.5745362043380737 42598400
1731699344737 0.538187563419342 42631168
1731699374703 0.4776918888092041 42663936
1731699404280 0.4474089741706848 42696704
1731699433228 0.5061154365539551 42720000
1731699465868 0.49358439445495605 42762240
1731699495326 0.5473054051399231 42795008
1731699524992 0.4936479926109314 42827776
1731699555100 0.4944309592247009 42860544
1731699582510 0.4948093891143799 42880000
1731699615933 0.4888806939125061 42926080
1731699645707 0.47018104791641235 42958848
1731699675665 0.4410915970802307 42991616
1731699705847 0.4605761170387268 43024384
1731699731839 0.4460410475730896 43040000
1731699766671 0.4266052842140198 43089920
1731699796313 0.4677135944366455 43122688
1731699825854 0.32841312885284424 43155456
1731699855504 0.4206364154815674 43188224
1731699880637 0.5152679085731506 43200000
1731699916094 0.49426335096359253 43253760
1731699950455 0.4341694116592407 43286528
1731699980400 0.4814966320991516 43319296
1731700011249 0.5290191471576691 43352064
1731700035900 0.5279921293258667 43360000
1731700072179 0.4463294744491577 43417600
1731700101881 0.4907503128051758 43450368
1731700131547 0.5032429099082947 43483136
1731700162503 0.5062838792800903 43515904
1731700186889 0.5322408080101013 43520000
1731700224215 0.5515390038490295 43581440
1731700254574 0.49142009019851685 43614208
1731700284910 0.500172346830368 43646976
1731700314706 0.505949079990387 43679744
1731700337369 0.5055120289325714 43680000
1731700376655 0.4663603901863098 43745280
1731700407096 0.5379943549633026 43778048
1731700437146 0.504190593957901 43810816
1731700467056 0.47293221950531006 43840000
1731700498084 0.5249068140983582 43876352
1731700528422 0.4681466221809387 43909120
1731700558043 0.49278688430786133 43941888
1731700587929 0.532699316740036 43974656
1731700616317 0.5561980307102203 44000000
1731700648273 0.46572017669677734 44040192
1731700677994 0.4764447808265686 44072960
1731700707826 0.4580231308937073 44105728
1731700737322 0.4863021969795227 44138496
1731700765151 0.44374048709869385 44160000
1731700798416 0.4454435706138611 44204032
1731700828174 0.5160152614116669 44236800
1731700857916 0.4481457471847534 44269568
1731700887796 0.49711179733276367 44302336
1731700915224 0.46008747816085815 44320000
1731700949075 0.5051886737346649 44367872
1731700979221 0.535176157951355 44400640
1731701009079 0.5342826545238495 44433408
1731701040700 0.5144347548484802 44466176
1731701066887 0.4814349412918091 44480000
1731701102110 0.39159220457077026 44531712
1731701132298 0.4563238024711609 44564480
1731701162414 0.44201719760894775 44597248
1731701192088 0.4522765874862671 44630016
1731701216939 0.33351999521255493 44640000
1731701252724 0.4758676290512085 44695552
1731701282232 0.3944425582885742 44728320
1731701311908 0.39560770988464355 44761088
1731701341165 0.3691975474357605 44793856
1731701365111 0.42023253440856934 44800000
1731701401988 0.43942970037460327 44859392
1731701432054 0.3622622489929199 44892160
1731701462899 0.43903785943984985 44924928
1731701493140 0.44900548458099365 44957696
1731701515834 0.4041786193847656 44960000
1731701554097 0.45227479934692383 45023232
1731701584172 0.40421175956726074 45056000
1731701614234 0.48835891485214233 45088768
1731701644576 0.5430655479431152 45120000
1731701675328 0.4860970973968506 45154304
1731701705624 0.5394316613674164 45187072
1731701735710 0.5355717241764069 45219840
1731701765647 0.48432302474975586 45252608
1731701795084 0.4925892949104309 45280000
1731701826649 0.4975675344467163 45318144
1731701856561 0.46427035331726074 45350912
1731701885865 0.5008387565612793 45383680
1731701916357 0.5012730062007904 45416448
1731701945898 0.4876593351364136 45440000
1731701979312 0.47433388233184814 45481984
1731702009720 0.5136561095714569 45514752
1731702040477 0.4799434542655945 45547520
1731702070793 0.569221019744873 45580288
1731702098327 0.5213180780410767 45600000
1731702131998 0.5455387234687805 45645824
1731702161808 0.5167959332466125 45678592
1731702191445 0.5041896998882294 45711360
1731702224173 0.5086118876934052 45744128
1731702250482 0.5316229462623596 45760000
1731702284630 0.511496514081955 45809664
1731702314571 0.5235728323459625 45842432
1731702345020 0.4492717981338501 45875200
1731702375152 0.5323997437953949 45907968
1731702404440 0.5351273119449615 45920000
1731702445274 0.4943353533744812 45973504
1731702475213 0.48550522327423096 46006272
1731702505064 0.4697500467300415 46039040
1731702534597 0.516013115644455 46071808
1731702559782 0.49046385288238525 46080000
1731702597289 0.5341830253601074 46137344
1731702627520 0.5436521172523499 46170112
1731702657302 0.49762874841690063 46202880
1731702686894 0.45192039012908936 46235648
1731702710154 0.5375362932682037 46240000
1731702747193 0.5180847942829132 46301184
1731702776784 0.486236035823822 46333952
1731702807276 0.507525771856308 46366720
1731702836757 0.5224788784980774 46399488
1731702859183 0.4498671889305115 46400000
1731702897606 0.5876476466655731 46465024
1731702926981 0.3435736298561096 46497792
1731702957337 0.46538102626800537 46530560
1731702987238 0.5109724402427673 46560000
1731703018262 0.44333577156066895 46596096
1731703048295 0.48807764053344727 46628864
1731703078194 0.4843522906303406 46661632
1731703108393 0.561248779296875 46694400
1731703137085 0.5256179571151733 46720000
1731703168867 0.49583542346954346 46759936
1731703198650 0.4714137315750122 46792704
1731703228816 0.5060201287269592 46825472
1731703258957 0.5191415548324585 46858240
1731703287840 0.473565936088562 46880000
1731703321372 0.48768627643585205 46923776
1731703351499 0.519416868686676 46956544
1731703381726 0.4906957745552063 46989312
1731703412003 0.47187089920043945 47022080
1731703438988 0.49044597148895264 47040000
1731703473610 0.4517020583152771 47087616
1731703503734 0.4362766742706299 47120384
1731703533875 0.5150052607059479 47153152
1731703563766 0.4697205424308777 47185920
1731703589750 0.4710741639137268 47200000
1731703625032 0.5307227671146393 47251456
1731703654965 0.47360676527023315 47284224
1731703685097 0.46534091234207153 47316992
1731703715238 0.4920629858970642 47349760
1731703740090 0.5088460445404053 47360000
1731703776098 0.5760252177715302 47415296
1731703806063 0.5133759379386902 47448064
1731703835785 0.4348599314689636 47480832
1731703865786 0.5049195885658264 47513600
1731703889620 0.5052126348018646 47520000
1731703926268 0.5070948600769043 47579136
1731703956372 0.45139533281326294 47611904
1731703986681 0.4941011071205139 47644672
1731704016905 0.5221192836761475 47677440
1731704039834 0.5505262911319733 47680000
1731704078516 0.5116960406303406 47742976
1731704108955 0.5395276844501495 47775744
1731704138746 0.5117672681808472 47808512
1731704169342 0.5208472013473511 47840000
1731704200272 0.4492243528366089 47874048
1731704230112 0.5184571146965027 47906816
1731704260557 0.5246909260749817 47939584
1731704290700 0.4696913957595825 47972352
1731704320101 0.4976128339767456 48000000
1731704352433 0.5783341526985168 48037888
1731704382300 0.4988786578178406 48070656
1731704412099 0.455125629901886 48103424
1731704442474 0.4892427325248718 48136192
1731704471507 0.5036300718784332 48160000
1731704504364 0.5267739593982697 48201728
1731704534383 0.4780958294868469 48234496
1731704564329 0.5074763894081116 48267264
1731704594595 0.5340869128704071 48300032
1731704622212 0.49456286430358887 48320000
1731704655767 0.5433619320392609 48365568
1731704685700 0.5647357106208801 48398336
1731704715501 0.5210935771465302 48431104
1731704745259 0.47367149591445923 48463872
1731704771576 0.5455512404441833 48480000
1731704805989 0.5117394030094147 48529408
1731704838059 0.5176725387573242 48562176
1731704868148 0.47686243057250977 48594944
1731704898197 0.5126456022262573 48627712
1731704923665 0.5502498745918274 48640000
1731704959196 0.5649480521678925 48693248
1731704989295 0.5398984849452972 48726016
1731705019777 0.49993449449539185 48758784
1731705049645 0.5073392987251282 48791552
1731705074370 0.529058575630188 48800000
1731705110818 0.42597830295562744 48857088
1731705141439 0.4737052917480469 48889856
1731705171492 0.498582124710083 48922624
1731705201633 0.5024634599685669 48955392
1731705225209 0.45977747440338135 48960000
1731705262429 0.4590193033218384 49020928
1731705291806 0.36049461364746094 49053696
1731705324670 0.3664979338645935 49086464
1731705354238 0.35088831186294556 49119232
1731705378114 0.36085420846939087 49120000
1731705419622 0.4380914568901062 49184768
1731705449793 0.44198596477508545 49217536
1731705479834 0.42403531074523926 49250304
1731705509950 0.4898684620857239 49280000
1731705540992 0.45931899547576904 49315840
1731705576101 0.5306349992752075 49348608
1731705606134 0.4662783741950989 49381376
1731705636142 0.42880839109420776 49414144
1731705665487 0.4532133936882019 49440000
1731705697508 0.48500877618789673 49479680
1731705727852 0.48162078857421875 49512448
1731705757889 0.5035205781459808 49545216
1731705788094 0.48985910415649414 49577984
1731705816784 0.49262404441833496 49600000
1731705850120 0.5348448157310486 49643520
1731705880475 0.526006430387497 49676288
1731705910651 0.5094143152236938 49709056
1731705940633 0.5445332229137421 49741824
1731705967624 0.47314995527267456 49760000
1731706002007 0.4887513518333435 49807360
1731706032048 0.5065180659294128 49840128
1731706061849 0.4871875047683716 49872896
1731706091915 0.46359437704086304 49905664
1731706118549 0.48705190420150757 49920000
1731706153772 0.4798657298088074 49971200
1731706183914 0.4564693570137024 50003968
1731706214168 0.4990277886390686 50036736
1731706244497 0.48549413681030273 50069504
1731706269773 0.4982929825782776 50080000
1731706306063 0.4971911311149597 50135040
1731706336454 0.46040380001068115 50167808
1731706366755 0.5078840255737305 50200576
1731706396983 0.4496598243713379 50233344
1731706421206 0.4863240718841553 50240000
1731706458525 0.5179676115512848 50298880
1731706488903 0.49834537506103516 50331648
1731706519094 0.4909355640411377 50364416
1731706549337 0.557001531124115 50397184
1731706572347 0.47901833057403564 50400000
1731706610287 0.48186057806015015 50462720
1731706640170 0.4990208148956299 50495488
1731706670028 0.5610737204551697 50528256
1731706701094 0.4685209393501282 50560000
1731706731544 0.5046103298664093 50593792
1731706762019 0.5077703297138214 50626560
1731706792369 0.48352813720703125 50659328
1731706823002 0.5303511023521423 50692096
1731706852760 0.5298336148262024 50720000
1731706884566 0.44343018531799316 50757632
1731706915009 0.4816628694534302 50790400
1731706945518 0.5181361138820648 50823168
1731706975726 0.5640326142311096 50855936
1731707004193 0.49521446228027344 50880000
1731707037059 0.5439079999923706 50921472
1731707068023 0.5740432143211365 50954240
1731707100133 0.4737461805343628 50987008
1731707130830 0.48195791244506836 51019776
1731707158441 0.48210573196411133 51040000
1731707191130 0.4521782398223877 51085312
1731707221202 0.49697041511535645 51118080
1731707251138 0.5081017315387726 51150848
1731707281220 0.5529694259166718 51183616
1731707308208 0.5133668482303619 51200000
1731707343256 0.4619431495666504 51249152
1731707373548 0.5166919231414795 51281920
1731707403465 0.5308615267276764 51314688
1731707433469 0.47727644443511963 51347456
1731707458912 0.5117609202861786 51360000
1731707494314 0.4471476078033447 51412992
1731707524496 0.4024149775505066 51445760
1731707554726 0.4931632876396179 51478528
1731707584714 0.5026365220546722 51511296
1731707609374 0.4484020471572876 51520000
1731707646073 0.46705764532089233 51576832
1731707677230 0.5315315127372742 51609600
1731707707305 0.47414302825927734 51642368
1731707738109 0.4751216769218445 51675136
1731707761898 0.48064160346984863 51680000
1731707799667 0.5082876980304718 51740672
1731707829973 0.5169572830200195 51773440
1731707860324 0.4584310054779053 51806208
1731707890990 0.49361759424209595 51838976
1731707913542 0.5660669505596161 51840000
1731707952303 0.5359933972358704 51904512
1731707982689 0.542367547750473 51937280
1731708012673 0.500092089176178 51970048
1731708042878 0.4586942791938782 52000000
1731708074072 0.4959753751754761 52035584
1731708104185 0.4598129987716675 52068352
1731708134385 0.5282891094684601 52101120
1731708164405 0.48468077182769775 52133888
1731708193760 0.46950310468673706 52160000
1731708225660 0.4684749245643616 52199424
1731708255643 0.4421190023422241 52232192
1731708285762 0.5404438078403473 52264960
1731708316220 0.5067993700504303 52297728
1731708344337 0.5220307111740112 52320000
1731708377159 0.47575074434280396 52363264
1731708407603 0.4881269335746765 52396032
1731708438286 0.4973568320274353 52428800
1731708468577 0.40036964416503906 52461568
1731708498211 0.4348267912864685 52480000
1731708533074 0.5191612839698792 52527104
1731708563424 0.4656440019607544 52559872
1731708593600 0.5339409708976746 52592640
1731708623967 0.49213653802871704 52625408
1731708650424 0.3965141773223877 52640000
1731708685716 0.5206517279148102 52690944
1731708716932 0.5111695230007172 52723712
1731708747672 0.49559861421585083 52756480
1731708778222 0.4785609245300293 52789248
1731708803523 0.453705370426178 52800000
1731708839774 0.5440638959407806 52854784
1731708869922 0.4857075810432434 52887552
1731708900299 0.46023207902908325 52920320
1731708930376 0.4925304651260376 52953088
1731708954640 0.5317831933498383 52960000
1731708991500 0.5417104065418243 53018624
1731709021721 0.4592347741127014 53051392
1731709052144 0.49509817361831665 53084160
1731709082816 0.485864520072937 53116928
1731709106247 0.5721593797206879 53120000
1731709144761 0.47218525409698486 53182464
1731709175281 0.5210888683795929 53215232
1731709205394 0.48318159580230713 53248000
1731709236473 0.5482450723648071 53280000
1731709267430 0.493399441242218 53313536
1731709297894 0.479911208152771 53346304
1731709328596 0.4337140917778015 53379072
1731709358735 0.4693756103515625 53411840
1731709388809 0.49517083168029785 53440000
1731709421484 0.5133304595947266 53477376
1731709451567 0.5560161471366882 53510144
1731709481975 0.5508645474910736 53542912
1731709512375 0.5130756795406342 53575680
1731709541617 0.5120106041431427 53600000
1731709574279 0.4133511185646057 53641216
1731709604205 0.5067760050296783 53673984
1731709634124 0.5281013548374176 53706752
1731709664066 0.467465877532959 53739520
1731709692217 0.4215849041938782 53760000
1731709726107 0.48807990550994873 53805056
1731709756715 0.42550504207611084 53837824
1731709786515 0.4204304814338684 53870592
1731709816790 0.4690660238265991 53903360
1731709843700 0.5021758079528809 53920000
1731709878390 0.47884035110473633 53968896
1731709909445 0.3555988073348999 54001664
1731709939531 0.40436244010925293 54034432
1731709970204 0.5125548243522644 54067200
1731709996579 0.4153220057487488 54080000
1731710032335 0.4757204055786133 54132736
1731710062469 0.4411458969116211 54165504
1731710092738 0.5013478100299835 54198272
1731710123163 0.47442740201950073 54231040
1731710148279 0.44567930698394775 54240000
1731710185245 0.4439275860786438 54296576
1731710215721 0.546340674161911 54329344
1731710245828 0.5571571588516235 54362112
1731710276684 0.46459341049194336 54394880
1731710300502 0.5055426359176636 54400000
1731710338461 0.5128475427627563 54460416
1731710368677 0.48037809133529663 54493184
1731710399077 0.552676796913147 54525952
1731710429877 0.5395770967006683 54558720
1731710452935 0.4923388361930847 54560000
1731710491698 0.4621471166610718 54624256
1731710522201 0.5468688011169434 54657024
1731710552384 0.5331005752086639 54689792
1731710582949 0.451896607875824 54720000
1731710613804 0.4669753909111023 54755328
1731710643996 0.47967803478240967 54788096
1731710674280 0.4530453681945801 54820864
1731710704269 0.5911486446857452 54853632
1731710733629 0.4786068797111511 54880000
1731710765622 0.5150384604930878 54919168
1731710796220 0.5347291529178619 54951936
1731710826985 0.5724037885665894 54984704
1731710857428 0.42924249172210693 55017472
1731710886074 0.46133339405059814 55040000
1731710919518 0.4708336591720581 55083008
1731710950116 0.48112303018569946 55115776
1731710980867 0.5253138542175293 55148544
1731711012017 0.5258356630802155 55181312
1731711039734 0.5805922448635101 55200000
1731711074247 0.5143102705478668 55246848
1731711105041 0.48753488063812256 55279616
1731711135774 0.423267126083374 55312384
1731711166548 0.4825199246406555 55345152
1731711193897 0.4918025732040405 55360000
1731711229322 0.5492047071456909 55410688
1731711259489 0.5207221210002899 55443456
1731711289587 0.5037585496902466 55476224
1731711319889 0.5142682492733002 55508992
1731711345573 0.41389936208724976 55520000
1731711381571 0.54477259516716 55574528
1731711411596 0.43735814094543457 55607296
1731711441970 0.43740004301071167 55640064
1731711472329 0.4645559787750244 55672832
1731711497037 0.471316397190094 55680000
1731711536327 0.4717012047767639 55738368
1731711566719 0.48268187046051025 55771136
1731711596927 0.5601055920124054 55803904
1731711627318 0.5150574445724487 55836672
1731711650687 0.4199875593185425 55840000
1731711688867 0.46492934226989746 55902208
1731711719067 0.5219375193119049 55934976
1731711749275 0.4548109173774719 55967744
1731711780854 0.5354653000831604 56000000
1731711811771 0.5134318470954895 56033280
1731711842732 0.5076062381267548 56066048
1731711874353 0.5223486721515656 56098816
1731711904944 0.5500373840332031 56131584
1731711934840 0.45994871854782104 56160000
1731711966747 0.45970332622528076 56197120
1731711997022 0.475885272026062 56229888
1731712027309 0.5161844491958618 56262656
1731712057614 0.47365301847457886 56295424
1731712087530 0.48191988468170166 56320000
1731712120279 0.5309447944164276 56360960
1731712150314 0.496898889541626 56393728
1731712180621 0.47817522287368774 56426496
1731712211045 0.5064384639263153 56459264
1731712239388 0.4645317792892456 56480000
1731712273081 0.5325431227684021 56524800
1731712303470 0.47878485918045044 56557568
1731712334217 0.4541912078857422 56590336
1731712364719 0.5328178405761719 56623104
1731712391845 0.4937623143196106 56640000
1731712426843 0.47746890783309937 56688640
1731712457593 0.49181705713272095 56721408
1731712488410 0.5630012154579163 56754176
1731712518727 0.5457100570201874 56786944
1731712545395 0.5239548683166504 56800000
1731712581792 0.5160568058490753 56852480
1731712612375 0.5418708026409149 56885248
1731712642648 0.48589038848876953 56918016
1731712673616 0.5123022198677063 56950784
1731712699058 0.5685929954051971 56960000
1731712735359 0.5367895662784576 57016320
1731712765953 0.5435413718223572 57049088
1731712796140 0.5152240097522736 57081856
1731712826515 0.5612500905990601 57114624
1731712850600 0.5594193339347839 57120000
1731712888681 0.5552314817905426 57180160
1731712919214 0.5540405213832855 57212928
1731712949740 0.49246859550476074 57245696
1731712980536 0.5194597244262695 57278464
1731713003551 0.5380108058452606 57280000
1731713042718 0.49038082361221313 57344000
1731713073696 0.5274503231048584 57376768
1731713104455 0.504006952047348 57409536
1731713136492 0.4660273790359497 57440000
1731713167916 0.44232648611068726 57475072
1731713198666 0.4632542133331299 57507840
1731713229516 0.4830845594406128 57540608
1731713260327 0.5437600314617157 57573376
1731713290094 0.5466203093528748 57600000
1731713322699 0.4632713198661804 57638912
1731713352492 0.5511645376682281 57671680
1731713382060 0.4423925280570984 57704448
1731713412443 0.3771566152572632 57737216
1731713441218 0.297501802444458 57760000
1731713474259 0.39105039834976196 57802752
1731713504359 0.39479899406433105 57835520
1731713536187 0.36525535583496094 57868288
1731713566853 0.35744380950927734 57901056
1731713594979 0.5286324918270111 57920000
1731713629249 0.4358934164047241 57966592
1731713659536 0.4696681499481201 57999360
1731713690162 0.47454720735549927 58032128
1731713720543 0.4456484913825989 58064896
1731713747066 0.4432797431945801 58080000
1731713782198 0.45049601793289185 58130432
1731713813256 0.43135619163513184 58163200
1731713843664 0.49941176176071167 58195968
1731713874530 0.5446463227272034 58228736
1731713899934 0.4954037070274353 58240000
1731713936381 0.4336289167404175 58294272
1731713967014 0.5299696028232574 58327040
1731713997363 0.4785732626914978 58359808
1731714027482 0.4743085503578186 58392576
1731714052256 0.49084192514419556 58400000
1731714089517 0.5225084722042084 58458112
1731714120455 0.49696779251098633 58490880
1731714151438 0.5129110515117645 58523648
1731714182205 0.5188533067703247 58556416
1731714205806 0.48936009407043457 58560000
1731714244796 0.3640684485435486 58621952
1731714275412 0.5084081888198853 58654720
1731714306353 0.5223129987716675 58687488
1731714337569 0.42067062854766846 58720000
1731714368960 0.48351699113845825 58753024
1731714399647 0.5134164094924927 58785792
1731714430134 0.5134582221508026 58818560
1731714460702 0.4949634075164795 58851328
1731714491301 0.47578686475753784 58880000
1731714523417 0.5036910474300385 58916864
1731714553960 0.40933406352996826 58949632
1731714584491 0.5178515613079071 58982400
1731714614815 0.5331625640392303 59015168
1731714643924 0.4771629571914673 59040000
1731714676640 0.5149000585079193 59080704
1731714707473 0.4302617907524109 59113472
1731714738039 0.5179303884506226 59146240
1731714768831 0.49445754289627075 59179008
1731714796998 0.5176723301410675 59200000
1731714831038 0.4563295245170593 59244544
1731714862446 0.5497657060623169 59277312
1731714893350 0.5096256732940674 59310080
1731714925813 0.5477638840675354 59342848
1731714955949 0.5094286203384399 59360000
