1731660345896 10.0 65536
1731660375599 20.0 98304
1731660405047 30.0 131072
1731660434424 40.0 160000
1731660466077 50.0 196608
1731660494731 60.0 229376
1731660525043 70.0 262144
1731660553913 80.0 294912
1731660583349 90.0 320000
1731660615195 100.0 360448
1731660645374 110.0 393216
1731660675212 120.0 425984
1731660703815 130.0 458752
1731660732614 140.0 480000
1731660766309 150.0 524288
1731660796681 160.0 557056
1731660826755 170.0 589824
1731660857177 180.0 622592
1731660884615 190.0 640000
1731660918797 200.0 688128
1731660949482 210.0 720896
1731660978399 220.0 753664
1731661008171 230.0 786432
1731661035355 240.0 800000
1731661070847 250.0 851968
1731661100595 260.0 884736
1731661130536 270.0 917504
1731661159698 280.0 950272
1731661184466 290.0 960000
1731661220424 300.0 1015808
1731661252191 310.0 1048576
1731661282182 320.0 1081344
1731661310858 330.0 1114112
1731661335424 340.0 1120000
1731661371766 350.0 1179648
1731661400505 360.0 1212416
1731661429093 370.0 1245184
1731661457859 380.0 1277952
1731661480794 390.0 1280000
1731661517172 400.0 1343488
1731661545829 410.0 1376256
1731661574514 420.0 1409024
1731661604260 430.0 1440000
1731661633600 440.0 1474560
1731661662183 450.0 1507328
1731661691035 460.0 1540096
1731661720334 470.0 1572864
1731661749076 480.0 1600000
1731661779633 490.0 1638400
1731661809054 500.0 1671168
1731661837911 510.0 1703936
1731661867083 520.0 1736704
1731661895202 530.0 1760000
1731661926293 540.0 1802240
1731661955884 550.0 1835008
1731661985252 560.0 1867776
1731662014436 570.0 1900544
1731662041988 580.0 1920000
1731662075666 590.0 1966080
1731662105929 600.0 1998848
1731662135569 610.0 2031616
1731662164850 620.0 2064384
1731662192116 630.0 2080000
1731662227417 640.0 2129920
1731662256636 650.0 2162688
1731662285811 660.0 2195456
1731662315330 670.0 2228224
1731662340585 680.0 2240000
1731662375163 690.0 2293760
1731662404132 700.0 2326528
1731662433488 710.0 2359296
1731662462730 720.0 2392064
1731662487319 730.0 2400000
1731662523671 740.0 2457600
1731662552687 750.0 2490368
1731662581532 760.0 2523136
1731662611664 770.0 2555904
1731662636123 780.0 2560000
1731662672830 790.0 2621440
1731662701510 800.0 2654208
1731662730499 810.0 2686976
1731662760039 820.0 2719744
1731662783207 830.0 2720000
1731662820788 840.0 2785280
1731662850896 850.0 2818048
1731662880110 860.0 2850816
1731662909877 870.0 2880000
1731662939856 880.0 2916352
1731662968886 890.0 2949120
1731662997887 900.0 2981888
1731663027008 910.0 3014656
1731663055559 920.0 3040000
1731663086365 930.0 3080192
1731663115705 940.0 3112960
1731663144679 950.0 3145728
1731663174599 960.0 3178496
1731663202153 970.0 3200000
1731663234599 980.0 3244032
1731663263688 990.0 3276800
1731663292688 1000.0 3309568
1731663321921 1010.0 3342336
1731663348671 1020.0 3360000
1731663381781 1030.0 3407872
1731663411354 1040.0 3440640
1731663440778 1050.0 3473408
1731663470300 1060.0 3506176
1731663496356 1070.0 3520000
1731663530247 1080.0 3571712
1731663559168 1090.0 3604480
1731663588354 1100.0 3637248
1731663618906 1110.0 3670016
1731663644743 1120.0 3680000
1731663679933 1130.0 3735552
1731663708705 1140.0 3768320
1731663739054 1150.0 3801088
1731663768410 1160.0 3833856
1731663793254 1170.0 3840000
1731663830269 1180.0 3899392
1731663859122 1190.0 3932160
1731663888699 1200.0 3964928
1731663918383 1210.0 3997696
1731663942194 1220.0 4000000
1731663980218 1230.0 4063232
1731664009136 1240.0 4096000
1731664038907 1250.0 4128768
1731664070392 1260.0 4160000
1731664101234 1270.0 4194304
1731664130716 1280.0 4227072
1731664159790 1290.0 4259840
1731664189892 1300.0 4292608
1731664219166 1310.0 4320000
1731664249533 1320.0 4358144
1731664279515 1330.0 4390912
1731664308946 1340.0 4423680
1731664337945 1350.0 4456448
1731664366578 1360.0 4480000
1731664397934 1370.0 4521984
1731664426809 1380.0 4554752
1731664456217 1390.0 4587520
1731664485889 1400.0 4620288
1731664513134 1410.0 4640000
1731664546097 1420.0 4685824
1731664574781 1430.0 4718592
1731664603853 1440.0 4751360
1731664632614 1450.0 4784128
1731664658878 1460.0 4800000
1731664692633 1470.0 4849664
1731664722191 1480.0 4882432
1731664751221 1490.0 4915200
1731664780562 1500.0 4947968
1731664806029 1510.0 4960000
1731664841719 1520.0 5013504
1731664871080 1530.0 5046272
1731664901066 1540.0 5079040
1731664931902 1550.0 5111808
1731664956789 1560.0 5120000
1731664992727 1570.0 5177344
1731665022122 1580.0 5210112
1731665053549 1590.0 5242880
1731665082830 1600.0 5275648
1731665106758 1610.0 5280000
1731665143411 1620.0 5341184
1731665172096 1630.0 5373952
1731665201784 1640.0 5406720
1731665230811 1650.0 5439488
1731665253488 1660.0 5440000
1731665292042 1670.0 5505024
1731665321127 1680.0 5537792
1731665350079 1690.0 5570560
1731665379527 1700.0 5600000
1731665409385 1710.0 5636096
1731665438459 1720.0 5668864
1731665467514 1730.0 5701632
1731665496427 1740.0 5734400
1731665525427 1750.0 5760000
1731665556365 1760.0 5799936
1731665585019 1770.0 5832704
1731665614026 1780.0 5865472
1731665642930 1790.0 5898240
1731665670803 1800.0 5920000
1731665702080 1810.0 5963776
1731665731451 1820.0 5996544
1731665760854 1830.0 6029312
1731665789616 1840.0 6062080
1731665816054 1850.0 6080000
1731665848395 1860.0 6127616
1731665877353 1870.0 6160384
1731665905977 1880.0 6193152
1731665934761 1890.0 6225920
1731665960824 1900.0 6240000
1731665994606 1910.0 6291456
1731666023780 1920.0 6324224
1731666052728 1930.0 6356992
1731666081653 1940.0 6389760
1731666106420 1950.0 6400000
1731666140480 1960.0 6455296
1731666169611 1970.0 6488064
1731666198634 1980.0 6520832
1731666227582 1990.0 6553600
1731666251512 2000.0 6560000
1731666286564 2010.0 6619136
1731666315294 2020.0 6651904
1731666344471 2030.0 6684672
1731666373256 2040.0 6717440
1731666396363 2050.0 6720000
1731666432670 2060.0 6782976
1731666461541 2070.0 6815744
1731666490422 2080.0 6848512
1731666520170 2090.0 6880000
1731666549961 2100.0 6914048
1731666578820 2110.0 6946816
1731666608348 2120.0 6979584
1731666637954 2130.0 7012352
1731666666686 2140.0 7040000
1731666696778 2150.0 7077888
1731666726196 2160.0 7110656
1731666755278 2170.0 7143424
1731666784246 2180.0 7176192
1731666812447 2190.0 7200000
1731666846219 2200.0 7241728
1731666875071 2210.0 7274496
1731666904169 2220.0 7307264
1731666933018 2230.0 7340032
1731666960414 2240.0 7360000
1731666993206 2250.0 7405568
1731667022584 2260.0 7438336
1731667051991 2270.0 7471104
1731667080954 2280.0 7503872
1731667107743 2290.0 7520000
1731667142151 2300.0 7569408
1731667171313 2310.0 7602176
1731667200381 2320.0 7634944
1731667229713 2330.0 7667712
1731667255012 2340.0 7680000
1731667289644 2350.0 7733248
1731667318578 2360.0 7766016
1731667347411 2370.0 7798784
1731667377470 2380.0 7831552
1731667402101 2390.0 7840000
1731667438044 2400.0 7897088
1731667467301 2410.0 7929856
1731667496239 2420.0 7962624
1731667525194 2430.0 7995392
1731667548885 2440.0 8000000
1731667586020 2450.0 8060928
1731667615031 2460.0 8093696
1731667644037 2470.0 8126464
1731667673213 2480.0 8159232
1731667695955 2490.0 8160000
1731667733435 2500.0 8224768
1731667762858 2510.0 8257536
1731667791155 2520.0 8290304
1731667820779 2530.0 8320000
1731667850667 2540.0 8355840
1731667880145 2550.0 8388608
1731667910103 2560.0 8421376
1731667938999 2570.0 8454144
1731667968393 2580.0 8480000
1731668000075 2590.0 8519680
1731668029116 2600.0 8552448
1731668057949 2610.0 8585216
1731668087457 2620.0 8617984
1731668115310 2630.0 8640000
1731668147964 2640.0 8683520
1731668176909 2650.0 8716288
1731668206232 2660.0 8749056
1731668235074 2670.0 8781824
1731668261804 2680.0 8800000
1731668295306 2690.0 8847360
1731668326108 2700.0 8880128
1731668355465 2710.0 8912896
1731668385597 2720.0 8945664
1731668411649 2730.0 8960000
1731668445962 2740.0 9011200
1731668475237 2750.0 9043968
1731668505265 2760.0 9076736
1731668534596 2770.0 9109504
1731668559456 2780.0 9120000
1731668594793 2790.0 9175040
1731668625625 2800.0 9207808
1731668654962 2810.0 9240576
1731668684081 2820.0 9273344
1731668707690 2830.0 9280000
1731668744285 2840.0 9338880
1731668773801 2850.0 9371648
1731668803811 2860.0 9404416
1731668834001 2870.0 9437184
1731668857151 2880.0 9440000
1731668894771 2890.0 9502720
1731668924570 2900.0 9535488
1731668954261 2910.0 9568256
1731668984896 2920.0 9600000
1731669015526 2930.0 9633792
1731669045626 2940.0 9666560
1731669077454 2950.0 9699328
1731669108169 2960.0 9732096
1731669139320 2970.0 9760000
1731669173759 2980.0 9797632
1731669204520 2990.0 9830400
1731669235221 3000.0 9863168
1731669264999 3010.0 9895936
1731669293927 3020.0 9920000
1731669326147 3030.0 9961472
1731669355972 3040.0 9994240
1731669386030 3050.0 10027008
1731669415925 3060.0 10059776
1731669443763 3070.0 10080000
1731669477725 3080.0 10125312
1731669507532 3090.0 10158080
1731669537965 3100.0 10190848
1731669568354 3110.0 10223616
1731669595428 3120.0 10240000
1731669630885 3130.0 10289152
1731669660825 3140.0 10321920
1731669691089 3150.0 10354688
1731669720918 3160.0 10387456
1731669746699 3170.0 10400000
1731669782863 3180.0 10452992
1731669812855 3190.0 10485760
1731669843126 3200.0 10518528
1731669872873 3210.0 10551296
1731669897259 3220.0 10560000
1731669934653 3230.0 10616832
1731669964529 3240.0 10649600
1731669994129 3250.0 10682368
1731670024061 3260.0 10715136
1731670047769 3270.0 10720000
1731670085676 3280.0 10780672
1731670115508 3290.0 10813440
1731670145726 3300.0 10846208
1731670176027 3310.0 10878976
1731670198718 3320.0 10880000
1731670237090 3330.0 10944512
1731670267170 3340.0 10977280
1731670297060 3350.0 11010048
1731670326998 3360.0 11040000
1731670358149 3370.0 11075584
1731670388110 3380.0 11108352
1731670418004 3390.0 11141120
1731670448224 3400.0 11173888
1731670477046 3410.0 11200000
1731670508786 3420.0 11239424
1731670538766 3430.0 11272192
1731670568702 3440.0 11304960
1731670598707 3450.0 11337728
1731670626709 3460.0 11360000
1731670658995 3470.0 11403264
1731670689433 3480.0 11436032
1731670719362 3490.0 11468800
1731670748926 3500.0 11501568
1731670775923 3510.0 11520000
1731670809767 3520.0 11567104
1731670839560 3530.0 11599872
1731670869378 3540.0 11632640
1731670898803 3550.0 11665408
1731670924479 3560.0 11680000
1731670958861 3570.0 11730944
1731670988879 3580.0 11763712
1731671018259 3590.0 11796480
1731671048282 3600.0 11829248
1731671072871 3610.0 11840000
1731671108166 3620.0 11894784
1731671137722 3630.0 11927552
1731671167219 3640.0 11960320
1731671196746 3650.0 11993088
1731671220601 3660.0 12000000
1731671256611 3670.0 12058624
1731671285832 3680.0 12091392
1731671315814 3690.0 12124160
1731671345724 3700.0 12156928
1731671368334 3710.0 12160000
1731671405531 3720.0 12222464
1731671434907 3730.0 12255232
1731671464643 3740.0 12288000
1731671495098 3750.0 12320000
1731671524934 3760.0 12353536
1731671554170 3770.0 12386304
1731671583770 3780.0 12419072
1731671613188 3790.0 12451840
1731671642116 3800.0 12480000
1731671672970 3810.0 12517376
1731671702531 3820.0 12550144
1731671731802 3830.0 12582912
1731671761754 3840.0 12615680
1731671790526 3850.0 12640000
1731671821729 3860.0 12681216
1731671851067 3870.0 12713984
1731671880854 3880.0 12746752
1731671910295 3890.0 12779520
1731671937424 3900.0 12800000
1731671970163 3910.0 12845056
1731671999377 3920.0 12877824
1731672030687 3930.0 12910592
1731672060253 3940.0 12943360
1731672086404 3950.0 12960000
1731672120211 3960.0 13008896
1731672149444 3970.0 13041664
1731672178633 3980.0 13074432
1731672207859 3990.0 13107200
1731672233680 4000.0 13120000
1731672268399 4010.0 13172736
1731672297767 4020.0 13205504
1731672327497 4030.0 13238272
1731672356608 4040.0 13271040
1731672381084 4050.0 13280000
1731672416844 4060.0 13336576
1731672445995 4070.0 13369344
1731672475562 4080.0 13402112
1731672506036 4090.0 13434880
1731672529230 4100.0 13440000
1731672566134 4110.0 13500416
1731672595624 4120.0 13533184
1731672624834 4130.0 13565952
1731672654684 4140.0 13598720
1731672677040 4150.0 13600000
1731672715453 4160.0 13664256
1731672745304 4170.0 13697024
1731672777192 4180.0 13729792
1731672807153 4190.0 13760000
1731672837543 4200.0 13795328
1731672867053 4210.0 13828096
1731672895936 4220.0 13860864
1731672925760 4230.0 13893632
1731672954543 4240.0 13920000
1731672986075 4250.0 13959168
1731673015791 4260.0 13991936
1731673044871 4270.0 14024704
1731673073931 4280.0 14057472
1731673101509 4290.0 14080000
1731673134035 4300.0 14123008
1731673163340 4310.0 14155776
1731673192978 4320.0 14188544
1731673222789 4330.0 14221312
1731673249652 4340.0 14240000
1731673283527 4350.0 14286848
1731673313163 4360.0 14319616
1731673342621 4370.0 14352384
1731673371773 4380.0 14385152
1731673397723 4390.0 14400000
1731673433066 4400.0 14450688
1731673463322 4410.0 14483456
1731673493405 4420.0 14516224
1731673522850 4430.0 14548992
1731673547376 4440.0 14560000
1731673583114 4450.0 14614528
1731673614294 4460.0 14647296
1731673644014 4470.0 14680064
1731673673404 4480.0 14712832
1731673697137 4490.0 14720000
1731673735813 4500.0 14778368
1731673765885 4510.0 14811136
1731673795696 4520.0 14843904
1731673825393 4530.0 14876672
1731673848082 4540.0 14880000
1731673885041 4550.0 14942208
1731673914509 4560.0 14974976
1731673943903 4570.0 15007744
1731673974581 4580.0 15040000
1731674004175 4590.0 15073280
1731674034316 4600.0 15106048
1731674064212 4610.0 15138816
1731674093733 4620.0 15171584
1731674123345 4630.0 15200000
1731674154352 4640.0 15237120
1731674183552 4650.0 15269888
1731674212949 4660.0 15302656
1731674242843 4670.0 15335424
1731674271324 4680.0 15360000
1731674303811 4690.0 15400960
1731674333174 4700.0 15433728
1731674362791 4710.0 15466496
1731674392430 4720.0 15499264
1731674419767 4730.0 15520000
1731674452455 4740.0 15564800
1731674481915 4750.0 15597568
1731674511779 4760.0 15630336
1731674541412 4770.0 15663104
1731674567724 4780.0 15680000
1731674601686 4790.0 15728640
1731674631164 4800.0 15761408
1731674661685 4810.0 15794176
1731674692010 4820.0 15826944
1731674717636 4830.0 15840000
1731674752223 4840.0 15892480
1731674781402 4850.0 15925248
1731674810776 4860.0 15958016
1731674840742 4870.0 15990784
1731674865281 4880.0 16000000
1731674901682 4890.0 16056320
1731674931096 4900.0 16089088
1731674960366 4910.0 16121856
1731674990421 4920.0 16154624
1731675013516 4930.0 16160000
1731675050856 4940.0 16220160
1731675079939 4950.0 16252928
1731675109279 4960.0 16285696
1731675138547 4970.0 16318464
1731675160749 4980.0 16320000
1731675198534 4990.0 16384000
1731675227605 5000.0 16416768
1731675256800 5010.0 16449536
1731675286521 5020.0 16480000
1731675317702 5030.0 16515072
1731675346437 5040.0 16547840
1731675376253 5050.0 16580608
1731675405318 5060.0 16613376
1731675434078 5070.0 16640000
1731675465653 5080.0 16678912
1731675495743 5090.0 16711680
1731675525767 5100.0 16744448
1731675555431 5110.0 16777216
1731675583068 5120.0 16800000
1731675615085 5130.0 16842752
1731675644500 5140.0 16875520
1731675673908 5150.0 16908288
1731675702711 5160.0 16941056
1731675729445 5170.0 16960000
1731675763032 5180.0 17006592
1731675792620 5190.0 17039360
1731675821865 5200.0 17072128
1731675851868 5210.0 17104896
1731675877669 5220.0 17120000
1731675911679 5230.0 17170432
1731675941503 5240.0 17203200
1731675970943 5250.0 17235968
1731676001343 5260.0 17268736
1731676026386 5270.0 17280000
1731676061526 5280.0 17334272
1731676091527 5290.0 17367040
1731676120628 5300.0 17399808
1731676149719 5310.0 17432576
1731676173280 5320.0 17440000
1731676209443 5330.0 17498112
1731676238634 5340.0 17530880
1731676268526 5350.0 17563648
1731676298195 5360.0 17596416
1731676321196 5370.0 17600000
1731676358459 5380.0 17661952
1731676387298 5390.0 17694720
1731676417116 5400.0 17727488
1731676447809 5410.0 17760000
1731676477683 5420.0 17793024
1731676507433 5430.0 17825792
1731676536696 5440.0 17858560
1731676566358 5450.0 17891328
1731676596060 5460.0 17920000
1731676627207 5470.0 17956864
1731676656524 5480.0 17989632
1731676686424 5490.0 18022400
1731676716024 5500.0 18055168
1731676745690 5510.0 18080000
1731676777274 5520.0 18120704
1731676806748 5530.0 18153472
1731676836227 5540.0 18186240
1731676865490 5550.0 18219008
1731676894292 5560.0 18240000
1731676927270 5570.0 18284544
1731676956547 5580.0 18317312
1731676985922 5590.0 18350080
1731677015689 5600.0 18382848
1731677042073 5610.0 18400000
1731677075416 5620.0 18448384
1731677105118 5630.0 18481152
1731677134763 5640.0 18513920
1731677164199 5650.0 18546688
1731677189448 5660.0 18560000
1731677223910 5670.0 18612224
1731677253196 5680.0 18644992
1731677282231 5690.0 18677760
1731677311361 5700.0 18710528
1731677335907 5710.0 18720000
1731677370988 5720.0 18776064
1731677402297 5730.0 18808832
1731677431738 5740.0 18841600
1731677461363 5750.0 18874368
1731677484698 5760.0 18880000
1731677520755 5770.0 18939904
1731677550262 5780.0 18972672
1731677581519 5790.0 19005440
1731677610860 5800.0 19038208
1731677633355 5810.0 19040000
1731677670686 5820.0 19103744
1731677701004 5830.0 19136512
1731677731061 5840.0 19169280
1731677760860 5850.0 19200000
1731677791589 5860.0 19234816
1731677821543 5870.0 19267584
1731677852985 5880.0 19300352
1731677882856 5890.0 19333120
1731677911901 5900.0 19360000
1731677943476 5910.0 19398656
1731677973077 5920.0 19431424
1731678002384 5930.0 19464192
1731678031426 5940.0 19496960
1731678059593 5950.0 19520000
1731678092075 5960.0 19562496
1731678121525 5970.0 19595264
1731678151179 5980.0 19628032
1731678181350 5990.0 19660800
1731678207913 6000.0 19680000
1731678240625 6010.0 19726336
1731678270665 6020.0 19759104
1731678300254 6030.0 19791872
1731678330115 6040.0 19824640
1731678356266 6050.0 19840000
1731678390624 6060.0 19890176
1731678420476 6070.0 19922944
1731678450347 6080.0 19955712
1731678479846 6090.0 19988480
1731678504859 6100.0 20000000
1731678540191 6110.0 20054016
1731678569974 6120.0 20086784
1731678599533 6130.0 20119552
1731678629243 6140.0 20152320
1731678652910 6150.0 20160000
1731678692261 6160.0 20217856
1731678724854 6170.0 20250624
1731678757987 6180.0 20283392
1731678790296 6190.0 20316160
1731678815887 6200.0 20320000
1731678858006 6210.0 20381696
1731678892961 6220.0 20414464
1731678930714 6230.0 20447232
1731678966445 6240.0 20480000
1731679002144 6250.0 20512768
1731679036361 6260.0 20545536
1731679065643 6270.0 20578304
1731679095660 6280.0 20611072
1731679125097 6290.0 20640000
1731679156057 6300.0 20676608
1731679184941 6310.0 20709376
1731679214960 6320.0 20742144
1731679244611 6330.0 20774912
1731679273214 6340.0 20800000
1731679305504 6350.0 20840448
1731679336589 6360.0 20873216
1731679367681 6370.0 20905984
1731679397267 6380.0 20938752
1731679424773 6390.0 20960000
1731679457218 6400.0 21004288
1731679486553 6410.0 21037056
1731679516429 6420.0 21069824
1731679545734 6430.0 21102592
1731679572316 6440.0 21120000
1731679607221 6450.0 21168128
1731679636812 6460.0 21200896
1731679667462 6470.0 21233664
1731679697254 6480.0 21266432
1731679722681 6490.0 21280000
1731679757457 6500.0 21331968
1731679787073 6510.0 21364736
1731679816917 6520.0 21397504
1731679846014 6530.0 21430272
1731679870526 6540.0 21440000
1731679905412 6550.0 21495808
1731679935845 6560.0 21528576
1731679965728 6570.0 21561344
1731679995427 6580.0 21594112
1731680018704 6590.0 21600000
1731680055321 6600.0 21659648
1731680085209 6610.0 21692416
1731680114910 6620.0 21725184
1731680144669 6630.0 21757952
1731680167393 6640.0 21760000
1731680205201 6650.0 21823488
1731680235245 6660.0 21856256
1731680264802 6670.0 21889024
1731680295045 6680.0 21920000
1731680325451 6690.0 21954560
1731680354942 6700.0 21987328
1731680384956 6710.0 22020096
1731680414955 6720.0 22052864
1731680443620 6730.0 22080000
1731680474898 6740.0 22118400
1731680504403 6750.0 22151168
1731680533657 6760.0 22183936
1731680565758 6770.0 22216704
1731680593983 6780.0 22240000
1731680626652 6790.0 22282240
1731680656250 6800.0 22315008
1731680685494 6810.0 22347776
1731680714567 6820.0 22380544
1731680742129 6830.0 22400000
1731680775898 6840.0 22446080
1731680805507 6850.0 22478848
1731680835323 6860.0 22511616
1731680867024 6870.0 22544384
1731680895727 6880.0 22560000
1731680929760 6890.0 22609920
1731680959729 6900.0 22642688
1731680990821 6910.0 22675456
1731681020622 6920.0 22708224
1731681045991 6930.0 22720000
1731681081945 6940.0 22773760
1731681111822 6950.0 22806528
1731681141295 6960.0 22839296
1731681171024 6970.0 22872064
1731681194988 6980.0 22880000
1731681231552 6990.0 22937600
1731681261856 7000.0 22970368
1731681291824 7010.0 23003136
1731681321774 7020.0 23035904
1731681345240 7030.0 23040000
1731681383979 7040.0 23101440
1731681413336 7050.0 23134208
1731681443328 7060.0 23166976
1731681473028 7070.0 23199744
1731681494686 7080.0 23200000
1731681532575 7090.0 23265280
1731681563148 7100.0 23298048
1731681593115 7110.0 23330816
1731681623228 7120.0 23360000
1731681653703 7130.0 23396352
1731681683394 7140.0 23429120
1731681712964 7150.0 23461888
1731681742610 7160.0 23494656
1731681770735 7170.0 23520000
1731681803801 7180.0 23560192
1731681833185 7190.0 23592960
1731681862599 7200.0 23625728
1731681892337 7210.0 23658496
1731681919886 7220.0 23680000
1731681953249 7230.0 23724032
1731681982549 7240.0 23756800
1731682011957 7250.0 23789568
1731682042761 7260.0 23822336
1731682069565 7270.0 23840000
1731682106696 7280.0 23887872
1731682136147 7290.0 23920640
1731682165732 7300.0 23953408
1731682195188 7310.0 23986176
1731682221472 7320.0 24000000
1731682256971 7330.0 24051712
1731682286615 7340.0 24084480
1731682316105 7350.0 24117248
1731682345337 7360.0 24150016
1731682369688 7370.0 24160000
1731682405405 7380.0 24215552
1731682434753 7390.0 24248320
1731682464125 7400.0 24281088
1731682493420 7410.0 24313856
1731682516813 7420.0 24320000
1731682553329 7430.0 24379392
1731682583011 7440.0 24412160
1731682612698 7450.0 24444928
1731682642167 7460.0 24477696
1731682664625 7470.0 24480000
1731682702315 7480.0 24543232
1731682731973 7490.0 24576000
1731682761940 7500.0 24608768
1731682791864 7510.0 24640000
1731682821897 7520.0 24674304
1731682851306 7530.0 24707072
1731682880623 7540.0 24739840
1731682910035 7550.0 24772608
1731682938844 7560.0 24800000
1731682970103 7570.0 24838144
1731682999410 7580.0 24870912
1731683029018 7590.0 24903680
1731683058579 7600.0 24936448
1731683086325 7610.0 24960000
1731683118881 7620.0 25001984
1731683148063 7630.0 25034752
1731683177360 7640.0 25067520
1731683207136 7650.0 25100288
1731683234626 7660.0 25120000
1731683268050 7670.0 25165824
1731683297289 7680.0 25198592
1731683326541 7690.0 25231360
1731683355767 7700.0 25264128
1731683381593 7710.0 25280000
1731683415427 7720.0 25329664
1731683444842 7730.0 25362432
1731683474090 7740.0 25395200
1731683503592 7750.0 25427968
1731683528599 7760.0 25440000
1731683564002 7770.0 25493504
1731683593401 7780.0 25526272
1731683622463 7790.0 25559040
1731683651551 7800.0 25591808
1731683675426 7810.0 25600000
1731683711474 7820.0 25657344
1731683741259 7830.0 25690112
1731683770870 7840.0 25722880
1731683799975 7850.0 25755648
1731683822976 7860.0 25760000
1731683859462 7870.0 25821184
1731683888801 7880.0 25853952
1731683918028 7890.0 25886720
1731683947508 7900.0 25919488
1731683969703 7910.0 25920000
1731684009010 7920.0 25985024
1731684038256 7930.0 26017792
1731684068261 7940.0 26050560
1731684098044 7950.0 26080000
1731684129334 7960.0 26116096
1731684158991 7970.0 26148864
1731684188674 7980.0 26181632
1731684218199 7990.0 26214400
1731684246350 8000.0 26240000
1731684277665 8010.0 26279936
1731684307044 8020.0 26312704
1731684336595 8030.0 26345472
1731684366648 8040.0 26378240
1731684393840 8050.0 26400000
1731684426592 8060.0 26443776
1731684456580 8070.0 26476544
1731684486280 8080.0 26509312
1731684515580 8090.0 26542080
1731684542631 8100.0 26560000
1731684576717 8110.0 26607616
1731684606296 8120.0 26640384
1731684635800 8130.0 26673152
1731684665304 8140.0 26705920
1731684690974 8150.0 26720000
1731684725541 8160.0 26771456
1731684755359 8170.0 26804224
1731684785482 8180.0 26836992
1731684815387 8190.0 26869760
1731684840072 8200.0 26880000
1731684876453 8210.0 26935296
1731684906278 8220.0 26968064
1731684935927 8230.0 27000832
1731684965507 8240.0 27033600
1731684989117 8250.0 27040000
1731685025753 8260.0 27099136
1731685055209 8270.0 27131904
1731685084897 8280.0 27164672
1731685114536 8290.0 27197440
1731685137632 8300.0 27200000
1731685175422 8310.0 27262976
1731685205243 8320.0 27295744
1731685234960 8330.0 27328512
1731685264878 8340.0 27360000
1731685294634 8350.0 27394048
1731685324289 8360.0 27426816
1731685353670 8370.0 27459584
1731685382927 8380.0 27492352
1731685411769 8390.0 27520000
1731685442568 8400.0 27557888
1731685472548 8410.0 27590656
1731685502193 8420.0 27623424
1731685531976 8430.0 27656192
1731685560063 8440.0 27680000
1731685592610 8450.0 27721728
1731685622325 8460.0 27754496
1731685652049 8470.0 27787264
1731685682241 8480.0 27820032
1731685709083 8490.0 27840000
1731685742651 8500.0 27885568
1731685772019 8510.0 27918336
1731685801882 8520.0 27951104
1731685831430 8530.0 27983872
1731685857232 8540.0 28000000
1731685894367 8550.0 28049408
1731685924131 8560.0 28082176
1731685953480 8570.0 28114944
1731685982872 8580.0 28147712
1731686008161 8590.0 28160000
1731686043770 8600.0 28213248
1731686073488 8610.0 28246016
1731686103419 8620.0 28278784
1731686131924 8630.0 28311552
1731686156649 8640.0 28320000
1731686193163 8650.0 28377088
1731686222738 8660.0 28409856
1731686252200 8670.0 28442624
1731686281755 8680.0 28475392
1731686304729 8690.0 28480000
1731686342302 8700.0 28540928
1731686371797 8710.0 28573696
1731686401647 8720.0 28606464
1731686432430 8730.0 28639232
1731686454899 8740.0 28640000
1731686493038 8750.0 28704768
1731686522540 8760.0 28737536
1731686552579 8770.0 28770304
1731686581898 8780.0 28800000
1731686612505 8790.0 28835840
1731686641839 8800.0 28868608
1731686671338 8810.0 28901376
1731686701455 8820.0 28934144
1731686729839 8830.0 28960000
1731686761246 8840.0 28999680
1731686790890 8850.0 29032448
1731686820954 8860.0 29065216
1731686850746 8870.0 29097984
1731686878367 8880.0 29120000
1731686910636 8890.0 29163520
1731686939724 8900.0 29196288
1731686969121 8910.0 29229056
1731686998005 8920.0 29261824
1731687024747 8930.0 29280000
1731687058385 8940.0 29327360
1731687087698 8950.0 29360128
1731687117013 8960.0 29392896
1731687146497 8970.0 29425664
1731687172394 8980.0 29440000
1731687207739 8990.0 29491200
1731687237421 9000.0 29523968
1731687267846 9010.0 29556736
1731687297693 9020.0 29589504
1731687322743 9030.0 29600000
1731687358481 9040.0 29655040
1731687388390 9050.0 29687808
1731687418046 9060.0 29720576
1731687449328 9070.0 29753344
1731687473309 9080.0 29760000
1731687512456 9090.0 29818880
1731687541874 9100.0 29851648
1731687571745 9110.0 29884416
1731687601019 9120.0 29917184
1731687623456 9130.0 29920000
1731687663922 9140.0 29982720
1731687693795 9150.0 30015488
1731687723460 9160.0 30048256
1731687753559 9170.0 30080000
1731687783292 9180.0 30113792
1731687813002 9190.0 30146560
1731687844814 9200.0 30179328
1731687879438 9210.0 30212096
1731687909650 9220.0 30240000
1731687945699 9230.0 30277632
1731687975290 9240.0 30310400
1731688005006 9250.0 30343168
1731688035028 9260.0 30375936
1731688063299 9270.0 30400000
1731688095415 9280.0 30441472
1731688125168 9290.0 30474240
1731688155176 9300.0 30507008
1731688184734 9310.0 30539776
1731688212039 9320.0 30560000
1731688245253 9330.0 30605312
1731688284910 9340.0 30638080
1731688314380 9350.0 30670848
1731688344233 9360.0 30703616
1731688370939 9370.0 30720000
1731688404729 9380.0 30769152
1731688434412 9390.0 30801920
1731688463795 9400.0 30834688
1731688493187 9410.0 30867456
1731688518247 9420.0 30880000
1731688553188 9430.0 30932992
1731688583129 9440.0 30965760
1731688612606 9450.0 30998528
1731688642296 9460.0 31031296
1731688666688 9470.0 31040000
1731688702970 9480.0 31096832
1731688732370 9490.0 31129600
1731688761560 9500.0 31162368
1731688791242 9510.0 31195136
1731688814530 9520.0 31200000
1731688851554 9530.0 31260672
1731688880744 9540.0 31293440
1731688910171 9550.0 31326208
1731688939962 9560.0 31358976
1731688964345 9570.0 31360000
1731689003346 9580.0 31424512
1731689032761 9590.0 31457280
1731689062220 9600.0 31490048
1731689091675 9610.0 31520000
1731689122228 9620.0 31555584
1731689152022 9630.0 31588352
1731689181613 9640.0 31621120
1731689210938 9650.0 31653888
1731689239589 9660.0 31680000
1731689271606 9670.0 31719424
1731689301381 9680.0 31752192
1731689331131 9690.0 31784960
1731689360934 9700.0 31817728
1731689389003 9710.0 31840000
1731689421510 9720.0 31883264
1731689451316 9730.0 31916032
1731689481027 9740.0 31948800
1731689510360 9750.0 31981568
1731689536992 9760.0 32000000
1731689570302 9770.0 32047104
1731689599936 9780.0 32079872
1731689629659 9790.0 32112640
1731689659150 9800.0 32145408
1731689685350 9810.0 32160000
1731689720610 9820.0 32210944
1731689750262 9830.0 32243712
1731689780290 9840.0 32276480
1731689812360 9850.0 32309248
1731689837507 9860.0 32320000
1731689873385 9870.0 32374784
1731689903284 9880.0 32407552
1731689933076 9890.0 32440320
1731689962517 9900.0 32473088
1731689986420 9910.0 32480000
1731690023274 9920.0 32538624
1731690053798 9930.0 32571392
1731690083761 9940.0 32604160
1731690113519 9950.0 32636928
1731690136544 9960.0 32640000
1731690174400 9970.0 32702464
1731690204692 9980.0 32735232
1731690234677 9990.0 32768000
1731690266033 10000.0 32800000
1731690298427 10010.0 32833536
1731690328051 10020.0 32866304
1731690358757 10030.0 32899072
1731690388440 10040.0 32931840
1731690418201 10050.0 32960000
1731690449846 10060.0 32997376
1731690479339 10070.0 33030144
1731690509506 10080.0 33062912
1731690539358 10090.0 33095680
1731690567312 10100.0 33120000
1731690601947 10110.0 33161216
1731690631686 10120.0 33193984
1731690661310 10130.0 33226752
1731690691875 10140.0 33259520
1731690718888 10150.0 33280000
1731690751674 10160.0 33325056
1731690781427 10170.0 33357824
1731690811400 10180.0 33390592
1731690841360 10190.0 33423360
1731690870428 10200.0 33440000
1731690906707 10210.0 33488896
1731690937233 10220.0 33521664
1731690966842 10230.0 33554432
1731690996321 10240.0 33587200
1731691021681 10250.0 33600000
1731691057003 10260.0 33652736
1731691086738 10270.0 33685504
1731691117204 10280.0 33718272
1731691147122 10290.0 33751040
1731691171538 10300.0 33760000
1731691208209 10310.0 33816576
1731691238629 10320.0 33849344
1731691268084 10330.0 33882112
1731691298446 10340.0 33914880
1731691322617 10350.0 33920000
1731691360510 10360.0 33980416
1731691390668 10370.0 34013184
1731691422082 10380.0 34045952
1731691452695 10390.0 34078720
1731691475807 10400.0 34080000
1731691515121 10410.0 34144256
1731691545171 10420.0 34177024
1731691575552 10430.0 34209792
1731691605574 10440.0 34240000
1731691637437 10450.0 34275328
1731691667795 10460.0 34308096
1731691698134 10470.0 34340864
1731691728090 10480.0 34373632
1731691760019 10490.0 34400000
1731691793200 10500.0 34439168
1731691823539 10510.0 34471936
1731691853992 10520.0 34504704
1731691885635 10530.0 34537472
1731691913782 10540.0 34560000
1731691946988 10550.0 34603008
1731691977353 10560.0 34635776
1731692007718 10570.0 34668544
1731692037788 10580.0 34701312
1731692065679 10590.0 34720000
1731692099229 10600.0 34766848
1731692129045 10610.0 34799616
1731692159443 10620.0 34832384
1731692193535 10630.0 34865152
1731692219570 10640.0 34880000
1731692256291 10650.0 34930688
1731692286576 10660.0 34963456
1731692316188 10670.0 34996224
1731692345744 10680.0 35028992
1731692370939 10690.0 35040000
1731692406590 10700.0 35094528
1731692437025 10710.0 35127296
1731692466760 10720.0 35160064
1731692497130 10730.0 35192832
1731692520561 10740.0 35200000
1731692557418 10750.0 35258368
1731692588470 10760.0 35291136
1731692618208 10770.0 35323904
1731692647965 10780.0 35356672
1731692670795 10790.0 35360000
1731692713183 10800.0 35422208
1731692742717 10810.0 35454976
1731692772707 10820.0 35487744
1731692806076 10830.0 35520000
1731692836497 10840.0 35553280
1731692866571 10850.0 35586048
1731692896633 10860.0 35618816
1731692927045 10870.0 35651584
1731692957444 10880.0 35680000
1731692989974 10890.0 35717120
1731693020371 10900.0 35749888
1731693050869 10910.0 35782656
1731693081156 10920.0 35815424
1731693109992 10930.0 35840000
1731693143810 10940.0 35880960
1731693173872 10950.0 35913728
1731693204191 10960.0 35946496
1731693234517 10970.0 35979264
1731693262086 10980.0 36000000
1731693296802 10990.0 36044800
1731693327118 11000.0 36077568
1731693356939 11010.0 36110336
1731693386615 11020.0 36143104
1731693413398 11030.0 36160000
1731693448913 11040.0 36208640
1731693478855 11050.0 36241408
1731693508782 11060.0 36274176
1731693538361 11070.0 36306944
1731693564397 11080.0 36320000
1731693599437 11090.0 36372480
1731693631392 11100.0 36405248
1731693660783 11110.0 36438016
1731693690621 11120.0 36470784
1731693714765 11130.0 36480000
1731693751009 11140.0 36536320
1731693780242 11150.0 36569088
1731693809500 11160.0 36601856
1731693839009 11170.0 36634624
1731693862659 11180.0 36640000
1731693900066 11190.0 36700160
1731693929512 11200.0 36732928
1731693959199 11210.0 36765696
1731693989534 11220.0 36798464
1731694011709 11230.0 36800000
1731694050434 11240.0 36864000
1731694079457 11250.0 36896768
1731694109066 11260.0 36929536
1731694139024 11270.0 36960000
1731694169562 11280.0 36995072
1731694198749 11290.0 37027840
1731694228327 11300.0 37060608
1731694257816 11310.0 37093376
1731694286716 11320.0 37120000
1731694318425 11330.0 37158912
1731694348682 11340.0 37191680
1731694378236 11350.0 37224448
1731694407470 11360.0 37257216
1731694435266 11370.0 37280000
1731694467823 11380.0 37322752
1731694497359 11390.0 37355520
1731694527168 11400.0 37388288
1731694556316 11410.0 37421056
1731694584117 11420.0 37440000
1731694617476 11430.0 37486592
1731694647217 11440.0 37519360
1731694676775 11450.0 37552128
1731694706542 11460.0 37584896
1731694732716 11470.0 37600000
1731694766841 11480.0 37650432
1731694796177 11490.0 37683200
1731694825732 11500.0 37715968
1731694855448 11510.0 37748736
1731694880406 11520.0 37760000
1731694915894 11530.0 37814272
1731694946096 11540.0 37847040
1731694975930 11550.0 37879808
1731695005931 11560.0 37912576
1731695029815 11570.0 37920000
1731695065706 11580.0 37978112
1731695095629 11590.0 38010880
1731695125567 11600.0 38043648
1731695155410 11610.0 38076416
1731695178535 11620.0 38080000
1731695216173 11630.0 38141952
1731695245985 11640.0 38174720
1731695275664 11650.0 38207488
1731695306618 11660.0 38240000
1731695336787 11670.0 38273024
1731695366517 11680.0 38305792
1731695396331 11690.0 38338560
1731695426200 11700.0 38371328
1731695455309 11710.0 38400000
1731695486049 11720.0 38436864
1731695516216 11730.0 38469632
1731695546130 11740.0 38502400
1731695576273 11750.0 38535168
1731695605197 11760.0 38560000
1731695637198 11770.0 38600704
1731695667103 11780.0 38633472
1731695696783 11790.0 38666240
1731695726114 11800.0 38699008
1731695753706 11810.0 38720000
1731695791654 11820.0 38764544
1731695820679 11830.0 38797312
1731695850337 11840.0 38830080
1731695879537 11850.0 38862848
1731695906205 11860.0 38880000
1731695940547 11870.0 38928384
1731695971970 11880.0 38961152
1731696001503 11890.0 38993920
1731696031439 11900.0 39026688
1731696056379 11910.0 39040000
1731696091428 11920.0 39092224
1731696121324 11930.0 39124992
1731696151011 11940.0 39157760
1731696180578 11950.0 39190528
1731696205084 11960.0 39200000
1731696241353 11970.0 39256064
1731696271194 11980.0 39288832
1731696301453 11990.0 39321600
1731696331342 12000.0 39354368
1731696354967 12010.0 39360000
1731696392650 12020.0 39419904
1731696422331 12030.0 39452672
1731696452057 12040.0 39485440
1731696481595 12050.0 39518208
1731696504530 12060.0 39520000
1731696543394 12070.0 39583744
1731696573202 12080.0 39616512
1731696602869 12090.0 39649280
1731696632938 12100.0 39680000
1731696662910 12110.0 39714816
1731696693126 12120.0 39747584
1731696722771 12130.0 39780352
1731696752718 12140.0 39813120
1731696781525 12150.0 39840000
1731696812884 12160.0 39878656
1731696842786 12170.0 39911424
1731696872834 12180.0 39944192
1731696903099 12190.0 39976960
1731696931527 12200.0 40000000
1731696964234 12210.0 40042496
1731696993890 12220.0 40075264
1731697023559 12230.0 40108032
1731697053576 12240.0 40140800
1731697080879 12250.0 40160000
1731697114725 12260.0 40206336
1731697144906 12270.0 40239104
1731697174937 12280.0 40271872
1731697205142 12290.0 40304640
1731697231476 12300.0 40320000
1731697266059 12310.0 40370176
1731697295768 12320.0 40402944
1731697325933 12330.0 40435712
1731697355634 12340.0 40468480
1731697380842 12350.0 40480000
1731697417227 12360.0 40534016
1731697447233 12370.0 40566784
1731697477391 12380.0 40599552
1731697507442 12390.0 40632320
1731697531634 12400.0 40640000
1731697567948 12410.0 40697856
1731697597706 12420.0 40730624
1731697627670 12430.0 40763392
1731697657606 12440.0 40796160
1731697680858 12450.0 40800000
1731697718090 12460.0 40861696
1731697748301 12470.0 40894464
1731697778545 12480.0 40927232
1731697808855 12490.0 40960000
1731697838946 12500.0 40992768
1731697868498 12510.0 41025536
1731697898284 12520.0 41058304
1731697928242 12530.0 41091072
1731697958113 12540.0 41120000
1731697989168 12550.0 41156608
1731698018949 12560.0 41189376
1731698049172 12570.0 41222144
1731698079433 12580.0 41254912
1731698108138 12590.0 41280000
1731698140157 12600.0 41320448
1731698170282 12610.0 41353216
1731698200005 12620.0 41385984
1731698229660 12630.0 41418752
1731698257209 12640.0 41440000
1731698290131 12650.0 41484288
1731698319907 12660.0 41517056
1731698349630 12670.0 41549824
1731698379647 12680.0 41582592
1731698406480 12690.0 41600000
1731698440677 12700.0 41648128
1731698470952 12710.0 41680896
1731698500755 12720.0 41713664
1731698530796 12730.0 41746432
1731698556796 12740.0 41760000
1731698592100 12750.0 41811968
1731698621628 12760.0 41844736
1731698651278 12770.0 41877504
1731698681062 12780.0 41910272
1731698705909 12790.0 41920000
1731698741813 12800.0 41975808
1731698772571 12810.0 42008576
1731698803070 12820.0 42041344
1731698833282 12830.0 42074112
1731698857175 12840.0 42080000
1731698894056 12850.0 42139648
1731698923817 12860.0 42172416
1731698953623 12870.0 42205184
1731698983747 12880.0 42237952
1731699006179 12890.0 42240000
1731699044151 12900.0 42303488
1731699074066 12910.0 42336256
1731699104025 12920.0 42369024
1731699134379 12930.0 42400000
1731699164645 12940.0 42434560
1731699194536 12950.0 42467328
1731699224194 12960.0 42500096
1731699254469 12970.0 42532864
1731699283588 12980.0 42560000
1731699315078 12990.0 42598400
1731699344783 13000.0 42631168
1731699374751 13010.0 42663936
1731699404557 13020.0 42696704
1731699433287 13030.0 42720000
1731699465917 13040.0 42762240
1731699495359 13050.0 42795008
1731699525034 13060.0 42827776
1731699555134 13070.0 42860544
1731699582576 13080.0 42880000
1731699615984 13090.0 42926080
1731699645742 13100.0 42958848
1731699675728 13110.0 42991616
1731699705896 13120.0 43024384
1731699731893 13130.0 43040000
1731699766717 13140.0 43089920
1731699796345 13150.0 43122688
1731699825895 13160.0 43155456
1731699855800 13170.0 43188224
1731699880671 13180.0 43200000
1731699916127 13190.0 43253760
1731699951219 13200.0 43286528
1731699980434 13210.0 43319296
1731700011519 13220.0 43352064
1731700035935 13230.0 43360000
1731700072223 13240.0 43417600
1731700101949 13250.0 43450368
1731700131582 13260.0 43483136
1731700163505 13270.0 43515904
1731700186933 13280.0 43520000
1731700224247 13290.0 43581440
1731700254634 13300.0 43614208
1731700284955 13310.0 43646976
1731700314812 13320.0 43679744
1731700337407 13330.0 43680000
1731700376704 13340.0 43745280
1731700407129 13350.0 43778048
1731700437244 13360.0 43810816
1731700467087 13370.0 43840000
1731700498145 13380.0 43876352
1731700528467 13390.0 43909120
1731700558087 13400.0 43941888
1731700587982 13410.0 43974656
1731700616362 13420.0 44000000
1731700648316 13430.0 44040192
1731700678037 13440.0 44072960
1731700707865 13450.0 44105728
1731700737445 13460.0 44138496
1731700765191 13470.0 44160000
1731700798462 13480.0 44204032
1731700828322 13490.0 44236800
1731700857947 13500.0 44269568
1731700887845 13510.0 44302336
1731700915290 13520.0 44320000
1731700949187 13530.0 44367872
1731700979264 13540.0 44400640
1731701009112 13550.0 44433408
1731701040781 13560.0 44466176
1731701066920 13570.0 44480000
1731701102152 13580.0 44531712
1731701132327 13590.0 44564480
1731701162443 13600.0 44597248
1731701192118 13610.0 44630016
1731701216978 13620.0 44640000
1731701252759 13630.0 44695552
1731701282268 13640.0 44728320
1731701311984 13650.0 44761088
1731701341224 13660.0 44793856
1731701365144 13670.0 44800000
1731701402026 13680.0 44859392
1731701432093 13690.0 44892160
1731701462934 13700.0 44924928
1731701493184 13710.0 44957696
1731701515897 13720.0 44960000
1731701554137 13730.0 45023232
1731701584291 13740.0 45056000
1731701614330 13750.0 45088768
1731701644783 13760.0 45120000
1731701675361 13770.0 45154304
1731701705746 13780.0 45187072
1731701735789 13790.0 45219840
1731701765693 13800.0 45252608
1731701795118 13810.0 45280000
1731701826684 13820.0 45318144
1731701856618 13830.0 45350912
1731701885933 13840.0 45383680
1731701916417 13850.0 45416448
1731701946206 13860.0 45440000
1731701979354 13870.0 45481984
1731702009990 13880.0 45514752
1731702040530 13890.0 45547520
1731702070822 13900.0 45580288
1731702098364 13910.0 45600000
1731702132122 13920.0 45645824
1731702161855 13930.0 45678592
1731702191978 13940.0 45711360
1731702224204 13950.0 45744128
1731702250514 13960.0 45760000
1731702284679 13970.0 45809664
1731702314801 13980.0 45842432
1731702345054 13990.0 45875200
1731702378870 14000.0 45907968
1731702404538 14010.0 45920000
1731702445317 14020.0 45973504
1731702475263 14030.0 46006272
1731702505167 14040.0 46039040
1731702534637 14050.0 46071808
1731702559880 14060.0 46080000
1731702597536 14070.0 46137344
1731702627552 14080.0 46170112
1731702657335 14090.0 46202880
1731702686961 14100.0 46235648
1731702710233 14110.0 46240000
1731702747237 14120.0 46301184
1731702776818 14130.0 46333952
1731702807326 14140.0 46366720
1731702836783 14150.0 46399488
1731702859219 14160.0 46400000
1731702897642 14170.0 46465024
1731702927016 14180.0 46497792
1731702957441 14190.0 46530560
1731702987290 14200.0 46560000
1731703018290 14210.0 46596096
1731703048347 14220.0 46628864
1731703078239 14230.0 46661632
1731703108475 14240.0 46694400
1731703137148 14250.0 46720000
1731703168898 14260.0 46759936
1731703198682 14270.0 46792704
1731703228848 14280.0 46825472
1731703258998 14290.0 46858240
1731703287917 14300.0 46880000
1731703321414 14310.0 46923776
1731703351556 14320.0 46956544
1731703381759 14330.0 46989312
1731703412034 14340.0 47022080
1731703439049 14350.0 47040000
1731703473641 14360.0 47087616
1731703503824 14370.0 47120384
1731703533907 14380.0 47153152
1731703563798 14390.0 47185920
1731703589816 14400.0 47200000
1731703625064 14410.0 47251456
1731703655005 14420.0 47284224
1731703685147 14430.0 47316992
1731703715271 14440.0 47349760
1731703740123 14450.0 47360000
1731703776214 14460.0 47415296
1731703806095 14470.0 47448064
1731703835820 14480.0 47480832
1731703865820 14490.0 47513600
1731703889655 14500.0 47520000
1731703926303 14510.0 47579136
1731703956432 14520.0 47611904
1731703986744 14530.0 47644672
1731704016936 14540.0 47677440
1731704039872 14550.0 47680000
1731704078569 14560.0 47742976
1731704108985 14570.0 47775744
1731704138777 14580.0 47808512
1731704169481 14590.0 47840000
1731704200318 14600.0 47874048
1731704230168 14610.0 47906816
1731704260625 14620.0 47939584
1731704290751 14630.0 47972352
1731704320155 14640.0 48000000
1731704352571 14650.0 48037888
1731704382337 14660.0 48070656
1731704412136 14670.0 48103424
1731704442503 14680.0 48136192
1731704471536 14690.0 48160000
1731704504438 14700.0 48201728
1731704534418 14710.0 48234496
1731704564401 14720.0 48267264
1731704594625 14730.0 48300032
1731704622242 14740.0 48320000
1731704655808 14750.0 48365568
1731704685749 14760.0 48398336
1731704715532 14770.0 48431104
1731704745291 14780.0 48463872
1731704771608 14790.0 48480000
1731704806095 14800.0 48529408
1731704838113 14810.0 48562176
1731704868197 14820.0 48594944
1731704898239 14830.0 48627712
1731704923699 14840.0 48640000
1731704959300 14850.0 48693248
1731704989331 14860.0 48726016
1731705019814 14870.0 48758784
1731705049727 14880.0 48791552
1731705074415 14890.0 48800000
1731705110860 14900.0 48857088
1731705141480 14910.0 48889856
1731705171564 14920.0 48922624
1731705201675 14930.0 48955392
1731705225248 14940.0 48960000
1731705262466 14950.0 49020928
1731705291841 14960.0 49053696
1731705324707 14970.0 49086464
1731705354273 14980.0 49119232
1731705378191 14990.0 49120000
1731705419654 15000.0 49184768
1731705449828 15010.0 49217536
1731705479870 15020.0 49250304
1731705509978 15030.0 49280000
1731705542026 15040.0 49315840
1731705576188 15050.0 49348608
1731705606175 15060.0 49381376
1731705636175 15070.0 49414144
1731705665517 15080.0 49440000
1731705697575 15090.0 49479680
1731705727891 15100.0 49512448
1731705757949 15110.0 49545216
1731705788161 15120.0 49577984
1731705816989 15130.0 49600000
1731705850157 15140.0 49643520
1731705880506 15150.0 49676288
1731705910681 15160.0 49709056
1731705940681 15170.0 49741824
1731705967665 15180.0 49760000
1731706002069 15190.0 49807360
1731706032094 15200.0 49840128
1731706061976 15210.0 49872896
1731706091966 15220.0 49905664
1731706118632 15230.0 49920000
1731706153889 15240.0 49971200
1731706183975 15250.0 50003968
1731706214222 15260.0 50036736
1731706244532 15270.0 50069504
1731706269808 15280.0 50080000
1731706306098 15290.0 50135040
1731706336497 15300.0 50167808
1731706366847 15310.0 50200576
1731706397046 15320.0 50233344
1731706421239 15330.0 50240000
1731706458562 15340.0 50298880
1731706488978 15350.0 50331648
1731706519186 15360.0 50364416
1731706549381 15370.0 50397184
1731706572380 15380.0 50400000
1731706610356 15390.0 50462720
1731706640236 15400.0 50495488
1731706670142 15410.0 50528256
1731706701127 15420.0 50560000
1731706731616 15430.0 50593792
1731706762108 15440.0 50626560
1731706792401 15450.0 50659328
1731706823051 15460.0 50692096
1731706852835 15470.0 50720000
1731706884601 15480.0 50757632
1731706915055 15490.0 50790400
1731706945563 15500.0 50823168
1731706975762 15510.0 50855936
1731707004264 15520.0 50880000
1731707037095 15530.0 50921472
1731707070453 15540.0 50954240
1731707100168 15550.0 50987008
1731707130859 15560.0 51019776
1731707158476 15570.0 51040000
1731707191158 15580.0 51085312
1731707221275 15590.0 51118080
1731707251166 15600.0 51150848
1731707281341 15610.0 51183616
1731707308270 15620.0 51200000
1731707343289 15630.0 51249152
1731707373614 15640.0 51281920
1731707403497 15650.0 51314688
1731707433497 15660.0 51347456
1731707458948 15670.0 51360000
1731707494355 15680.0 51412992
1731707524530 15690.0 51445760
1731707554763 15700.0 51478528
1731707584755 15710.0 51511296
1731707609406 15720.0 51520000
1731707646128 15730.0 51576832
1731707677262 15740.0 51609600
1731707707346 15750.0 51642368
1731707738146 15760.0 51675136
1731707761930 15770.0 51680000
1731707799736 15780.0 51740672
1731707830024 15790.0 51773440
1731707860365 15800.0 51806208
1731707891023 15810.0 51838976
1731707913609 15820.0 51840000
1731707952344 15830.0 51904512
1731707982721 15840.0 51937280
1731708012718 15850.0 51970048
1731708042912 15860.0 52000000
1731708074112 15870.0 52035584
1731708104236 15880.0 52068352
1731708134419 15890.0 52101120
1731708164436 15900.0 52133888
1731708193794 15910.0 52160000
1731708225701 15920.0 52199424
1731708255676 15930.0 52232192
1731708285811 15940.0 52264960
1731708316306 15950.0 52297728
1731708344367 15960.0 52320000
1731708377200 15970.0 52363264
1731708407633 15980.0 52396032
1731708438333 15990.0 52428800
1731708468608 16000.0 52461568
1731708498585 16010.0 52480000
1731708533137 16020.0 52527104
1731708563456 16030.0 52559872
1731708593639 16040.0 52592640
1731708624056 16050.0 52625408
1731708650494 16060.0 52640000
1731708685966 16070.0 52690944
1731708717072 16080.0 52723712
1731708747717 16090.0 52756480
1731708778275 16100.0 52789248
1731708803559 16110.0 52800000
1731708839815 16120.0 52854784
1731708869957 16130.0 52887552
1731708900340 16140.0 52920320
1731708930423 16150.0 52953088
1731708954694 16160.0 52960000
1731708991580 16170.0 53018624
1731709021754 16180.0 53051392
1731709052189 16190.0 53084160
1731709082883 16200.0 53116928
1731709106280 16210.0 53120000
1731709144917 16220.0 53182464
1731709175343 16230.0 53215232
1731709205427 16240.0 53248000
1731709236501 16250.0 53280000
1731709267484 16260.0 53313536
1731709297965 16270.0 53346304
1731709328634 16280.0 53379072
1731709358783 16290.0 53411840
1731709388866 16300.0 53440000
1731709421533 16310.0 53477376
1731709451605 16320.0 53510144
1731709482008 16330.0 53542912
1731709512407 16340.0 53575680
1731709541663 16350.0 53600000
1731709574315 16360.0 53641216
1731709604278 16370.0 53673984
1731709634169 16380.0 53706752
1731709664110 16390.0 53739520
1731709692261 16400.0 53760000
1731709726156 16410.0 53805056
1731709756816 16420.0 53837824
1731709786592 16430.0 53870592
1731709816854 16440.0 53903360
1731709843739 16450.0 53920000
1731709878764 16460.0 53968896
1731709909481 16470.0 54001664
1731709939564 16480.0 54034432
1731709970313 16490.0 54067200
1731709996614 16500.0 54080000
1731710032371 16510.0 54132736
1731710062529 16520.0 54165504
1731710092770 16530.0 54198272
1731710123240 16540.0 54231040
1731710148408 16550.0 54240000
1731710185311 16560.0 54296576
1731710215786 16570.0 54329344
1731710245875 16580.0 54362112
1731710276719 16590.0 54394880
1731710300545 16600.0 54400000
1731710338493 16610.0 54460416
1731710368732 16620.0 54493184
1731710399164 16630.0 54525952
1731710429987 16640.0 54558720
1731710452982 16650.0 54560000
1731710491749 16660.0 54624256
1731710522242 16670.0 54657024
1731710552445 16680.0 54689792
1731710582987 16690.0 54720000
1731710613836 16700.0 54755328
1731710644119 16710.0 54788096
1731710674339 16720.0 54820864
1731710704357 16730.0 54853632
1731710733660 16740.0 54880000
1731710765675 16750.0 54919168
1731710796250 16760.0 54951936
1731710827119 16770.0 54984704
1731710857516 16780.0 55017472
1731710886116 16790.0 55040000
1731710919589 16800.0 55083008
1731710950212 16810.0 55115776
1731710980930 16820.0 55148544
1731711012046 16830.0 55181312
1731711039780 16840.0 55200000
1731711074279 16850.0 55246848
1731711105070 16860.0 55279616
1731711135812 16870.0 55312384
1731711166643 16880.0 55345152
1731711193956 16890.0 55360000
1731711229352 16900.0 55410688
1731711259558 16910.0 55443456
1731711289672 16920.0 55476224
1731711319932 16930.0 55508992
1731711345612 16940.0 55520000
1731711381609 16950.0 55574528
1731711411639 16960.0 55607296
1731711442013 16970.0 55640064
1731711472363 16980.0 55672832
1731711497073 16990.0 55680000
1731711536370 17000.0 55738368
1731711566752 17010.0 55771136
1731711596960 17020.0 55803904
1731711627352 17030.0 55836672
1731711650720 17040.0 55840000
1731711688931 17050.0 55902208
1731711719100 17060.0 55934976
1731711749316 17070.0 55967744
1731711780908 17080.0 56000000
1731711811815 17090.0 56033280
1731711843244 17100.0 56066048
1731711874449 17110.0 56098816
1731711904984 17120.0 56131584
1731711934872 17130.0 56160000
1731711966779 17140.0 56197120
1731711997092 17150.0 56229888
1731712027337 17160.0 56262656
1731712057678 17170.0 56295424
1731712087562 17180.0 56320000
1731712120335 17190.0 56360960
1731712150370 17200.0 56393728
1731712180653 17210.0 56426496
1731712211143 17220.0 56459264
1731712239445 17230.0 56480000
1731712273244 17240.0 56524800
1731712303531 17250.0 56557568
1731712334281 17260.0 56590336
1731712364799 17270.0 56623104
1731712391881 17280.0 56640000
1731712426904 17290.0 56688640
1731712457670 17300.0 56721408
1731712488475 17310.0 56754176
1731712518800 17320.0 56786944
1731712545487 17330.0 56800000
1731712581842 17340.0 56852480
1731712612409 17350.0 56885248
1731712642683 17360.0 56918016
1731712673658 17370.0 56950784
1731712699092 17380.0 56960000
1731712735440 17390.0 57016320
1731712765997 17400.0 57049088
1731712796172 17410.0 57081856
1731712826547 17420.0 57114624
1731712850632 17430.0 57120000
1731712888713 17440.0 57180160
1731712919246 17450.0 57212928
1731712949824 17460.0 57245696
1731712980630 17470.0 57278464
1731713003604 17480.0 57280000
1731713042753 17490.0 57344000
1731713073728 17500.0 57376768
1731713104561 17510.0 57409536
1731713136555 17520.0 57440000
1731713167952 17530.0 57475072
1731713198706 17540.0 57507840
1731713229555 17550.0 57540608
1731713260391 17560.0 57573376
1731713290129 17570.0 57600000
1731713322770 17580.0 57638912
1731713352548 17590.0 57671680
1731713382111 17600.0 57704448
1731713412500 17610.0 57737216
1731713441261 17620.0 57760000
1731713474297 17630.0 57802752
1731713504407 17640.0 57835520
1731713536542 17650.0 57868288
1731713566883 17660.0 57901056
1731713595008 17670.0 57920000
1731713629290 17680.0 57966592
1731713659565 17690.0 57999360
1731713690271 17700.0 58032128
1731713720572 17710.0 58064896
1731713747098 17720.0 58080000
1731713782230 17730.0 58130432
1731713813288 17740.0 58163200
1731713843696 17750.0 58195968
1731713874562 17760.0 58228736
1731713899963 17770.0 58240000
1731713936420 17780.0 58294272
1731713967054 17790.0 58327040
1731713997437 17800.0 58359808
1731714027519 17810.0 58392576
1731714052296 17820.0 58400000
1731714089574 17830.0 58458112
1731714120519 17840.0 58490880
1731714151507 17850.0 58523648
1731714182255 17860.0 58556416
1731714205849 17870.0 58560000
1731714244848 17880.0 58621952
1731714275458 17890.0 58654720
1731714306386 17900.0 58687488
1731714337602 17910.0 58720000
1731714368993 17920.0 58753024
1731714399684 17930.0 58785792
1731714430175 17940.0 58818560
1731714460786 17950.0 58851328
1731714491341 17960.0 58880000
1731714523460 17970.0 58916864
1731714554039 17980.0 58949632
1731714584522 17990.0 58982400
1731714614847 18000.0 59015168
1731714643955 18010.0 59040000
1731714676712 18020.0 59080704
1731714707521 18030.0 59113472
1731714738071 18040.0 59146240
1731714768895 18050.0 59179008
1731714797029 18060.0 59200000
1731714831070 18070.0 59244544
1731714862478 18080.0 59277312
1731714893424 18090.0 59310080
1731714926802 18100.0 59342848
1731714958218 18110.0 59360000
