1733223267488 0.2267181396484375 65536
1733223300510 0.2513916015625 98304
1733223333746 0.26644287109375 131072
1733223371639 0.2890350341796875 160000
1733223407612 0.3001708984375 196608
1733223439515 0.313177490234375 229376
1733223471532 0.315899658203125 262144
1733223503497 0.3258880615234375 294912
1733223548317 0.3309112548828125 320000
1733223585431 0.3418853759765625 360448
1733223617963 0.3493804931640625 393216
1733223650662 0.3550537109375 425984
1733223682586 0.3609649658203125 458752
1733223717510 0.3670867919921875 480000
1733223753365 0.3701629638671875 524288
1733223785364 0.347027587890625 557056
1733223817248 0.3801361083984375 589824
1733223849470 0.372747802734375 622592
1733223884777 0.392779541015625 640000
1733223922256 0.3852142333984375 688128
1733223954256 0.3895904541015625 720896
1733223986754 0.4040771484375 753664
1733224019047 0.3986572265625 786432
1733224059439 0.4125640869140625 800000
1733224097798 0.4142852783203125 851968
1733224129503 0.41448974609375 884736
1733224161894 0.4146453857421875 917504
1733224193793 0.41591796875 950272
1733224226755 0.4130401611328125 960000
1733224266505 0.4114013671875 1015808
1733224306353 0.408349609375 1048576
1733224338225 0.4329071044921875 1081344
1733224370669 0.4183197021484375 1114112
1733224402007 0.4297393798828125 1120000
1733224442645 0.4256988525390625 1179648
1733224474453 0.431402587890625 1212416
1733224506259 0.4343658447265625 1245184
1733224538743 0.4328948974609375 1277952
1733224568355 0.4376373291015625 1280000
1733224618160 0.429693603515625 1343488
1733224650059 0.4327667236328125 1376256
1733224681634 0.4345458984375 1409024
1733224720197 0.4298492431640625 1440000
1733224752045 0.435888671875 1474560
1733224783720 0.4316253662109375 1507328
1733224816351 0.4344940185546875 1540096
1733224848575 0.435546875 1572864
1733224886505 0.4352996826171875 1600000
1733224920596 0.4299468994140625 1638400
1733224952320 0.4265960693359375 1671168
1733224984461 0.4157196044921875 1703936
1733225024281 0.4132659912109375 1736704
1733225060121 0.4321502685546875 1760000
1733225095369 0.42806396484375 1802240
1733225127659 0.4248992919921875 1835008
1733225160034 0.4089019775390625 1867776
1733225192799 0.417437744140625 1900544
1733225228411 0.3893829345703125 1920000
1733225264494 0.41273193359375 1966080
1733225303782 0.397113037109375 1998848
1733225336526 0.39761962890625 2031616
1733225369654 0.414813232421875 2064384
1733225403903 0.4084716796875 2080000
1733225441783 0.402471923828125 2129920
1733225481672 0.400933837890625 2162688
1733225514114 0.399945068359375 2195456
1733225546702 0.40826416015625 2228224
1733225579851 0.3657684326171875 2240000
1733225619597 0.3827484130859375 2293760
1733225652146 0.3905303955078125 2326528
1733225691660 0.3888824462890625 2359296
1733225723958 0.389947509765625 2392064
1733225763149 0.4069732666015625 2400000
1733225803893 0.3995635986328125 2457600
1733225836207 0.398443603515625 2490368
1733225868432 0.39781494140625 2523136
1733225900997 0.383721923828125 2555904
1733225932280 0.3897247314453125 2560000
1733225973642 0.383465576171875 2621440
1733226006132 0.383892822265625 2654208
1733226038440 0.3881378173828125 2686976
1733226071057 0.3849853515625 2719744
1733226101751 0.3745574951171875 2720000
1733226146483 0.3710601806640625 2785280
1733226179157 0.38411865234375 2818048
1733226211664 0.394342041015625 2850816
1733226251302 0.3639984130859375 2880000
1733226284951 0.39630126953125 2916352
1733226317916 0.35069580078125 2949120
1733226350937 0.35081787109375 2981888
1733226383388 0.3878875732421875 3014656
1733226421377 0.34410400390625 3040000
1733226456642 0.370281982421875 3080192
1733226489361 0.379180908203125 3112960
1733226521814 0.3555084228515625 3145728
1733226554521 0.363079833984375 3178496
1733226591002 0.3479583740234375 3200000
1733226627533 0.384576416015625 3244032
1733226660615 0.3763916015625 3276800
1733226693214 0.345806884765625 3309568
1733226725879 0.341424560546875 3342336
1733226761977 0.3523162841796875 3360000
1733226807796 0.3642333984375 3407872
1733226840487 0.3594146728515625 3440640
1733226873032 0.357232666015625 3473408
1733226906192 0.3411376953125 3506176
1733226940474 0.3813201904296875 3520000
1733226979870 0.3628387451171875 3571712
1733227019434 0.33818359375 3604480
1733227052266 0.3660919189453125 3637248
1733227084565 0.343310546875 3670016
1733227117410 0.36326904296875 3680000
1733227158251 0.3347381591796875 3735552
1733227190958 0.344140625 3768320
1733227223541 0.3641021728515625 3801088
1733227256456 0.335345458984375 3833856
1733227287707 0.33343505859375 3840000
1733227329213 0.334857177734375 3899392
1733227369555 0.325982666015625 3932160
1733227402354 0.3121307373046875 3964928
1733227434753 0.3449127197265625 3997696
1733227465077 0.33504638671875 4000000
1733227508823 0.3492279052734375 4063232
1733227541855 0.331915283203125 4096000
1733227574579 0.3378814697265625 4128768
1733227613975 0.30523681640625 4160000
1733227647523 0.353009033203125 4194304
1733227680137 0.329071044921875 4227072
1733227719560 0.341363525390625 4259840
1733227752663 0.3291595458984375 4292608
1733227791314 0.3414154052734375 4320000
1733227826237 0.3322296142578125 4358144
1733227858919 0.3484039306640625 4390912
1733227891827 0.3488922119140625 4423680
1733227924800 0.3428466796875 4456448
1733227962480 0.3234375 4480000
1733228006001 0.3415557861328125 4521984
1733228039108 0.345562744140625 4554752
1733228071990 0.342913818359375 4587520
1733228105139 0.3476104736328125 4620288
1733228147601 0.3509124755859375 4640000
1733228185823 0.3241424560546875 4685824
1733228218547 0.332373046875 4718592
1733228258645 0.3321136474609375 4751360
1733228291968 0.3436431884765625 4784128
1733228326373 0.3592803955078125 4800000
1733228364928 0.3330902099609375 4849664
1733228397810 0.339739990234375 4882432
1733228431036 0.331427001953125 4915200
1733228471055 0.348529052734375 4947968
1733228504006 0.308819580078125 4960000
1733228543854 0.30062255859375 5013504
1733228576258 0.3032867431640625 5046272
1733228609015 0.3133544921875 5079040
1733228641627 0.3368072509765625 5111808
1733228673904 0.35025634765625 5120000
1733228715281 0.31112060546875 5177344
1733228748232 0.346826171875 5210112
1733228787928 0.2952728271484375 5242880
1733228820860 0.2941192626953125 5275648
1733228851302 0.30975341796875 5280000
1733228894439 0.3261016845703125 5341184
1733228934968 0.3227783203125 5373952
1733228967409 0.3433441162109375 5406720
1733229000174 0.319976806640625 5439488
1733229029249 0.3432098388671875 5440000
1733229073589 0.3243865966796875 5505024
1733229105893 0.3340728759765625 5537792
1733229138426 0.3395294189453125 5570560
1733229179084 0.3243499755859375 5600000
1733229215194 0.333599853515625 5636096
1733229248043 0.310858154296875 5668864
1733229281253 0.336590576171875 5701632
1733229314148 0.2911956787109375 5734400
1733229351881 0.2983184814453125 5760000
1733229388895 0.3081573486328125 5799936
1733229429052 0.2768341064453125 5832704
1733229461463 0.3028472900390625 5865472
1733229494236 0.322869873046875 5898240
1733229530652 0.3294769287109375 5920000
1733229568240 0.33341064453125 5963776
1733229601755 0.2842559814453125 5996544
1733229634620 0.3025177001953125 6029312
1733229667564 0.2803375244140625 6062080
1733229702476 0.3248687744140625 6080000
1733229740928 0.299188232421875 6127616
1733229774340 0.3030242919921875 6160384
1733229807178 0.300616455078125 6193152
1733229839818 0.3180389404296875 6225920
1733229874166 0.289862060546875 6240000
1733229913594 0.3370513916015625 6291456
1733229946342 0.2961700439453125 6324224
1733229979310 0.2755462646484375 6356992
1733230012218 0.293853759765625 6389760
1733230045100 0.2986419677734375 6400000
1733230086153 0.3163543701171875 6455296
1733230118831 0.3214019775390625 6488064
1733230152315 0.292486572265625 6520832
1733230185516 0.2982879638671875 6553600
1733230217757 0.27735595703125 6560000
1733230268225 0.337115478515625 6619136
1733230309748 0.322418212890625 6651904
1733230343566 0.32088623046875 6684672
1733230377509 0.293682861328125 6717440
1733230416221 0.32357177734375 6720000
1733230461958 0.3279510498046875 6782976
1733230496129 0.283648681640625 6815744
1733230529916 0.2853912353515625 6848512
1733230570486 0.2879364013671875 6880000
1733230604515 0.27974853515625 6914048
1733230638366 0.322283935546875 6946816
1733230672529 0.33465576171875 6979584
1733230705979 0.3099365234375 7012352
1733230745385 0.3090240478515625 7040000
1733230780701 0.267779541015625 7077888
1733230813978 0.3144866943359375 7110656
1733230847078 0.318896484375 7143424
1733230880041 0.2647735595703125 7176192
1733230917709 0.27479248046875 7200000
1733230954252 0.29375 7241728
1733230987341 0.2579437255859375 7274496
1733231027799 0.3102996826171875 7307264
1733231061201 0.3219268798828125 7340032
1733231097111 0.3123748779296875 7360000
1733231134821 0.298162841796875 7405568
1733231168437 0.297509765625 7438336
1733231201969 0.2685028076171875 7471104
1733231235420 0.31134033203125 7503872
1733231270118 0.24827880859375 7520000
1733231309263 0.2721649169921875 7569408
1733231342867 0.287744140625 7602176
1733231375651 0.28497314453125 7634944
1733231409624 0.245458984375 7667712
1733231452301 0.2783966064453125 7680000
1733231492965 0.24788818359375 7733248
1733231525619 0.2976531982421875 7766016
1733231558687 0.2821258544921875 7798784
1733231591392 0.2994110107421875 7831552
1733231624654 0.313983154296875 7840000
1733231666642 0.3092803955078125 7897088
1733231706674 0.279425048828125 7929856
1733231739911 0.2897857666015625 7962624
1733231772889 0.3049530029296875 7995392
1733231811058 0.3308319091796875 8000000
1733231855125 0.2480743408203125 8060928
1733231887507 0.2351165771484375 8093696
1733231919851 0.2800628662109375 8126464
1733231959063 0.275274658203125 8159232
1733231995651 0.28253173828125 8160000
1733232040440 0.3144989013671875 8224768
1733232073480 0.2879791259765625 8257536
1733232105816 0.299005126953125 8290304
1733232144102 0.31190185546875 8320000
1733232178543 0.3064727783203125 8355840
1733232213017 0.28935546875 8388608
1733232252810 0.320880126953125 8421376
1733232292535 0.3091033935546875 8454144
1733232330508 0.299444580078125 8480000
1733232372971 0.3265625 8519680
1733232405727 0.2871978759765625 8552448
1733232438317 0.313275146484375 8585216
1733232470549 0.3259674072265625 8617984
1733232507213 0.316925048828125 8640000
1733232543503 0.3166290283203125 8683520
1733232576052 0.320001220703125 8716288
1733232608659 0.2343017578125 8749056
1733232643170 0.29866943359375 8781824
1733232679747 0.3081268310546875 8800000
1733232717626 0.2725341796875 8847360
1733232757506 0.285638427734375 8880128
1733232790330 0.25115966796875 8912896
1733232822953 0.277166748046875 8945664
1733232856551 0.2903839111328125 8960000
1733232895532 0.320391845703125 9011200
1733232928354 0.304876708984375 9043968
1733232961012 0.2814361572265625 9076736
1733232994136 0.3128631591796875 9109504
1733233027395 0.2986541748046875 9120000
1733233067881 0.30780029296875 9175040
1733233100434 0.2378265380859375 9207808
1733233132912 0.3134368896484375 9240576
1733233165841 0.2283447265625 9273344
1733233196948 0.2764984130859375 9280000
1733233238406 0.2601318359375 9338880
1733233271585 0.3215179443359375 9371648
1733233304521 0.300555419921875 9404416
1733233337651 0.2934417724609375 9437184
1733233367291 0.3189178466796875 9440000
1733233412879 0.28292236328125 9502720
1733233452842 0.32381591796875 9535488
1733233485149 0.2995147705078125 9568256
1733233525288 0.2720062255859375 9600000
1733233559011 0.2914642333984375 9633792
1733233592143 0.3334747314453125 9666560
1733233624861 0.2637115478515625 9699328
1733233664903 0.2662322998046875 9732096
1733233703777 0.2820343017578125 9760000
1733233746806 0.2820159912109375 9797632
1733233778968 0.3012908935546875 9830400
1733233818501 0.2832122802734375 9863168
1733233851402 0.2932708740234375 9895936
1733233888790 0.311431884765625 9920000
1733233932132 0.31685791015625 9961472
1733233965305 0.3137542724609375 9994240
1733233998306 0.288525390625 10027008
1733234031436 0.3038604736328125 10059776
1733234067754 0.3156829833984375 10080000
1733234104485 0.29403076171875 10125312
1733234137142 0.317822265625 10158080
1733234170292 0.3038116455078125 10190848
1733234202940 0.3252960205078125 10223616
1733234236859 0.2808502197265625 10240000
1733234275552 0.3197265625 10289152
1733234308476 0.307122802734375 10321920
1733234341318 0.3092681884765625 10354688
1733234374319 0.311920166015625 10387456
1733234408083 0.314794921875 10400000
1733234448614 0.314068603515625 10452992
1733234489108 0.320574951171875 10485760
1733234522643 0.3088714599609375 10518528
1733234555425 0.2005889892578125 10551296
1733234587407 0.2216552734375 10560000
1733234628620 0.3061431884765625 10616832
1733234661712 0.25491943359375 10649600
1733234694142 0.2739105224609375 10682368
1733234726481 0.3122894287109375 10715136
1733234757115 0.2683746337890625 10720000
1733234799795 0.288250732421875 10780672
1733234832960 0.2784332275390625 10813440
1733234865725 0.28885498046875 10846208
1733234898540 0.29183349609375 10878976
1733234927490 0.30245361328125 10880000
1733234971053 0.2930877685546875 10944512
1733235003111 0.294390869140625 10977280
1733235035567 0.2825958251953125 11010048
1733235082717 0.2829010009765625 11040000
1733235118244 0.292974853515625 11075584
1733235150701 0.3115234375 11108352
1733235183396 0.3235626220703125 11141120
1733235216088 0.251177978515625 11173888
1733235255515 0.29189453125 11200000
1733235292542 0.3097137451171875 11239424
1733235335622 0.30565185546875 11272192
1733235370649 0.3044830322265625 11304960
1733235404571 0.31214599609375 11337728
1733235441828 0.31273193359375 11360000
1733235478319 0.2839630126953125 11403264
1733235517974 0.2855987548828125 11436032
1733235550953 0.283599853515625 11468800
1733235584321 0.303564453125 11501568
1733235629533 0.292864990234375 11520000
1733235668498 0.2618133544921875 11567104
1733235701895 0.3051300048828125 11599872
1733235734367 0.289349365234375 11632640
1733235766801 0.2458251953125 11665408
1733235800775 0.3152252197265625 11680000
1733235846836 0.2605010986328125 11730944
1733235879914 0.314990234375 11763712
1733235912623 0.2820098876953125 11796480
1733235944945 0.276837158203125 11829248
1733235978750 0.311785888671875 11840000
1733236025750 0.31671142578125 11894784
1733236058319 0.31402587890625 11927552
1733236098236 0.302435302734375 11960320
1733236131014 0.3001953125 11993088
1733236161688 0.3162109375 12000000
1733236202939 0.2682373046875 12058624
1733236236562 0.2509521484375 12091392
1733236271645 0.2991180419921875 12124160
1733236305908 0.27701416015625 12156928
1733236337418 0.26710205078125 12160000
1733236382013 0.3007110595703125 12222464
1733236423749 0.2859161376953125 12255232
1733236465619 0.2740386962890625 12288000
1733236508199 0.3077789306640625 12320000
1733236542776 0.2854736328125 12353536
1733236576699 0.278369140625 12386304
1733236611285 0.28731689453125 12419072
1733236652998 0.3151947021484375 12451840
1733236694177 0.2961456298828125 12480000
1733236730447 0.2857574462890625 12517376
1733236765023 0.2770416259765625 12550144
1733236799463 0.2932373046875 12582912
1733236833389 0.2862762451171875 12615680
1733236872998 0.3103759765625 12640000
1733236910390 0.282135009765625 12681216
1733236945203 0.2806610107421875 12713984
1733236979352 0.3234588623046875 12746752
1733237014183 0.315155029296875 12779520
1733237052613 0.3069366455078125 12800000
1733237091670 0.2992889404296875 12845056
1733237126013 0.3053192138671875 12877824
1733237169048 0.285614013671875 12910592
1733237204589 0.2705413818359375 12943360
1733237241478 0.310986328125 12960000
1733237289469 0.311529541015625 13008896
1733237324234 0.3248046875 13041664
1733237360136 0.303875732421875 13074432
1733237405151 0.31153564453125 13107200
1733237441572 0.2218994140625 13120000
1733237483078 0.2394256591796875 13172736
1733237524949 0.2913604736328125 13205504
1733237566296 0.2991607666015625 13238272
1733237600910 0.2593780517578125 13271040
1733237635127 0.2947357177734375 13280000
1733237678469 0.2397552490234375 13336576
1733237720602 0.285565185546875 13369344
1733237754943 0.2757049560546875 13402112
1733237789125 0.2677520751953125 13434880
1733237821524 0.278387451171875 13440000
1733237866323 0.30811767578125 13500416
1733237900438 0.2507598876953125 13533184
1733237935158 0.27379150390625 13565952
1733237969724 0.28402099609375 13598720
1733238001383 0.265936279296875 13600000
1733238048145 0.28184814453125 13664256
1733238091744 0.283843994140625 13697024
1733238127304 0.2729339599609375 13729792
1733238168763 0.25643310546875 13760000
1733238205941 0.2895904541015625 13795328
1733238239929 0.239093017578125 13828096
1733238274936 0.2591796875 13860864
1733238309775 0.2942657470703125 13893632
1733238349855 0.2669281005859375 13920000
1733238387140 0.303680419921875 13959168
1733238422734 0.3061798095703125 13991936
1733238466778 0.3029998779296875 14024704
1733238501795 0.31318359375 14057472
1733238540898 0.291717529296875 14080000
1733238581071 0.277020263671875 14123008
1733238623766 0.30631103515625 14155776
1733238658472 0.30084228515625 14188544
1733238692746 0.3164947509765625 14221312
1733238737463 0.2243255615234375 14240000
1733238777022 0.2659210205078125 14286848
1733238811689 0.27752685546875 14319616
1733238847482 0.2570037841796875 14352384
1733238889896 0.2633453369140625 14385152
1733238925575 0.2999114990234375 14400000
1733238966847 0.305279541015625 14450688
1733239001889 0.309881591796875 14483456
1733239037335 0.3143768310546875 14516224
1733239071441 0.3068389892578125 14548992
1733239113355 0.298388671875 14560000
1733239164122 0.2995513916015625 14614528
1733239199530 0.3143402099609375 14647296
1733239234194 0.303466796875 14680064
1733239275779 0.261669921875 14712832
1733239309581 0.3073333740234375 14720000
1733239353775 0.303717041015625 14778368
1733239388065 0.289544677734375 14811136
1733239422139 0.265826416015625 14843904
1733239456255 0.281182861328125 14876672
1733239487895 0.254095458984375 14880000
1733239541112 0.228656005859375 14942208
1733239582308 0.327508544921875 14974976
1733239624167 0.2821441650390625 15007744
1733239667341 0.3218170166015625 15040000
1733239701981 0.290771484375 15073280
1733239736254 0.31285400390625 15106048
1733239770719 0.25953369140625 15138816
1733239812623 0.2459564208984375 15171584
1733239854586 0.2642578125 15200000
1733239890650 0.2736602783203125 15237120
1733239924965 0.318463134765625 15269888
1733239959363 0.263720703125 15302656
1733239993832 0.241046142578125 15335424
1733240033336 0.2855865478515625 15360000
1733240070414 0.2671356201171875 15400960
1733240104420 0.2880218505859375 15433728
1733240138477 0.2966064453125 15466496
1733240172470 0.29990234375 15499264
1733240211202 0.3066619873046875 15520000
1733240249617 0.299493408203125 15564800
1733240284247 0.303936767578125 15597568
1733240318823 0.3241485595703125 15630336
1733240360497 0.304876708984375 15663104
1733240405237 0.231585693359375 15680000
1733240445203 0.29400634765625 15728640
1733240479319 0.267535400390625 15761408
1733240513146 0.199151611328125 15794176
1733240547131 0.1918609619140625 15826944
1733240582623 0.2910430908203125 15840000
1733240623529 0.2872955322265625 15892480
1733240657652 0.239068603515625 15925248
1733240691492 0.2822723388671875 15958016
1733240725127 0.290435791015625 15990784
1733240758766 0.2925018310546875 16000000
1733240801623 0.2615020751953125 16056320
1733240835779 0.296502685546875 16089088
1733240870194 0.2011627197265625 16121856
1733240904299 0.2114013671875 16154624
1733240937758 0.2802276611328125 16160000
1733240982194 0.2320404052734375 16220160
1733241016329 0.240631103515625 16252928
1733241050433 0.26044921875 16285696
1733241084583 0.262200927734375 16318464
1733241115596 0.288873291015625 16320000
1733241168314 0.2675933837890625 16384000
1733241202857 0.2753387451171875 16416768
1733241237086 0.25216064453125 16449536
1733241286846 0.2706512451171875 16480000
1733241322744 0.2204620361328125 16515072
1733241357291 0.3015045166015625 16547840
1733241391224 0.240362548828125 16580608
1733241425728 0.1897796630859375 16613376
1733241465810 0.2438232421875 16640000
1733241509514 0.2368408203125 16678912
1733241544387 0.2867523193359375 16711680
1733241578195 0.2668609619140625 16744448
1733241612566 0.2881500244140625 16777216
1733241651794 0.2754150390625 16800000
1733241689503 0.28248291015625 16842752
1733241723916 0.2925506591796875 16875520
1733241758673 0.305804443359375 16908288
1733241800328 0.2763946533203125 16941056
1733241837682 0.2369842529296875 16960000
1733241877163 0.2944122314453125 17006592
1733241911003 0.2577789306640625 17039360
1733241945320 0.2845611572265625 17072128
1733241979675 0.2859710693359375 17104896
1733242015516 0.2886322021484375 17120000
1733242056513 0.2845428466796875 17170432
1733242090684 0.2774993896484375 17203200
1733242124732 0.2577056884765625 17235968
1733242159180 0.2782440185546875 17268736
1733242194280 0.29010009765625 17280000
1733242236549 0.298382568359375 17334272
1733242270972 0.285736083984375 17367040
1733242305004 0.28538818359375 17399808
1733242339110 0.2881561279296875 17432576
1733242372034 0.309552001953125 17440000
1733242415267 0.2776885986328125 17498112
1733242449619 0.2513092041015625 17530880
1733242483734 0.280987548828125 17563648
1733242517902 0.2418914794921875 17596416
1733242549668 0.3044281005859375 17600000
1733242602049 0.274432373046875 17661952
1733242636306 0.282208251953125 17694720
1733242670428 0.2880035400390625 17727488
1733242713283 0.2545166015625 17760000
1733242747914 0.293963623046875 17793024
1733242789769 0.284527587890625 17825792
1733242823652 0.28411865234375 17858560
1733242865413 0.3006927490234375 17891328
1733242913574 0.2963623046875 17920000
1733242957356 0.3028106689453125 17956864
1733242991268 0.2795013427734375 17989632
1733243026070 0.3057342529296875 18022400
1733243060431 0.302215576171875 18055168
1733243100383 0.25919189453125 18080000
1733243137248 0.2765472412109375 18120704
1733243171123 0.2872222900390625 18153472
1733243205462 0.3095611572265625 18186240
1733243239428 0.2947174072265625 18219008
1733243278583 0.28294677734375 18240000
1733243317763 0.2111358642578125 18284544
1733243351895 0.2626617431640625 18317312
1733243386026 0.272161865234375 18350080
1733243420599 0.23822021484375 18382848
1733243457376 0.2236114501953125 18400000
1733243497701 0.2782135009765625 18448384
1733243531308 0.3067047119140625 18481152
1733243565698 0.2410797119140625 18513920
1733243600013 0.2802734375 18546688
1733243643392 0.2606903076171875 18560000
1733243684238 0.3162994384765625 18612224
1733243718553 0.2542327880859375 18644992
1733243752959 0.217950439453125 18677760
1733243786874 0.2647125244140625 18710528
1733243820928 0.2702239990234375 18720000
1733243871133 0.27552490234375 18776064
1733243905320 0.246954345703125 18808832
1733243939305 0.2907989501953125 18841600
1733243973478 0.2561492919921875 18874368
1733244006328 0.3086212158203125 18880000
1733244050606 0.263818359375 18939904
1733244084311 0.2757843017578125 18972672
1733244119022 0.27930908203125 19005440
1733244152887 0.2938232421875 19038208
1733244183890 0.2937774658203125 19040000
1733244237713 0.2821563720703125 19103744
1733244273002 0.3009765625 19136512
1733244307087 0.29146728515625 19169280
1733244349458 0.274078369140625 19200000
1733244384631 0.2643280029296875 19234816
1733244418275 0.32535400390625 19267584
1733244452794 0.22596435546875 19300352
1733244487071 0.2439849853515625 19333120
1733244535253 0.2157562255859375 19360000
1733244571553 0.2831024169921875 19398656
1733244606118 0.2935455322265625 19431424
1733244647587 0.3033966064453125 19464192
1733244681760 0.2828033447265625 19496960
1733244720982 0.2945648193359375 19520000
1733244758949 0.2481292724609375 19562496
1733244793011 0.2654388427734375 19595264
1733244827827 0.2491851806640625 19628032
1733244861998 0.28414306640625 19660800
1733244899686 0.29385986328125 19680000
1733244938184 0.2848236083984375 19726336
1733244972175 0.2880615234375 19759104
1733245007492 0.2610321044921875 19791872
1733245042765 0.294195556640625 19824640
1733245080019 0.215460205078125 19840000
1733245120581 0.2880401611328125 19890176
1733245155362 0.2919158935546875 19922944
1733245189899 0.287548828125 19955712
1733245224317 0.2773529052734375 19988480
1733245258268 0.28856201171875 20000000
1733245300469 0.277569580078125 20054016
1733245334925 0.2876861572265625 20086784
1733245369902 0.294561767578125 20119552
1733245403863 0.2518524169921875 20152320
1733245437812 0.303997802734375 20160000
1733245489157 0.281646728515625 20217856
1733245523278 0.3050750732421875 20250624
1733245564916 0.2691253662109375 20283392
1733245599098 0.2892791748046875 20316160
1733245630180 0.2627288818359375 20320000
1733245675650 0.2963134765625 20381696
1733245711040 0.28394775390625 20414464
1733245746329 0.3053253173828125 20447232
1733245788127 0.2902130126953125 20480000
1733245830121 0.307659912109375 20512768
1733245864496 0.2920867919921875 20545536
1733245898782 0.30772705078125 20578304
1733245933149 0.281298828125 20611072
1733245974362 0.295855712890625 20640000
1733246009760 0.2840118408203125 20676608
1733246043667 0.28912353515625 20709376
1733246077973 0.293450927734375 20742144
1733246112477 0.2870635986328125 20774912
1733246151693 0.3002838134765625 20800000
1733246188425 0.297662353515625 20840448
1733246222764 0.290850830078125 20873216
1733246257221 0.2940032958984375 20905984
1733246291143 0.260943603515625 20938752
1733246337712 0.2920867919921875 20960000
1733246376702 0.287542724609375 21004288
1733246410833 0.2795166015625 21037056
1733246444981 0.28377685546875 21069824
1733246479571 0.2540924072265625 21102592
1733246515940 0.2757720947265625 21120000
1733246563471 0.301470947265625 21168128
1733246598542 0.301177978515625 21200896
1733246632643 0.2770538330078125 21233664
1733246674863 0.2912933349609375 21266432
1733246710797 0.2974151611328125 21280000
1733246751882 0.2904571533203125 21331968
1733246786939 0.3056915283203125 21364736
1733246822330 0.194403076171875 21397504
1733246856127 0.208990478515625 21430272
1733246889500 0.2157989501953125 21440000
1733246932737 0.22271728515625 21495808
1733246967444 0.2584259033203125 21528576
1733247001617 0.26282958984375 21561344
1733247036065 0.243487548828125 21594112
1733247068618 0.2615753173828125 21600000
1733247112912 0.23077392578125 21659648
1733247146874 0.229974365234375 21692416
1733247188503 0.2291656494140625 21725184
1733247222968 0.2505462646484375 21757952
1733247254477 0.262945556640625 21760000
1733247299621 0.2651214599609375 21823488
1733247333842 0.279595947265625 21856256
1733247367867 0.280084228515625 21889024
1733247410305 0.2886260986328125 21920000
1733247444753 0.254376220703125 21954560
1733247479076 0.2198760986328125 21987328
1733247520680 0.281072998046875 22020096
1733247555065 0.1710784912109375 22052864
1733247595742 0.2750274658203125 22080000
1733247632246 0.254779052734375 22118400
1733247666221 0.2730194091796875 22151168
1733247701340 0.3043212890625 22183936
1733247744418 0.283062744140625 22216704
1733247783284 0.2702606201171875 22240000
1733247821515 0.2732025146484375 22282240
1733247855772 0.2489410400390625 22315008
1733247889746 0.291912841796875 22347776
1733247924662 0.2407379150390625 22380544
1733247962159 0.3033782958984375 22400000
1733248001758 0.2647857666015625 22446080
1733248043320 0.2693145751953125 22478848
1733248077379 0.267889404296875 22511616
1733248111492 0.279833984375 22544384
1733248147728 0.2822967529296875 22560000
1733248187990 0.2157562255859375 22609920
1733248222594 0.247235107421875 22642688
1733248257094 0.2912353515625 22675456
1733248291300 0.203033447265625 22708224
1733248326015 0.2026580810546875 22720000
1733248375543 0.2679351806640625 22773760
1733248409617 0.2808837890625 22806528
1733248444494 0.27220458984375 22839296
1733248486187 0.2498748779296875 22872064
1733248519957 0.2502471923828125 22880000
1733248571564 0.23284912109375 22937600
1733248613519 0.3009246826171875 22970368
1733248648206 0.28780517578125 23003136
1733248682395 0.296405029296875 23035904
1733248714536 0.2305816650390625 23040000
1733248759344 0.2931884765625 23101440
1733248794126 0.2347564697265625 23134208
1733248828507 0.207159423828125 23166976
1733248862686 0.271343994140625 23199744
1733248893120 0.2615692138671875 23200000
1733248939778 0.306927490234375 23265280
1733248974351 0.2811065673828125 23298048
1733249008266 0.2779296875 23330816
1733249050085 0.299957275390625 23360000
1733249085692 0.2763580322265625 23396352
1733249120059 0.2398040771484375 23429120
1733249162480 0.28734130859375 23461888
1733249197667 0.2423187255859375 23494656
1733249237137 0.238189697265625 23520000
1733249273860 0.29190673828125 23560192
1733249315247 0.1952850341796875 23592960
1733249349587 0.289459228515625 23625728
1733249383858 0.2520263671875 23658496
1733249422238 0.278424072265625 23680000
1733249461364 0.2958984375 23724032
1733249495487 0.294549560546875 23756800
1733249530011 0.29375 23789568
1733249564285 0.300982666015625 23822336
1733249601214 0.2428924560546875 23840000
1733249641319 0.228948974609375 23887872
1733249675451 0.2896514892578125 23920640
1733249709987 0.269744873046875 23953408
1733249744542 0.29227294921875 23986176
1733249780112 0.29981689453125 24000000
1733249821417 0.2861785888671875 24051712
1733249856278 0.214691162109375 24084480
1733249890819 0.225482177734375 24117248
1733249932814 0.26485595703125 24150016
1733249968013 0.2843109130859375 24160000
1733250010556 0.2735565185546875 24215552
1733250044852 0.25496826171875 24248320
1733250079531 0.2520233154296875 24281088
1733250114290 0.29947509765625 24313856
1733250147497 0.240985107421875 24320000
1733250192017 0.253436279296875 24379392
1733250227027 0.2866485595703125 24412160
1733250261579 0.2708160400390625 24444928
1733250295920 0.280047607421875 24477696
1733250326704 0.2943939208984375 24480000
1733250372854 0.2662200927734375 24543232
1733250407299 0.25057373046875 24576000
1733250441844 0.2486419677734375 24608768
1733250482968 0.228155517578125 24640000
1733250517892 0.26131591796875 24674304
1733250551654 0.2879180908203125 24707072
1733250585994 0.274822998046875 24739840
1733250620215 0.278118896484375 24772608
1733250660977 0.2581817626953125 24800000
1733250697588 0.29453125 24838144
1733250731567 0.2866546630859375 24870912
1733250766317 0.2796630859375 24903680
1733250800432 0.277508544921875 24936448
1733250839883 0.2865966796875 24960000
1733250877731 0.2926910400390625 25001984
1733250912152 0.286578369140625 25034752
1733250946372 0.2603179931640625 25067520
1733250981171 0.217364501953125 25100288
1733251019650 0.2284088134765625 25120000
1733251058343 0.26556396484375 25165824
1733251093276 0.2607574462890625 25198592
1733251135195 0.2909393310546875 25231360
1733251169944 0.251318359375 25264128
1733251213756 0.2888946533203125 25280000
1733251254674 0.2777862548828125 25329664
1733251288846 0.308837890625 25362432
1733251323672 0.305621337890625 25395200
1733251358404 0.251776123046875 25427968
1733251393364 0.28916015625 25440000
1733251435514 0.2783538818359375 25493504
1733251470009 0.2697052001953125 25526272
1733251504256 0.234625244140625 25559040
1733251539382 0.2723175048828125 25591808
1733251573222 0.2689697265625 25600000
1733251617059 0.216534423828125 25657344
1733251651432 0.2687469482421875 25690112
1733251692975 0.255908203125 25722880
1733251726965 0.2556549072265625 25755648
1733251759619 0.198785400390625 25760000
1733251803595 0.2931671142578125 25821184
1733251837879 0.2747344970703125 25853952
1733251872521 0.2661834716796875 25886720
1733251906543 0.2217041015625 25919488
1733251937300 0.2415283203125 25920000
1733251983338 0.2868896484375 25985024
1733252017749 0.2727813720703125 26017792
1733252051778 0.2110809326171875 26050560
1733252093209 0.2590362548828125 26080000
1733252128807 0.24774169921875 26116096
1733252162776 0.2644012451171875 26148864
1733252197152 0.285272216796875 26181632
1733252238732 0.2184234619140625 26214400
1733252278731 0.27203369140625 26240000
1733252315635 0.2172760009765625 26279936
1733252349633 0.299969482421875 26312704
1733252383643 0.2679962158203125 26345472
1733252424770 0.2671295166015625 26378240
1733252463137 0.259320068359375 26400000
1733252502017 0.2650390625 26443776
1733252536008 0.3044464111328125 26476544
1733252570037 0.2752044677734375 26509312
1733252604469 0.2697021484375 26542080
1733252641646 0.2904205322265625 26560000
1733252681552 0.2706512451171875 26607616
1733252723402 0.28994140625 26640384
1733252757632 0.2493408203125 26673152
1733252791812 0.29239501953125 26705920
1733252827313 0.286737060546875 26720000
1733252876220 0.294024658203125 26771456
1733252910480 0.2755126953125 26804224
1733252944706 0.264794921875 26836992
1733252986666 0.2981201171875 26869760
1733253021664 0.2919189453125 26880000
1733253064513 0.2760955810546875 26935296
1733253098849 0.274407958984375 26968064
1733253132651 0.2818328857421875 27000832
1733253166602 0.2903076171875 27033600
1733253200357 0.279925537109375 27040000
1733253244519 0.287896728515625 27099136
1733253278578 0.277587890625 27131904
1733253312716 0.275299072265625 27164672
1733253346651 0.299334716796875 27197440
1733253378501 0.272265625 27200000
1733253431020 0.2751800537109375 27262976
1733253465110 0.2803497314453125 27295744
1733253506674 0.2889068603515625 27328512
1733253548153 0.2775543212890625 27360000
1733253582999 0.3046600341796875 27394048
1733253616898 0.289300537109375 27426816
1733253651034 0.2875152587890625 27459584
1733253685242 0.3077911376953125 27492352
1733253726047 0.2827606201171875 27520000
1733253762156 0.29957275390625 27557888
1733253796547 0.2877410888671875 27590656
1733253830185 0.28839111328125 27623424
1733253864058 0.2831573486328125 27656192
1733253904038 0.3024566650390625 27680000
1733253941172 0.2877838134765625 27721728
1733253982977 0.273760986328125 27754496
1733254017202 0.279925537109375 27787264
1733254051817 0.2804931640625 27820032
1733254090598 0.2827606201171875 27840000
1733254129511 0.3019195556640625 27885568
1733254163576 0.2872467041015625 27918336
1733254198691 0.2846221923828125 27951104
1733254233006 0.2940765380859375 27983872
1733254269168 0.281182861328125 28000000
1733254309310 0.2885894775390625 28049408
1733254342977 0.2892547607421875 28082176
1733254376832 0.3065093994140625 28114944
1733254418148 0.277069091796875 28147712
1733254453371 0.253076171875 28160000
1733254494551 0.2385498046875 28213248
1733254528570 0.2934783935546875 28246016
1733254570038 0.2755340576171875 28278784
1733254604220 0.284368896484375 28311552
1733254638267 0.28001708984375 28320000
1733254681752 0.293206787109375 28377088
1733254715774 0.295501708984375 28409856
1733254749829 0.2803680419921875 28442624
1733254783912 0.2733184814453125 28475392
1733254816620 0.2773712158203125 28480000
1733254861656 0.274090576171875 28540928
1733254895729 0.280023193359375 28573696
1733254930095 0.2618988037109375 28606464
1733254964848 0.2538299560546875 28639232
1733254995673 0.2463897705078125 28640000
1733255042459 0.24559326171875 28704768
1733255076754 0.256536865234375 28737536
1733255111073 0.2419097900390625 28770304
1733255152075 0.2773223876953125 28800000
1733255187379 0.2714202880859375 28835840
1733255222391 0.2744781494140625 28868608
1733255264480 0.2858367919921875 28901376
1733255298724 0.279742431640625 28934144
1733255338730 0.2827606201171875 28960000
1733255375556 0.269012451171875 28999680
1733255409663 0.274932861328125 29032448
1733255444217 0.2697540283203125 29065216
1733255478068 0.294171142578125 29097984
1733255524242 0.2953094482421875 29120000
1733255569742 0.246502685546875 29163520
1733255604116 0.287261962890625 29196288
1733255646044 0.18836669921875 29229056
1733255680194 0.2671630859375 29261824
1733255725305 0.175128173828125 29280000
1733255765002 0.2762542724609375 29327360
1733255799352 0.2657379150390625 29360128
1733255833318 0.26712646484375 29392896
1733255867707 0.2535003662109375 29425664
1733255904778 0.26346435546875 29440000
1733255945558 0.2758026123046875 29491200
1733255979651 0.2780364990234375 29523968
1733256014159 0.2644134521484375 29556736
1733256049504 0.2930511474609375 29589504
1733256085564 0.3002960205078125 29600000
1733256127844 0.2592010498046875 29655040
1733256162001 0.2732208251953125 29687808
1733256196751 0.258441162109375 29720576
1733256237544 0.2554443359375 29753344
1733256270062 0.2832244873046875 29760000
1733256313708 0.2623504638671875 29818880
1733256348848 0.27203369140625 29851648
1733256390610 0.2727569580078125 29884416
1733256424524 0.2736724853515625 29917184
1733256456710 0.269903564453125 29920000
1733256502078 0.2914215087890625 29982720
1733256544093 0.28709716796875 30015488
1733256578526 0.2917877197265625 30048256
1733256620186 0.30283203125 30080000
1733256662690 0.2997589111328125 30113792
1733256696622 0.2829742431640625 30146560
1733256731387 0.2891021728515625 30179328
1733256766185 0.2996429443359375 30212096
1733256807400 0.31280517578125 30240000
1733256843391 0.2759552001953125 30277632
1733256877479 0.2923370361328125 30310400
1733256911613 0.27930908203125 30343168
1733256946137 0.2925567626953125 30375936
1733256985691 0.246453857421875 30400000
1733257022364 0.2853179931640625 30441472
1733257056863 0.28050537109375 30474240
1733257091170 0.242352294921875 30507008
1733257133200 0.2800140380859375 30539776
1733257171282 0.2267059326171875 30560000
1733257210387 0.1983428955078125 30605312
1733257244815 0.227264404296875 30638080
1733257279211 0.268231201171875 30670848
1733257321108 0.238116455078125 30703616
1733257357555 0.2388427734375 30720000
1733257397531 0.29405517578125 30769152
1733257431734 0.2545654296875 30801920
1733257466181 0.2727447509765625 30834688
1733257500299 0.2697509765625 30867456
1733257535414 0.2875579833984375 30880000
1733257577436 0.2794525146484375 30932992
1733257611337 0.1970947265625 30965760
1733257645537 0.244476318359375 30998528
1733257679426 0.2469146728515625 31031296
1733257713741 0.2666229248046875 31040000
1733257755770 0.2453094482421875 31096832
1733257790102 0.2225738525390625 31129600
1733257824134 0.2597686767578125 31162368
1733257859199 0.2327606201171875 31195136
1733257891921 0.2912933349609375 31200000
1733257936329 0.2675445556640625 31260672
1733257970278 0.262255859375 31293440
1733258005043 0.226348876953125 31326208
1733258038895 0.281365966796875 31358976
1733258070183 0.2645294189453125 31360000
1733258116171 0.2921844482421875 31424512
1733258150792 0.2820098876953125 31457280
1733258192505 0.2469482421875 31490048
1733258233967 0.2257110595703125 31520000
1733258269370 0.2831451416015625 31555584
1733258303248 0.2480438232421875 31588352
1733258337685 0.220709228515625 31621120
1733258371887 0.2510040283203125 31653888
1733258418808 0.2629241943359375 31680000
1733258464006 0.22520751953125 31719424
1733258498024 0.2799560546875 31752192
1733258532566 0.2868988037109375 31784960
1733258567089 0.27474365234375 31817728
1733258605977 0.28057861328125 31840000
1733258644884 0.283245849609375 31883264
1733258679275 0.2764068603515625 31916032
1733258713673 0.2679901123046875 31948800
1733258747722 0.2706451416015625 31981568
1733258784404 0.2457855224609375 32000000
1733258831699 0.2863067626953125 32047104
1733258865947 0.2810150146484375 32079872
1733258900321 0.272894287109375 32112640
1733258934162 0.16429443359375 32145408
1733258976667 0.2536285400390625 32160000
1733259016997 0.183740234375 32210944
1733259050422 0.2665374755859375 32243712
1733259092002 0.20013427734375 32276480
1733259126022 0.180255126953125 32309248
1733259160009 0.28358154296875 32320000
1733259201818 0.2639129638671875 32374784
1733259235254 0.2555267333984375 32407552
1733259268849 0.25421142578125 32440320
1733259302039 0.2263214111328125 32473088
1733259335401 0.2697296142578125 32480000
1733259377775 0.2599365234375 32538624
1733259411233 0.2572906494140625 32571392
1733259444921 0.2383026123046875 32604160
1733259478572 0.272198486328125 32636928
1733259510303 0.2721527099609375 32640000
1733259553909 0.2624359130859375 32702464
1733259594598 0.278729248046875 32735232
1733259627822 0.2858978271484375 32768000
1733259669646 0.29130859375 32800000
1733259704154 0.269598388671875 32833536
1733259737999 0.2785125732421875 32866304
1733259779366 0.25921630859375 32899072
1733259812486 0.278497314453125 32931840
1733259852467 0.2535186767578125 32960000
1733259894564 0.2689453125 32997376
1733259928021 0.280157470703125 33030144
1733259960886 0.2630645751953125 33062912
1733259993803 0.2782440185546875 33095680
1733260032479 0.2181793212890625 33120000
1733260069232 0.26705322265625 33161216
1733260102048 0.221673583984375 33193984
1733260135908 0.2511322021484375 33226752
1733260176357 0.2271514892578125 33259520
1733260213005 0.2764404296875 33280000
1733260251266 0.2723114013671875 33325056
1733260284555 0.2769744873046875 33357824
1733260317909 0.2701324462890625 33390592
1733260350805 0.2773712158203125 33423360
1733260385759 0.2693878173828125 33440000
1733260424653 0.2666229248046875 33488896
1733260458659 0.26036376953125 33521664
1733260491584 0.16785888671875 33554432
1733260524407 0.2922027587890625 33587200
1733260558699 0.2747650146484375 33600000
1733260599137 0.242987060546875 33652736
1733260633185 0.2699951171875 33685504
1733260666151 0.247344970703125 33718272
1733260699242 0.2741973876953125 33751040
1733260732107 0.2249267578125 33760000
1733260773471 0.239337158203125 33816576
1733260806587 0.27452392578125 33849344
1733260839803 0.2422088623046875 33882112
1733260873167 0.269085693359375 33914880
1733260912019 0.242498779296875 33920000
1733260955185 0.231109619140625 33980416
1733260988109 0.249072265625 34013184
1733261028193 0.27711181640625 34045952
1733261061235 0.2815093994140625 34078720
1733261091823 0.25972900390625 34080000
1733261136013 0.272613525390625 34144256
1733261176344 0.2457244873046875 34177024
1733261209518 0.1725372314453125 34209792
1733261249796 0.2306915283203125 34240000
1733261283967 0.26494140625 34275328
1733261317499 0.2514404296875 34308096
1733261350540 0.2630706787109375 34340864
1733261383414 0.2765380859375 34373632
1733261429430 0.2096588134765625 34400000
1733261464831 0.2412445068359375 34439168
1733261497939 0.21856689453125 34471936
1733261530555 0.2111358642578125 34504704
1733261563524 0.27965087890625 34537472
1733261601105 0.2143646240234375 34560000
1733261638194 0.28936767578125 34603008
1733261670966 0.2699432373046875 34635776
1733261704507 0.2706451416015625 34668544
1733261737647 0.2630462646484375 34701312
1733261773929 0.2803131103515625 34720000
1733261819806 0.2774505615234375 34766848
1733261852780 0.2233642578125 34799616
1733261885698 0.2826202392578125 34832384
1733261918278 0.2679351806640625 34865152
1733261953513 0.2304779052734375 34880000
1733261992748 0.2612884521484375 34930688
1733262025631 0.26427001953125 34963456
1733262058505 0.2912750244140625 34996224
1733262091604 0.2949798583984375 35028992
1733262125407 0.2684906005859375 35040000
1733262166138 0.266680908203125 35094528
1733262199087 0.2745880126953125 35127296
1733262232108 0.26617431640625 35160064
1733262265188 0.2695831298828125 35192832
1733262296873 0.285870361328125 35200000
1733262339426 0.2642364501953125 35258368
1733262372598 0.2771453857421875 35291136
1733262405329 0.269158935546875 35323904
1733262437889 0.262042236328125 35356672
1733262468486 0.2428863525390625 35360000
1733262511601 0.273028564453125 35422208
1733262544250 0.279449462890625 35454976
1733262577799 0.266015625 35487744
1733262617804 0.29910888671875 35520000
1733262650863 0.2472625732421875 35553280
1733262683971 0.2874664306640625 35586048
1733262724209 0.26395263671875 35618816
1733262764156 0.2550994873046875 35651584
1733262810803 0.271923828125 35680000
1733262845501 0.2668060302734375 35717120
1733262878397 0.27596435546875 35749888
1733262911429 0.2700347900390625 35782656
1733262944190 0.2835968017578125 35815424
1733262982517 0.230938720703125 35840000
1733263019440 0.251220703125 35880960
1733263052555 0.275396728515625 35913728
1733263085321 0.2502838134765625 35946496
1733263118291 0.2410064697265625 35979264
1733263154206 0.2526824951171875 36000000
1733263191166 0.2699005126953125 36044800
1733263224305 0.2446319580078125 36077568
1733263264644 0.2723114013671875 36110336
1733263297977 0.2575347900390625 36143104
1733263340968 0.2649749755859375 36160000
1733263379548 0.2396575927734375 36208640
1733263412328 0.263043212890625 36241408
1733263445177 0.2970703125 36274176
1733263485699 0.268646240234375 36306944
1733263519932 0.2485565185546875 36320000
1733263559637 0.2615325927734375 36372480
1733263593112 0.2789154052734375 36405248
1733263626211 0.26107177734375 36438016
1733263659008 0.2970794677734375 36470784
1733263699583 0.278717041015625 36480000
1733263741559 0.2932403564453125 36536320
1733263774928 0.2790863037109375 36569088
1733263807461 0.28314208984375 36601856
1733263840543 0.26185302734375 36634624
1733263879282 0.188372802734375 36640000
1733263921754 0.1902313232421875 36700160
1733263954903 0.26761474609375 36732928
1733263988344 0.2546844482421875 36765696
1733264021385 0.24942626953125 36798464
1733264051787 0.2581298828125 36800000
1733264096217 0.242816162109375 36864000
1733264129249 0.2757476806640625 36896768
1733264162598 0.253460693359375 36929536
1733264204274 0.2512298583984375 36960000
1733264238409 0.2911712646484375 36995072
1733264271349 0.2502685546875 37027840
1733264303949 0.266070556640625 37060608
1733264336815 0.2786590576171875 37093376
1733264375774 0.23150634765625 37120000
1733264410994 0.248150634765625 37158912
1733264443653 0.254888916015625 37191680
1733264476434 0.269781494140625 37224448
1733264509932 0.2645599365234375 37257216
1733264547261 0.2632293701171875 37280000
1733264591528 0.2978179931640625 37322752
1733264624067 0.1690643310546875 37355520
1733264664249 0.26300048828125 37388288
1733264697410 0.2537689208984375 37421056
1733264734901 0.1817352294921875 37440000
1733264773099 0.1834930419921875 37486592
1733264806502 0.1874664306640625 37519360
1733264839460 0.2398681640625 37552128
1733264871671 0.2692657470703125 37584896
1733264906252 0.2530670166015625 37600000
1733264953356 0.2502838134765625 37650432
1733264986239 0.235675048828125 37683200
1733265018661 0.251593017578125 37715968
1733265051726 0.253948974609375 37748736
1733265091899 0.2597198486328125 37760000
1733265132114 0.2289398193359375 37814272
1733265164780 0.2665740966796875 37847040
1733265197354 0.2794464111328125 37879808
1733265230053 0.27052001953125 37912576
1733265261927 0.2651702880859375 37920000
1733265311811 0.2783660888671875 37978112
1733265344120 0.273870849609375 38010880
1733265376278 0.2844329833984375 38043648
1733265408545 0.2740234375 38076416
1733265438528 0.269329833984375 38080000
1733265481558 0.269305419921875 38141952
1733265514407 0.29788818359375 38174720
1733265546829 0.2864715576171875 38207488
1733265587120 0.228253173828125 38240000
1733265620012 0.185394287109375 38273024
1733265651862 0.24664306640625 38305792
1733265683977 0.2243408203125 38338560
1733265716051 0.242889404296875 38371328
1733265755707 0.275830078125 38400000
