1733223267526 0.2 65536
1733223300661 0.2 98304
1733223333881 0.2 131072
1733223371661 0.2 160000
1733223407674 0.2 196608
1733223439551 0.2 229376
1733223471574 0.2 262144
1733223503522 0.2 294912
1733223548455 0.2 320000
1733223585484 0.2 360448
1733223618014 0.2 393216
1733223650687 0.2 425984
1733223682611 0.2 458752
1733223717520 0.2 480000
1733223753376 0.2 524288
1733223785391 0.2 557056
1733223817274 0.2 589824
1733223849495 0.2 622592
1733223884802 0.2 640000
1733223922282 0.2 688128
1733223954281 0.2 720896
1733223986779 0.2 753664
1733224019055 0.2 786432
1733224059472 0.2 800000
1733224097828 0.2 851968
1733224129529 0.2 884736
1733224161919 0.2 917504
1733224193820 0.2 950272
1733224226775 0.2 960000
1733224266538 0.2 1015808
1733224306378 0.2 1048576
1733224338259 0.2 1081344
1733224370699 0.2 1114112
1733224402032 0.2 1120000
1733224442670 0.2 1179648
1733224474464 0.2 1212416
1733224506294 0.2 1245184
1733224538762 0.2 1277952
1733224568367 0.2 1280000
1733224618193 0.2 1343488
1733224650079 0.2 1376256
1733224681642 0.2 1409024
1733224720221 0.2 1440000
1733224752070 0.2 1474560
1733224783744 0.2 1507328
1733224816376 0.2 1540096
1733224848603 0.2 1572864
1733224886532 0.2 1600000
1733224920620 0.2 1638400
1733224952328 0.2 1671168
1733224984470 0.2 1703936
1733225024307 0.2 1736704
1733225060146 0.2 1760000
1733225095394 0.2 1802240
1733225127684 0.2 1835008
1733225160064 0.2 1867776
1733225192807 0.2 1900544
1733225228421 0.2 1920000
1733225264519 0.2 1966080
1733225303807 0.2 1998848
1733225336639 0.2 2031616
1733225369696 0.2 2064384
1733225403911 0.2 2080000
1733225441808 0.2 2129920
1733225481698 0.2 2162688
1733225514142 0.2 2195456
1733225546744 0.2 2228224
1733225579876 0.2 2240000
1733225619622 0.2 2293760
1733225652188 0.2 2326528
1733225691675 0.2 2359296
1733225723983 0.2 2392064
1733225763174 0.2 2400000
1733225803918 0.2 2457600
1733225836232 0.2 2490368
1733225868457 0.2 2523136
1733225901023 0.2 2555904
1733225932305 0.2 2560000
1733225973668 0.2 2621440
1733226006141 0.2 2654208
1733226038449 0.2 2686976
1733226071073 0.2 2719744
1733226101791 0.2 2720000
1733226146506 0.2 2785280
1733226179182 0.2 2818048
1733226211689 0.2 2850816
1733226251327 0.2 2880000
1733226284968 0.2 2916352
1733226317951 0.2 2949120
1733226350965 0.2 2981888
1733226383413 0.2 3014656
1733226421421 0.2 3040000
1733226456650 0.2 3080192
1733226489394 0.2 3112960
1733226521839 0.2 3145728
1733226554546 0.2 3178496
1733226591027 0.2 3200000
1733226627558 0.2 3244032
1733226660640 0.2 3276800
1733226693239 0.2 3309568
1733226725904 0.2 3342336
1733226762002 0.2 3360000
1733226807822 0.2 3407872
1733226840512 0.2 3440640
1733226873049 0.2 3473408
1733226906201 0.2 3506176
1733226940482 0.2 3520000
1733226979883 0.2 3571712
1733227019459 0.2 3604480
1733227052291 0.2 3637248
1733227084590 0.2 3670016
1733227117421 0.2 3680000
1733227158276 0.2 3735552
1733227190985 0.2 3768320
1733227223553 0.2 3801088
1733227256481 0.2 3833856
1733227287731 0.2 3840000
1733227329234 0.2 3899392
1733227369581 0.2 3932160
1733227402379 0.2 3964928
1733227434778 0.2 3997696
1733227465103 0.2 4000000
1733227508848 0.2 4063232
1733227541863 0.2 4096000
1733227574604 0.2 4128768
1733227613987 0.2 4160000
1733227647548 0.2 4194304
1733227680181 0.2 4227072
1733227719586 0.2 4259840
1733227752671 0.2 4292608
1733227791339 0.2 4320000
1733227826269 0.2 4358144
1733227858947 0.2 4390912
1733227891851 0.2 4423680
1733227924825 0.2 4456448
1733227962506 0.2 4480000
1733228006026 0.2 4521984
1733228039167 0.2 4554752
1733228072009 0.2 4587520
1733228105164 0.2 4620288
1733228147626 0.2 4640000
1733228185864 0.2 4685824
1733228218607 0.2 4718592
1733228258654 0.2 4751360
1733228291983 0.2 4784128
1733228326399 0.2 4800000
1733228365003 0.2 4849664
1733228397835 0.2 4882432
1733228431066 0.2 4915200
1733228471097 0.2 4947968
1733228504036 0.2 4960000
1733228543875 0.2 5013504
1733228576283 0.2 5046272
1733228609039 0.2 5079040
1733228641682 0.2 5111808
1733228673918 0.2 5120000
1733228715293 0.2 5177344
1733228748257 0.2 5210112
1733228787953 0.2 5242880
1733228820916 0.2 5275648
1733228851330 0.2 5280000
1733228894464 0.2 5341184
1733228934999 0.2 5373952
1733228967434 0.2 5406720
1733229000199 0.2 5439488
1733229029261 0.2 5440000
1733229073603 0.2 5505024
1733229105902 0.2 5537792
1733229138450 0.2 5570560
1733229179197 0.2 5600000
1733229215219 0.2 5636096
1733229248095 0.2 5668864
1733229281274 0.2 5701632
1733229314157 0.2 5734400
1733229352018 0.2 5760000
1733229388909 0.2 5799936
1733229429066 0.2 5832704
1733229461488 0.2 5865472
1733229494245 0.2 5898240
1733229530709 0.2 5920000
1733229568356 0.2 5963776
1733229601780 0.2 5996544
1733229634645 0.2 6029312
1733229667577 0.2 6062080
1733229702517 0.2 6080000
1733229740939 0.2 6127616
1733229774372 0.2 6160384
1733229807202 0.2 6193152
1733229839843 0.2 6225920
1733229874191 0.2 6240000
1733229913604 0.2 6291456
1733229946377 0.2 6324224
1733229979365 0.2 6356992
1733230012288 0.2 6389760
1733230045149 0.2 6400000
1733230086190 0.2 6455296
1733230118854 0.2 6488064
1733230152346 0.2 6520832
1733230185583 0.2 6553600
1733230217798 0.2 6560000
1733230268359 0.2 6619136
1733230309775 0.2 6651904
1733230343640 0.2 6684672
1733230377525 0.2 6717440
1733230416298 0.2 6720000
1733230462113 0.2 6782976
1733230496189 0.2 6815744
1733230529975 0.2 6848512
1733230570519 0.2 6880000
1733230604555 0.2 6914048
1733230638537 0.2 6946816
1733230672563 0.2 6979584
1733230706034 0.2 7012352
1733230745446 0.2 7040000
1733230780720 0.2 7077888
1733230814030 0.2 7110656
1733230847103 0.2 7143424
1733230880068 0.2 7176192
1733230917748 0.2 7200000
1733230954274 0.2 7241728
1733230987391 0.2 7274496
1733231027820 0.2 7307264
1733231061232 0.2 7340032
1733231097131 0.2 7360000
1733231134870 0.2 7405568
1733231168470 0.2 7438336
1733231202024 0.2 7471104
1733231235461 0.2 7503872
1733231270150 0.2 7520000
1733231309283 0.2 7569408
1733231342896 0.2 7602176
1733231375702 0.2 7634944
1733231409799 0.2 7667712
1733231452349 0.2 7680000
1733231493030 0.2 7733248
1733231525672 0.2 7766016
1733231558794 0.2 7798784
1733231591417 0.2 7831552
1733231624670 0.2 7840000
1733231666664 0.2 7897088
1733231706723 0.2 7929856
1733231739970 0.2 7962624
1733231772907 0.2 7995392
1733231811181 0.2 8000000
1733231855139 0.2 8060928
1733231887531 0.2 8093696
1733231919863 0.2 8126464
1733231959080 0.2 8159232
1733231995705 0.2 8160000
1733232040460 0.2 8224768
1733232073494 0.2 8257536
1733232105835 0.2 8290304
1733232144121 0.2 8320000
1733232178694 0.2 8355840
1733232213034 0.2 8388608
1733232252890 0.2 8421376
1733232292565 0.2 8454144
1733232330526 0.2 8480000
1733232372987 0.2 8519680
1733232405741 0.2 8552448
1733232438339 0.2 8585216
1733232470560 0.2 8617984
1733232507224 0.2 8640000
1733232543528 0.2 8683520
1733232576069 0.2 8716288
1733232608675 0.2 8749056
1733232643293 0.2 8781824
1733232679762 0.2 8800000
1733232717652 0.2 8847360
1733232757531 0.2 8880128
1733232790355 0.2 8912896
1733232822978 0.2 8945664
1733232856582 0.2 8960000
1733232895557 0.2 9011200
1733232928366 0.2 9043968
1733232961030 0.2 9076736
1733232994156 0.2 9109504
1733233027403 0.2 9120000
1733233067901 0.2 9175040
1733233100446 0.2 9207808
1733233132921 0.2 9240576
1733233165925 0.2 9273344
1733233196960 0.2 9280000
1733233238431 0.2 9338880
1733233271597 0.2 9371648
1733233304562 0.2 9404416
1733233337685 0.2 9437184
1733233367436 0.2 9440000
1733233412904 0.2 9502720
1733233452867 0.2 9535488
1733233485174 0.2 9568256
1733233525313 0.2 9600000
1733233559036 0.2 9633792
1733233592168 0.2 9666560
1733233624883 0.2 9699328
1733233664986 0.2 9732096
1733233703899 0.2 9760000
1733233746831 0.2 9797632
1733233779018 0.2 9830400
1733233818526 0.2 9863168
1733233851414 0.2 9895936
1733233888799 0.2 9920000
1733233932183 0.2 9961472
1733233965337 0.2 9994240
1733233998328 0.2 10027008
1733234031480 0.2 10059776
1733234067775 0.2 10080000
1733234104552 0.2 10125312
1733234137168 0.2 10158080
1733234170350 0.2 10190848
1733234202959 0.2 10223616
1733234236876 0.2 10240000
1733234275567 0.2 10289152
1733234308524 0.2 10321920
1733234341335 0.2 10354688
1733234374337 0.2 10387456
1733234408101 0.2 10400000
1733234448632 0.2 10452992
1733234489138 0.2 10485760
1733234522668 0.2 10518528
1733234555441 0.2 10551296
1733234587443 0.2 10560000
1733234628645 0.2 10616832
1733234661721 0.2 10649600
1733234694167 0.2 10682368
1733234726491 0.2 10715136
1733234757124 0.2 10720000
1733234799828 0.2 10780672
1733234832988 0.2 10813440
1733234865759 0.2 10846208
1733234898565 0.2 10878976
1733234927515 0.2 10880000
1733234971078 0.2 10944512
1733235003126 0.2 10977280
1733235035592 0.2 11010048
1733235082845 0.2 11040000
1733235118261 0.2 11075584
1733235150724 0.2 11108352
1733235183457 0.2 11141120
1733235216113 0.2 11173888
1733235255633 0.2 11200000
1733235292575 0.2 11239424
1733235335642 0.2 11272192
1733235370786 0.2 11304960
1733235404594 0.2 11337728
1733235441847 0.2 11360000
1733235478348 0.2 11403264
1733235518014 0.2 11436032
1733235550973 0.2 11468800
1733235584346 0.2 11501568
1733235629558 0.2 11520000
1733235668672 0.2 11567104
1733235701937 0.2 11599872
1733235734415 0.2 11632640
1733235766826 0.2 11665408
1733235800801 0.2 11680000
1733235846861 0.2 11730944
1733235879937 0.2 11763712
1733235912652 0.2 11796480
1733235944986 0.2 11829248
1733235978803 0.2 11840000
1733236025770 0.2 11894784
1733236058336 0.2 11927552
1733236098276 0.2 11960320
1733236131040 0.2 11993088
1733236161716 0.2 12000000
1733236202964 0.2 12058624
1733236236683 0.2 12091392
1733236271672 0.2 12124160
1733236305933 0.2 12156928
1733236337441 0.2 12160000
1733236382051 0.2 12222464
1733236423782 0.2 12255232
1733236465646 0.2 12288000
1733236508226 0.2 12320000
1733236542817 0.2 12353536
1733236576715 0.2 12386304
1733236611310 0.2 12419072
1733236653023 0.2 12451840
1733236694193 0.2 12480000
1733236730466 0.2 12517376
1733236765079 0.2 12550144
1733236799496 0.2 12582912
1733236833397 0.2 12615680
1733236873021 0.2 12640000
1733236910413 0.2 12681216
1733236945228 0.2 12713984
1733236979393 0.2 12746752
1733237014193 0.2 12779520
1733237052638 0.2 12800000
1733237091731 0.2 12845056
1733237126050 0.2 12877824
1733237169236 0.2 12910592
1733237204638 0.2 12943360
1733237241516 0.2 12960000
1733237289504 0.2 13008896
1733237324316 0.2 13041664
1733237360331 0.2 13074432
1733237405295 0.2 13107200
1733237441583 0.2 13120000
1733237483103 0.2 13172736
1733237524966 0.2 13205504
1733237566312 0.2 13238272
1733237600935 0.2 13271040
1733237635147 0.2 13280000
1733237678539 0.2 13336576
1733237720627 0.2 13369344
1733237754962 0.2 13402112
1733237789191 0.2 13434880
1733237821602 0.2 13440000
1733237866396 0.2 13500416
1733237900518 0.2 13533184
1733237935227 0.2 13565952
1733237969734 0.2 13598720
1733238001435 0.2 13600000
1733238048270 0.2 13664256
1733238091874 0.2 13697024
1733238127312 0.2 13729792
1733238168909 0.2 13760000
1733238205958 0.2 13795328
1733238239954 0.2 13828096
1733238275075 0.2 13860864
1733238309793 0.2 13893632
1733238349987 0.2 13920000
1733238387157 0.2 13959168
1733238422859 0.2 13991936
1733238466896 0.2 14024704
1733238501820 0.2 14057472
1733238541032 0.2 14080000
1733238581228 0.2 14123008
1733238623782 0.2 14155776
1733238658497 0.2 14188544
1733238692770 0.2 14221312
1733238737483 0.2 14240000
1733238777031 0.2 14286848
1733238811840 0.2 14319616
1733238847500 0.2 14352384
1733238889928 0.2 14385152
1733238925602 0.2 14400000
1733238966923 0.2 14450688
1733239002011 0.2 14483456
1733239037360 0.2 14516224
1733239071474 0.2 14548992
1733239113384 0.2 14560000
1733239164263 0.2 14614528
1733239199546 0.2 14647296
1733239234234 0.2 14680064
1733239275790 0.2 14712832
1733239309597 0.2 14720000
1733239353800 0.2 14778368
1733239388090 0.2 14811136
1733239422147 0.2 14843904
1733239456270 0.2 14876672
1733239487911 0.2 14880000
1733239541137 0.2 14942208
1733239582333 0.2 14974976
1733239624193 0.2 15007744
1733239667375 0.2 15040000
1733239702017 0.2 15073280
1733239736287 0.2 15106048
1733239770744 0.2 15138816
1733239812648 0.2 15171584
1733239854611 0.2 15200000
1733239890683 0.2 15237120
1733239924991 0.2 15269888
1733239959400 0.2 15302656
1733239993841 0.2 15335424
1733240033430 0.2 15360000
1733240070439 0.2 15400960
1733240104433 0.2 15433728
1733240138502 0.2 15466496
1733240172479 0.2 15499264
1733240211244 0.2 15520000
1733240249659 0.2 15564800
1733240284268 0.2 15597568
1733240318844 0.2 15630336
1733240360648 0.2 15663104
1733240405257 0.2 15680000
1733240445228 0.2 15728640
1733240479343 0.2 15761408
1733240513158 0.2 15794176
1733240547156 0.2 15826944
1733240582658 0.2 15840000
1733240623550 0.2 15892480
1733240657660 0.2 15925248
1733240691519 0.2 15958016
1733240725157 0.2 15990784
1733240758777 0.2 16000000
1733240801648 0.2 16056320
1733240835790 0.2 16089088
1733240870219 0.2 16121856
1733240904325 0.2 16154624
1733240937806 0.2 16160000
1733240982224 0.2 16220160
1733241016337 0.2 16252928
1733241050481 0.2 16285696
1733241084607 0.2 16318464
1733241115607 0.2 16320000
1733241168339 0.2 16384000
1733241202889 0.2 16416768
1733241237119 0.2 16449536
1733241286871 0.2 16480000
1733241322769 0.2 16515072
1733241357309 0.2 16547840
1733241391249 0.2 16580608
1733241425764 0.2 16613376
1733241465835 0.2 16640000
1733241509547 0.2 16678912
1733241544405 0.2 16711680
1733241578219 0.2 16744448
1733241612591 0.2 16777216
1733241651824 0.2 16800000
1733241689519 0.2 16842752
1733241723954 0.2 16875520
1733241758746 0.2 16908288
1733241800348 0.2 16941056
1733241837693 0.2 16960000
1733241877188 0.2 17006592
1733241911028 0.2 17039360
1733241945354 0.2 17072128
1733241979708 0.2 17104896
1733242015531 0.2 17120000
1733242056575 0.2 17170432
1733242090709 0.2 17203200
1733242124757 0.2 17235968
1733242159193 0.2 17268736
1733242194303 0.2 17280000
1733242236574 0.2 17334272
1733242270997 0.2 17367040
1733242305029 0.2 17399808
1733242339119 0.2 17432576
1733242372042 0.2 17440000
1733242415317 0.2 17498112
1733242449627 0.2 17530880
1733242483760 0.2 17563648
1733242517930 0.2 17596416
1733242549676 0.2 17600000
1733242602074 0.2 17661952
1733242636331 0.2 17694720
1733242670437 0.2 17727488
1733242713308 0.2 17760000
1733242747940 0.2 17793024
1733242789794 0.2 17825792
1733242823679 0.2 17858560
1733242865438 0.2 17891328
1733242913599 0.2 17920000
1733242957370 0.2 17956864
1733242991293 0.2 17989632
1733243026185 0.2 18022400
1733243060441 0.2 18055168
1733243100394 0.2 18080000
1733243137258 0.2 18120704
1733243171148 0.2 18153472
1733243205471 0.2 18186240
1733243239459 0.2 18219008
1733243278629 0.2 18240000
1733243317788 0.2 18284544
1733243351920 0.2 18317312
1733243386051 0.2 18350080
1733243420676 0.2 18382848
1733243457386 0.2 18400000
1733243497727 0.2 18448384
1733243531333 0.2 18481152
1733243565750 0.2 18513920
1733243600038 0.2 18546688
1733243643414 0.2 18560000
1733243684294 0.2 18612224
1733243718578 0.2 18644992
1733243752968 0.2 18677760
1733243786899 0.2 18710528
1733243820939 0.2 18720000
1733243871158 0.2 18776064
1733243905339 0.2 18808832
1733243939326 0.2 18841600
1733243973509 0.2 18874368
1733244006345 0.2 18880000
1733244050613 0.2 18939904
1733244084336 0.2 18972672
1733244119088 0.2 19005440
1733244152916 0.2 19038208
1733244183899 0.2 19040000
1733244237871 0.2 19103744
1733244273019 0.2 19136512
1733244307112 0.2 19169280
1733244349483 0.2 19200000
1733244384656 0.2 19234816
1733244418296 0.2 19267584
1733244452819 0.2 19300352
1733244487093 0.2 19333120
1733244535288 0.2 19360000
1733244571563 0.2 19398656
1733244606137 0.2 19431424
1733244647630 0.2 19464192
1733244681785 0.2 19496960
1733244721007 0.2 19520000
1733244758971 0.2 19562496
1733244793036 0.2 19595264
1733244827904 0.2 19628032
1733244862024 0.2 19660800
1733244899708 0.2 19680000
1733244938218 0.2 19726336
1733244972233 0.2 19759104
1733245007606 0.2 19791872
1733245042792 0.2 19824640
1733245080080 0.2 19840000
1733245120606 0.2 19890176
1733245155387 0.2 19922944
1733245189913 0.2 19955712
1733245224342 0.2 19988480
1733245258283 0.2 20000000
1733245300502 0.2 20054016
1733245334969 0.2 20086784
1733245369922 0.2 20119552
1733245403930 0.2 20152320
1733245437832 0.2 20160000
1733245489185 0.2 20217856
1733245523302 0.2 20250624
1733245564941 0.2 20283392
1733245599135 0.2 20316160
1733245630205 0.2 20320000
1733245675668 0.2 20381696
1733245711171 0.2 20414464
1733245746348 0.2 20447232
1733245788157 0.2 20480000
1733245830141 0.2 20512768
1733245864594 0.2 20545536
1733245898803 0.2 20578304
1733245933174 0.2 20611072
1733245974374 0.2 20640000
1733246009782 0.2 20676608
1733246043681 0.2 20709376
1733246077987 0.2 20742144
1733246112504 0.2 20774912
1733246151711 0.2 20800000
1733246188443 0.2 20840448
1733246222782 0.2 20873216
1733246257246 0.2 20905984
1733246291164 0.2 20938752
1733246337769 0.2 20960000
1733246376721 0.2 21004288
1733246410853 0.2 21037056
1733246445018 0.2 21069824
1733246479592 0.2 21102592
1733246515950 0.2 21120000
1733246563578 0.2 21168128
1733246598624 0.2 21200896
1733246632662 0.2 21233664
1733246674887 0.2 21266432
1733246710830 0.2 21280000
1733246751907 0.2 21331968
1733246787059 0.2 21364736
1733246822346 0.2 21397504
1733246856145 0.2 21430272
1733246889535 0.2 21440000
1733246932760 0.2 21495808
1733246967471 0.2 21528576
1733247001641 0.2 21561344
1733247036086 0.2 21594112
1733247068660 0.2 21600000
1733247112960 0.2 21659648
1733247146897 0.2 21692416
1733247188526 0.2 21725184
1733247222998 0.2 21757952
1733247254499 0.2 21760000
1733247299645 0.2 21823488
1733247333866 0.2 21856256
1733247367900 0.2 21889024
1733247410320 0.2 21920000
1733247444779 0.2 21954560
1733247479126 0.2 21987328
1733247520703 0.2 22020096
1733247555082 0.2 22052864
1733247595754 0.2 22080000
1733247632268 0.2 22118400
1733247666254 0.2 22151168
1733247701460 0.2 22183936
1733247744494 0.2 22216704
1733247783303 0.2 22240000
1733247821548 0.2 22282240
1733247855833 0.2 22315008
1733247889786 0.2 22347776
1733247924699 0.2 22380544
1733247962177 0.2 22400000
1733248001771 0.2 22446080
1733248043331 0.2 22478848
1733248077406 0.2 22511616
1733248111510 0.2 22544384
1733248147760 0.2 22560000
1733248188008 0.2 22609920
1733248222612 0.2 22642688
1733248257114 0.2 22675456
1733248291312 0.2 22708224
1733248326032 0.2 22720000
1733248375560 0.2 22773760
1733248409632 0.2 22806528
1733248444503 0.2 22839296
1733248486229 0.2 22872064
1733248519978 0.2 22880000
1733248571608 0.2 22937600
1733248613531 0.2 22970368
1733248648234 0.2 23003136
1733248682404 0.2 23035904
1733248714563 0.2 23040000
1733248759366 0.2 23101440
1733248794143 0.2 23134208
1733248828573 0.2 23166976
1733248862711 0.2 23199744
1733248893128 0.2 23200000
1733248939810 0.2 23265280
1733248974380 0.2 23298048
1733249008285 0.2 23330816
1733249050102 0.2 23360000
1733249085709 0.2 23396352
1733249120075 0.2 23429120
1733249162523 0.2 23461888
1733249197684 0.2 23494656
1733249237180 0.2 23520000
1733249273918 0.2 23560192
1733249315263 0.2 23592960
1733249349620 0.2 23625728
1733249383877 0.2 23658496
1733249422301 0.2 23680000
1733249461397 0.2 23724032
1733249495518 0.2 23756800
1733249530020 0.2 23789568
1733249564309 0.2 23822336
1733249601249 0.2 23840000
1733249641357 0.2 23887872
1733249675468 0.2 23920640
1733249710022 0.2 23953408
1733249744625 0.2 23986176
1733249780163 0.2 24000000
1733249821433 0.2 24051712
1733249856346 0.2 24084480
1733249890860 0.2 24117248
1733249932834 0.2 24150016
1733249968029 0.2 24160000
1733250010573 0.2 24215552
1733250044872 0.2 24248320
1733250079556 0.2 24281088
1733250114392 0.2 24313856
1733250147519 0.2 24320000
1733250192043 0.2 24379392
1733250227080 0.2 24412160
1733250261638 0.2 24444928
1733250295943 0.2 24477696
1733250326722 0.2 24480000
1733250372884 0.2 24543232
1733250407317 0.2 24576000
1733250441852 0.2 24608768
1733250482985 0.2 24640000
1733250517911 0.2 24674304
1733250551687 0.2 24707072
1733250586004 0.2 24739840
1733250620248 0.2 24772608
1733250660995 0.2 24800000
1733250697599 0.2 24838144
1733250731591 0.2 24870912
1733250766338 0.2 24903680
1733250800497 0.2 24936448
1733250839915 0.2 24960000
1733250877790 0.2 25001984
1733250912164 0.2 25034752
1733250946384 0.2 25067520
1733250981205 0.2 25100288
1733251019668 0.2 25120000
1733251058378 0.2 25165824
1733251093292 0.2 25198592
1733251135241 0.2 25231360
1733251170008 0.2 25264128
1733251213805 0.2 25280000
1733251254692 0.2 25329664
1733251288869 0.2 25362432
1733251323697 0.2 25395200
1733251358464 0.2 25427968
1733251393384 0.2 25440000
1733251435563 0.2 25493504
1733251470025 0.2 25526272
1733251504283 0.2 25559040
1733251539398 0.2 25591808
1733251573261 0.2 25600000
1733251617080 0.2 25657344
1733251651452 0.2 25690112
1733251693004 0.2 25722880
1733251726983 0.2 25755648
1733251759635 0.2 25760000
1733251803610 0.2 25821184
1733251837907 0.2 25853952
1733251872545 0.2 25886720
1733251906580 0.2 25919488
1733251937326 0.2 25920000
1733251983355 0.2 25985024
1733252017774 0.2 26017792
1733252051793 0.2 26050560
1733252093232 0.2 26080000
1733252128840 0.2 26116096
1733252162786 0.2 26148864
1733252197216 0.2 26181632
1733252238762 0.2 26214400
1733252278756 0.2 26240000
1733252315663 0.2 26279936
1733252349664 0.2 26312704
1733252383659 0.2 26345472
1733252424798 0.2 26378240
1733252463178 0.2 26400000
1733252502042 0.2 26443776
1733252536016 0.2 26476544
1733252570065 0.2 26509312
1733252604498 0.2 26542080
1733252641654 0.2 26560000
1733252681576 0.2 26607616
1733252723431 0.2 26640384
1733252757655 0.2 26673152
1733252791829 0.2 26705920
1733252827355 0.2 26720000
1733252876243 0.2 26771456
1733252910507 0.2 26804224
1733252944751 0.2 26836992
1733252986704 0.2 26869760
1733253021682 0.2 26880000
1733253064543 0.2 26935296
1733253098870 0.2 26968064
1733253132669 0.2 27000832
1733253166618 0.2 27033600
1733253200391 0.2 27040000
1733253244540 0.2 27099136
1733253278609 0.2 27131904
1733253312728 0.2 27164672
1733253346673 0.2 27197440
1733253378509 0.2 27200000
1733253431049 0.2 27262976
1733253465139 0.2 27295744
1733253506694 0.2 27328512
1733253548191 0.2 27360000
1733253583028 0.2 27394048
1733253616927 0.2 27426816
1733253651043 0.2 27459584
1733253685269 0.2 27492352
1733253726066 0.2 27520000
1733253762200 0.2 27557888
1733253796571 0.2 27590656
1733253830195 0.2 27623424
1733253864105 0.2 27656192
1733253904058 0.2 27680000
1733253941180 0.2 27721728
1733253983010 0.2 27754496
1733254017209 0.2 27787264
1733254051893 0.2 27820032
1733254090614 0.2 27840000
1733254129536 0.2 27885568
1733254163585 0.2 27918336
1733254198716 0.2 27951104
1733254233040 0.2 27983872
1733254269188 0.2 28000000
1733254309336 0.2 28049408
1733254342985 0.2 28082176
1733254376858 0.2 28114944
1733254418172 0.2 28147712
1733254453395 0.2 28160000
1733254494574 0.2 28213248
1733254528589 0.2 28246016
1733254570088 0.2 28278784
1733254604235 0.2 28311552
1733254638303 0.2 28320000
1733254681791 0.2 28377088
1733254715796 0.2 28409856
1733254749850 0.2 28442624
1733254783929 0.2 28475392
1733254816647 0.2 28480000
1733254861708 0.2 28540928
1733254895742 0.2 28573696
1733254930144 0.2 28606464
1733254964873 0.2 28639232
1733254995708 0.2 28640000
1733255042488 0.2 28704768
1733255076769 0.2 28737536
1733255111098 0.2 28770304
1733255152100 0.2 28800000
1733255187411 0.2 28835840
1733255222438 0.2 28868608
1733255264497 0.2 28901376
1733255298745 0.2 28934144
1733255338741 0.2 28960000
1733255375578 0.2 28999680
1733255409688 0.2 29032448
1733255444278 0.2 29065216
1733255478093 0.2 29097984
1733255524308 0.2 29120000
1733255569827 0.2 29163520
1733255604167 0.2 29196288
1733255646069 0.2 29229056
1733255680221 0.2 29261824
1733255725315 0.2 29280000
1733255765019 0.2 29327360
1733255799384 0.2 29360128
1733255833406 0.2 29392896
1733255867761 0.2 29425664
1733255904811 0.2 29440000
1733255945577 0.2 29491200
1733255979683 0.2 29523968
1733256014206 0.2 29556736
1733256049640 0.2 29589504
1733256085604 0.2 29600000
1733256127870 0.2 29655040
1733256162027 0.2 29687808
1733256196787 0.2 29720576
1733256237572 0.2 29753344
1733256270139 0.2 29760000
1733256313731 0.2 29818880
1733256348871 0.2 29851648
1733256390626 0.2 29884416
1733256424562 0.2 29917184
1733256456728 0.2 29920000
1733256502094 0.2 29982720
1733256544149 0.2 30015488
1733256578582 0.2 30048256
1733256620212 0.2 30080000
1733256662717 0.2 30113792
1733256696649 0.2 30146560
1733256731409 0.2 30179328
1733256766202 0.2 30212096
1733256807424 0.2 30240000
1733256843424 0.2 30277632
1733256877510 0.2 30310400
1733256911647 0.2 30343168
1733256946175 0.2 30375936
1733256985709 0.2 30400000
1733257022372 0.2 30441472
1733257056883 0.2 30474240
1733257091198 0.2 30507008
1733257133228 0.2 30539776
1733257171306 0.2 30560000
1733257210423 0.2 30605312
1733257244828 0.2 30638080
1733257279285 0.2 30670848
1733257321132 0.2 30703616
1733257357586 0.2 30720000
1733257397560 0.2 30769152
1733257431757 0.2 30801920
1733257466192 0.2 30834688
1733257500319 0.2 30867456
1733257535431 0.2 30880000
1733257577465 0.2 30932992
1733257611358 0.2 30965760
1733257645544 0.2 30998528
1733257679434 0.2 31031296
1733257713749 0.2 31040000
1733257755796 0.2 31096832
1733257790133 0.2 31129600
1733257824159 0.2 31162368
1733257859214 0.2 31195136
1733257891936 0.2 31200000
1733257936345 0.2 31260672
1733257970299 0.2 31293440
1733258005060 0.2 31326208
1733258038928 0.2 31358976
1733258070191 0.2 31360000
1733258116200 0.2 31424512
1733258150815 0.2 31457280
1733258192529 0.2 31490048
1733258233980 0.2 31520000
1733258269404 0.2 31555584
1733258303272 0.2 31588352
1733258337713 0.2 31621120
1733258371895 0.2 31653888
1733258418832 0.2 31680000
1733258464031 0.2 31719424
1733258498069 0.2 31752192
1733258532600 0.2 31784960
1733258567109 0.2 31817728
1733258605998 0.2 31840000
1733258644912 0.2 31883264
1733258679315 0.2 31916032
1733258713726 0.2 31948800
1733258747740 0.2 31981568
1733258784420 0.2 32000000
1733258831707 0.2 32047104
1733258865973 0.2 32079872
1733258900354 0.2 32112640
1733258934187 0.2 32145408
1733258976700 0.2 32160000
1733259017022 0.2 32210944
1733259050438 0.2 32243712
1733259092034 0.2 32276480
1733259126064 0.2 32309248
1733259160053 0.2 32320000
1733259201909 0.2 32374784
1733259235286 0.2 32407552
1733259268880 0.2 32440320
1733259302067 0.2 32473088
1733259335458 0.2 32480000
1733259377796 0.2 32538624
1733259411263 0.2 32571392
1733259444962 0.2 32604160
1733259478602 0.2 32636928
1733259510346 0.2 32640000
1733259553938 0.2 32702464
1733259594626 0.2 32735232
1733259627855 0.2 32768000
1733259669665 0.2 32800000
1733259704166 0.2 32833536
1733259738028 0.2 32866304
1733259779373 0.2 32899072
1733259812516 0.2 32931840
1733259852484 0.2 32960000
1733259894593 0.2 32997376
1733259928030 0.2 33030144
1733259960921 0.2 33062912
1733259993831 0.2 33095680
1733260032580 0.2 33120000
1733260069263 0.2 33161216
1733260102070 0.2 33193984
1733260135919 0.2 33226752
1733260176388 0.2 33259520
1733260213013 0.2 33280000
1733260251285 0.2 33325056
1733260284634 0.2 33357824
1733260317926 0.2 33390592
1733260350855 0.2 33423360
1733260385780 0.2 33440000
1733260424685 0.2 33488896
1733260458684 0.2 33521664
1733260491617 0.2 33554432
1733260524423 0.2 33587200
1733260558707 0.2 33600000
1733260599161 0.2 33652736
1733260633252 0.2 33685504
1733260666184 0.2 33718272
1733260699275 0.2 33751040
1733260732139 0.2 33760000
1733260773487 0.2 33816576
1733260806596 0.2 33849344
1733260839835 0.2 33882112
1733260873193 0.2 33914880
1733260912042 0.2 33920000
1733260955211 0.2 33980416
1733260988121 0.2 34013184
1733261028217 0.2 34045952
1733261061256 0.2 34078720
1733261091838 0.2 34080000
1733261136044 0.2 34144256
1733261176366 0.2 34177024
1733261209551 0.2 34209792
1733261249812 0.2 34240000
1733261283985 0.2 34275328
1733261317526 0.2 34308096
1733261350548 0.2 34340864
1733261383422 0.2 34373632
1733261429450 0.2 34400000
1733261464860 0.2 34439168
1733261497972 0.2 34471936
1733261530563 0.2 34504704
1733261563531 0.2 34537472
1733261601124 0.2 34560000
1733261638216 0.2 34603008
1733261670993 0.2 34635776
1733261704547 0.2 34668544
1733261737677 0.2 34701312
1733261773942 0.2 34720000
1733261819827 0.2 34766848
1733261852809 0.2 34799616
1733261885725 0.2 34832384
1733261918299 0.2 34865152
1733261953521 0.2 34880000
1733261992778 0.2 34930688
1733262025661 0.2 34963456
1733262058551 0.2 34996224
1733262091633 0.2 35028992
1733262125424 0.2 35040000
1733262166182 0.2 35094528
1733262199104 0.2 35127296
1733262232131 0.2 35160064
1733262265215 0.2 35192832
1733262296893 0.2 35200000
1733262339447 0.2 35258368
1733262372607 0.2 35291136
1733262405339 0.2 35323904
1733262437923 0.2 35356672
1733262468506 0.2 35360000
1733262511627 0.2 35422208
1733262544273 0.2 35454976
1733262577809 0.2 35487744
1733262617816 0.2 35520000
1733262650886 0.2 35553280
1733262683993 0.2 35586048
1733262724240 0.2 35618816
1733262764178 0.2 35651584
1733262810823 0.2 35680000
1733262845530 0.2 35717120
1733262878421 0.2 35749888
1733262911453 0.2 35782656
1733262944199 0.2 35815424
1733262982542 0.2 35840000
1733263019473 0.2 35880960
1733263052580 0.2 35913728
1733263085346 0.2 35946496
1733263118314 0.2 35979264
1733263154218 0.2 36000000
1733263191192 0.2 36044800
1733263224327 0.2 36077568
1733263264671 0.2 36110336
1733263298003 0.2 36143104
1733263340982 0.2 36160000
1733263379555 0.2 36208640
1733263412347 0.2 36241408
1733263445212 0.2 36274176
1733263485726 0.2 36306944
1733263519974 0.2 36320000
1733263559663 0.2 36372480
1733263593137 0.2 36405248
1733263626227 0.2 36438016
1733263659035 0.2 36470784
1733263699607 0.2 36480000
1733263741587 0.2 36536320
1733263774952 0.2 36569088
1733263807485 0.2 36601856
1733263840572 0.2 36634624
1733263879298 0.2 36640000
1733263921782 0.2 36700160
1733263954931 0.2 36732928
1733263988368 0.2 36765696
1733264021411 0.2 36798464
1733264051808 0.2 36800000
1733264096248 0.2 36864000
1733264129294 0.2 36896768
1733264162627 0.2 36929536
1733264204285 0.2 36960000
1733264238418 0.2 36995072
1733264271372 0.2 37027840
1733264303979 0.2 37060608
1733264336837 0.2 37093376
1733264375800 0.2 37120000
1733264411024 0.2 37158912
1733264443681 0.2 37191680
1733264476443 0.2 37224448
1733264509942 0.2 37257216
1733264547273 0.2 37280000
1733264591548 0.2 37322752
1733264624097 0.2 37355520
1733264664258 0.2 37388288
1733264697449 0.2 37421056
1733264734934 0.2 37440000
1733264773126 0.2 37486592
1733264806521 0.2 37519360
1733264839477 0.2 37552128
1733264871680 0.2 37584896
1733264906277 0.2 37600000
1733264953404 0.2 37650432
1733264986263 0.2 37683200
1733265018673 0.2 37715968
1733265051744 0.2 37748736
1733265091909 0.2 37760000
1733265132139 0.2 37814272
1733265164803 0.2 37847040
1733265197378 0.2 37879808
1733265230061 0.2 37912576
1733265261935 0.2 37920000
1733265311852 0.2 37978112
1733265344145 0.2 38010880
1733265376308 0.2 38043648
1733265408575 0.2 38076416
1733265438536 0.2 38080000
1733265481586 0.2 38141952
1733265514435 0.2 38174720
1733265546855 0.2 38207488
1733265587138 0.2 38240000
1733265620037 0.2 38273024
1733265651877 0.2 38305792
1733265684005 0.2 38338560
1733265716060 0.2 38371328
1733265755738 0.2 38400000
