1733223267560 -0.54310142993927 65536
1733223300911 -0.8597218990325928 98304
1733223334208 -0.2728389501571655 131072
1733223371688 -0.03452730178833008 160000
1733223407703 0.04926866292953491 196608
1733223439629 0.08367300033569336 229376
1733223471594 0.27095144987106323 262144
1733223503620 0.12076592445373535 294912
1733223548696 0.09202110767364502 320000
1733223585592 0.13462722301483154 360448
1733223618066 0.21106618642807007 393216
1733223650783 0.23865097761154175 425984
1733223682632 0.2974547743797302 458752
1733223717547 0.3164672255516052 480000
1733223753475 0.06641513109207153 524288
1733223785486 0.758665069937706 557056
1733223817302 0.11770504713058472 589824
1733223849526 0.20031988620758057 622592
1733223884843 0.4766932725906372 640000
1733223922333 0.1865074634552002 688128
1733223954306 0.1101067066192627 720896
1733223986804 0.5203961431980133 753664
1733224019095 0.4114035367965698 786432
1733224059524 0.4288666844367981 800000
1733224097848 0.4810219407081604 851968
1733224129600 0.5163464248180389 884736
1733224161938 0.5235689580440521 917504
1733224193890 0.21629923582077026 950272
1733224226843 0.05958294868469238 960000
1733224266618 0.348598837852478 1015808
1733224306397 -0.055582404136657715 1048576
1733224338280 0.41159510612487793 1081344
1733224370741 0.37276482582092285 1114112
1733224402054 0.4754314422607422 1120000
1733224442692 0.5567411482334137 1179648
1733224474500 0.5661080479621887 1212416
1733224506327 0.5205936133861542 1245184
1733224538815 0.5427555739879608 1277952
1733224568391 0.5603819787502289 1280000
1733224618214 0.5991318225860596 1343488
1733224650117 0.5431553423404694 1376256
1733224681671 0.5603629350662231 1409024
1733224720247 0.5933636128902435 1440000
1733224752097 0.5709653496742249 1474560
1733224783767 0.5564733445644379 1507328
1733224816407 0.5629090368747711 1540096
1733224848631 0.5960012674331665 1572864
1733224886584 0.6013679206371307 1600000
1733224920652 0.0989072322845459 1638400
1733224952351 0.22866475582122803 1671168
1733224984501 0.377896785736084 1703936
1733225024331 0.7054749131202698 1736704
1733225060171 0.676577240228653 1760000
1733225095427 0.462002158164978 1802240
1733225127710 0.4823635220527649 1835008
1733225160100 0.3917730450630188 1867776
1733225192841 0.7917267382144928 1900544
1733225228447 0.6288628876209259 1920000
1733225264545 0.3966844081878662 1966080
1733225303826 0.5811716318130493 1998848
1733225336907 0.66631019115448 2031616
1733225369717 0.5311779379844666 2064384
1733225403939 0.41271090507507324 2080000
1733225441828 0.36913150548934937 2129920
1733225481725 0.3695797324180603 2162688
1733225514183 -0.03813743591308594 2195456
1733225546765 0.21383094787597656 2228224
1733225579914 0.5958676934242249 2240000
1733225619644 0.6171229779720306 2293760
1733225652218 0.6147967875003815 2326528
1733225691743 0.6630452871322632 2359296
1733225724007 0.54389688372612 2392064
1733225763204 0.5658247470855713 2400000
1733225803943 0.11548256874084473 2457600
1733225836280 0.1930564045906067 2490368
1733225868483 0.3901140093803406 2523136
1733225901049 0.17752230167388916 2555904
1733225932331 0.16815221309661865 2560000
1733225973695 0.5083724558353424 2621440
1733226006169 0.19818997383117676 2654208
1733226038499 0.5112029612064362 2686976
1733226071092 0.0649716854095459 2719744
1733226101825 0.5138719975948334 2720000
1733226146546 0.3243260979652405 2785280
1733226179230 0.27632570266723633 2818048
1733226211711 0.15937185287475586 2850816
1733226251350 0.3300626277923584 2880000
1733226285003 0.29103541374206543 2916352
1733226317981 0.5252003967761993 2949120
1733226350998 0.7731222957372665 2981888
1733226383441 0.5954408645629883 3014656
1733226421601 0.45917242765426636 3040000
1733226456716 0.33895808458328247 3080192
1733226489419 0.48005855083465576 3112960
1733226521860 0.23377197980880737 3145728
1733226554567 0.4989113211631775 3178496
1733226591065 0.1326116919517517 3200000
1733226627622 0.48576343059539795 3244032
1733226660708 0.18120241165161133 3276800
1733226693265 0.4284496307373047 3309568
1733226725930 0.3216491937637329 3342336
1733226762036 0.6874413788318634 3360000
1733226807872 0.6883778274059296 3407872
1733226840546 0.6703819334506989 3440640
1733226873094 0.21621555089950562 3473408
1733226906243 0.6714522540569305 3506176
1733226940507 0.5515207946300507 3520000
1733226979906 0.5056290924549103 3571712
1733227019492 0.2713173031806946 3604480
1733227052324 0.3608599901199341 3637248
1733227084615 0.08008694648742676 3670016
1733227117464 0.6304270625114441 3680000
1733227158350 0.6664837896823883 3735552
1733227191008 0.5865443348884583 3768320
1733227223590 0.6974537372589111 3801088
1733227256516 0.5787599384784698 3833856
1733227287763 0.6893850862979889 3840000
1733227329275 0.5502411723136902 3899392
1733227369605 0.5409998893737793 3932160
1733227402420 0.7562808692455292 3964928
1733227434802 0.42611223459243774 3997696
1733227465135 0.4019598364830017 4000000
1733227508872 0.15710026025772095 4063232
1733227541896 0.47500383853912354 4096000
1733227574652 0.44893878698349 4128768
1733227614016 0.16981792449951172 4160000
1733227647581 0.6511686146259308 4194304
1733227680213 0.2948726415634155 4227072
1733227719669 0.43891841173171997 4259840
1733227752708 0.4950482249259949 4292608
1733227791380 0.45437800884246826 4320000
1733227826294 0.17771565914154053 4358144
1733227858976 0.32489609718322754 4390912
1733227891883 0.4837638735771179 4423680
1733227924878 0.18556565046310425 4456448
1733227962537 -0.11483955383300781 4480000
1733228006075 0.6677328050136566 4521984
1733228039265 0.5514375567436218 4554752
1733228072047 0.6420402824878693 4587520
1733228105194 0.45211654901504517 4620288
1733228147657 0.082203209400177 4640000
1733228185905 0.4422542452812195 4685824
1733228218644 0.31983131170272827 4718592
1733228258683 0.35279810428619385 4751360
1733228292006 0.756901279091835 4784128
1733228326429 0.46602505445480347 4800000
1733228365078 0.7245670855045319 4849664
1733228397875 0.45337629318237305 4882432
1733228431097 0.6790761053562164 4915200
1733228471135 0.11335420608520508 4947968
1733228504060 0.5933743715286255 4960000
1733228543907 0.7207470834255219 5013504
1733228576314 0.49932199716567993 5046272
1733228609086 0.5451558530330658 5079040
1733228641784 0.3376295566558838 5111808
1733228673943 0.44014525413513184 5120000
1733228715326 0.1156843900680542 5177344
1733228748317 0.3405923843383789 5210112
1733228788003 0.46347594261169434 5242880
1733228820994 0.7295092344284058 5275648
1733228851349 0.7000091671943665 5280000
1733228894543 0.6191193461418152 5341184
1733228935049 0.6853325068950653 5373952
1733228967456 0.5668685436248779 5406720
1733229000238 0.6155330836772919 5439488
1733229029279 0.34968799352645874 5440000
1733229073624 0.03599083423614502 5505024
1733229105925 0.45525848865509033 5537792
1733229138512 0.5270074009895325 5570560
1733229179450 0.4801098704338074 5600000
1733229215258 0.2160305380821228 5636096
1733229248177 0.18712884187698364 5668864
1733229281345 0.35905343294143677 5701632
1733229314211 0.385420560836792 5734400
1733229352387 0.7245113551616669 5760000
1733229388931 0.36769717931747437 5799936
1733229429108 0.655457079410553 5832704
1733229461509 0.6691109240055084 5865472
1733229494275 0.5942251086235046 5898240
1733229530805 0.5898068249225616 5920000
1733229568595 0.15368419885635376 5963776
1733229601810 0.744289219379425 5996544
1733229634675 0.6845668852329254 6029312
1733229667607 0.7416096329689026 6062080
1733229702538 0.5938085913658142 6080000
1733229740960 0.5342468023300171 6127616
1733229774492 0.6692567467689514 6160384
1733229807223 0.5066312253475189 6193152
1733229839872 0.5897658169269562 6225920
1733229874245 0.6406965255737305 6240000
1733229913631 0.47842127084732056 6291456
1733229946451 0.6231323182582855 6324224
1733229979397 0.6387749314308167 6356992
1733230012382 0.6978442966938019 6389760
1733230045181 0.624963104724884 6400000
1733230086248 0.6222594678401947 6455296
1733230118930 0.2585170269012451 6488064
1733230152399 0.6728388667106628 6520832
1733230185692 0.5057116746902466 6553600
1733230217853 0.6911554038524628 6560000
1733230268609 0.5079957246780396 6619136
1733230309856 0.6667276918888092 6651904
1733230343729 -0.007839560508728027 6684672
1733230377566 0.4184969663619995 6717440
1733230416429 0.5142003893852234 6720000
1733230462534 0.29662930965423584 6782976
1733230496313 0.5980646312236786 6815744
1733230530034 0.6819101572036743 6848512
1733230570637 0.5554699003696442 6880000
1733230604676 0.6818366646766663 6914048
1733230638816 0.523109644651413 6946816
1733230672650 0.5675549805164337 6979584
1733230706155 0.4376777410507202 7012352
1733230745596 0.30014610290527344 7040000
1733230780778 0.40052884817123413 7077888
1733230814133 0.4458531141281128 7110656
1733230847160 0.7144278585910797 7143424
1733230880109 0.7787690311670303 7176192
1733230917851 0.7894009649753571 7200000
1733230954344 0.8059914261102676 7241728
1733230987507 0.693134069442749 7274496
1733231027946 0.6355138123035431 7307264
1733231061273 0.43335598707199097 7340032
1733231097255 0.11143970489501953 7360000
1733231134954 0.599410891532898 7405568
1733231168537 0.4664210081100464 7438336
1733231202179 0.8148354887962341 7471104
1733231235512 0.31273674964904785 7503872
1733231270566 0.6039574146270752 7520000
1733231309392 0.7109538018703461 7569408
1733231342988 0.551692545413971 7602176
1733231375827 0.4724511504173279 7634944
1733231410085 0.5321058630943298 7667712
1733231452447 0.7065965533256531 7680000
1733231493085 0.8178561925888062 7733248
1733231525750 0.6217771172523499 7766016
1733231558898 0.7118506729602814 7798784
1733231591486 0.5756215453147888 7831552
1733231624759 0.6842529475688934 7840000
1733231666719 0.3317532539367676 7897088
1733231706830 0.6464231908321381 7929856
1733231740085 0.5778738558292389 7962624
1733231772945 0.480130136013031 7995392
1733231811443 0.7032062709331512 8000000
1733231855189 0.6682033240795135 8060928
1733231887587 0.7912020534276962 8093696
1733231919902 0.6845507323741913 8126464
1733231959116 0.6842602789402008 8159232
1733231995785 0.6660200953483582 8160000
1733232040494 0.6160344481468201 8224768
1733232073531 0.5785045325756073 8257536
1733232105863 0.5036940574645996 8290304
1733232144161 0.1755690574645996 8320000
1733232178957 0.4684627652168274 8355840
1733232213080 0.38766318559646606 8388608
1733232252927 0.411324143409729 8421376
1733232292597 0.09069794416427612 8454144
1733232330595 0.25996869802474976 8480000
1733232373032 0.13426661491394043 8519680
1733232405840 0.6681770086288452 8552448
1733232438401 0.5527093410491943 8585216
1733232470600 0.16376441717147827 8617984
1733232507253 0.12502950429916382 8640000
1733232543554 0.204889714717865 8683520
1733232576100 0.2626434564590454 8716288
1733232608698 0.5558170974254608 8749056
1733232643530 0.80399489402771 8781824
1733232679786 0.75298672914505 8800000
1733232717683 0.6389974355697632 8847360
1733232757562 0.7649008631706238 8880128
1733232790403 0.6083596646785736 8912896
1733232823002 0.7051092982292175 8945664
1733232856618 0.6959113776683807 8960000
1733232895588 0.10015052556991577 9011200
1733232928398 0.5897202789783478 9043968
1733232961079 0.774945005774498 9076736
1733232994189 0.3956969976425171 9109504
1733233027433 0.6916763186454773 9120000
1733233067954 0.20748990774154663 9175040
1733233100485 0.6337498426437378 9207808
1733233132960 0.7297031283378601 9240576
1733233166008 0.6630679965019226 9273344
1733233196991 0.8682456761598587 9280000
1733233238489 0.574425995349884 9338880
1733233271627 0.33330237865448 9371648
1733233304686 0.6648754775524139 9404416
1733233337718 0.47361791133880615 9437184
1733233367685 0.46448469161987305 9440000
1733233412971 0.26757001876831055 9502720
1733233452907 0.44773632287979126 9535488
1733233485206 0.04683816432952881 9568256
1733233525344 0.6967783570289612 9600000
1733233559076 0.7579126358032227 9633792
1733233592208 0.5195832252502441 9666560
1733233624915 0.5562915503978729 9699328
1733233665061 0.33338654041290283 9732096
1733233704156 0.6720816493034363 9760000
1733233746879 0.6453007161617279 9797632
1733233779043 0.3735716938972473 9830400
1733233818566 0.6747238636016846 9863168
1733233851440 0.7335766553878784 9895936
1733233888829 0.5773030519485474 9920000
1733233932267 0.08180904388427734 9961472
1733233965416 0.437411904335022 9994240
1733233998378 0.36024045944213867 10027008
1733234031533 0.594060480594635 10059776
1733234067809 0.3565067648887634 10080000
1733234104606 0.667456328868866 10125312
1733234137203 0.7128870487213135 10158080
1733234170443 0.3306339979171753 10190848
1733234202994 0.17786484956741333 10223616
1733234236909 0.6981998682022095 10240000
1733234275633 0.12581247091293335 10289152
1733234308568 0.04465824365615845 10321920
1733234341370 0.22277063131332397 10354688
1733234374383 0.3329533338546753 10387456
1733234408137 0.26623183488845825 10400000
1733234448684 0.32417941093444824 10452992
1733234489332 0.054020822048187256 10485760
1733234522694 0.159401535987854 10518528
1733234555472 0.777724951505661 10551296
1733234587532 0.7032642066478729 10560000
1733234628681 0.17740052938461304 10616832
1733234661747 0.6123510897159576 10649600
1733234694188 0.6152398884296417 10682368
1733234726512 0.5948078334331512 10715136
1733234757145 0.4059712886810303 10720000
1733234799860 0.5230593383312225 10780672
1733234833024 -0.23428642749786377 10813440
1733234865790 0.36570680141448975 10846208
1733234898589 0.6100971400737762 10878976
1733234927539 0.5283491611480713 10880000
1733234971102 0.35075342655181885 10944512
1733235003151 0.41457438468933105 10977280
1733235035665 0.16472595930099487 11010048
1733235083093 0.3941875100135803 11040000
1733235118289 0.5502375364303589 11075584
1733235150757 0.2558993697166443 11108352
1733235183493 0.23321884870529175 11141120
1733235216134 0.6281439661979675 11173888
1733235255897 0.1598474383354187 11200000
1733235292676 0.7811108231544495 11239424
1733235335693 0.5216660499572754 11272192
1733235371054 0.39453673362731934 11304960
1733235404631 0.22372710704803467 11337728
1733235441879 0.16815894842147827 11360000
1733235478377 0.2524982690811157 11403264
1733235518049 0.772999718785286 11436032
1733235550998 0.5032591223716736 11468800
1733235584386 0.5202154517173767 11501568
1733235629585 0.19124239683151245 11520000
1733235668715 0.49978959560394287 11567104
1733235701964 0.6270021498203278 11599872
1733235734475 0.4203585982322693 11632640
1733235766855 0.663017749786377 11665408
1733235800829 0.5387570261955261 11680000
1733235846908 0.5309210419654846 11730944
1733235879982 0.2293708324432373 11763712
1733235912770 0.6574684381484985 11796480
1733235945040 0.5367469191551208 11829248
1733235978846 0.6052969098091125 11840000
1733236025797 0.4089377522468567 11894784
1733236058369 0.27037298679351807 11927552
1733236098309 0.39484167098999023 11960320
1733236131062 0.24482297897338867 11993088
1733236161744 0.022851228713989258 12000000
1733236202988 0.7751960158348083 12058624
1733236236915 0.6797555685043335 12091392
1733236271718 0.7135407626628876 12124160
1733236305958 0.6974993944168091 12156928
1733236337589 0.7207790315151215 12160000
1733236382148 0.1668260097503662 12222464
1733236423817 -0.03499495983123779 12255232
1733236465668 0.554895669221878 12288000
1733236508257 0.30062103271484375 12320000
1733236542846 0.3966485261917114 12353536
1733236576737 0.3799387812614441 12386304
1733236611331 0.7048552334308624 12419072
1733236653061 0.4726303815841675 12451840
1733236694216 0.2187245488166809 12480000
1733236730489 0.07625454664230347 12517376
1733236765126 0.6994087398052216 12550144
1733236799521 0.5916529595851898 12582912
1733236833429 0.6170894503593445 12615680
1733236873063 0.36872953176498413 12640000
1733236910468 0.6815749704837799 12681216
1733236945255 0.73847296833992 12713984
1733236979458 -0.13709759712219238 12746752
1733237014234 0.13753730058670044 12779520
1733237052666 0.08904892206192017 12800000
1733237091840 0.6332560777664185 12845056
1733237126105 0.4957711696624756 12877824
1733237169636 0.4002567529678345 12910592
1733237204686 0.6105844676494598 12943360
1733237241572 0.6835228204727173 12960000
1733237289597 0.5204274356365204 13008896
1733237324403 0.30147624015808105 13041664
1733237360631 0.3269931674003601 13074432
1733237405560 0.09253120422363281 13107200
1733237441615 0.6478699147701263 13120000
1733237483137 0.6470226347446442 13172736
1733237525000 0.805325448513031 13205504
1733237566339 0.7237087488174438 13238272
1733237600974 0.5593932867050171 13271040
1733237635169 0.2455957531929016 13280000
1733237678649 0.6639571785926819 13336576
1733237720677 0.5496518909931183 13369344
1733237755004 0.6824569702148438 13402112
1733237789249 0.4403473138809204 13434880
1733237821688 0.5224651396274567 13440000
1733237866461 0.12450039386749268 13500416
1733237900643 0.22996264696121216 13533184
1733237935269 0.4995995759963989 13565952
1733237969774 0.6364097893238068 13598720
1733238001506 0.645824670791626 13600000
1733238048550 0.44446027278900146 13664256
1733238092139 0.08192706108093262 13697024
1733238127331 0.26188766956329346 13729792
1733238169161 0.6022420823574066 13760000
1733238205976 0.7949630171060562 13795328
1733238240049 0.7333069741725922 13828096
1733238275305 0.6381424963474274 13860864
1733238309822 0.5992914140224457 13893632
1733238350269 0.689137190580368 13920000
1733238387232 0.7501150220632553 13959168
1733238423110 0.49160170555114746 13991936
1733238467186 0.5023840963840485 14024704
1733238501845 0.20384877920150757 14057472
1733238541303 0.13792413473129272 14080000
1733238581495 0.2179681658744812 14123008
1733238623821 0.3025893568992615 14155776
1733238658516 0.6068753302097321 14188544
1733238692806 0.3569796681404114 14221312
1733238737502 0.6724133193492889 14240000
1733238777056 0.1474992036819458 14286848
1733238812181 0.8218303918838501 14319616
1733238847540 0.50307896733284 14352384
1733238890008 0.6977530717849731 14385152
1733238925632 0.5645036995410919 14400000
1733238967022 0.3761650323867798 14450688
1733239002296 0.33667874336242676 14483456
1733239037384 0.18739449977874756 14516224
1733239071570 0.40550631284713745 14548992
1733239113500 0.39530128240585327 14560000
1733239164492 0.37708526849746704 14614528
1733239199572 0.24667119979858398 14647296
1733239234301 0.06267642974853516 14680064
1733239275828 0.6493431627750397 14712832
1733239309618 0.46325433254241943 14720000
1733239353821 0.4300369620323181 14778368
1733239388111 0.22976338863372803 14811136
1733239422170 0.39155393838882446 14843904
1733239456292 0.6010892391204834 14876672
1733239487933 0.6866845786571503 14880000
1733239541193 0.6424216032028198 14942208
1733239582408 0.30508172512054443 14974976
1733239624290 0.5074805021286011 15007744
1733239667399 0.38444793224334717 15040000
1733239702073 0.46979206800460815 15073280
1733239736305 0.5110646784305573 15106048
1733239770762 0.7185133397579193 15138816
1733239812708 0.5835412740707397 15171584
1733239854638 0.7294628322124481 15200000
1733239890720 0.6654022932052612 15237120
1733239925055 0.22629445791244507 15269888
1733239959465 0.5449687242507935 15302656
1733239993866 0.7459106147289276 15335424
1733240033489 0.7735635787248611 15360000
1733240070462 0.7059292793273926 15400960
1733240104477 0.6015895009040833 15433728
1733240138526 0.5834228694438934 15466496
1733240172508 0.53958460688591 15499264
1733240211302 0.17281556129455566 15520000
1733240249713 0.3814212679862976 15564800
1733240284319 0.08852595090866089 15597568
1733240318871 0.28812187910079956 15630336
1733240360871 0.5967505872249603 15663104
1733240405285 0.8896178528666496 15680000
1733240445249 0.6629857122898102 15728640
1733240479403 0.5114135146141052 15761408
1733240513180 0.7454917728900909 15794176
1733240547187 0.7640766054391861 15826944
1733240582718 0.7747236639261246 15840000
1733240623574 0.4667782783508301 15892480
1733240657690 0.8702115565538406 15925248
1733240691546 0.7034216225147247 15958016
1733240725179 0.3834770917892456 15990784
1733240758803 0.2901031970977783 16000000
1733240801674 0.7711565792560577 16056320
1733240835815 0.06643730401992798 16089088
1733240870271 0.7223818302154541 16121856
1733240904384 0.7188120186328888 16154624
1733240937844 0.781528428196907 16160000
1733240982249 0.7221625447273254 16220160
1733241016373 0.5982925593852997 16252928
1733241050521 0.646242082118988 16285696
1733241084637 0.7935349643230438 16318464
1733241115635 0.7742945998907089 16320000
1733241168389 0.2317594289779663 16384000
1733241202957 0.4318108558654785 16416768
1733241237152 0.4666523337364197 16449536
1733241286897 0.6533331573009491 16480000
1733241322852 0.8270374536514282 16515072
1733241357327 0.7687172889709473 16547840
1733241391268 0.6826058030128479 16580608
1733241425811 0.7748700976371765 16613376
1733241465855 0.6464759111404419 16640000
1733241509654 0.7953750789165497 16678912
1733241544425 0.643730103969574 16711680
1733241578299 0.8151417374610901 16744448
1733241612631 0.4839029312133789 16777216
1733241651845 0.6734321117401123 16800000
1733241689560 0.16704446077346802 16842752
1733241724018 0.5005543529987335 16875520
1733241758813 0.6222406625747681 16908288
1733241800479 0.5945804417133331 16941056
1733241837718 0.7579416781663895 16960000
1733241877274 0.7099283337593079 17006592
1733241911077 0.7675350457429886 17039360
1733241945445 0.5378586649894714 17072128
1733241979762 0.6171370148658752 17104896
1733242015552 0.2599921226501465 17120000
1733242056623 0.5353638231754303 17170432
1733242090762 0.7701078951358795 17203200
1733242124860 0.6548636853694916 17235968
1733242159229 0.4192656874656677 17268736
1733242194332 0.5368623733520508 17280000
1733242236598 0.654360294342041 17334272
1733242271022 0.5248260200023651 17367040
1733242305084 0.30062347650527954 17399808
1733242339145 0.1102135181427002 17432576
1733242372086 0.03885996341705322 17440000
1733242415353 0.5583765506744385 17498112
1733242449655 0.8926921337842941 17530880
1733242483861 0.38620269298553467 17563648
1733242517953 0.7521857470273972 17596416
1733242549711 -0.016058921813964844 17600000
1733242602096 0.6824523210525513 17661952
1733242636353 0.5657661557197571 17694720
1733242670461 0.140031099319458 17727488
1733242713332 0.5634210109710693 17760000
1733242748002 0.5345545709133148 17793024
1733242789815 0.40094029903411865 17825792
1733242823755 0.5289239883422852 17858560
1733242865460 0.5738530158996582 17891328
1733242913622 0.09794026613235474 17920000
1733242957393 0.11349201202392578 17956864
1733242991334 0.5382472276687622 17989632
1733243026238 0.4441957473754883 18022400
1733243060491 0.6409556865692139 18055168
1733243100415 0.6557491719722748 18080000
1733243137280 0.3311488628387451 18120704
1733243171170 0.2796817421913147 18153472
1733243205498 0.35056859254837036 18186240
1733243239518 0.0038144588470458984 18219008
1733243278673 0.7231743931770325 18240000
1733243317809 0.8043524026870728 18284544
1733243351941 0.45371413230895996 18317312
1733243386073 0.7248839139938354 18350080
1733243420747 0.7701898813247681 18382848
1733243457407 0.7270367443561554 18400000
1733243497771 0.33394408226013184 18448384
1733243531357 0.2896488904953003 18481152
1733243565841 0.35098451375961304 18513920
1733243600080 0.5328357815742493 18546688
1733243643442 0.09185606241226196 18560000
1733243684372 0.29744231700897217 18612224
1733243718604 0.7518656402826309 18644992
1733243752995 0.6916466653347015 18677760
1733243786927 0.6943820416927338 18710528
1733243820959 0.20801079273223877 18720000
1733243871213 0.03805297613143921 18776064
1733243905381 0.6887587010860443 18808832
1733243939369 0.5711401104927063 18841600
1733243973567 0.5431715250015259 18874368
1733244006374 0.14567840099334717 18880000
1733244050636 0.6922561824321747 18939904
1733244084417 0.6540448069572449 18972672
1733244119131 0.6188251972198486 19005440
1733244153010 0.39475858211517334 19038208
1733244183924 0.5757834017276764 19040000
1733244238142 0.24701130390167236 19103744
1733244273041 0.1791709065437317 19136512
1733244307177 0.6646032929420471 19169280
1733244349517 0.5534445941448212 19200000
1733244384684 0.4320998787879944 19234816
1733244418320 0.4293319582939148 19267584
1733244452840 0.7611756771802902 19300352
1733244487127 0.9106115624308586 19333120
1733244535342 0.7430070042610168 19360000
1733244571591 0.6510123312473297 19398656
1733244606178 0.7707254737615585 19431424
1733244647655 0.1051209568977356 19464192
1733244681881 0.3296772837638855 19496960
1733244721032 0.1809881329536438 19520000
1733244759013 0.6924164295196533 19562496
1733244793079 0.7762861996889114 19595264
1733244827942 0.6439615190029144 19628032
1733244862061 0.26366710662841797 19660800
1733244899753 0.3215875029563904 19680000
1733244938297 0.24481803178787231 19726336
1733244972332 0.29834413528442383 19759104
1733245007860 0.7507269829511642 19791872
1733245042901 0.7007707059383392 19824640
1733245080138 0.7956748753786087 19840000
1733245120628 0.38180673122406006 19890176
1733245155410 0.44314587116241455 19922944
1733245189973 0.6159812211990356 19955712
1733245224366 0.6259499788284302 19988480
1733245258306 0.3087817430496216 20000000
1733245300575 0.45937031507492065 20054016
1733245335046 0.32754987478256226 20086784
1733245369999 0.21893161535263062 20119552
1733245403957 0.2632759213447571 20152320
1733245437857 0.20761072635650635 20160000
1733245489211 0.37242382764816284 20217856
1733245523332 0.1182633638381958 20250624
1733245564962 0.7553352415561676 20283392
1733245599173 0.36068880558013916 20316160
1733245630228 0.2837117314338684 20320000
1733245675689 0.11867362260818481 20381696
1733245711454 0.3909856081008911 20414464
1733245746369 0.1291843056678772 20447232
1733245788191 0.47450727224349976 20480000
1733245830162 0.07268029451370239 20512768
1733245864669 0.13376367092132568 20545536
1733245898890 0.17576152086257935 20578304
1733245933200 0.06417733430862427 20611072
1733245974406 0.12102830410003662 20640000
1733246009817 0.12077760696411133 20676608
1733246043711 0.4069862961769104 20709376
1733246078010 0.0952572226524353 20742144
1733246112537 0.24870461225509644 20774912
1733246151734 0.5933173298835754 20800000
1733246188470 0.5973400771617889 20840448
1733246222819 0.310701847076416 20873216
1733246257276 0.27286994457244873 20905984
1733246291183 0.7001880705356598 20938752
1733246337795 0.45774054527282715 20960000
1733246376759 0.35766422748565674 21004288
1733246410875 0.4144306182861328 21037056
1733246445048 0.31999117136001587 21069824
1733246479633 0.18374896049499512 21102592
1733246515973 0.7624192833900452 21120000
1733246563635 0.054095566272735596 21168128
1733246598655 0.282029926776886 21200896
1733246632729 0.32220256328582764 21233664
1733246674926 0.12129837274551392 21266432
1733246710925 0.6157099306583405 21280000
1733246751929 0.10638821125030518 21331968
1733246787311 0.270612895488739 21364736
1733246822376 0.6892181038856506 21397504
1733246856175 0.6305201351642609 21430272
1733246889566 0.7799807488918304 21440000
1733246932778 0.696999728679657 21495808
1733246967510 0.7452273070812225 21528576
1733247001690 0.6620117425918579 21561344
1733247036119 0.4379194974899292 21594112
1733247068682 0.5173594653606415 21600000
1733247113012 0.7819409221410751 21659648
1733247146927 0.4178265929222107 21692416
1733247188549 0.7381070256233215 21725184
1733247223023 0.665540486574173 21757952
1733247254522 0.6459262073040009 21760000
1733247299668 0.5457412302494049 21823488
1733247333892 0.627312421798706 21856256
1733247367924 0.23168987035751343 21889024
1733247410354 0.07884901762008667 21920000
1733247444842 0.6325085759162903 21954560
1733247479176 0.672219842672348 21987328
1733247520731 0.15473711490631104 22020096
1733247555113 0.5927876532077789 22052864
1733247595785 0.8174944519996643 22080000
1733247632309 0.8226506859064102 22118400
1733247666299 0.42728137969970703 22151168
1733247701696 0.21288925409317017 22183936
1733247744533 0.7253826260566711 22216704
1733247783366 0.6456902623176575 22240000
1733247821598 0.6456409692764282 22282240
1733247855867 0.591539055109024 22315008
1733247889837 0.20215845108032227 22347776
1733247924730 0.6178942918777466 22380544
1733247962250 0.31262731552124023 22400000
1733248001831 0.7330505847930908 22446080
1733248043393 0.6884914040565491 22478848
1733248077468 0.2997521758079529 22511616
1733248111544 0.15113264322280884 22544384
1733248147796 0.698558509349823 22560000
1733248188044 0.824077695608139 22609920
1733248222645 0.4339374303817749 22642688
1733248257144 0.35325902700424194 22675456
1733248291345 0.6913054287433624 22708224
1733248326066 0.8109158873558044 22720000
1733248375643 0.7111272215843201 22773760
1733248409700 0.6480066180229187 22806528
1733248444540 0.6815348565578461 22839296
1733248486287 0.7037472128868103 22872064
1733248520024 0.6771695911884308 22880000
1733248571707 0.7453577816486359 22937600
1733248613602 0.06596475839614868 22970368
1733248648289 0.27360618114471436 23003136
1733248682472 -0.02169334888458252 23035904
1733248714635 0.6963053643703461 23040000
1733248759403 0.2682599425315857 23101440
1733248794177 0.24019241333007812 23134208
1733248828633 0.5500175654888153 23166976
1733248862745 0.6203350126743317 23199744
1733248893165 0.6860060095787048 23200000
1733248939849 0.547589123249054 23265280
1733248974406 0.4714621901512146 23298048
1733249008318 0.43926864862442017 23330816
1733249050136 0.04117286205291748 23360000
1733249085736 0.2411906123161316 23396352
1733249120192 0.5713428854942322 23429120
1733249162633 0.3887595534324646 23461888
1733249197742 0.6596116125583649 23494656
1733249237203 0.7064054012298584 23520000
1733249273950 0.22020047903060913 23560192
1733249315303 0.3015495538711548 23592960
1733249349663 -0.08032381534576416 23625728
1733249383903 0.6311857402324677 23658496
1733249422342 0.4878692626953125 23680000
1733249461420 0.22449719905853271 23724032
1733249495564 0.6033395826816559 23756800
1733249530042 0.2124078869819641 23789568
1733249564332 0.42808598279953003 23822336
1733249601305 0.7954201996326447 23840000
1733249641413 0.7266002297401428 23887872
1733249675489 0.25090664625167847 23920640
1733249710069 0.0034143924713134766 23953408
1733249744703 0.5468608736991882 23986176
1733249780202 0.37656158208847046 24000000
1733249821463 0.16919749975204468 24051712
1733249856380 0.4916718006134033 24084480
1733249890952 0.7755308449268341 24117248
1733249932884 0.6916519403457642 24150016
1733249968066 0.31680601835250854 24160000
1733250010623 0.707555502653122 24215552
1733250044907 0.7500500530004501 24248320
1733250079625 0.3512410521507263 24281088
1733250114532 0.15069997310638428 24313856
1733250147627 0.7208644449710846 24320000
1733250192148 0.6889286041259766 24379392
1733250227285 0.27055108547210693 24412160
1733250261709 0.6622158586978912 24444928
1733250296026 0.1740230917930603 24477696
1733250326747 0.2175579071044922 24480000
1733250372951 -0.09107482433319092 24543232
1733250407347 0.882060781121254 24576000
1733250441878 0.3711712956428528 24608768
1733250483023 0.7957335561513901 24640000
1733250518002 0.7862917482852936 24674304
1733250551754 0.28677284717559814 24707072
1733250586097 0.549267590045929 24739840
1733250620384 0.590507298707962 24772608
1733250661044 0.6839805841445923 24800000
1733250697666 0.299543559551239 24838144
1733250731621 0.5323213338851929 24870912
1733250766372 0.30235761404037476 24903680
1733250800588 0.30749601125717163 24936448
1733250839965 0.05456900596618652 24960000
1733250877865 0.08555465936660767 25001984
1733250912204 0.05455422401428223 25034752
1733250946426 0.2795777916908264 25067520
1733250981307 0.7788735628128052 25100288
1733251019724 0.7095613777637482 25120000
1733251058428 0.2821624279022217 25165824
1733251093342 0.5183192491531372 25198592
1733251135290 0.20677971839904785 25231360
1733251170052 0.42612379789352417 25264128
1733251213860 0.2815660238265991 25280000
1733251254734 -0.03836190700531006 25329664
1733251288986 0.6464504301548004 25362432
1733251323762 0.2280450463294983 25395200
1733251358859 0.4196239709854126 25427968
1733251393468 0.21188783645629883 25440000
1733251435598 0.15828865766525269 25493504
1733251470066 0.25642693042755127 25526272
1733251504339 0.7898029983043671 25559040
1733251539457 0.42960482835769653 25591808
1733251573331 0.2568950653076172 25600000
1733251617132 0.6811130940914154 25657344
1733251651489 0.47386735677719116 25690112
1733251693045 0.7938701808452606 25722880
1733251727043 0.7228498160839081 25755648
1733251759699 0.7606912404298782 25760000
1733251803648 0.5211632251739502 25821184
1733251837934 0.7577314227819443 25853952
1733251872577 0.6293053030967712 25886720
1733251906633 0.5546503365039825 25919488
1733251937350 0.5780197083950043 25920000
1733251983388 0.3405829071998596 25985024
1733252017834 0.5401724576950073 26017792
1733252051995 0.6745811402797699 26050560
1733252093265 0.6138844192028046 26080000
1733252128879 0.6221985518932343 26116096
1733252162812 0.6313049793243408 26148864
1733252197312 0.46450281143188477 26181632
1733252238782 0.5537340939044952 26214400
1733252278798 0.5394013226032257 26240000
1733252315686 0.7944316118955612 26279936
1733252349684 0.21486258506774902 26312704
1733252383685 0.7153503894805908 26345472
1733252424838 0.6956851780414581 26378240
1733252463263 0.5546386539936066 26400000
1733252502150 0.5501342713832855 26443776
1733252536049 0.12301373481750488 26476544
1733252570139 0.02068430185317993 26509312
1733252604531 0.27599960565567017 26542080
1733252641679 0.07842594385147095 26560000
1733252681612 0.08603537082672119 26607616
1733252723455 0.17864006757736206 26640384
1733252757766 0.2721203565597534 26673152
1733252791853 0.03409940004348755 26705920
1733252827392 0.12329000234603882 26720000
1733252876262 0.05421483516693115 26771456
1733252910536 0.08317428827285767 26804224
1733252944781 0.128265380859375 26836992
1733252986741 0.08520925045013428 26869760
1733253021713 0.09925448894500732 26880000
1733253064591 0.11892014741897583 26935296
1733253098946 0.11717337369918823 26968064
1733253132698 0.13717752695083618 27000832
1733253166653 0.2135697603225708 27033600
1733253200414 0.12418192625045776 27040000
1733253244596 0.09104883670806885 27099136
1733253278659 0.06711006164550781 27131904
1733253312761 0.12542855739593506 27164672
1733253346699 0.18877339363098145 27197440
1733253378530 0.13900995254516602 27200000
1733253431099 0.21199971437454224 27262976
1733253465167 0.13077270984649658 27295744
1733253506719 0.0635252594947815 27328512
1733253548216 0.1362295150756836 27360000
1733253583062 0.1276533007621765 27394048
1733253616993 0.08909940719604492 27426816
1733253651062 0.0811690092086792 27459584
1733253685344 0.1618976593017578 27492352
1733253726091 0.09108692407608032 27520000
1733253762223 0.1675305962562561 27557888
1733253796596 0.1446569561958313 27590656
1733253830220 0.10292214155197144 27623424
1733253864138 0.10738766193389893 27656192
1733253904124 0.14899051189422607 27680000
1733253941216 0.17330634593963623 27721728
1733253983036 0.06830286979675293 27754496
1733254017235 0.13786852359771729 27787264
1733254051958 0.11614090204238892 27820032
1733254090656 0.09171926975250244 27840000
1733254129570 0.10809463262557983 27885568
1733254163611 0.06238621473312378 27918336
1733254198736 0.05675005912780762 27951104
1733254233073 0.09047073125839233 27983872
1733254269214 0.09923052787780762 28000000
1733254309382 0.09878545999526978 28049408
1733254343011 0.07358932495117188 28082176
1733254376892 0.05367422103881836 28114944
1733254418206 0.014344573020935059 28147712
1733254453421 0.4137207269668579 28160000
1733254494602 0.7498532235622406 28213248
1733254528636 0.2091357707977295 28246016
1733254570122 0.05126953125 28278784
1733254604302 0.12871479988098145 28311552
1733254638337 0.5666374862194061 28320000
1733254681854 0.02590721845626831 28377088
1733254715823 0.1296170949935913 28409856
1733254749890 0.16999351978302002 28442624
1733254783963 0.10899263620376587 28475392
1733254816783 0.12244057655334473 28480000
1733254861750 0.17703795433044434 28540928
1733254895764 0.013930797576904297 28573696
1733254930182 0.6394099295139313 28606464
1733254964946 0.7876500189304352 28639232
1733254995745 0.8304314017295837 28640000
1733255042507 0.6554920077323914 28704768
1733255076803 0.31269603967666626 28737536
1733255111127 0.8073501586914062 28770304
1733255152126 0.580841988325119 28800000
1733255187537 0.3414653539657593 28835840
1733255222538 0.5811741054058075 28868608
1733255264537 0.10397440195083618 28901376
1733255298798 0.43070781230926514 28934144
1733255338766 0.42366713285446167 28960000
1733255375611 0.07944780588150024 28999680
1733255409713 0.19572550058364868 29032448
1733255444340 0.025435268878936768 29065216
1733255478121 0.01585918664932251 29097984
1733255524387 0.026784777641296387 29120000
1733255569869 0.45946764945983887 29163520
1733255604271 0.6421692073345184 29196288
1733255646106 0.7763714343309402 29229056
1733255680291 0.49198222160339355 29261824
1733255725341 0.6887648701667786 29280000
1733255765048 0.6726855635643005 29327360
1733255799426 0.743497908115387 29360128
1733255833448 0.6748327612876892 29392896
1733255867882 0.410219669342041 29425664
1733255904858 0.6733043193817139 29440000
1733255945615 0.17519700527191162 29491200
1733255979788 0.2604057192802429 29523968
1733256014423 0.23945152759552002 29556736
1733256050151 0.10649150609970093 29589504
1733256085658 0.08718329668045044 29600000
1733256127892 0.35937249660491943 29655040
1733256162049 0.02964538335800171 29687808
1733256196820 0.30443984270095825 29720576
1733256237596 0.24518656730651855 29753344
1733256270247 0.19181162118911743 29760000
1733256313781 0.18604767322540283 29818880
1733256348901 0.14436054229736328 29851648
1733256390647 0.10003507137298584 29884416
1733256424635 0.07608777284622192 29917184
1733256456758 0.11178100109100342 29920000
1733256502133 0.0513729453086853 29982720
1733256544184 0.053689420223236084 30015488
1733256578629 0.08470737934112549 30048256
1733256620233 0.08673727512359619 30080000
1733256662738 0.1200907826423645 30113792
1733256696675 0.048591017723083496 30146560
1733256731448 0.1099051833152771 30179328
1733256766253 0.12363266944885254 30212096
1733256807528 0.11753427982330322 30240000
1733256843466 0.111727774143219 30277632
1733256877532 -0.0018475055694580078 30310400
1733256911689 0.1288619041442871 30343168
1733256946225 0.01839691400527954 30375936
1733256985741 0.5897998511791229 30400000
1733257022400 0.0008057355880737305 30441472
1733257056915 0.30507612228393555 30474240
1733257091260 0.7138128280639648 30507008
1733257133349 0.5994344353675842 30539776
1733257171366 0.7899735569953918 30560000
1733257210472 0.8629816472530365 30605312
1733257244854 0.38703012466430664 30638080
1733257279417 0.6877888441085815 30670848
1733257321199 0.2751712203025818 30703616
1733257357624 0.6758885085582733 30720000
1733257397599 0.24387067556381226 30769152
1733257431999 0.7297632694244385 30801920
1733257466217 0.40113013982772827 30834688
1733257500385 0.031193971633911133 30867456
1733257535456 0.429235577583313 30880000
1733257577550 0.05190318822860718 30932992
1733257611393 0.3938162922859192 30965760
1733257645575 0.7130404114723206 30998528
1733257679465 0.747599333524704 31031296
1733257713772 0.49860358238220215 31040000
1733257755826 0.6370512545108795 31096832
1733257790190 0.7314954400062561 31129600
1733257824183 0.6325820982456207 31162368
1733257859240 0.7418221235275269 31195136
1733257891955 0.15377289056777954 31200000
1733257936368 0.13157057762145996 31260672
1733257970393 0.5406711399555206 31293440
1733258005086 0.6982744336128235 31326208
1733258038964 0.36981862783432007 31358976
1733258070214 0.6386086940765381 31360000
1733258116226 0.1766788363456726 31424512
1733258150841 0.33837926387786865 31457280
1733258192554 0.17955458164215088 31490048
1733258234001 0.7247201800346375 31520000
1733258269467 0.2747833728790283 31555584
1733258303298 0.8035596907138824 31588352
1733258337790 0.8225219249725342 31621120
1733258371938 0.31164878606796265 31653888
1733258418864 0.7267788946628571 31680000
1733258464055 0.8017841577529907 31719424
1733258498103 0.20082753896713257 31752192
1733258532676 0.5469078421592712 31784960
1733258567177 0.17000144720077515 31817728
1733258606022 0.5137059986591339 31840000
1733258644944 0.3621017336845398 31883264
1733258679391 0.45887595415115356 31916032
1733258713750 0.13058698177337646 31948800
1733258747792 0.05229395627975464 31981568
1733258784464 0.7550394088029861 32000000
1733258831728 0.10452622175216675 32047104
1733258866007 0.350607693195343 32079872
1733258900439 0.12525612115859985 32112640
1733258934223 0.8155690729618073 32145408
1733258976734 0.21462899446487427 32160000
1733259017048 0.6608735024929047 32210944
1733259050464 0.6605017185211182 32243712
1733259092064 0.7912647575139999 32276480
1733259126147 0.8136213570833206 32309248
1733259160100 0.14739221334457397 32320000
1733259201972 0.7209867835044861 32374784
1733259235308 0.4163936972618103 32407552
1733259268903 0.3789958357810974 32440320
1733259302085 0.7666264474391937 32473088
1733259335485 0.687762439250946 32480000
1733259377814 0.7435247898101807 32538624
1733259411288 0.29056787490844727 32571392
1733259445028 0.5570787489414215 32604160
1733259478619 0.17053091526031494 32636928
1733259510368 0.1720985770225525 32640000
1733259553973 -0.6229475736618042 32702464
1733259594645 0.7357328236103058 32735232
1733259627877 0.12959200143814087 32768000
1733259669724 0.1972854733467102 32800000
1733259704190 0.44366878271102905 32833536
1733259738102 0.4119793772697449 32866304
1733259779393 0.31883513927459717 32899072
1733259812534 0.8177026063203812 32931840
1733259852506 0.7894514948129654 32960000
1733259894666 0.6611369848251343 32997376
1733259928076 0.15142422914505005 33030144
1733259960959 0.8394270688295364 33062912
1733259993850 0.1500852108001709 33095680
1733260032597 0.44330668449401855 33120000
1733260069287 0.5497153401374817 33161216
1733260102146 0.4275928735733032 33193984
1733260135943 0.7177847623825073 33226752
1733260176407 0.725425511598587 33259520
1733260213038 0.5556450486183167 33280000
1733260251319 -0.0128859281539917 33325056
1733260284735 0.6782582402229309 33357824
1733260317955 0.6192161440849304 33390592
1733260350875 0.18852728605270386 33423360
1733260385799 0.22136396169662476 33440000
1733260424755 0.17658156156539917 33488896
1733260458703 0.27455031871795654 33521664
1733260491636 0.7940923124551773 33554432
1733260524451 0.24781304597854614 33587200
1733260558725 0.20528489351272583 33600000
1733260599181 0.6431154310703278 33652736
1733260633320 0.11867290735244751 33685504
1733260666232 0.535733550786972 33718272
1733260699294 0.3510366678237915 33751040
1733260732184 0.7128818929195404 33760000
1733260773531 0.528113842010498 33816576
1733260806647 0.4286937713623047 33849344
1733260839862 0.7443184852600098 33882112
1733260873213 0.4680100679397583 33914880
1733260912117 0.5024492740631104 33920000
1733260955237 0.5940324068069458 33980416
1733260988155 0.7634840160608292 34013184
1733261028236 0.5863288640975952 34045952
1733261061277 0.4926391839981079 34078720
1733261091884 0.6281664669513702 34080000
1733261136064 0.14956635236740112 34144256
1733261176386 0.5791349112987518 34177024
1733261209577 0.7611339837312698 34209792
1733261249833 0.7711692154407501 34240000
1733261284006 0.26689910888671875 34275328
1733261317570 0.7755248993635178 34308096
1733261350579 0.7373605072498322 34340864
1733261383471 0.38834941387176514 34373632
1733261429474 0.7277705073356628 34400000
1733261464903 0.7286117970943451 34439168
1733261497996 0.8241566568613052 34471936
1733261530596 0.500402420759201 34504704
1733261563553 0.22901171445846558 34537472
1733261601151 0.7472346127033234 34560000
1733261638250 0.6827426850795746 34603008
1733261671015 0.37969130277633667 34635776
1733261704578 0.6066892147064209 34668544
1733261737704 0.680670827627182 34701312
1733261773978 0.2017422318458557 34720000
1733261819848 0.6219339370727539 34766848
1733261852836 0.7226225137710571 34799616
1733261885760 0.3916342854499817 34832384
1733261918321 0.13890737295150757 34865152
1733261953544 0.6587019264698029 34880000
1733261992800 0.6650488972663879 34930688
1733262025682 0.4865589141845703 34963456
1733262058573 0.2887447476387024 34996224
1733262091658 0.321219801902771 35028992
1733262125468 0.33337193727493286 35040000
1733262166202 0.34275126457214355 35094528
1733262199126 0.463717520236969 35127296
1733262232203 0.13410115242004395 35160064
1733262265241 0.2986428737640381 35192832
1733262296922 0.10638761520385742 35200000
1733262339581 0.11946976184844971 35258368
1733262372627 0.06973481178283691 35291136
1733262405368 0.5120066404342651 35323904
1733262437951 0.09457004070281982 35356672
1733262468534 0.44683992862701416 35360000
1733262511655 0.3968158960342407 35422208
1733262544298 0.17975914478302002 35454976
1733262577845 0.5475748777389526 35487744
1733262617842 0.12032967805862427 35520000
1733262650916 0.03206688165664673 35553280
1733262684060 0.5043909251689911 35586048
1733262724271 0.3466044068336487 35618816
1733262764201 0.5893486142158508 35651584
1733262810851 0.3470444083213806 35680000
1733262845610 0.02922111749649048 35717120
1733262878445 0.37749773263931274 35749888
1733262911477 0.126909077167511 35782656
1733262944222 0.16533112525939941 35815424
1733262982565 0.31817179918289185 35840000
1733263019497 0.30742406845092773 35880960
1733263052604 0.23303741216659546 35913728
1733263085370 0.44439852237701416 35946496
1733263118379 0.7077459394931793 35979264
1733263154255 0.5117900967597961 36000000
1733263191228 0.1641518473625183 36044800
1733263224352 0.29778188467025757 36077568
1733263264750 0.2408728003501892 36110336
1733263298031 0.40788841247558594 36143104
1733263341019 0.2832266092300415 36160000
1733263379583 0.23163729906082153 36208640
1733263412400 0.58564892411232 36241408
1733263445240 0.6648616194725037 36274176
1733263485753 0.3682631850242615 36306944
1733263520007 0.6555961668491364 36320000
1733263559691 -0.18766462802886963 36372480
1733263593165 0.34298253059387207 36405248
1733263626247 0.6127258539199829 36438016
1733263659071 0.16898101568222046 36470784
1733263699635 0.17987459897994995 36480000
1733263741647 0.00012302398681640625 36536320
1733263774980 0.28009557723999023 36569088
1733263807563 0.05591773986816406 36601856
1733263840595 0.7277071475982666 36634624
1733263879322 0.37939828634262085 36640000
1733263921806 0.7004064917564392 36700160
1733263955016 0.43427717685699463 36732928
1733263988412 0.5306821167469025 36765696
1733264021436 0.15773123502731323 36798464
1733264051833 0.4952046871185303 36800000
1733264096274 0.7908192574977875 36864000
1733264129314 0.829080194234848 36896768
1733264162647 0.46320194005966187 36929536
1733264204310 0.7221791744232178 36960000
1733264238450 0.23050862550735474 36995072
1733264271391 0.363444983959198 37027840
1733264303999 0.6325660943984985 37060608
1733264336865 0.18811964988708496 37093376
1733264375820 -0.04799771308898926 37120000
1733264411044 0.7076906859874725 37158912
1733264443703 0.6558599472045898 37191680
1733264476467 0.19580930471420288 37224448
1733264509966 0.561398059129715 37257216
1733264547303 0.7020066380500793 37280000
1733264591568 0.5077694654464722 37322752
1733264624117 0.8122375011444092 37355520
1733264664315 0.8996986746788025 37388288
1733264697524 0.6349774301052094 37421056
1733264734959 0.6027298271656036 37440000
1733264773151 0.7900009751319885 37486592
1733264806548 0.7705526202917099 37519360
1733264839500 0.4676273465156555 37552128
1733264871714 0.4929315447807312 37584896
1733264906302 -0.07858932018280029 37600000
1733264953508 0.652028501033783 37650432
1733264986282 0.7923533469438553 37683200
1733265018707 0.491957426071167 37715968
1733265051782 0.6821251809597015 37748736
1733265091936 0.5363133251667023 37760000
1733265132192 0.6710550487041473 37814272
1733265164833 0.29338937997817993 37847040
1733265197434 0.3264506459236145 37879808
1733265230081 0.03095000982284546 37912576
1733265261963 0.16369414329528809 37920000
1733265311886 0.18524551391601562 37978112
1733265344166 0.06740832328796387 38010880
1733265376332 -0.01686275005340576 38043648
1733265408597 0.41720646619796753 38076416
1733265438581 0.03572952747344971 38080000
1733265481610 0.18205034732818604 38141952
1733265514527 0.09465920925140381 38174720
1733265546877 0.01659536361694336 38207488
1733265587164 0.7954125255346298 38240000
1733265620063 0.8105710744857788 38273024
1733265651912 0.5469804406166077 38305792
1733265684069 0.5727161467075348 38338560
1733265716086 0.7166216969490051 38371328
1733265755758 0.4392206072807312 38400000
