1733223267661 0.019837212518450543 65536
1733223301631 0.004279136178342924 98304
1733223334775 0.0009115071318944956 131072
1733223371842 0.00024038269517063783 160000
1733223407787 0.00011273555523523271 196608
1733223439803 6.330079476821738e-05 229376
1733223471683 4.64712530467537e-05 262144
1733223503844 3.249721083813384e-05 294912
1733223549378 4.463070275644299e-05 320000
1733223585657 2.0620368440216198e-05 360448
1733223618173 1.6165740425133635e-05 393216
1733223650896 1.3457214149426023e-05 425984
1733223682747 1.1206065453084336e-05 458752
1733223717711 9.87411684505446e-06 480000
1733223753642 4.5308813610756005e-05 524288
1733223785596 4.912459133468161e-05 557056
1733223817381 3.063717480626949e-05 589824
1733223849638 2.4858014374196103e-05 622592
1733223885036 7.473404471536327e-06 640000
1733223922405 4.5040084016489955e-05 688128
1733223954492 1.929247462357786e-05 720896
1733223986895 7.968344871889244e-06 753664
1733224019149 9.393498593945893e-06 786432
1733224059657 5.687897293271682e-06 800000
1733224097945 5.672607765916382e-06 851968
1733224129722 6.045806937216014e-06 884736
1733224162008 5.809826600566837e-06 917504
1733224193986 2.511538990934703e-05 950272
1733224227023 7.039746195487417e-05 960000
1733224266723 7.713397481481365e-05 1015808
1733224306570 3.63303084559341e-05 1048576
1733224338386 6.7345631815651785e-06 1081344
1733224370839 1.052781665964453e-05 1114112
1733224402117 5.5345442472987115e-06 1120000
1733224442784 5.641059972005813e-06 1179648
1733224474563 5.106504849861082e-06 1212416
1733224506395 5.163534591279273e-06 1245184
1733224538889 5.1947305549582264e-06 1277952
1733224568475 4.481947554779708e-06 1280000
1733224618283 4.676530366420905e-06 1343488
1733224650214 5.0067104897522086e-06 1376256
1733224681771 4.166026465046712e-06 1409024
1733224720310 4.496104573026294e-06 1440000
1733224752152 4.117270048253907e-06 1474560
1733224783872 4.4235016167570865e-06 1507328
1733224816492 4.239251516713338e-06 1540096
1733224848733 3.6907661129959026e-06 1572864
1733224886666 3.850063709243123e-06 1600000
1733224920707 4.456160131802722e-05 1638400
1733224952445 4.056140685673171e-05 1671168
1733224984564 5.993132071044904e-05 1703936
1733225024393 0.0001624557306846519 1736704
1733225060258 2.4709953808343955e-05 1760000
1733225095547 6.0503562413938285e-06 1802240
1733225127800 3.346613533792286e-05 1835008
1733225160167 0.00011727390039197871 1867776
1733225192903 6.096860681608085e-05 1900544
1733225228501 5.755854887956602e-05 1920000
1733225264599 4.863907713295035e-05 1966080
1733225303888 4.610032758738392e-05 1998848
1733225337534 6.317268154245603e-05 2031616
1733225369787 2.0681065433336698e-05 2064384
1733225404010 6.664952989958728e-05 2080000
1733225441982 6.142994722351247e-05 2129920
1733225481802 5.429010484232499e-05 2162688
1733225514306 4.4563855820078935e-05 2195456
1733225546822 4.2265030878207986e-05 2228224
1733225580022 0.00017390392533767063 2240000
1733225619715 8.8002929332065e-05 2293760
1733225652325 2.051870686561319e-05 2326528
1733225691821 1.549157661455691e-05 2359296
1733225724093 6.4993159342385806e-06 2392064
1733225763263 5.577404601964097e-06 2400000
1733225804015 4.437478280530094e-05 2457600
1733225836372 1.9152751150341985e-05 2490368
1733225868538 4.7844442503386375e-06 2523136
1733225901107 3.356777822971502e-05 2555904
1733225932387 5.765498209961972e-05 2560000
1733225973758 8.24184149763596e-06 2621440
1733226006247 5.0907911064213e-06 2654208
1733226038590 4.423439720890876e-06 2686976
1733226071177 7.62805416655743e-05 2719744
1733226101918 7.327099981226936e-05 2720000
1733226146629 8.751879274777607e-05 2785280
1733226179311 6.066988824082742e-06 2818048
1733226211799 1.0048949130014862e-05 2850816
1733226251432 4.4457667383190905e-05 2880000
1733226285181 2.1992202822773698e-05 2916352
1733226318112 0.00010838383819837816 2949120
1733226351105 8.190253673907577e-05 2981888
1733226383537 4.4296771591278985e-05 3014656
1733226421658 6.515864601490673e-05 3040000
1733226456793 1.047831533234067e-05 3080192
1733226489547 5.085580039132509e-06 3112960
1733226521955 7.98909359511546e-05 3145728
1733226554620 1.0491049702121557e-05 3178496
1733226591148 4.6117797698674855e-05 3200000
1733226627700 3.0630571872691805e-06 3244032
1733226660789 1.3842705980027236e-05 3276800
1733226693358 0.00012493255760697152 3309568
1733226726002 7.183306931706213e-05 3342336
1733226762090 2.199822631527848e-05 3360000
1733226807968 1.0676464234204986e-05 3407872
1733226840709 7.258033599533142e-06 3440640
1733226873173 4.105355344981021e-05 3473408
1733226906397 6.099813189694991e-05 3506176
1733226940562 4.8321298709685934e-05 3520000
1733226980000 4.272524787207743e-06 3571712
1733227019548 4.652414333681243e-05 3604480
1733227052410 2.7858476620967743e-05 3637248
1733227084672 6.839437687493622e-05 3670016
1733227117556 8.857254032590411e-05 3680000
1733227158466 0.0001797603378399071 3735552
1733227191072 0.00010211565989797222 3768320
1733227223699 6.869430537634891e-05 3801088
1733227256573 5.4357537529847735e-05 3833856
1733227287973 2.4129635665337545e-05 3840000
1733227329328 5.6909899582535674e-05 3899392
1733227369694 2.8235639904394816e-05 3932160
1733227402477 6.490822388900419e-05 3964928
1733227434893 2.329431181233854e-05 3997696
1733227465219 1.4231210288162544e-05 4000000
1733227508957 2.6420517986069925e-05 4063232
1733227541952 8.778822211663594e-06 4096000
1733227574709 4.1176270734388785e-05 4128768
1733227614073 4.320097657106725e-05 4160000
1733227647755 6.480313675116811e-05 4194304
1733227680306 8.880129262975878e-05 4227072
1733227719718 8.81292832958902e-05 4259840
1733227752818 3.1831879865462655e-05 4292608
1733227791431 3.8443440076818544e-05 4320000
1733227826365 9.771068501596148e-06 4358144
1733227859032 3.5909026429914447e-06 4390912
1733227891948 4.8825343443303915e-06 4423680
1733227924969 2.0235469453488973e-05 4456448
1733227962592 1.4588703787854485e-05 4480000
1733228006152 5.210017760193253e-06 4521984
1733228039323 4.967395218624659e-06 4554752
1733228072138 4.413546861159467e-06 4587520
1733228105412 3.968445510971197e-06 4620288
1733228147826 1.5153431593206702e-05 4640000
1733228186060 0.00014307197293805807 4685824
1733228218740 1.495209471820136e-05 4718592
1733228258725 3.0323850780411556e-05 4751360
1733228292099 8.37471195838102e-06 4784128
1733228326481 3.1846499490284508e-06 4800000
1733228365234 5.802054302117554e-06 4849664
1733228397942 2.8897311912357003e-06 4882432
1733228431163 4.680525620093245e-06 4915200
1733228471215 6.811505726778133e-05 4947968
1733228504152 4.64622430096151e-05 4960000
1733228543953 2.691623595338921e-05 5013504
1733228576451 8.509916290975195e-05 5046272
1733228609174 1.5239994514082422e-05 5079040
1733228641845 2.12728843587362e-05 5111808
1733228674036 3.032908895572728e-06 5120000
1733228715400 3.844825669991891e-05 5177344
1733228748384 1.6470139376800753e-05 5210112
1733228788136 5.673379144550683e-05 5242880
1733228821094 2.4525190550983568e-05 5275648
1733228851401 1.4243698772720136e-05 5280000
1733228894597 4.623098784684032e-06 5341184
1733228935102 6.142470438907921e-06 5373952
1733228967518 3.4695631674797058e-06 5406720
1733229000458 5.004328217672604e-06 5439488
1733229029334 3.581999316037976e-06 5440000
1733229073680 6.821260624869651e-05 5505024
1733229105979 6.44464176965398e-06 5537792
1733229138570 5.371982127833075e-06 5570560
1733229180105 4.698754647081138e-06 5600000
1733229215395 9.259897883523438e-05 5636096
1733229248342 2.0863857883490768e-05 5668864
1733229281399 4.2108174224009254e-05 5701632
1733229314307 0.00011820496495920096 5734400
1733229353083 4.0586387495666895e-05 5760000
1733229388984 5.0876341977623694e-05 5799936
1733229429193 4.8771377930800774e-05 5832704
1733229461563 1.2794134189142436e-05 5865472
1733229494353 5.541446857204591e-06 5898240
1733229530859 6.554537614911204e-06 5920000
1733229569306 4.0789811445351984e-05 5963776
1733229601909 8.972850035984247e-05 5996544
1733229634730 6.754343071340152e-05 6029312
1733229667708 9.610587665460635e-05 6062080
1733229702618 9.772782204497955e-06 6080000
1733229741077 0.00010301216295857118 6127616
1733229774624 3.308169212621337e-05 6160384
1733229807322 0.00011283951334510878 6193152
1733229839923 1.392612649075975e-05 6225920
1733229874330 3.1365074510736335e-05 6240000
1733229913712 2.3661896036375474e-05 6291456
1733229946697 0.00015454611801923868 6324224
1733229979478 6.57760949450914e-05 6356992
1733230012567 3.8035603847053066e-05 6389760
1733230045264 1.2813113977716561e-05 6400000
1733230086505 5.93524441740989e-06 6455296
1733230119109 3.579663909123454e-05 6488064
1733230152586 5.90792434518761e-05 6520832
1733230185824 2.460255380664078e-05 6553600
1733230218057 2.2873131010725522e-05 6560000
1733230269287 4.223741285580562e-06 6619136
1733230310512 4.644212409876669e-06 6651904
1733230343999 0.00011741140938985595 6684672
1733230377808 5.2649885927480435e-05 6717440
1733230416756 5.400913526498741e-06 6720000
1733230463341 5.198249462941007e-05 6782976
1733230496520 0.00011027084241397312 6815744
1733230530265 4.506915564874703e-05 6848512
1733230570959 2.485679916450767e-05 6880000
1733230604876 1.625980800423754e-05 6914048
1733230639606 1.5794541724389876e-05 6946816
1733230672854 4.031025559136925e-06 6979584
1733230706498 4.018207925793327e-06 7012352
1733230745804 4.284783827450678e-05 7040000
1733230780969 0.00010212631010616535 7077888
1733230814354 3.80890065072359e-05 7110656
1733230847350 6.696772585697008e-05 7143424
1733230880339 5.730431358865751e-05 7176192
1733230918060 5.1157020502512474e-05 7200000
1733230954519 2.0057772086234937e-05 7241728
1733230987790 2.384594799762496e-05 7274496
1733231028455 6.072292753778186e-06 7307264
1733231061511 4.6183029123181285e-06 7340032
1733231097355 6.344213237667873e-05 7360000
1733231135225 6.705082024316411e-06 7405568
1733231168757 4.964842890143872e-05 7438336
1733231202424 0.00012092928136102632 7471104
1733231235710 4.471581710533412e-05 7503872
1733231270802 0.00021950221673405768 7520000
1733231309587 2.502759070545091e-05 7569408
1733231343205 5.145649930435869e-05 7602176
1733231376162 6.734102114565043e-05 7634944
1733231410782 9.867167575099423e-05 7667712
1733231452617 9.589725892920065e-05 7680000
1733231493229 8.598817170453188e-05 7733248
1733231525963 2.371874661641904e-05 7766016
1733231559054 1.006472071987119e-05 7798784
1733231591731 5.551462429509435e-06 7831552
1733231624962 6.5261129416294136e-06 7840000
1733231666891 1.7233125269577876e-05 7897088
1733231707094 0.00023576994993823597 7929856
1733231740364 1.2383301838014838e-05 7962624
1733231773050 5.005365659522809e-05 7995392
1733231812072 6.816669066154191e-05 8000000
1733231855298 4.414069814375754e-05 8060928
1733231887683 6.845349250492739e-05 8093696
1733231920006 5.932631248845022e-05 8126464
1733231959210 9.650048251319543e-06 8159232
1733231995952 6.572869963650252e-06 8160000
1733232040631 5.836812227577593e-06 8224768
1733232073619 6.077775574087063e-06 8257536
1733232105971 4.468202032559265e-06 8290304
1733232144240 9.874413347080724e-05 8320000
1733232179584 9.198430477208586e-06 8355840
1733232213190 4.9339315005614285e-06 8388608
1733232253026 3.618283183559612e-06 8421376
1733232292679 3.612454111370234e-05 8454144
1733232330708 4.066126356333521e-06 8480000
1733232373149 3.6376306003060853e-06 8519680
1733232405976 2.4989767866423485e-05 8552448
1733232438493 6.009252014160804e-06 8585216
1733232470686 3.953506335252488e-06 8617984
1733232507326 1.6477484691601597e-05 8640000
1733232543606 3.299290253661047e-06 8683520
1733232576172 0.00014310197413178738 8716288
1733232608812 0.00019384267568776093 8749056
1733232644195 4.1898190813116634e-05 8781824
1733232679843 1.1957972716847286e-05 8800000
1733232717762 8.382327637026509e-05 8847360
1733232757654 8.040483514792917e-06 8880128
1733232790565 3.486437051276603e-05 8912896
1733232823127 2.77512180586581e-05 8945664
1733232856701 6.442752342916691e-06 8960000
1733232895703 2.929401629081507e-06 9011200
1733232928456 5.053488113365701e-06 9043968
1733232961333 1.1531132383579834e-05 9076736
1733232994330 4.246918346939577e-06 9109504
1733233027597 7.534828487198997e-06 9120000
1733233068052 2.628844603080882e-05 9175040
1733233100584 0.0001338857769794588 9207808
1733233133058 3.476829290076644e-05 9240576
1733233166082 9.223326274514499e-05 9273344
1733233197116 1.9420472863629357e-05 9280000
1733233238589 3.8791692406148214e-05 9338880
1733233271804 4.348352701111225e-06 9371648
1733233304854 5.988795252132029e-06 9404416
1733233337809 4.591171128198735e-06 9437184
1733233368361 6.3098198282096615e-06 9440000
1733233413023 4.76045535354741e-06 9502720
1733233452971 4.440666656768677e-06 9535488
1733233485283 1.4028671649812807e-05 9568256
1733233525395 2.0486809917741323e-05 9600000
1733233559127 2.2917497342878067e-05 9633792
1733233592251 1.6457876475939327e-05 9666560
1733233625019 0.00012086594892838365 9699328
1733233665229 3.634634288244287e-05 9732096
1733233704768 6.762831599518293e-05 9760000
1733233746960 1.1272967908493304e-05 9797632
1733233779111 7.341426571905174e-06 9830400
1733233818806 7.696602799844854e-06 9863168
1733233851485 6.8451957640935925e-06 9895936
1733233888879 3.8038885188551587e-06 9920000
1733233932478 4.781109268752193e-05 9961472
1733233965532 5.585970272825591e-06 9994240
1733233998503 4.22989673372065e-06 10027008
1733234031866 5.449079525554623e-06 10059776
1733234067975 3.9825344179234e-06 10080000
1733234104749 5.531124587221381e-06 10125312
1733234137322 4.129336303843046e-06 10158080
1733234170533 9.227116180087203e-05 10190848
1733234203125 4.093151738704393e-06 10223616
1733234237009 1.0807182241967528e-05 10240000
1733234275808 3.5784376600123126e-06 10289152
1733234308685 4.486404801518073e-06 10321920
1733234341525 7.0158482050719504e-06 10354688
1733234374469 3.437582324361532e-06 10387456
1733234408257 4.12401082370839e-06 10400000
1733234448787 3.716531397429668e-06 10452992
1733234489640 0.0001083947276202868 10485760
1733234522742 1.589284936275859e-05 10518528
1733234555533 0.0005816973859219087 10551296
1733234587607 0.00013615548194862993 10560000
1733234628762 2.1297867571146156e-05 10616832
1733234661794 8.306156225330596e-05 10649600
1733234694285 7.823799500217277e-06 10682368
1733234726568 7.102648170775883e-06 10715136
1733234757202 6.711669819152722e-05 10720000
1733234800001 5.3227068254380064e-05 10780672
1733234833076 6.110696608914168e-05 10813440
1733234865847 0.00014048062935325678 10846208
1733234898640 0.0001249145500244131 10878976
1733234927589 7.704903108340933e-06 10880000
1733234971177 7.215921162170291e-05 10944512
1733235003200 6.489373043427893e-06 10977280
1733235035758 8.622946073337801e-05 11010048
1733235083789 1.1438819281228696e-05 11040000
1733235118401 5.689900060679154e-05 11075584
1733235150863 4.0280202677356324e-05 11108352
1733235183613 3.998846765346231e-06 11141120
1733235216219 0.00023468523177891943 11173888
1733235256559 2.6451673531013854e-05 11200000
1733235292774 5.300868040769569e-06 11239424
1733235335868 6.680181305063204e-06 11272192
1733235371891 8.042281240198124e-05 11304960
1733235404682 4.11436720954006e-06 11337728
1733235441929 0.00010581024094801217 11360000
1733235478461 1.1502712466504584e-05 11403264
1733235518116 5.861436060614622e-05 11436032
1733235551099 6.679538607246016e-06 11468800
1733235584523 1.3002768212833082e-05 11501568
1733235629677 0.0001608076197120223 11520000
1733235668871 0.00015382071012688404 11567104
1733235702036 8.831039432799503e-06 11599872
1733235734584 3.180386447568795e-05 11632640
1733235766900 3.894281183465242e-05 11665408
1733235800899 7.530765091279257e-06 11680000
1733235847117 3.1160801401053374e-05 11730944
1733235880139 2.7337860703147144e-05 11763712
1733235912895 1.7536419681918324e-05 11796480
1733235945223 1.3352095660579266e-05 11829248
1733235978954 5.297081114341573e-06 11840000
1733236025872 4.10524859104644e-06 11894784
1733236058511 7.4918942807644665e-06 11927552
1733236098476 4.595363671300312e-06 11960320
1733236131159 4.446961058646171e-06 11993088
1733236161792 4.2546895941220074e-05 12000000
1733236203038 2.007696758230537e-05 12058624
1733236237636 6.051604884449446e-05 12091392
1733236271839 7.94917069492085e-06 12124160
1733236306007 1.6872537722112392e-05 12156928
1733236337742 7.5562723075850435e-06 12160000
1733236382314 1.9530688236435444e-05 12222464
1733236423866 1.4368609811221678e-05 12255232
1733236465721 1.4239282480688065e-05 12288000
1733236508326 2.2825282535610114e-05 12320000
1733236542916 1.0112966992026351e-05 12353536
1733236576790 2.5750119359180257e-05 12386304
1733236611539 6.295899219566081e-06 12419072
1733236653151 4.757324750476189e-06 12451840
1733236694276 1.1306632794916283e-05 12480000
1733236730540 3.1327647441781184e-05 12517376
1733236765222 5.434695457900984e-05 12550144
1733236799570 6.908667164384763e-06 12582912
1733236833496 5.419532194267385e-06 12615680
1733236873146 3.6536423951627483e-06 12640000
1733236910569 4.611319105979339e-06 12681216
1733236945336 6.896841836201428e-06 12713984
1733236979908 3.818186246434818e-06 12746752
1733237014328 4.545494915358939e-06 12779520
1733237052799 8.669110467222075e-05 12800000
1733237091926 8.198965113181967e-06 12845056
1733237126241 1.056120648708081e-05 12877824
1733237170463 4.620410813558351e-05 12910592
1733237204943 1.804992036181785e-05 12943360
1733237241730 6.66608601338492e-06 12960000
1733237289888 4.945941488498917e-06 13008896
1733237324870 3.3653225841423494e-06 13041664
1733237361548 4.1511717714382e-06 13074432
1733237406217 2.57078157782753e-05 13107200
1733237441668 0.0002107021897468142 13120000
1733237483190 8.2117291425865e-05 13172736
1733237525056 3.681663355954434e-05 13205504
1733237566445 5.166887114329555e-05 13238272
1733237601117 0.00011687111665421579 13271040
1733237635306 8.330722418975478e-05 13280000
1733237678791 1.745218769646506e-05 13336576
1733237720813 3.4481327953905796e-05 13369344
1733237755142 1.2420856835548832e-05 13402112
1733237789428 1.9701056227383606e-05 13434880
1733237822164 9.786664952782243e-06 13440000
1733237866564 8.594490425742896e-05 13500416
1733237900778 7.907131775319876e-06 13533184
1733237935460 0.00011991151317690685 13565952
1733237969858 1.195088355890328e-05 13598720
1733238001624 1.0010022748174752e-05 13600000
1733238049185 6.638566829941794e-06 13664256
1733238092860 3.6941462323136774e-06 13697024
1733238127381 4.5463994233929664e-05 13729792
1733238169963 0.00010450621808872906 13760000
1733238206074 1.4626753792401636e-05 13795328
1733238240097 2.207185343952034e-05 13828096
1733238275918 1.4468562274050356e-05 13860864
1733238309886 7.354939882320277e-06 13893632
1733238350916 5.869288341642242e-06 13920000
1733238387499 6.883330036322466e-06 13959168
1733238423846 4.320604530927419e-06 13991936
1733238467858 4.2111877588568715e-06 14024704
1733238501895 4.219012041395409e-06 14057472
1733238542019 1.623720614457591e-05 14080000
1733238582198 9.368485165150987e-06 14123008
1733238623874 0.00011965836839135102 14155776
1733238658582 5.946217892688344e-06 14188544
1733238692881 5.024206748081017e-05 14221312
1733238737568 0.00022907800299866167 14240000
1733238777134 5.3184933226191336e-05 14286848
1733238812755 1.274718331337743e-05 14319616
1733238847770 0.00010550941778285639 14352384
1733238890070 1.0054307265650043e-05 14385152
1733238925676 4.256418457082578e-06 14400000
1733238967128 5.269104359473254e-06 14450688
1733239002960 3.881298801755584e-06 14483456
1733239037443 6.503245961103632e-06 14516224
1733239071658 3.918920387779856e-06 14548992
1733239113639 3.8101669879275766e-06 14560000
1733239165142 5.0141853239815685e-06 14614528
1733239199728 4.413880251658009e-06 14647296
1733239234401 4.865180691454585e-05 14680064
1733239275911 1.5603443477096855e-05 14712832
1733239309662 7.287321670135239e-06 14720000
1733239353866 4.089188124978272e-06 14778368
1733239388156 4.0323293640676106e-05 14811136
1733239422277 5.611894037413911e-05 14843904
1733239456336 1.7483257697203937e-05 14876672
1733239487977 3.0339512708699168e-05 14880000
1733239541245 8.21033063955201e-05 14942208
1733239582498 4.417265331707609e-06 14974976
1733239624397 7.40567434256989e-06 15007744
1733239667449 4.384886733177495e-06 15040000
1733239702209 3.057067307633554e-05 15073280
1733239736353 4.5138821954560095e-06 15106048
1733239770809 8.996153925180383e-05 15138816
1733239812764 4.248187900998124e-05 15171584
1733239854717 1.0861328081246401e-05 15200000
1733239890882 9.06407647208729e-06 15237120
1733239925156 1.2148890607444063e-05 15269888
1733239959522 1.7219750717212267e-05 15302656
1733239993961 2.9594450159065035e-05 15335424
1733240033557 6.614913544966683e-06 15360000
1733240070532 7.905969875610098e-06 15400960
1733240104523 4.843768929263526e-06 15433728
1733240138572 7.5766166041879576e-06 15466496
1733240172575 5.695546541528706e-06 15499264
1733240211371 5.336712116565945e-06 15520000
1733240249880 4.134406097172638e-06 15564800
1733240284367 2.0283411195232136e-05 15597568
1733240318940 4.978525052345972e-06 15630336
1733240361019 3.7952329340507074e-05 15663104
1733240405331 8.736675806150229e-05 15680000
1733240445295 7.0901799478884085e-06 15728640
1733240479495 3.5770994112915845e-05 15761408
1733240513228 0.0003829278532886171 15794176
1733240547269 0.00025666331893254847 15826944
1733240582957 1.0898837062278676e-05 15840000
1733240623624 1.1437216198983969e-05 15892480
1733240657740 1.5945020165752942e-05 15925248
1733240691622 9.957502654578398e-06 15958016
1733240725228 3.56002404890976e-06 15990784
1733240758851 5.297150394190098e-06 16000000
1733240801813 7.800747677544351e-06 16056320
1733240835879 3.407979397852534e-05 16089088
1733240870319 0.00012448977778185545 16121856
1733240904516 0.000149103648338067 16154624
1733240937946 3.0531301167657785e-05 16160000
1733240982340 4.558393205316147e-05 16220160
1733241016429 8.378775478641298e-05 16252928
1733241050569 1.548583405989179e-05 16285696
1733241084688 1.2294388883582474e-05 16318464
1733241115679 8.475546797126477e-06 16320000
1733241168458 5.756670969513378e-05 16384000
1733241203047 3.1191814863718026e-05 16416768
1733241237202 6.903354702408881e-05 16449536
1733241286946 3.0343024408174823e-05 16480000
1733241322911 0.00010643033572685923 16515072
1733241357381 4.0117405667206006e-05 16547840
1733241391317 9.293915228421046e-05 16580608
1733241425874 8.335771614177423e-05 16613376
1733241465913 2.8530470894994052e-05 16640000
1733241509709 1.3132688208961074e-05 16678912
1733241544478 6.851419372799761e-06 16711680
1733241578393 7.570878623608391e-06 16744448
1733241612682 9.835799580582005e-06 16777216
1733241651896 5.472761304581297e-06 16800000
1733241689753 3.8578970150571215e-05 16842752
1733241724158 7.454671318041228e-06 16875520
1733241758898 5.773296364086633e-06 16908288
1733241800805 3.366248533840377e-05 16941056
1733241837768 6.312969422949122e-05 16960000
1733241877324 4.367447596864693e-06 17006592
1733241911152 7.563141732181977e-05 17039360
1733241945526 4.784653914752246e-06 17072128
1733241979857 4.9154574894738625e-06 17104896
1733242015597 1.3686970413284704e-05 17120000
1733242056702 9.916992258313107e-06 17170432
1733242090875 8.69510749786917e-06 17203200
1733242124915 8.53770273776533e-06 17235968
1733242159279 1.0626812745606617e-05 17268736
1733242194469 5.724011302821186e-06 17280000
1733242236657 4.420014759598523e-06 17334272
1733242271073 4.067893055059724e-06 17367040
1733242305156 3.8237712384758815e-06 17399808
1733242339205 5.914862402317534e-06 17432576
1733242372183 1.765765153993737e-05 17440000
1733242415437 5.798533232315161e-06 17498112
1733242449702 1.4280085601925397e-05 17530880
1733242483961 9.770234123096521e-06 17563648
1733242517998 0.00019900898347561258 17596416
1733242549756 1.4104918917368092e-05 17600000
1733242602140 6.75234466886998e-06 17661952
1733242636397 7.332059844666894e-06 17694720
1733242670517 2.931105588890315e-05 17727488
1733242713376 8.053049389664669e-05 17760000
1733242748091 5.527801935190091e-06 17793024
1733242789863 4.477096747179665e-06 17825792
1733242823821 7.870124243569698e-06 17858560
1733242865599 6.791705180914098e-06 17891328
1733242913673 3.6633485018089383e-06 17920000
1733242957483 4.595689714825824e-06 17956864
1733242991434 4.938493673556366e-06 17989632
1733243026365 8.52495231632111e-05 18022400
1733243060564 5.1503018864429426e-05 18055168
1733243100461 1.5725989132509e-05 18080000
1733243137340 4.482507067493646e-06 18120704
1733243171256 6.615155859107658e-06 18153472
1733243205579 6.510288528869257e-05 18186240
1733243239566 3.0480424396850394e-06 18219008
1733243278732 8.779610710827335e-05 18240000
1733243317854 8.626454586719845e-05 18284544
1733243351985 1.3094164903859618e-05 18317312
1733243386125 4.3249755363239384e-05 18350080
1733243420870 2.332063829373343e-05 18382848
1733243457454 4.415875471359687e-05 18400000
1733243497928 3.477126935170216e-05 18448384
1733243531400 4.019226193385794e-06 18481152
1733243565899 4.219643880093438e-05 18513920
1733243600231 0.000170350625131388 18546688
1733243643494 3.170298593040411e-05 18560000
1733243684466 9.813349245795245e-05 18612224
1733243718779 3.5416576188918024e-05 18644992
1733243753045 6.180556214818722e-05 18677760
1733243787002 5.497547580607387e-05 18710528
1733243821071 1.487438020354448e-05 18720000
1733243871266 9.055893009479732e-06 18776064
1733243905439 8.778009428611622e-06 18808832
1733243939429 4.993967127919774e-06 18841600
1733243973611 6.517062411381947e-06 18874368
1733244006418 0.0001443120256766739 18880000
1733244050681 1.082022641397673e-05 18939904
1733244084480 6.979086664660183e-06 18972672
1733244119224 5.367916443321797e-06 19005440
1733244153084 4.204087218639962e-06 19038208
1733244183973 4.533672376105802e-06 19040000
1733244238787 4.681078434520814e-06 19103744
1733244273088 1.5653429548073693e-05 19136512
1733244307258 9.653072538939877e-06 19169280
1733244349566 8.105211128411894e-06 19200000
1733244384730 2.201252033263712e-05 19234816
1733244418405 3.4431355754704907e-05 19267584
1733244452905 4.639004092166221e-05 19300352
1733244487235 6.637000037015283e-05 19333120
1733244535422 6.732790431590585e-05 19360000
1733244571875 7.009609914876425e-06 19398656
1733244606228 6.790658672273242e-06 19431424
1733244647747 4.236430173354399e-06 19464192
1733244681959 1.8298521762727394e-05 19496960
1733244721081 6.942973564955101e-06 19520000
1733244759070 9.682795108933995e-06 19562496
1733244793218 3.8109578235678845e-05 19595264
1733244828112 1.0553504067090103e-05 19628032
1733244862107 8.487320883288074e-06 19660800
1733244899805 5.39149697466601e-06 19680000
1733244938344 1.8912227918277402e-05 19726336
1733244972493 0.00015668680542517134 19759104
1733245008532 2.5442851714507774e-05 19791872
1733245043007 6.550091699552008e-05 19824640
1733245080265 9.441163007996023e-05 19840000
1733245120671 2.6343304706955006e-05 19890176
1733245155467 7.637786613423625e-06 19922944
1733245190142 9.38458070584014e-06 19955712
1733245224433 5.134997628247762e-06 19988480
1733245258356 3.3260416472002953e-06 20000000
1733245300644 5.4293551293493895e-06 20054016
1733245335281 4.928480545179914e-06 20086784
1733245370079 1.596038374271913e-05 20119552
1733245404007 2.5127779390676785e-05 20152320
1733245437907 3.4776432567162898e-06 20160000
1733245489342 7.217229018918747e-06 20217856
1733245523378 4.441291202489373e-06 20250624
1733245565007 1.0476708524931321e-05 20283392
1733245599230 3.896577853640393e-06 20316160
1733245630271 4.826304481048149e-06 20320000
1733245675733 5.345370137266325e-06 20381696
1733245712223 4.522779582888381e-06 20414464
1733245746412 5.163907088323594e-06 20447232
1733245788234 4.5727955525931565e-06 20480000
1733245830206 4.969020540557256e-06 20512768
1733245864754 4.675928499742188e-06 20545536
1733245899172 3.903865545207275e-06 20578304
1733245933357 3.985459155037008e-06 20611072
1733245974492 4.417900945152819e-06 20640000
1733246009999 3.899955711067493e-06 20676608
1733246043758 4.915987299264346e-06 20709376
1733246078064 2.0522625020941156e-05 20742144
1733246112596 4.3254272270920605e-06 20774912
1733246151784 4.308292400989622e-06 20800000
1733246188524 4.345976268116392e-06 20840448
1733246222948 4.478707575750196e-06 20873216
1733246257321 1.7239016517012207e-05 20905984
1733246291229 6.952088170691928e-05 20938752
1733246337918 8.441078285559289e-06 20960000
1733246376876 5.116975433772097e-06 21004288
1733246410942 4.554050196958759e-06 21037056
1733246445097 2.79478019448276e-05 21069824
1733246479745 1.1733896519278141e-05 21102592
1733246516018 7.69367294299883e-06 21120000
1733246563852 3.0310094244700992e-06 21168128
1733246598728 4.916699597684593e-06 21200896
1733246632827 4.783550369902301e-06 21233664
1733246675031 3.995415381136125e-06 21266432
1733246711159 4.991282090383575e-05 21280000
1733246751976 3.354818725875841e-06 21331968
1733246787955 3.102146872579481e-05 21364736
1733246822428 0.00010795774406897607 21397504
1733246856226 0.00016535220312436928 21430272
1733246889616 2.9785689912831258e-05 21440000
1733246932845 2.84142636616469e-05 21495808
1733246967560 9.212876698350136e-06 21528576
1733247001774 5.303549563051569e-06 21561344
1733247036289 7.408509454274182e-05 21594112
1733247068730 0.00011210865953025229 21600000
1733247113099 2.2362392490049566e-05 21659648
1733247147001 1.8090900108114204e-05 21692416
1733247188597 1.383519981225101e-05 21725184
1733247223082 7.08843425999417e-06 21757952
1733247254570 6.794499492912554e-06 21760000
1733247299742 5.32020550184642e-06 21823488
1733247333943 4.046010922748034e-06 21856256
1733247367975 4.984762640053431e-06 21889024
1733247410421 1.7100740771924804e-05 21920000
1733247444894 0.00013024363530298456 21954560
1733247479225 8.247549120560249e-05 21987328
1733247520888 8.881199686526786e-05 22020096
1733247555162 0.000246928825519932 22052864
1733247595834 1.201250445426183e-05 22080000
1733247632441 2.3662705996146948e-05 22118400
1733247666383 4.365925250776615e-06 22151168
1733247702278 4.244778826117957e-06 22183936
1733247744689 5.10678702787537e-06 22216704
1733247783474 6.151110353835865e-06 22240000
1733247821674 5.524262845696404e-06 22282240
1733247855951 4.54695666112781e-06 22315008
1733247890136 4.985597946070008e-05 22347776
1733247924844 1.7242892985547265e-05 22380544
1733247962395 4.088838827726038e-06 22400000
1733248001972 8.927678313330744e-06 22446080
1733248043506 5.180052800379808e-06 22478848
1733248077606 4.028564054431305e-06 22511616
1733248111642 9.297652952983126e-06 22544384
1733248147903 4.759142851140652e-05 22560000
1733248188135 3.4454988858734215e-05 22609920
1733248222770 5.815484127202897e-05 22642688
1733248257238 2.0144707592018028e-05 22675456
1733248291428 6.500370768700581e-05 22708224
1733248326151 3.5151367190744406e-05 22720000
1733248375873 9.51638951719458e-06 22773760
1733248410284 9.37018670044143e-06 22806528
1733248444634 4.121628721831527e-06 22839296
1733248486372 7.788869305758173e-06 22872064
1733248520158 7.499769508956256e-06 22880000
1733248571834 1.7959142427892426e-05 22937600
1733248613740 2.788494999966806e-06 22970368
1733248648366 2.0905584563291057e-05 23003136
1733248682554 5.146859454358e-06 23035904
1733248714803 2.444745619476496e-05 23040000
1733248759535 2.180284897865814e-05 23101440
1733248794288 4.791339594192312e-05 23134208
1733248828718 2.3763222216399703e-05 23166976
1733248862836 6.572878578281483e-06 23199744
1733248893209 1.1279548285292319e-05 23200000
1733248939971 4.9033945334509e-06 23265280
1733248974463 6.870659839580684e-06 23298048
1733249008402 4.0172547546013515e-06 23330816
1733249050220 5.312642904524712e-05 23360000
1733249085818 5.960762608973047e-05 23396352
1733249120452 4.607397205691477e-05 23429120
1733249162890 3.4167551708680355e-05 23461888
1733249197859 2.3045816657518703e-05 23494656
1733249237328 6.905776452340585e-05 23520000
1733249274228 1.5858445557009883e-05 23560192
1733249315394 2.6321220867153716e-05 23592960
1733249349761 5.0785807214071e-06 23625728
1733249384013 5.0364405829783635e-06 23658496
1733249422459 4.7748736288266706e-06 23680000
1733249461469 5.248858163681147e-06 23724032
1733249495663 5.909004717480349e-06 23756800
1733249530087 1.4893749509597986e-05 23789568
1733249564377 2.5832761328425934e-05 23822336
1733249601501 6.569062843249096e-05 23840000
1733249641604 6.768283785045792e-05 23887872
1733249675537 4.090470037726446e-06 23920640
1733249710192 1.7192117804409877e-05 23953408
1733249744931 4.8447312720634185e-06 23986176
1733249780309 4.606098102138967e-06 24000000
1733249821676 1.4966844801778122e-05 24051712
1733249856464 0.00011191859528127956 24084480
1733249891212 1.621269071991338e-05 24117248
1733249933084 9.002913290834247e-06 24150016
1733249968171 4.275975913176077e-06 24160000
1733250010757 5.482626557518078e-06 24215552
1733250045010 1.0421672242744151e-05 24248320
1733250079736 3.921701359589358e-05 24281088
1733250114731 3.482911522079135e-06 24313856
1733250147738 1.8595147247335575e-05 24320000
1733250192310 1.3606390475850994e-05 24379392
1733250227425 4.020499294388191e-06 24412160
1733250261834 5.865769554957989e-06 24444928
1733250296117 4.028386386939475e-06 24477696
1733250326872 1.2887420593221677e-05 24480000
1733250373056 9.90305556000659e-06 24543232
1733250407433 3.079240395760241e-05 24576000
1733250441934 1.421450892264975e-05 24608768
1733250483101 2.4987065473958127e-05 24640000
1733250518169 1.207193296188791e-05 24674304
1733250551901 1.983785482395084e-05 24707072
1733250586269 5.410094167829227e-06 24739840
1733250620549 7.523628765704338e-06 24772608
1733250661145 9.812485955890127e-06 24800000
1733250697826 8.427756037654444e-06 24838144
1733250731764 3.3946118000949267e-06 24870912
1733250766512 3.6255687491937305e-06 24903680
1733250800844 4.287169531241863e-06 24936448
1733250840063 4.929303189077361e-06 24960000
1733250878033 3.915672158555372e-06 25001984
1733250912413 1.559078419485216e-05 25034752
1733250946509 0.00010528817102364307 25067520
1733250981450 0.00020354191700024392 25100288
1733251019916 6.567097521832932e-05 25120000
1733251058587 9.883039795566262e-06 25165824
1733251093459 6.6215646126688284e-06 25198592
1733251135424 4.447653899541937e-06 25231360
1733251170245 4.870997901074148e-06 25264128
1733251214067 2.7497789651298456e-05 25280000
1733251254858 1.1524888918401644e-05 25329664
1733251289162 4.319637453609193e-06 25362432
1733251324019 4.4668516083368194e-06 25395200
1733251359049 1.333288428160273e-05 25427968
1733251393595 3.6359438436106562e-06 25440000
1733251435702 1.8658690478368102e-05 25493504
1733251470191 4.18912945897576e-06 25526272
1733251504582 1.614667558754168e-05 25559040
1733251539613 1.5578408213012816e-05 25591808
1733251573498 3.901050504695469e-06 25600000
1733251617295 0.00015647893296081295 25657344
1733251651580 3.7837216696590126e-05 25690112
1733251693128 6.2265490522794845e-06 25722880
1733251727125 4.676159909313693e-05 25755648
1733251759784 6.498531238144923e-05 25760000
1733251803740 4.145614989692348e-06 25821184
1733251838062 1.070507411222721e-05 25853952
1733251872620 3.291876878471767e-05 25886720
1733251906779 8.07746477203386e-05 25919488
1733251937401 9.364864014121954e-06 25920000
1733251983447 5.72402646342729e-06 25985024
1733252017972 6.546486011693719e-06 26017792
1733252052203 0.00015681359140952146 26050560
1733252093317 9.633953268051165e-06 26080000
1733252128936 9.297236413741139e-06 26116096
1733252162901 7.482852432264542e-05 26148864
1733252197479 5.264209480876358e-06 26181632
1733252238847 3.9852381175897734e-05 26214400
1733252278852 1.0318618992932738e-05 26240000
1733252315743 1.1877233336421433e-05 26279936
1733252349807 3.7050946505856608e-06 26312704
1733252383753 7.337578814109458e-06 26345472
1733252424933 5.219505548559322e-06 26378240
1733252463314 4.075826314142716e-06 26400000
1733252502209 4.617437298720661e-06 26443776
1733252536102 6.564858794305684e-06 26476544
1733252570302 3.977489303164105e-06 26509312
1733252604579 4.2692623915985274e-06 26542080
1733252641752 3.700468706291371e-06 26560000
1733252681665 7.0879301001192104e-06 26607616
1733252723572 3.792696566851106e-06 26640384
1733252757834 5.131549751735687e-06 26673152
1733252791914 4.848960794257007e-06 26705920
1733252827438 4.378236533691959e-06 26720000
1733252876350 5.475337071636499e-06 26771456
1733252910598 8.21334767033277e-06 26804224
1733252944851 3.6104085922306073e-06 26836992
1733252986795 5.8850159171730535e-06 26869760
1733253021807 4.142390780975669e-06 26880000
1733253064656 6.117723671511532e-06 26935296
1733253099008 4.886867010978069e-06 26968064
1733253132764 4.744604850592804e-06 27000832
1733253166729 5.924960345088382e-06 27033600
1733253200462 7.715256665180581e-06 27040000
1733253244648 5.875077891870361e-06 27099136
1733253278730 3.9695113657367555e-06 27131904
1733253312886 4.424011420883778e-06 27164672
1733253346793 4.796728077960388e-06 27197440
1733253378586 5.092372988041438e-06 27200000
1733253431268 4.737182050379429e-06 27262976
1733253465224 3.78785786669944e-06 27295744
1733253506771 4.690610802249307e-06 27328512
1733253548267 4.100626022035536e-06 27360000
1733253583157 4.2081649301750625e-06 27394048
1733253617088 5.261266664313702e-06 27426816
1733253651111 5.724951557406488e-06 27459584
1733253685460 4.078230854870357e-06 27492352
1733253726150 7.397684085003187e-06 27520000
1733253762271 5.555718101590834e-06 27557888
1733253796656 5.307815340072075e-06 27590656
1733253830269 4.3233670238340686e-06 27623424
1733253864207 3.85603586625094e-06 27656192
1733253904240 4.76786184765432e-06 27680000
1733253941378 5.348086446416156e-06 27721728
1733253983088 5.967718683358436e-06 27754496
1733254017387 6.148573033404325e-06 27787264
1733254052018 7.569829019082874e-06 27820032
1733254090874 4.146839360175125e-06 27840000
1733254129620 3.1564320023436123e-06 27885568
1733254163660 4.781870892750506e-06 27918336
1733254198828 4.125532614307481e-06 27951104
1733254233159 4.642800817439285e-06 27983872
1733254269265 4.900816601038915e-06 28000000
1733254309465 6.120378657897829e-06 28049408
1733254343059 4.030792631570801e-06 28082176
1733254376960 4.305795436870819e-06 28114944
1733254418260 4.8938603747983314e-05 28147712
1733254453466 1.3651172119055755e-05 28160000
1733254494691 1.4019566453504773e-05 28213248
1733254528702 5.6937238038012875e-06 28246016
1733254570165 3.910461920714203e-06 28278784
1733254604522 4.212774861267477e-06 28311552
1733254638460 4.09253866053838e-06 28320000
1733254681920 5.904530033917776e-06 28377088
1733254715877 5.5762416356297525e-06 28409856
1733254749974 4.00158865583311e-06 28442624
1733254784098 4.408767963531845e-06 28475392
1733254816947 4.356257178794732e-06 28480000
1733254861821 3.95227881989646e-06 28540928
1733254895823 4.212744403729318e-05 28573696
1733254930359 8.386784528580105e-06 28606464
1733254965117 7.131194525843432e-05 28639232
1733254995814 2.9929758204533254e-05 28640000
1733255042551 1.4295603136377233e-05 28704768
1733255076894 9.12966127761261e-06 28737536
1733255111240 2.0290283908291906e-05 28770304
1733255152210 1.0541649891260274e-05 28800000
1733255188200 4.913305780501753e-06 28835840
1733255222731 4.39497129011146e-06 28868608
1733255264621 5.529219966599052e-06 28901376
1733255298859 4.533350371788147e-06 28934144
1733255338828 5.369491638712587e-06 28960000
1733255375660 4.126270845378199e-06 28999680
1733255409767 4.35651229833689e-06 29032448
1733255444432 4.411117471225801e-06 29065216
1733255478247 5.683937593548016e-06 29097984
1733255524459 7.711176263721641e-05 29120000
1733255569959 7.363818129765276e-05 29163520
1733255604557 4.259583999829397e-05 29196288
1733255646223 0.00013419056658832141 29229056
1733255680497 3.6126710068418167e-06 29261824
1733255725414 0.00012604971151813915 29280000
1733255765105 8.027791974979381e-06 29327360
1733255799552 5.714182038130123e-06 29360128
1733255833544 7.034462641813954e-06 29392896
1733255868074 5.128338873561233e-06 29425664
1733255904949 4.440147699069641e-06 29440000
1733255945749 4.679677453983677e-06 29491200
1733255979850 5.108653138147235e-06 29523968
1733256014669 4.073196599840845e-06 29556736
1733256051169 5.02780010638304e-06 29589504
1733256085806 4.596293602154855e-06 29600000
1733256127938 4.602882907389638e-06 29655040
1733256162095 5.803693764266926e-06 29687808
1733256196918 6.843404064477143e-06 29720576
1733256237648 4.83991802013306e-06 29753344
1733256270332 4.934489523100716e-06 29760000
1733256313987 6.14533720718069e-06 29818880
1733256348991 4.822754858907485e-06 29851648
1733256390695 5.775156682441551e-06 29884416
1733256424802 4.0780429694298185e-06 29917184
1733256456878 4.431266451665472e-06 29920000
1733256502422 4.236943786672942e-06 29982720
1733256544236 5.520921466195539e-06 30015488
1733256578794 4.462723148046521e-06 30048256
1733256620293 5.697597639153784e-06 30080000
1733256662789 6.311362472588566e-06 30113792
1733256696749 4.292558624774401e-06 30146560
1733256731508 3.880582854720593e-06 30179328
1733256766369 5.0128757442646775e-06 30212096
1733256807605 4.532885910468742e-06 30240000
1733256843511 5.521899377408656e-06 30277632
1733256877577 4.879370187366172e-06 30310400
1733256911793 6.15586326764006e-06 30343168
1733256946275 3.632811128753133e-05 30375936
1733256985805 7.470707468604232e-06 30400000
1733257022450 8.758669649755469e-06 30441472
1733257056965 1.944053568783133e-05 30474240
1733257091368 9.59329928859054e-06 30507008
1733257133562 4.872157348501105e-06 30539776
1733257171492 0.00014119907435461432 30560000
1733257210519 4.8458310769550206e-05 30605312
1733257244951 2.2088968940148225e-05 30638080
1733257279610 6.7451103790416855e-06 30670848
1733257321323 1.7817243557360917e-05 30703616
1733257357678 6.95836624123869e-06 30720000
1733257397673 5.357215406126548e-06 30769152
1733257432104 4.526439482038791e-06 30801920
1733257466356 5.900568642519532e-06 30834688
1733257500500 4.22862305032301e-06 30867456
1733257535532 4.343761687464198e-06 30880000
1733257577661 3.238602886631026e-05 30932992
1733257611442 7.620814502935502e-05 30965760
1733257645615 7.881660800207468e-06 30998528
1733257679514 7.713978336609806e-06 31031296
1733257713829 7.884983688261072e-06 31040000
1733257755884 0.00010260177248810342 31096832
1733257790258 1.003232996650283e-05 31129600
1733257824232 4.663488876632815e-06 31162368
1733257859288 4.841761069951378e-06 31195136
1733257892005 5.542365782840175e-06 31200000
1733257936507 3.969934271689235e-05 31260672
1733257970552 6.403268685850616e-06 31293440
1733258005143 2.0063876030207428e-05 31326208
1733258039038 5.753048665363414e-06 31358976
1733258070265 7.235562970026033e-06 31360000
1733258116268 1.7641476559798754e-05 31424512
1733258150883 9.738530222741515e-06 31457280
1733258192607 2.7621137157030073e-05 31490048
1733258234052 6.419782442362853e-06 31520000
1733258269525 1.4895569835660094e-05 31555584
1733258303349 6.604743915245015e-06 31588352
1733258337881 0.00019632627977571592 31621120
1733258372076 1.9824092927700486e-05 31653888
1733258418939 7.6169040191698125e-06 31680000
1733258464107 1.5069784298005207e-05 31719424
1733258498232 4.017153591212574e-06 31752192
1733258532758 5.118170564760716e-06 31784960
1733258567269 4.991662433495581e-06 31817728
1733258606066 4.430410369349325e-06 31840000
1733258644996 5.908729785852884e-06 31883264
1733258679452 4.510635143917252e-06 31916032
1733258713802 5.238097124504737e-06 31948800
1733258748023 1.5823015809712793e-05 31981568
1733258784600 9.628272697925766e-06 32000000
1733258831782 4.429271633460407e-06 32047104
1733258866152 4.544310308762789e-06 32079872
1733258900570 1.2988386878864944e-05 32112640
1733258934268 0.00021271663911290873 32145408
1733258976814 1.7896946660322932e-05 32160000
1733259017094 0.00012158202419657038 32210944
1733259050512 6.931569025148132e-06 32243712
1733259092182 2.007834397935726e-05 32276480
1733259126380 4.733367236970931e-05 32309248
1733259160146 3.960501821520523e-06 32320000
1733259202026 6.291937688179816e-06 32374784
1733259235358 2.553291069025687e-05 32407552
1733259268953 6.475446022841114e-06 32440320
1733259302152 1.248949857177717e-05 32473088
1733259335541 6.041629049974295e-06 32480000
1733259377862 5.3979307759577376e-06 32538624
1733259411361 1.0043840742762766e-05 32571392
1733259445110 3.2722725533784745e-06 32604160
1733259478666 5.085953801725607e-06 32636928
1733259510415 1.461843734331114e-05 32640000
1733259554021 4.685182698604961e-06 32702464
1733259594698 6.76347395717758e-06 32735232
1733259627933 3.816678909740468e-06 32768000
1733259669915 4.068234620835387e-06 32800000
1733259704245 9.976465977415416e-05 32833536
1733259738173 3.358271376074917e-06 32866304
1733259779444 4.4987080148384265e-06 32899072
1733259812593 5.71614091040562e-06 32931840
1733259852588 8.862294717093545e-06 32960000
1733259894771 8.154124638204419e-06 32997376
1733259928125 3.943699021446978e-06 33030144
1733259961082 6.6324655710436884e-06 33062912
1733259993916 3.0385348715422645e-05 33095680
1733260032714 4.622439875010542e-05 33120000
1733260069336 7.317586240435103e-06 33161216
1733260102218 3.853354807683562e-05 33193984
1733260135992 2.2348804262650734e-05 33226752
1733260176460 2.7177846321180255e-05 33259520
1733260213091 4.329967634258969e-06 33280000
1733260251371 4.9167245294801095e-06 33325056
1733260284915 5.310506756805999e-06 33357824
1733260318018 4.491892871094638e-05 33390592
1733260350966 4.985831811643582e-06 33423360
1733260385849 6.2199267461260366e-06 33440000
1733260424870 9.06923384789149e-06 33488896
1733260458769 2.7570505060658947e-05 33521664
1733260491685 5.9402961892929265e-05 33554432
1733260524501 3.831308770529951e-06 33587200
1733260558781 7.625450514731069e-06 33600000
1733260599226 1.2115006997409639e-05 33652736
1733260633436 3.692244696101854e-06 33685504
1733260666298 5.684565833330435e-06 33718272
1733260699447 1.9340696883690668e-05 33751040
1733260732229 0.00018057419222331506 33760000
1733260773661 1.2149249385828842e-05 33816576
1733260806854 5.945317784972204e-06 33849344
1733260839905 1.4748298000144545e-05 33882112
1733260873263 3.5174985249647464e-05 33914880
1733260912217 1.7343184222762265e-05 33920000
1733260955374 1.3726692537907592e-05 33980416
1733260988206 1.1510013629256743e-05 34013184
1733261028309 4.406728350708766e-06 34045952
1733261061323 3.8150375164469615e-06 34078720
1733261092019 4.9576716341426245e-06 34080000
1733261136132 9.578411791910657e-06 34144256
1733261176431 8.86692788996668e-05 34177024
1733261209637 4.9577167336789516e-05 34209792
1733261249876 1.784447220605223e-05 34240000
1733261284050 4.397627600777332e-06 34275328
1733261317615 1.2017333707103895e-05 34308096
1733261350648 4.936697916146926e-06 34340864
1733261383530 3.096212499770212e-05 34373632
1733261429526 4.2584712209015055e-05 34400000
1733261464958 2.0628369278485882e-05 34439168
1733261498061 1.3704570324152288e-05 34471936
1733261530651 3.8261351040042024e-05 34504704
1733261563600 5.387155470570892e-06 34537472
1733261601205 1.459300712449707e-05 34560000
1733261638311 4.978595305432654e-06 34603008
1733261671060 1.64316190217062e-05 34635776
1733261704717 3.3731023134808693e-06 34668544
1733261737792 6.426669746784075e-06 34701312
1733261774061 6.14142739221446e-06 34720000
1733261819893 6.6038821184111194e-06 34766848
1733261852901 7.71067675096604e-06 34799616
1733261885816 8.451802134086806e-05 34832384
1733261918391 3.5373154528284267e-06 34865152
1733261953593 5.1827089841782746e-05 34880000
1733261992848 4.264021689909248e-06 34930688
1733262025730 6.016972628675177e-06 34963456
1733262058632 6.003407524446391e-06 34996224
1733262091711 4.787624761043441e-06 35028992
1733262125526 4.516521425096398e-06 35040000
1733262166247 5.312447020483502e-06 35094528
1733262199196 3.6558944434605944e-06 35127296
1733262232289 4.859652444649809e-06 35160064
1733262265303 5.059289395281663e-06 35192832
1733262296977 3.884065248671575e-06 35200000
1733262339729 4.538332726317096e-06 35258368
1733262372708 4.318474994080557e-06 35291136
1733262405418 4.132433990083895e-06 35323904
1733262438008 2.465194336245813e-05 35356672
1733262468583 7.229533655195297e-06 35360000
1733262511712 1.9479065308170006e-05 35422208
1733262544383 8.07581075180086e-05 35454976
1733262577892 5.803551820787734e-06 35487744
1733262617889 6.584490334887727e-06 35520000
1733262650963 6.729674848060529e-06 35553280
1733262684129 4.347919362318597e-06 35586048
1733262724336 5.7772511668774396e-06 35618816
1733262764248 7.1133666617539945e-06 35651584
1733262811042 4.351766386639922e-06 35680000
1733262845741 4.24970224429666e-06 35717120
1733262878495 3.7344678992190517e-06 35749888
1733262911564 1.4834887161119248e-05 35782656
1733262944276 5.54479949438913e-06 35815424
1733262982615 1.2958804410689862e-05 35840000
1733263019545 4.144170806985592e-06 35880960
1733263052652 1.5946958514267973e-05 35913728
1733263085418 4.384961828052258e-06 35946496
1733263118517 1.49438132013624e-05 35979264
1733263154299 6.3572022397595514e-06 36000000
1733263191305 5.011595446885453e-06 36044800
1733263224436 6.617250925006202e-06 36077568
1733263264835 4.671306245029872e-06 36110336
1733263298097 2.0598810638738917e-05 36143104
1733263341067 9.78847391188753e-05 36160000
1733263379631 4.236532217815059e-05 36208640
1733263412463 5.732948576114838e-06 36241408
1733263445286 6.526196707023479e-05 36274176
1733263485822 3.213206254504275e-06 36306944
1733263520056 5.117970161705454e-06 36320000
1733263559737 5.123789821182001e-06 36372480
1733263593243 4.150972045735557e-06 36405248
1733263626351 4.389610652744125e-06 36438016
1733263659159 4.615626851417476e-06 36470784
1733263699690 4.9077681293308025e-06 36480000
1733263741938 4.345379349224299e-06 36536320
1733263775031 8.314208198173523e-06 36569088
1733263807638 1.1986993586488026e-05 36601856
1733263840652 8.310266909311581e-06 36634624
1733263879394 8.03198901080604e-05 36640000
1733263921871 1.549361594301857e-05 36700160
1733263955069 4.9956839453357825e-06 36732928
1733263988542 5.316617929879142e-06 36765696
1733264021484 0.00010195682130131333 36798464
1733264051920 4.735288575324903e-06 36800000
1733264096321 7.1739831422446e-06 36864000
1733264129362 4.339060015862151e-06 36896768
1733264162695 3.301126036765467e-05 36929536
1733264204382 6.982729853435843e-05 36960000
1733264238502 3.2179921444663863e-06 36995072
1733264271443 6.98522405469415e-05 37027840
1733264304067 9.538461557956346e-06 37060608
1733264336915 3.605628151656659e-06 37093376
1733264375870 7.600920916561726e-05 37120000
1733264411093 4.838721047129013e-06 37158912
1733264443750 4.3809803968064555e-06 37191680
1733264476517 1.2601306129239598e-05 37224448
1733264510015 3.712947344408635e-06 37257216
1733264547366 1.0005160509246602e-05 37280000
1733264591651 5.4568269394406065e-05 37322752
1733264624167 0.00022235257569303002 37355520
1733264664393 7.938858046188657e-05 37388288
1733264697575 0.00013070307937487202 37421056
1733264735006 0.00010151205445848576 37440000
1733264773203 5.818989756478654e-05 37486592
1733264806593 3.389905812749561e-05 37519360
1733264839550 1.4403523085115832e-05 37552128
1733264871766 4.826787239875508e-06 37584896
1733264906348 6.716514880328317e-06 37600000
1733264953568 4.846776076627979e-06 37650432
1733264986334 1.706460582183156e-05 37683200
1733265018758 1.9213406965934433e-05 37715968
1733265051872 4.242424493877684e-06 37748736
1733265091992 5.71969351048085e-06 37760000
1733265132241 5.347333572669477e-06 37814272
1733265164879 4.4698569311329985e-06 37847040
1733265197501 4.1104086712928645e-06 37879808
1733265230135 6.0730211003168225e-06 37912576
1733265262017 3.2840108952658655e-06 37920000
1733265311994 3.8529166807632634e-06 37978112
1733265344235 5.122485400510524e-06 38010880
1733265376393 3.0161252190741284e-06 38043648
1733265408678 5.021700948792951e-06 38076416
1733265438728 1.526049064251023e-05 38080000
1733265481694 3.946180395658638e-06 38141952
1733265514605 5.260249518007631e-06 38174720
1733265546933 4.108633469751544e-06 38207488
1733265587334 0.00010564827219069483 38240000
1733265620124 9.449295265809843e-05 38273024
1733265651985 8.844282812016657e-05 38305792
1733265684219 2.553036420308574e-05 38338560
1733265716141 6.870843293327322e-06 38371328
1733265755821 4.091220952517904e-06 38400000
