1733223242798 -0.03606468811631203 65536
1733223269925 -0.04877443239092827 98304
1733223297217 -0.0544876828789711 131072
1733223325310 -0.06161986663937569 160000
1733223354341 -0.06656546890735626 196608
1733223380586 -0.055935412645339966 229376
1733223407309 -0.057585861533880234 262144
1733223433903 -0.056303586810827255 294912
1733223460304 -0.04240736365318298 320000
1733223489170 -0.06488876044750214 360448
1733223517155 -0.03936721011996269 393216
1733223543780 -0.058345895260572433 425984
1733223569848 -0.09602683037519455 458752
1733223594516 -0.08758910745382309 480000
1733223623913 -0.06570307165384293 524288
1733223650009 -0.06621326506137848 557056
1733223676510 -0.06914619356393814 589824
1733223702915 -0.038060300052165985 622592
1733223727545 -0.036437440663576126 640000
1733223758312 -0.007338023278862238 688128
1733223784441 -0.043993428349494934 720896
1733223810168 -0.058289334177970886 753664
1733223836244 -0.05068269371986389 786432
1733223859827 -0.057486891746520996 800000
1733223891363 -0.04531392827630043 851968
1733223917494 -0.02956082858145237 884736
1733223943686 -0.010382045991718769 917504
1733223969854 -0.06183973699808121 950272
1733223992230 -0.04138540104031563 960000
1733224025021 -0.05089417099952698 1015808
1733224051346 -0.03897198289632797 1048576
1733224077264 -0.022846020758152008 1081344
1733224103373 -0.047266654670238495 1114112
1733224123776 -0.036597203463315964 1120000
1733224157208 -0.06253142654895782 1179648
1733224183000 -0.04784780740737915 1212416
1733224209460 -0.06865058839321136 1245184
1733224235611 -0.05510696396231651 1277952
1733224255855 -0.05767723172903061 1280000
1733224290857 -0.04116087034344673 1343488
1733224317096 -0.03780755028128624 1376256
1733224343122 -0.054033394902944565 1409024
1733224371783 -0.03664806857705116 1440000
1733224398373 -0.04715222492814064 1474560
1733224424199 -0.0470462329685688 1507328
1733224450375 -0.04815542697906494 1540096
1733224476119 -0.039000943303108215 1572864
1733224503270 -0.05437711626291275 1600000
1733224531246 -0.05985730513930321 1638400
1733224557464 -0.04073729366064072 1671168
1733224583656 -0.03225651755928993 1703936
1733224609832 -0.041826196014881134 1736704
1733224636133 -0.0505085252225399 1760000
1733224665225 -0.016503022983670235 1802240
1733224691451 -0.011375744827091694 1835008
1733224717489 -0.059951942414045334 1867776
1733224743170 -0.04897526279091835 1900544
1733224768090 -0.05513610318303108 1920000
1733224798347 -0.06040854752063751 1966080
1733224824474 -0.043094452470541 1998848
1733224850759 -0.05130409449338913 2031616
1733224876675 -0.04148705676198006 2064384
1733224900377 -0.04442237317562103 2080000
1733224931019 -0.058115649968385696 2129920
1733224956661 -0.049802474677562714 2162688
1733224982820 -0.04212263599038124 2195456
1733225009179 -0.06757699698209763 2228224
1733225031739 -0.04164247587323189 2240000
1733225063914 -0.057149726897478104 2293760
1733225090240 -0.03301452100276947 2326528
1733225116399 -0.03633768483996391 2359296
1733225142583 -0.038915567100048065 2392064
1733225164553 -0.05518496781587601 2400000
1733225198060 -0.06140834465622902 2457600
1733225224344 -0.02823331020772457 2490368
1733225249928 -0.04649539291858673 2523136
1733225275521 -0.02182190865278244 2555904
1733225295941 -0.04190944880247116 2560000
1733225331385 -0.04282000660896301 2621440
1733225357807 -0.06114394590258598 2654208
1733225383617 -0.0600985586643219 2686976
1733225409164 -0.051267776638269424 2719744
1733225428959 -0.01569897122681141 2720000
1733225464261 -0.035266581922769547 2785280
1733225489836 -0.052487581968307495 2818048
1733225515151 -0.03112630359828472 2850816
1733225542767 -0.0316481851041317 2880000
1733225569847 -0.053749218583106995 2916352
1733225596351 -0.030947614461183548 2949120
1733225622652 -0.048516061156988144 2981888
1733225649550 -0.03660144284367561 3014656
1733225676595 -0.02229704149067402 3040000
1733225705478 -0.028823740780353546 3080192
1733225731637 -0.046697311103343964 3112960
1733225758238 -0.04457659646868706 3145728
1733225784305 -0.058625515550374985 3178496
1733225810031 -0.05674006789922714 3200000
1733225839231 -0.034442562609910965 3244032
1733225865332 -0.04440496489405632 3276800
1733225891058 -0.047346360981464386 3309568
1733225917186 -0.04024452343583107 3342336
1733225941518 -0.02688300795853138 3360000
1733225971693 -0.04545057192444801 3407872
1733225997920 -0.05507908761501312 3440640
1733226023512 -0.05027112737298012 3473408
1733226049063 -0.001156412996351719 3506176
1733226072057 -0.05323787406086922 3520000
1733226103057 -0.06138193607330322 3571712
1733226128841 -0.027819178998470306 3604480
1733226154750 -0.042520128190517426 3637248
1733226181049 -0.03910030424594879 3670016
1733226203703 -0.0643559992313385 3680000
1733226235967 -0.032492440193891525 3735552
1733226261801 -0.04930643364787102 3768320
1733226288005 -0.0434529148042202 3801088
1733226313864 -0.033474866300821304 3833856
1733226335248 -0.015225786715745926 3840000
1733226368799 -0.06855443120002747 3899392
1733226394495 -0.024524686858057976 3932160
1733226420210 -0.04755926877260208 3964928
1733226446164 -0.06410857290029526 3997696
1733226466550 -0.03332109749317169 4000000
1733226501445 -0.05506371334195137 4063232
1733226527393 -0.04186590760946274 4096000
1733226553133 -0.07344626635313034 4128768
1733226581314 0.015284208580851555 4160000
1733226607559 -0.028688685968518257 4194304
1733226633451 -0.03586800768971443 4227072
1733226659586 -0.035584840923547745 4259840
1733226685836 -0.05735662579536438 4292608
1733226713472 -0.050010111182928085 4320000
1733226741404 -0.03847373649477959 4358144
1733226767338 -0.05346722900867462 4390912
1733226793222 -0.029131870716810226 4423680
1733226819173 -0.04182429984211922 4456448
1733226846201 -0.028404271230101585 4480000
1733226874857 -0.04955543577671051 4521984
1733226900658 -0.051108937710523605 4554752
1733226926593 -0.06805182248353958 4587520
1733226952386 -0.04588007554411888 4620288
1733226977397 -0.04832218214869499 4640000
1733227007554 -0.040610264986753464 4685824
1733227033411 -0.0573478639125824 4718592
1733227059198 -0.05996982380747795 4751360
1733227085274 -0.026387669146060944 4784128
1733227108834 -0.025096138939261436 4800000
1733227139484 -0.05509651079773903 4849664
1733227165399 -0.012869558297097683 4882432
1733227191683 -0.03613100200891495 4915200
1733227217454 -0.06151633337140083 4947968
1733227240872 -0.03307964652776718 4960000
1733227273205 -0.035639043897390366 5013504
1733227299393 -0.04402158036828041 5046272
1733227325410 -0.04155869409441948 5079040
1733227351553 -0.05284150689840317 5111808
1733227373430 -0.028555411845445633 5120000
1733227406287 -0.002388527151197195 5177344
1733227432471 -0.028589744120836258 5210112
1733227458256 -0.03127921745181084 5242880
1733227483965 -0.07047700136899948 5275648
1733227504416 -0.033344071358442307 5280000
1733227538391 -0.025383835658431053 5341184
1733227564372 -0.04685705527663231 5373952
1733227590584 -0.059482213109731674 5406720
1733227616395 -0.026791417971253395 5439488
1733227635887 -0.04838630557060242 5440000
1733227670669 -0.0350121334195137 5505024
1733227696662 -0.024492576718330383 5537792
1733227722362 -0.02692314051091671 5570560
1733227750246 -0.015269400551915169 5600000
1733227777272 -0.056450702250003815 5636096
1733227803565 -0.03778889402747154 5668864
1733227829858 -0.03883976861834526 5701632
1733227856009 -0.03783368319272995 5734400
1733227882976 -0.0396130234003067 5760000
1733227911285 -0.07082496583461761 5799936
1733227936978 -0.045985642820596695 5832704
1733227963612 -0.04795795679092407 5865472
1733227989796 -0.06198739632964134 5898240
1733228015131 -0.03477632626891136 5920000
1733228044153 -0.029301660135388374 5963776
1733228070152 -0.047318316996097565 5996544
1733228095925 0.010146800428628922 6029312
1733228121641 0.00773579441010952 6062080
1733228145990 -0.052258122712373734 6080000
1733228175757 -0.059331852942705154 6127616
1733228201595 -0.031988199800252914 6160384
1733228227716 -0.018688034266233444 6193152
1733228253434 -0.03227807581424713 6225920
1733228276952 0.0004887407412752509 6240000
1733228308335 -0.06412355601787567 6291456
1733228333953 -0.05212710052728653 6324224
1733228359953 -0.04409312456846237 6356992
1733228386237 -0.035053178668022156 6389760
1733228408956 -0.019692176952958107 6400000
1733228441213 -0.0324813574552536 6455296
1733228467493 -0.03983740508556366 6488064
1733228494048 -0.03782518953084946 6520832
1733228519907 -0.03977200388908386 6553600
1733228540985 -0.05233467370271683 6560000
1733228574475 -0.04850923642516136 6619136
1733228600051 -0.008277645334601402 6651904
1733228625760 -0.04821479693055153 6684672
1733228651603 -0.03868955373764038 6717440
1733228671999 -0.06016715243458748 6720000
1733228706996 -0.020876431837677956 6782976
1733228732855 -0.02479214407503605 6815744
1733228758615 -0.02796468324959278 6848512
1733228786440 -0.04496188834309578 6880000
1733228812658 -0.030841059982776642 6914048
1733228838392 -0.04784003645181656 6946816
1733228864053 -0.04226909950375557 6979584
1733228889692 -0.013596647419035435 7012352
1733228916878 -0.039202041923999786 7040000
1733228944396 -0.04169936850667 7077888
1733228970460 -0.026097822934389114 7110656
1733228996357 -0.016019683331251144 7143424
1733229022122 -0.033195581287145615 7176192
1733229048354 -0.027612244710326195 7200000
1733229077026 -0.04625457897782326 7241728
1733229103105 -0.05236681178212166 7274496
1733229129078 -0.05385676771402359 7307264
1733229156546 -0.03533133491873741 7340032
1733229182049 -0.05857887864112854 7360000
1733229211524 0.009877686388790607 7405568
1733229237083 -0.05978398770093918 7438336
1733229263017 -0.038893070071935654 7471104
1733229288660 -0.046241432428359985 7503872
1733229312573 -0.035845428705215454 7520000
1733229344715 -0.027618687599897385 7569408
1733229370895 -0.029365239664912224 7602176
1733229396546 -0.018662380054593086 7634944
1733229422313 -0.026556316763162613 7667712
1733229445077 -0.0359266996383667 7680000
1733229476822 -0.0402984656393528 7733248
1733229502598 0.0018818750977516174 7766016
1733229528533 -0.07383714616298676 7798784
1733229554684 -0.048111844807863235 7831552
1733229577774 -0.07466031610965729 7840000
1733229612451 -0.04206889867782593 7897088
1733229638861 -0.01767655834555626 7929856
1733229664853 -0.036635082215070724 7962624
1733229690854 -0.04489610716700554 7995392
1733229711788 -0.04133065789937973 8000000
1733229746072 -0.04295221343636513 8060928
1733229772346 -0.06062127649784088 8093696
1733229798417 -0.058278463780879974 8126464
1733229824550 0.012148385867476463 8159232
1733229844201 -0.048917483538389206 8160000
1733229878873 -0.043656378984451294 8224768
1733229905257 -0.03940092772245407 8257536
1733229930916 -0.04478980973362923 8290304
1733229958846 -0.04376925155520439 8320000
1733229986225 -0.033351801335811615 8355840
1733230012383 -0.02137739211320877 8388608
1733230038452 -0.03783563897013664 8421376
1733230064552 -0.02859310247004032 8454144
1733230091461 -0.0297769233584404 8480000
1733230119829 -0.0470639131963253 8519680
1733230146451 -0.035327065736055374 8552448
1733230172845 -0.03677377849817276 8585216
1733230199552 -0.05609524995088577 8617984
1733230225684 -0.02935415506362915 8640000
1733230255237 -0.005423213355243206 8683520
1733230283154 -0.05591615289449692 8716288
1733230310464 -0.047294553369283676 8749056
1733230337571 -0.017654960975050926 8781824
1733230362933 -0.04548417776823044 8800000
1733230393996 -0.0736011266708374 8847360
1733230420928 -0.030735645443201065 8880128
1733230448721 -0.03761514276266098 8912896
1733230475458 -0.0359625518321991 8945664
1733230499697 -0.020456187427043915 8960000
1733230531381 0.002818013308569789 9011200
1733230557800 -0.05887100100517273 9043968
1733230584327 -0.036141958087682724 9076736
1733230610943 -0.0028167192358523607 9109504
1733230634569 -0.03858981281518936 9120000
1733230668756 -0.03191085904836655 9175040
1733230695458 -0.052068039774894714 9207808
1733230722714 -0.042188309133052826 9240576
1733230749173 -0.01962100900709629 9273344
1733230770823 -0.0571167916059494 9280000
1733230805069 -0.03425803780555725 9338880
1733230831436 0.06034994497895241 9371648
1733230857646 -0.009996822103857994 9404416
1733230883536 -0.021495278924703598 9437184
1733230904433 -0.037405770272016525 9440000
1733230939313 -0.042090676724910736 9502720
1733230966069 -0.012876401655375957 9535488
1733230992334 -0.034372832626104355 9568256
1733231021220 -0.05358891561627388 9600000
1733231048395 -0.0519394688308239 9633792
1733231074322 -0.0070190103724598885 9666560
1733231100963 -0.039442043751478195 9699328
1733231127459 -0.05047961696982384 9732096
1733231155970 -0.036264486610889435 9760000
1733231184435 -0.05471267178654671 9797632
1733231210705 -0.013594062067568302 9830400
1733231237881 -0.028212476521730423 9863168
1733231264204 -0.018764156848192215 9895936
1733231291150 -0.04503627493977547 9920000
1733231320696 -0.04832465946674347 9961472
1733231347128 -0.05431191250681877 9994240
1733231373344 0.08271453529596329 10027008
1733231400601 -0.04522505775094032 10059776
1733231426652 -0.045399732887744904 10080000
1733231456838 -0.04623191058635712 10125312
1733231483382 -0.03421594202518463 10158080
1733231510070 -0.032627400010824203 10190848
1733231536139 -0.048513252288103104 10223616
1733231561000 -0.05072982981801033 10240000
1733231592189 -0.03711729124188423 10289152
1733231618948 -0.02903590351343155 10321920
1733231645278 -0.013648268766701221 10354688
1733231671851 -0.02997436188161373 10387456
1733231695897 0.03469149023294449 10400000
1733231729248 -0.03504789620637894 10452992
1733231755571 -0.03604257106781006 10485760
1733231781540 -0.06243852153420448 10518528
1733231809083 -0.04158150032162666 10551296
1733231832295 -0.04737390577793121 10560000
1733231866133 -0.01568569988012314 10616832
1733231893181 -0.05908358842134476 10649600
1733231919540 -0.06809135526418686 10682368
1733231945474 -0.056223999708890915 10715136
1733231966571 -0.060913968831300735 10720000
1733232000976 -0.06004645675420761 10780672
1733232027220 0.026190558448433876 10813440
1733232053254 -0.044327326118946075 10846208
1733232078712 -0.014170855283737183 10878976
1733232098796 -0.05144147574901581 10880000
1733232133599 -0.05237304046750069 10944512
1733232159146 -0.027526315301656723 10977280
1733232186032 -0.06441178917884827 11010048
1733232214649 -0.0422312468290329 11040000
1733232241746 -0.05061914026737213 11075584
1733232267684 0.006165031343698502 11108352
1733232294153 -0.0817030593752861 11141120
1733232320581 0.02960643172264099 11173888
1733232347695 -0.024091746658086777 11200000
1733232375990 -0.05465816706418991 11239424
1733232402138 -0.04203004017472267 11272192
1733232428765 -0.043849315494298935 11304960
1733232454857 -0.019476832821965218 11337728
1733232480575 -0.034735728055238724 11360000
1733232509608 -0.03520360589027405 11403264
1733232535198 -0.023874184116721153 11436032
1733232561110 -0.02093210257589817 11468800
1733232587145 -0.049016669392585754 11501568
1733232611746 -0.054507844150066376 11520000
1733232643183 -0.049466054886579514 11567104
1733232669805 -0.01713525503873825 11599872
1733232695747 -0.051157522946596146 11632640
1733232721285 -0.03037874773144722 11665408
1733232744229 -0.020260103046894073 11680000
1733232775311 -0.027044517919421196 11730944
1733232801320 0.022019000723958015 11763712
1733232827213 -0.02330493927001953 11796480
1733232853287 -0.019164660945534706 11829248
1733232875841 -0.039976730942726135 11840000
1733232908576 -0.06226956844329834 11894784
1733232934790 0.000357475015334785 11927552
1733232961013 -0.04051094874739647 11960320
1733232987541 -0.0458064079284668 11993088
1733233008501 0.01766248606145382 12000000
1733233041984 -0.029410161077976227 12058624
1733233067835 -0.035228412598371506 12091392
1733233093445 -0.03222537785768509 12124160
1733233119095 -0.04436792805790901 12156928
1733233139415 -0.05268590897321701 12160000
1733233174040 -0.012516506016254425 12222464
1733233200532 -0.040930937975645065 12255232
1733233226025 -0.07329056411981583 12288000
1733233254316 -0.024530993774533272 12320000
1733233280401 -0.046439480036497116 12353536
1733233306338 -0.051783591508865356 12386304
1733233332178 -0.013924332335591316 12419072
1733233358212 -0.039585746824741364 12451840
1733233386960 -0.028787218034267426 12480000
1733233415743 -0.04743753746151924 12517376
1733233442152 -0.041674286127090454 12550144
1733233468228 -0.00906534306704998 12582912
1733233493995 -0.023867810145020485 12615680
1733233520263 -0.041518691927194595 12640000
1733233548884 -0.019753877073526382 12681216
1733233574630 -0.03421785682439804 12713984
1733233600518 -0.011686052195727825 12746752
1733233626779 -0.03607259690761566 12779520
1733233652317 -0.023443736135959625 12800000
1733233682115 -0.040967732667922974 12845056
1733233709454 -0.07562664151191711 12877824
1733233735476 -0.05859741196036339 12910592
1733233761451 -0.03370159864425659 12943360
1733233786194 -0.047318559139966965 12960000
1733233816823 -0.05392327904701233 13008896
1733233843086 0.018678737804293633 13041664
1733233869320 -0.013888901099562645 13074432
1733233895429 -0.046449922025203705 13107200
1733233918689 -0.04146109148859978 13120000
1733233951269 -0.025258153676986694 13172736
1733233977682 -0.028043366968631744 13205504
1733234004146 -0.050842609256505966 13238272
1733234030494 -0.05321606621146202 13271040
1733234052577 -0.016128474846482277 13280000
1733234086153 -0.055030450224876404 13336576
1733234112450 -0.02766634151339531 13369344
1733234138721 -0.03016195259988308 13402112
1733234164872 -0.029745575040578842 13434880
1733234185806 -0.04162804037332535 13440000
1733234219430 -0.01936827041208744 13500416
1733234244995 -0.03807175159454346 13533184
1733234271109 -0.0392037034034729 13565952
1733234297341 -0.04314415901899338 13598720
1733234317536 -0.045194242149591446 13600000
1733234353189 -0.05900067090988159 13664256
1733234379531 -0.04891180247068405 13697024
1733234405274 -0.0424417220056057 13729792
1733234433365 -0.05036237835884094 13760000
1733234459988 -0.04818005487322807 13795328
1733234486079 -0.03642911836504936 13828096
1733234512576 -0.044858746230602264 13860864
1733234538301 -0.0018783130217343569 13893632
1733234565427 -0.05555698275566101 13920000
1733234593302 0.0074081202037632465 13959168
1733234619087 -0.05738130211830139 13991936
1733234644746 -0.0416802316904068 14024704
1733234670897 -0.02395728789269924 14057472
1733234696273 -0.011809920892119408 14080000
1733234725257 0.33644235134124756 14123008
1733234751391 -0.02751779370009899 14155776
1733234777575 -0.013810341246426105 14188544
1733234803468 -0.0416288897395134 14221312
1733234827736 -0.06411171704530716 14240000
1733234858264 -0.038890279829502106 14286848
1733234884296 -0.0524931475520134 14319616
1733234910071 -0.02215057611465454 14352384
1733234935672 -0.039857249706983566 14385152
1733234959207 -0.043746065348386765 14400000
1733234990278 -0.028742076829075813 14450688
1733235015959 -0.032750487327575684 14483456
1733235042238 -0.04736465960741043 14516224
1733235068602 -0.0133933424949646 14548992
1733235092156 -0.042853355407714844 14560000
1733235126615 -0.05979214236140251 14614528
1733235152771 -0.03843345120549202 14647296
1733235178971 -0.04232143238186836 14680064
1733235205247 -0.033379457890987396 14712832
1733235227940 -0.04540730640292168 14720000
1733235262780 -0.04453689977526665 14778368
1733235288576 -0.028991511091589928 14811136
1733235314954 -0.02238648012280464 14843904
1733235340895 -0.033901914954185486 14876672
1733235361236 -0.04947376996278763 14880000
1733235396794 -0.04310307651758194 14942208
1733235422877 -0.035304635763168335 14974976
1733235448618 -0.04205780103802681 15007744
1733235476403 0.0060618966817855835 15040000
1733235502780 -0.020875466987490654 15073280
1733235528698 -0.024170679971575737 15106048
1733235554670 -0.04528279975056648 15138816
1733235580920 -0.02251484990119934 15171584
1733235608167 -0.01114486251026392 15200000
1733235635426 -0.012825810350477695 15237120
1733235662269 -0.024807408452033997 15269888
1733235687895 -0.05334996059536934 15302656
1733235713849 0.029695190489292145 15335424
1733235740955 -0.018876612186431885 15360000
1733235769680 -0.02569538913667202 15400960
1733235795765 -0.04856187850236893 15433728
1733235821651 -0.07245630770921707 15466496
1733235847583 -0.004017564468085766 15499264
1733235872733 -0.056235045194625854 15520000
1733235902074 -0.010151776485145092 15564800
1733235928459 -0.028104256838560104 15597568
1733235954505 -0.03189345821738243 15630336
1733235980660 -0.037916846573352814 15663104
1733236004752 0.010618012398481369 15680000
1733236035375 -0.037260882556438446 15728640
1733236061437 -0.023263145238161087 15761408
1733236087108 -0.042351096868515015 15794176
1733236112683 -0.023887591436505318 15826944
1733236135732 -0.0024593709968030453 15840000
1733236167693 -0.04922986030578613 15892480
1733236193699 -0.05401741340756416 15925248
1733236219879 -0.01295570470392704 15958016
1733236247514 -0.03311502933502197 15990784
1733236270577 -0.041339728981256485 16000000
1733236303934 -0.03381885960698128 16056320
1733236329731 -0.018509289249777794 16089088
1733236355507 -0.006390982773154974 16121856
1733236381023 -0.039333269000053406 16154624
1733236401826 -0.05426580086350441 16160000
1733236435456 -0.03948604688048363 16220160
1733236461306 -0.03606182336807251 16252928
1733236487379 0.011088632047176361 16285696
1733236513667 -0.025429345667362213 16318464
1733236533352 -0.029877835884690285 16320000
1733236568151 -0.036289315670728683 16384000
1733236594041 -0.050055183470249176 16416768
1733236619728 -0.004010664764791727 16449536
1733236647679 -0.009187028743326664 16480000
1733236674471 -0.04335310682654381 16515072
1733236700392 -0.020641542971134186 16547840
1733236726465 -0.05657177418470383 16580608
1733236751691 -0.04099868983030319 16613376
1733236778328 -0.06824085861444473 16640000
1733236805973 -0.046331796795129776 16678912
1733236832160 -0.034037258476018906 16711680
1733236858052 -0.04473995417356491 16744448
1733236883742 -0.028869498521089554 16777216
1733236909316 -0.02938081882894039 16800000
1733236938258 -0.03394494950771332 16842752
1733236964064 -0.047175515443086624 16875520
1733236990214 -0.04898814111948013 16908288
1733237016108 -0.009616817347705364 16941056
1733237040525 -0.044128451496362686 16960000
1733237071005 -0.010577494278550148 17006592
1733237096868 -0.043172258883714676 17039360
1733237122559 -0.04927999898791313 17072128
1733237149772 -0.015908515080809593 17104896
1733237174181 -0.045459453016519547 17120000
1733237205236 -0.040095601230859756 17170432
1733237231084 0.08661797642707825 17203200
1733237256744 -0.025380080565810204 17235968
1733237282332 -0.02011440508067608 17268736
1733237304773 -0.04061094671487808 17280000
1733237337179 -0.02578766644001007 17334272
1733237364276 -0.055006612092256546 17367040
1733237391951 -0.017905956134200096 17399808
1733237418211 -0.02770671807229519 17432576
1733237439563 -0.051951128989458084 17440000
1733237472632 -0.035844504833221436 17498112
1733237498265 -0.009658195078372955 17530880
1733237523914 -0.02912023849785328 17563648
1733237549506 -0.03586593642830849 17596416
1733237570168 -0.016514986753463745 17600000
1733237604275 -0.06088205426931381 17661952
1733237630408 -0.06241564080119133 17694720
1733237656369 -0.01726013608276844 17727488
1733237685345 -0.06320011615753174 17760000
1733237711690 -0.028694607317447662 17793024
1733237738154 -0.02468116767704487 17825792
1733237763931 -0.02590269036591053 17858560
1733237789641 -0.04134620726108551 17891328
1733237817659 -0.04124186933040619 17920000
1733237844965 -0.04413555562496185 17956864
1733237871075 -0.03655070811510086 17989632
1733237897534 -0.04992679879069328 18022400
1733237924179 -0.03563901409506798 18055168
1733237950736 -0.04929614067077637 18080000
1733237979286 -0.025891553610563278 18120704
1733238006242 -0.041612569242715836 18153472
1733238032946 -0.05175858736038208 18186240
1733238059321 -0.016213305294513702 18219008
1733238085956 -0.04609544575214386 18240000
1733238117307 -0.01468876376748085 18284544
1733238144675 -0.03770336136221886 18317312
1733238170708 -0.05172782391309738 18350080
1733238196350 -0.06263712793588638 18382848
1733238220941 -0.032579097896814346 18400000
1733238251193 -0.021672027185559273 18448384
1733238278552 -0.03663422912359238 18481152
1733238304520 -0.03368374705314636 18513920
1733238330194 -0.04840957000851631 18546688
1733238354311 -0.05356090888381004 18560000
1733238386813 -0.04906338080763817 18612224
1733238414006 -0.0575779527425766 18644992
1733238440182 -0.06098737567663193 18677760
1733238467999 -0.013085839338600636 18710528
1733238491023 -0.01688423380255699 18720000
1733238523975 -0.04641568660736084 18776064
1733238551624 -0.040377650409936905 18808832
1733238579374 -0.06317156553268433 18841600
1733238605576 -0.022279486060142517 18874368
1733238626933 -0.02660674974322319 18880000
1733238660395 -0.030924353748559952 18939904
1733238686454 -0.037700310349464417 18972672
1733238712647 -0.024683017283678055 19005440
1733238738548 -0.053935062140226364 19038208
1733238758871 -0.04954317957162857 19040000
1733238795386 -0.0328705795109272 19103744
1733238821875 -0.03997271880507469 19136512
1733238847909 -0.020427366718649864 19169280
1733238875776 -0.0456618070602417 19200000
1733238902405 -0.05293095111846924 19234816
1733238928110 0.01706179417669773 19267584
1733238954246 -0.044264450669288635 19300352
1733238980161 -0.028902186080813408 19333120
1733239008252 -0.052564095705747604 19360000
1733239036944 -0.034144122153520584 19398656
1733239062802 -0.034285273402929306 19431424
1733239088616 -0.034087780863046646 19464192
1733239114457 0.017327765002846718 19496960
1733239141275 -0.043835315853357315 19520000
1733239171148 -0.015139952301979065 19562496
1733239196862 -0.04721815139055252 19595264
1733239222756 -0.02428920567035675 19628032
1733239248991 -0.050579242408275604 19660800
1733239274356 0.043663427233695984 19680000
1733239304185 0.005469893105328083 19726336
1733239330269 -0.03066094033420086 19759104
1733239356237 -0.03668343648314476 19791872
1733239382242 -0.036226388067007065 19824640
1733239405764 -0.03794509917497635 19840000
1733239436924 -0.041638005524873734 19890176
1733239462858 -0.010584346950054169 19922944
1733239489475 -0.04942694678902626 19955712
1733239515733 -0.04048643261194229 19988480
1733239538343 0.007987293414771557 20000000
1733239570434 -0.0051691001281142235 20054016
1733239596925 -0.05621212348341942 20086784
1733239623094 -0.043303538113832474 20119552
1733239649112 -0.03705429285764694 20152320
1733239671264 -0.022357933223247528 20160000
1733239704771 0.01277821697294712 20217856
1733239731024 -0.041974566876888275 20250624
1733239757148 -0.04019640013575554 20283392
1733239783179 -0.053224097937345505 20316160
1733239804002 -0.010281124152243137 20320000
1733239838917 -0.029606973752379417 20381696
1733239864859 -0.0353279784321785 20414464
1733239890764 -0.031559884548187256 20447232
1733239919695 -0.042121052742004395 20480000
1733239945711 -0.055077169090509415 20512768
1733239971554 0.01995353400707245 20545536
1733239997005 -0.035783883184194565 20578304
1733240022624 -0.0061186859384179115 20611072
1733240049473 -0.03803107514977455 20640000
1733240076890 -0.0404946431517601 20676608
1733240103125 -0.02026555687189102 20709376
1733240128984 -0.017064502462744713 20742144
1733240154918 -0.04114136844873428 20774912
1733240181294 -0.041333671659231186 20800000
1733240209361 -0.032549917697906494 20840448
1733240235329 -0.03199414908885956 20873216
1733240261489 -0.05414074659347534 20905984
1733240287828 -0.02628694847226143 20938752
1733240313383 -0.005650853272527456 20960000
1733240342957 -0.042975831776857376 21004288
1733240369316 -0.03334642946720123 21037056
1733240395061 -0.030824163928627968 21069824
1733240421609 0.010908840224146843 21102592
1733240446378 -0.0281663965433836 21120000
1733240476770 -0.03303537517786026 21168128
1733240502419 -0.06416762620210648 21200896
1733240528187 -0.023715421557426453 21233664
1733240554089 -0.06088922545313835 21266432
1733240577074 -0.001596634043380618 21280000
1733240608648 -0.04609689861536026 21331968
1733240634826 -0.02783873677253723 21364736
1733240660967 -0.0318630076944828 21397504
1733240687001 -0.0553094856441021 21430272
1733240709304 -0.026041964069008827 21440000
1733240741755 0.03678818792104721 21495808
1733240767395 -0.058861929923295975 21528576
1733240793097 0.008826563134789467 21561344
1733240819111 -0.04086894914507866 21594112
1733240839791 -0.03525453805923462 21600000
1733240873175 -0.04622258245944977 21659648
1733240898892 -0.015453116036951542 21692416
1733240924385 -0.027069153264164925 21725184
1733240950436 -0.04812438786029816 21757952
1733240970640 -0.03959132730960846 21760000
1733241005254 -0.030973374843597412 21823488
1733241030920 -0.0212490763515234 21856256
1733241056848 -0.01915464922785759 21889024
1733241084290 -0.06202639266848564 21920000
1733241111108 -0.04788099229335785 21954560
1733241137333 -0.0253972876816988 21987328
1733241163618 -0.03125215694308281 22020096
1733241189785 -0.021112453192472458 22052864
1733241216736 -0.043676912784576416 22080000
1733241245190 -0.02978113479912281 22118400
1733241271646 -0.045402541756629944 22151168
1733241297555 -0.04537023603916168 22183936
1733241323506 0.35478490591049194 22216704
1733241349838 -0.01133270189166069 22240000
1733241378458 -0.04859551787376404 22282240
1733241404625 -0.017882756888866425 22315008
1733241430932 -0.03165267035365105 22347776
1733241456636 -0.024760104715824127 22380544
1733241481170 -0.021776312962174416 22400000
1733241510204 -0.040926914662122726 22446080
1733241536571 -0.044497858732938766 22478848
1733241562156 -0.016587071120738983 22511616
1733241587774 -0.015135016292333603 22544384
1733241611209 -0.042305491864681244 22560000
1733241642180 -0.05662514269351959 22609920
1733241668105 -0.030454080551862717 22642688
1733241694077 -0.050886478275060654 22675456
1733241719417 -0.04176908731460571 22708224
1733241742001 -0.002138866577297449 22720000
1733241773385 -0.019142935052514076 22773760
1733241799565 -0.01373104564845562 22806528
1733241825746 -0.027354402467608452 22839296
1733241852000 -0.053327951580286026 22872064
1733241873810 -0.03400474414229393 22880000
1733241906793 -0.038383252918720245 22937600
1733241932586 -0.03245660662651062 22970368
1733241959206 -0.05960674211382866 23003136
1733241985818 0.005280040204524994 23035904
1733242006685 -0.017542967572808266 23040000
1733242041539 -0.04777688905596733 23101440
1733242067241 -0.036015383899211884 23134208
1733242093477 -0.02627212554216385 23166976
1733242119199 -0.019320426508784294 23199744
1733242138744 -0.026018410921096802 23200000
1733242173823 -0.04014139994978905 23265280
1733242199727 -0.029313014820218086 23298048
1733242226304 -0.024735093116760254 23330816
1733242254156 -0.06361621618270874 23360000
1733242281291 -0.03573969379067421 23396352
1733242307429 -0.03716029226779938 23429120
1733242334131 0.0014489616733044386 23461888
1733242360568 -0.02111697942018509 23494656
1733242387110 -0.027344444766640663 23520000
1733242415411 -0.04642392694950104 23560192
1733242441568 -0.055417537689208984 23592960
1733242467346 -0.06359057873487473 23625728
1733242493181 -0.03874068334698677 23658496
1733242518523 -0.03255464881658554 23680000
1733242547565 -0.037856847047805786 23724032
1733242573225 -0.04586521163582802 23756800
1733242598651 -0.021273108199238777 23789568
1733242624227 -0.019660312682390213 23822336
1733242648736 0.018907805904746056 23840000
1733242679045 0.003806774504482746 23887872
1733242704990 -0.04006396234035492 23920640
1733242731622 -0.03821168839931488 23953408
1733242757397 -0.03773607686161995 23986176
1733242780574 -0.022846708074212074 24000000
1733242811999 -0.03342491015791893 24051712
1733242837798 -0.03491315245628357 24084480
1733242863859 -0.06643466651439667 24117248
1733242889702 0.010657934471964836 24150016
1733242912687 -0.045557647943496704 24160000
1733242944986 -0.021009746938943863 24215552
1733242970570 -0.05332107096910477 24248320
1733242996430 -0.02955034002661705 24281088
1733243022747 -0.06321615725755692 24313856
1733243044066 -0.04004155471920967 24320000
1733243078082 -0.04261016473174095 24379392
1733243104166 -0.07238781452178955 24412160
1733243130167 -0.02552304044365883 24444928
1733243156068 -0.02350916713476181 24477696
1733243176304 -0.028703145682811737 24480000
1733243211119 -0.01474947202950716 24543232
1733243237036 -0.02665930800139904 24576000
1733243263229 -0.041290465742349625 24608768
1733243291675 -0.04990693926811218 24640000
1733243318439 -0.036002617329359055 24674304
1733243344898 -0.038993220776319504 24707072
1733243370782 -0.047144245356321335 24739840
1733243396483 -0.06831065565347672 24772608
1733243423519 -0.027972936630249023 24800000
1733243450552 -0.02888677828013897 24838144
1733243476486 -0.02591545134782791 24870912
1733243502512 -0.040981464087963104 24903680
1733243528207 -0.028073463588953018 24936448
1733243553565 -0.01100227516144514 24960000
1733243581931 -0.023066002875566483 25001984
1733243607816 0.0007383046904578805 25034752
1733243633933 -0.04654769226908684 25067520
1733243659679 -0.018370356410741806 25100288
1733243684463 -0.02018861658871174 25120000
1733243713686 0.0032505718991160393 25165824
1733243739637 -0.04261941835284233 25198592
1733243765697 -0.016145780682563782 25231360
1733243791406 -0.03395635262131691 25264128
1733243815682 -0.005094664171338081 25280000
1733243847032 -0.04790722578763962 25329664
1733243872732 -0.04798296466469765 25362432
1733243898696 -0.0048358021304011345 25395200
1733243924802 -0.009522455744445324 25427968
1733243947495 -0.048605527728796005 25440000
1733243979376 -0.04646630957722664 25493504
1733244005204 -0.027942942455410957 25526272
1733244030847 -0.008636781945824623 25559040
1733244057330 -0.03669564798474312 25591808
1733244079724 -0.034876663237810135 25600000
1733244112619 -0.019131476059556007 25657344
1733244138950 -0.01972034201025963 25690112
1733244165082 -0.031047910451889038 25722880
1733244190977 -0.01736394688487053 25755648
1733244212013 -0.01889495924115181 25760000
1733244247669 -0.01462559588253498 25821184
1733244273804 -0.012459855526685715 25853952
1733244299655 0.04411955922842026 25886720
1733244325212 -0.04624703526496887 25919488
1733244344759 -0.039325688034296036 25920000
1733244379450 -0.030317235738039017 25985024
1733244405206 -0.029902923852205276 26017792
1733244430949 -0.058365654200315475 26050560
1733244458785 -0.039037980139255524 26080000
1733244485995 -0.04543957859277725 26116096
1733244511741 -0.035777509212493896 26148864
1733244537064 -0.06502700597047806 26181632
1733244562531 -0.013105121441185474 26214400
1733244588866 -0.03684138134121895 26240000
1733244616780 -0.022020818665623665 26279936
1733244642545 -0.040974654257297516 26312704
1733244668715 -0.061668697744607925 26345472
1733244694891 -0.04200800135731697 26378240
1733244720366 -0.05310752987861633 26400000
1733244749567 -0.023289557546377182 26443776
1733244775576 0.03946222364902496 26476544
1733244801793 -0.022574367001652718 26509312
1733244828166 -0.04418075457215309 26542080
1733244853242 -0.04626431688666344 26560000
1733244883335 -0.019790031015872955 26607616
1733244909205 -0.05231929197907448 26640384
1733244935308 -0.016712574288249016 26673152
1733244961472 -0.020177144557237625 26705920
1733244984758 -0.008455202914774418 26720000
1733245017966 -0.031969450414180756 26771456
1733245044533 -0.036832284182310104 26804224
1733245070556 -0.014361310750246048 26836992
1733245096265 -0.027639657258987427 26869760
1733245118965 -0.03281604126095772 26880000
1733245151461 -0.03568222373723984 26935296
1733245177029 -0.03685237839818001 26968064
1733245202813 -0.020727980881929398 27000832
1733245228331 -0.032710880041122437 27033600
1733245249350 0.296619713306427 27040000
1733245283090 -0.00479109026491642 27099136
1733245308366 -0.028221629559993744 27131904
1733245334224 -0.04167705401778221 27164672
1733245359585 -0.02181912027299404 27197440
1733245379513 -0.03822007030248642 27200000
1733245413893 -0.03471851348876953 27262976
1733245439680 -0.024891212582588196 27295744
1733245465995 -0.04032941535115242 27328512
1733245493881 -0.03980719670653343 27360000
1733245520132 -0.03871823847293854 27394048
1733245546133 0.0015159538015723228 27426816
1733245571793 -0.025340592488646507 27459584
1733245597985 0.007771980483084917 27492352
1733245625135 -0.021286360919475555 27520000
1733245652603 -0.011415582150220871 27557888
1733245679928 -0.036068644374608994 27590656
1733245706094 -0.03588886186480522 27623424
1733245732063 -0.025887364521622658 27656192
1733245758381 -0.033945176750421524 27680000
1733245787231 -0.039431385695934296 27721728
1733245813240 -0.0607663169503212 27754496
1733245839208 -0.024202674627304077 27787264
1733245864976 -0.01307548675686121 27820032
1733245890460 -0.046279240399599075 27840000
1733245919785 -0.03627658262848854 27885568
1733245945544 -0.033162012696266174 27918336
1733245971296 -0.043407078832387924 27951104
1733245997197 0.012973007746040821 27983872
1733246021232 0.006357747130095959 28000000
1733246052071 -0.020947594195604324 28049408
1733246077717 -0.029354549944400787 28082176
1733246103630 -0.027566133067011833 28114944
1733246129626 -0.029595457017421722 28147712
1733246152327 -0.011405699886381626 28160000
1733246183577 -0.023489193990826607 28213248
1733246209203 -0.03740064427256584 28246016
1733246234992 -0.04797345772385597 28278784
1733246260760 -0.04353335499763489 28311552
1733246282658 -0.015535963699221611 28320000
1733246314732 -0.038659997284412384 28377088
1733246340266 0.0009483828907832503 28409856
1733246366043 -0.04195290058851242 28442624
1733246391594 -0.03722646087408066 28475392
1733246412565 -0.027524873614311218 28480000
1733246446412 -0.05949319899082184 28540928
1733246472563 -0.03843729570508003 28573696
1733246498264 -0.05339392274618149 28606464
1733246524264 -0.028881842270493507 28639232
1733246544109 -0.04043619707226753 28640000
1733246579384 -0.02921791560947895 28704768
1733246605237 -0.02687896229326725 28737536
1733246631227 -0.027871927246451378 28770304
1733246659060 -0.03980087488889694 28800000
1733246686478 -0.02184741385281086 28835840
1733246712896 -0.03316914662718773 28868608
1733246739038 -0.027515357360243797 28901376
1733246765249 -0.020123565569519997 28934144
1733246793090 -0.022197313606739044 28960000
1733246822189 -0.050445880740880966 28999680
1733246847758 -0.009045585989952087 29032448
1733246874209 -0.036624614149332047 29065216
1733246900068 -0.05040417239069939 29097984
1733246925444 -0.013308659195899963 29120000
1733246954628 0.026348261162638664 29163520
1733246980631 -0.03745315596461296 29196288
1733247006363 0.025448299944400787 29229056
1733247032206 -0.03954197093844414 29261824
1733247056931 -0.045061223208904266 29280000
1733247086724 -0.03873289003968239 29327360
1733247112297 -0.04593713954091072 29360128
1733247138290 -0.0189548060297966 29392896
1733247163986 -0.051699839532375336 29425664
1733247187204 -0.01410225871950388 29440000
1733247218292 -0.02993399277329445 29491200
1733247244072 -0.03913608193397522 29523968
1733247269456 -0.04412989318370819 29556736
1733247295602 -0.02132084034383297 29589504
1733247318259 -0.016894657164812088 29600000
1733247350485 -0.01907522790133953 29655040
1733247376516 -0.049303364008665085 29687808
1733247402619 -0.027163464576005936 29720576
1733247428799 -0.051978565752506256 29753344
1733247450076 -0.025334350764751434 29760000
1733247483296 -0.03436733037233353 29818880
1733247509432 -0.03627770021557808 29851648
1733247535398 -0.03167975693941116 29884416
1733247561624 -0.04113885387778282 29917184
1733247582272 -0.032003484666347504 29920000
1733247616871 -0.04176750406622887 29982720
1733247642810 -0.021339163184165955 30015488
1733247669066 -0.04116440564393997 30048256
1733247698810 -0.023411231115460396 30080000
1733247726550 -0.012937914580106735 30113792
1733247752446 -0.03285665065050125 30146560
1733247778936 -0.04442264884710312 30179328
1733247804882 -0.03371850773692131 30212096
1733247832324 -0.049831364303827286 30240000
1733247859912 -0.04270348325371742 30277632
1733247886163 -0.02278357744216919 30310400
1733247912511 -0.060458600521087646 30343168
1733247938123 -0.03869205713272095 30375936
1733247964495 -0.047903724014759064 30400000
1733247992846 -0.024887165054678917 30441472
1733248019558 -0.030102556571364403 30474240
1733248045658 -0.012235255911946297 30507008
1733248071498 -0.05661068111658096 30539776
1733248096909 -0.05436272546648979 30560000
1733248126568 -0.03985320031642914 30605312
1733248152442 -0.05936923995614052 30638080
1733248179002 -0.016546452417969704 30670848
1733248205296 -0.021379129961133003 30703616
1733248229932 -0.036888979375362396 30720000
1733248260915 -0.036626044660806656 30769152
1733248286718 -0.0313938744366169 30801920
1733248313028 -0.029895244166254997 30834688
1733248339352 -0.016027722507715225 30867456
1733248362422 -0.03695237636566162 30880000
1733248394464 -0.05693550780415535 30932992
1733248420881 -0.018259068951010704 30965760
1733248446753 -0.04737376794219017 30998528
1733248472850 0.0014319177716970444 31031296
1733248495106 -0.027562832459807396 31040000
1733248528625 -0.023294247686862946 31096832
1733248555066 -0.05079904943704605 31129600
1733248581533 -0.024844583123922348 31162368
1733248608248 -0.04295722022652626 31195136
1733248629676 -0.05119214951992035 31200000
1733248664446 -0.036376338452100754 31260672
1733248690522 -0.032536089420318604 31293440
1733248716552 -0.01852721907198429 31326208
1733248742515 -0.021836159750819206 31358976
1733248762274 -0.03593440353870392 31360000
1733248797636 -0.02604392170906067 31424512
1733248824056 -0.046174708753824234 31457280
1733248850135 -0.04262332245707512 31490048
1733248878047 -0.04063478857278824 31520000
1733248904316 -0.0392378605902195 31555584
1733248930233 -0.0399630106985569 31588352
1733248956175 -0.0440216101706028 31621120
1733248982304 -0.03602562099695206 31653888
1733249009408 -0.0413236990571022 31680000
1733249038170 -0.02279914915561676 31719424
1733249064198 -0.016948934644460678 31752192
1733249090230 -0.028992416337132454 31784960
1733249116229 -0.037469975650310516 31817728
1733249142433 0.006041927728801966 31840000
1733249172189 -0.04331143572926521 31883264
1733249198000 -0.0051218061707913876 31916032
1733249223743 -0.03577941283583641 31948800
1733249249692 -0.03180578723549843 31981568
1733249274418 -0.06242435798048973 32000000
1733249305090 -0.03765590861439705 32047104
1733249331336 -0.03275258466601372 32079872
1733249357505 -0.021929239854216576 32112640
1733249383446 -0.0720156729221344 32145408
1733249407086 0.0551149845123291 32160000
1733249437999 -0.054636016488075256 32210944
1733249463783 -0.04178242385387421 32243712
1733249489893 -0.05381026491522789 32276480
1733249515719 0.00411137193441391 32309248
1733249538519 -0.04841548576951027 32320000
1733249571345 -0.03785581514239311 32374784
1733249597756 -0.02601296827197075 32407552
1733249623670 -0.011575496755540371 32440320
1733249649735 0.04434109851717949 32473088
1733249671742 -0.04911382868885994 32480000
1733249704869 -0.002490423619747162 32538624
1733249731401 -0.017790760844945908 32571392
1733249757919 -0.02664724364876747 32604160
1733249783899 -0.03438330441713333 32636928
1733249804327 -0.04510524496436119 32640000
1733249838870 -0.029848620295524597 32702464
1733249864928 -0.033141788095235825 32735232
1733249890861 -0.03267475962638855 32768000
1733249919562 -0.0018549899104982615 32800000
1733249946386 -0.05819101259112358 32833536
1733249972767 -0.009757205843925476 32866304
1733249998855 -0.021029777824878693 32899072
1733250025110 -0.04180002957582474 32931840
1733250052753 -0.04860881343483925 32960000
1733250080586 0.019253438338637352 32997376
1733250107159 -0.036562807857990265 33030144
1733250133459 -0.04243975877761841 33062912
1733250159629 -0.0177286546677351 33095680
1733250185915 -0.0029579587280750275 33120000
1733250215104 -0.009577667340636253 33161216
1733250241100 -0.007138411980122328 33193984
1733250267579 -0.047218069434165955 33226752
1733250293718 -0.04765851050615311 33259520
1733250318789 -0.04895578324794769 33280000
1733250348889 -0.03479551151394844 33325056
1733250374791 -0.018228592351078987 33357824
1733250400928 -0.02142343670129776 33390592
1733250426764 -0.033323220908641815 33423360
1733250450770 -0.0262600164860487 33440000
1733250481716 -0.02589237503707409 33488896
1733250507770 -0.019820861518383026 33521664
1733250533846 0.024569319561123848 33554432
1733250559611 -0.030089393258094788 33587200
1733250582499 -0.020185496658086777 33600000
