1733223242852 10.0 65536
1733223270061 20.0 98304
1733223297892 30.0 131072
1733223325318 40.0 160000
1733223354476 50.0 196608
1733223380594 60.0 229376
1733223407362 70.0 262144
1733223433911 80.0 294912
1733223460312 90.0 320000
1733223489244 100.0 360448
1733223517271 110.0 393216
1733223543789 120.0 425984
1733223569856 130.0 458752
1733223594530 140.0 480000
1733223623955 150.0 524288
1733223650034 160.0 557056
1733223676523 170.0 589824
1733223702927 180.0 622592
1733223727558 190.0 640000
1733223758324 200.0 688128
1733223784455 210.0 720896
1733223810181 220.0 753664
1733223836285 230.0 786432
1733223859836 240.0 800000
1733223891399 250.0 851968
1733223917503 260.0 884736
1733223943702 270.0 917504
1733223969865 280.0 950272
1733223992239 290.0 960000
1733224025030 300.0 1015808
1733224051364 310.0 1048576
1733224077273 320.0 1081344
1733224103382 330.0 1114112
1733224123784 340.0 1120000
1733224157216 350.0 1179648
1733224183009 360.0 1212416
1733224209468 370.0 1245184
1733224235619 380.0 1277952
1733224255863 390.0 1280000
1733224290873 400.0 1343488
1733224317104 410.0 1376256
1733224343130 420.0 1409024
1733224371801 430.0 1440000
1733224398382 440.0 1474560
1733224424208 450.0 1507328
1733224450384 460.0 1540096
1733224476127 470.0 1572864
1733224503283 480.0 1600000
1733224531279 490.0 1638400
1733224557490 500.0 1671168
1733224583691 510.0 1703936
1733224609873 520.0 1736704
1733224636146 530.0 1760000
1733224665253 540.0 1802240
1733224691486 550.0 1835008
1733224717506 560.0 1867776
1733224743189 570.0 1900544
1733224768121 580.0 1920000
1733224798357 590.0 1966080
1733224824483 600.0 1998848
1733224850775 610.0 2031616
1733224876691 620.0 2064384
1733224900401 630.0 2080000
1733224931027 640.0 2129920
1733224956670 650.0 2162688
1733224982829 660.0 2195456
1733225009188 670.0 2228224
1733225031752 680.0 2240000
1733225063922 690.0 2293760
1733225090248 700.0 2326528
1733225116451 710.0 2359296
1733225142592 720.0 2392064
1733225164569 730.0 2400000
1733225198093 740.0 2457600
1733225224352 750.0 2490368
1733225249936 760.0 2523136
1733225275538 770.0 2555904
1733225295949 780.0 2560000
1733225331503 790.0 2621440
1733225357823 800.0 2654208
1733225383630 810.0 2686976
1733225409176 820.0 2719744
1733225428984 830.0 2720000
1733225464273 840.0 2785280
1733225489844 850.0 2818048
1733225515191 860.0 2850816
1733225542775 870.0 2880000
1733225569868 880.0 2916352
1733225596368 890.0 2949120
1733225622660 900.0 2981888
1733225649569 910.0 3014656
1733225676603 920.0 3040000
1733225705487 930.0 3080192
1733225731646 940.0 3112960
1733225758246 950.0 3145728
1733225784314 960.0 3178496
1733225810040 970.0 3200000
1733225839240 980.0 3244032
1733225865341 990.0 3276800
1733225891067 1000.0 3309568
1733225917194 1010.0 3342336
1733225941529 1020.0 3360000
1733225971702 1030.0 3407872
1733225997937 1040.0 3440640
1733226023521 1050.0 3473408
1733226049072 1060.0 3506176
1733226072066 1070.0 3520000
1733226103065 1080.0 3571712
1733226128857 1090.0 3604480
1733226154759 1100.0 3637248
1733226181069 1110.0 3670016
1733226203712 1120.0 3680000
1733226235978 1130.0 3735552
1733226261815 1140.0 3768320
1733226288014 1150.0 3801088
1733226313873 1160.0 3833856
1733226335258 1170.0 3840000
1733226368807 1180.0 3899392
1733226394512 1190.0 3932160
1733226420222 1200.0 3964928
1733226446173 1210.0 3997696
1733226466559 1220.0 4000000
1733226501483 1230.0 4063232
1733226527464 1240.0 4096000
1733226553142 1250.0 4128768
1733226581343 1260.0 4160000
1733226607568 1270.0 4194304
1733226633460 1280.0 4227072
1733226659595 1290.0 4259840
1733226685860 1300.0 4292608
1733226713567 1310.0 4320000
1733226741421 1320.0 4358144
1733226767355 1330.0 4390912
1733226793248 1340.0 4423680
1733226819213 1350.0 4456448
1733226846224 1360.0 4480000
1733226874866 1370.0 4521984
1733226900673 1380.0 4554752
1733226926602 1390.0 4587520
1733226952415 1400.0 4620288
1733226977405 1410.0 4640000
1733227007572 1420.0 4685824
1733227033422 1430.0 4718592
1733227059206 1440.0 4751360
1733227085299 1450.0 4784128
1733227108848 1460.0 4800000
1733227139498 1470.0 4849664
1733227165411 1480.0 4882432
1733227191694 1490.0 4915200
1733227217467 1500.0 4947968
1733227240890 1510.0 4960000
1733227273258 1520.0 5013504
1733227299408 1530.0 5046272
1733227325419 1540.0 5079040
1733227351586 1550.0 5111808
1733227373447 1560.0 5120000
1733227406296 1570.0 5177344
1733227432488 1580.0 5210112
1733227458264 1590.0 5242880
1733227483973 1600.0 5275648
1733227504426 1610.0 5280000
1733227538399 1620.0 5341184
1733227564409 1630.0 5373952
1733227590592 1640.0 5406720
1733227616403 1650.0 5439488
1733227635896 1660.0 5440000
1733227670678 1670.0 5505024
1733227696670 1680.0 5537792
1733227722371 1690.0 5570560
1733227750254 1700.0 5600000
1733227777280 1710.0 5636096
1733227803574 1720.0 5668864
1733227829880 1730.0 5701632
1733227856035 1740.0 5734400
1733227882984 1750.0 5760000
1733227911293 1760.0 5799936
1733227936986 1770.0 5832704
1733227963620 1780.0 5865472
1733227989805 1790.0 5898240
1733228015140 1800.0 5920000
1733228044165 1810.0 5963776
1733228070204 1820.0 5996544
1733228095942 1830.0 6029312
1733228121657 1840.0 6062080
1733228146003 1850.0 6080000
1733228175819 1860.0 6127616
1733228201612 1870.0 6160384
1733228227728 1880.0 6193152
1733228253442 1890.0 6225920
1733228276966 1900.0 6240000
1733228308343 1910.0 6291456
1733228333963 1920.0 6324224
1733228359962 1930.0 6356992
1733228386254 1940.0 6389760
1733228408965 1950.0 6400000
1733228441222 1960.0 6455296
1733228467509 1970.0 6488064
1733228494056 1980.0 6520832
1733228519916 1990.0 6553600
1733228540993 2000.0 6560000
1733228574483 2010.0 6619136
1733228600059 2020.0 6651904
1733228625769 2030.0 6684672
1733228651611 2040.0 6717440
1733228672007 2050.0 6720000
1733228707004 2060.0 6782976
1733228732864 2070.0 6815744
1733228758623 2080.0 6848512
1733228786448 2090.0 6880000
1733228812675 2100.0 6914048
1733228838401 2110.0 6946816
1733228864070 2120.0 6979584
1733228889703 2130.0 7012352
1733228916887 2140.0 7040000
1733228944404 2150.0 7077888
1733228970473 2160.0 7110656
1733228996370 2170.0 7143424
1733229022133 2180.0 7176192
1733229048367 2190.0 7200000
1733229077046 2200.0 7241728
1733229103113 2210.0 7274496
1733229129090 2220.0 7307264
1733229156657 2230.0 7340032
1733229182058 2240.0 7360000
1733229211532 2250.0 7405568
1733229237092 2260.0 7438336
1733229263026 2270.0 7471104
1733229288668 2280.0 7503872
1733229312672 2290.0 7520000
1733229344878 2300.0 7569408
1733229370903 2310.0 7602176
1733229396562 2320.0 7634944
1733229422321 2330.0 7667712
1733229445098 2340.0 7680000
1733229476831 2350.0 7733248
1733229502607 2360.0 7766016
1733229528541 2370.0 7798784
1733229554692 2380.0 7831552
1733229577897 2390.0 7840000
1733229612468 2400.0 7897088
1733229638894 2410.0 7929856
1733229664861 2420.0 7962624
1733229690862 2430.0 7995392
1733229711830 2440.0 8000000
1733229746080 2450.0 8060928
1733229772362 2460.0 8093696
1733229798429 2470.0 8126464
1733229824558 2480.0 8159232
1733229844217 2490.0 8160000
1733229878885 2500.0 8224768
1733229905269 2510.0 8257536
1733229930929 2520.0 8290304
1733229958872 2530.0 8320000
1733229986238 2540.0 8355840
1733230012491 2550.0 8388608
1733230038469 2560.0 8421376
1733230064561 2570.0 8454144
1733230091470 2580.0 8480000
1733230119892 2590.0 8519680
1733230146476 2600.0 8552448
1733230172862 2610.0 8585216
1733230199595 2620.0 8617984
1733230225799 2630.0 8640000
1733230255269 2640.0 8683520
1733230283395 2650.0 8716288
1733230310517 2660.0 8749056
1733230337680 2670.0 8781824
1733230362973 2680.0 8800000
1733230394086 2690.0 8847360
1733230420959 2700.0 8880128
1733230448855 2710.0 8912896
1733230475490 2720.0 8945664
1733230499711 2730.0 8960000
1733230531466 2740.0 9011200
1733230557868 2750.0 9043968
1733230584394 2760.0 9076736
1733230610989 2770.0 9109504
1733230634760 2780.0 9120000
1733230668773 2790.0 9175040
1733230695534 2800.0 9207808
1733230722763 2810.0 9240576
1733230749248 2820.0 9273344
1733230770888 2830.0 9280000
1733230805160 2840.0 9338880
1733230831457 2850.0 9371648
1733230857673 2860.0 9404416
1733230883571 2870.0 9437184
1733230904564 2880.0 9440000
1733230939371 2890.0 9502720
1733230966187 2900.0 9535488
1733230992390 2910.0 9568256
1733231021269 2920.0 9600000
1733231048461 2930.0 9633792
1733231074354 2940.0 9666560
1733231100987 2950.0 9699328
1733231127510 2960.0 9732096
1733231156011 2970.0 9760000
1733231184453 2980.0 9797632
1733231210746 2990.0 9830400
1733231237934 3000.0 9863168
1733231264258 3010.0 9895936
1733231291175 3020.0 9920000
1733231320724 3030.0 9961472
1733231347162 3040.0 9994240
1733231373369 3050.0 10027008
1733231400734 3060.0 10059776
1733231426744 3070.0 10080000
1733231456865 3080.0 10125312
1733231483485 3090.0 10158080
1733231510094 3100.0 10190848
1733231536484 3110.0 10223616
1733231561049 3120.0 10240000
1733231592274 3130.0 10289152
1733231619008 3140.0 10321920
1733231645303 3150.0 10354688
1733231671869 3160.0 10387456
1733231695923 3170.0 10400000
1733231729276 3180.0 10452992
1733231755586 3190.0 10485760
1733231781554 3200.0 10518528
1733231809208 3210.0 10551296
1733231832351 3220.0 10560000
1733231866166 3230.0 10616832
1733231893262 3240.0 10649600
1733231919556 3250.0 10682368
1733231945493 3260.0 10715136
1733231966587 3270.0 10720000
1733232000994 3280.0 10780672
1733232027244 3290.0 10813440
1733232053271 3300.0 10846208
1733232078735 3310.0 10878976
1733232098812 3320.0 10880000
1733232133616 3330.0 10944512
1733232159163 3340.0 10977280
1733232186152 3350.0 11010048
1733232214662 3360.0 11040000
1733232241766 3370.0 11075584
1733232267701 3380.0 11108352
1733232294170 3390.0 11141120
1733232320598 3400.0 11173888
1733232347716 3410.0 11200000
1733232376006 3420.0 11239424
1733232402155 3430.0 11272192
1733232428788 3440.0 11304960
1733232454868 3450.0 11337728
1733232480591 3460.0 11360000
1733232509621 3470.0 11403264
1733232535231 3480.0 11436032
1733232561123 3490.0 11468800
1733232587157 3500.0 11501568
1733232611754 3510.0 11520000
1733232643304 3520.0 11567104
1733232669826 3530.0 11599872
1733232695759 3540.0 11632640
1733232721294 3550.0 11665408
1733232744254 3560.0 11680000
1733232775328 3570.0 11730944
1733232801329 3580.0 11763712
1733232827241 3590.0 11796480
1733232853323 3600.0 11829248
1733232875849 3610.0 11840000
1733232908605 3620.0 11894784
1733232934844 3630.0 11927552
1733232961041 3640.0 11960320
1733232987550 3650.0 11993088
1733233008511 3660.0 12000000
1733233042009 3670.0 12058624
1733233067855 3680.0 12091392
1733233093453 3690.0 12124160
1733233119121 3700.0 12156928
1733233139432 3710.0 12160000
1733233174064 3720.0 12222464
1733233200540 3730.0 12255232
1733233226033 3740.0 12288000
1733233254328 3750.0 12320000
1733233280409 3760.0 12353536
1733233306350 3770.0 12386304
1733233332203 3780.0 12419072
1733233358223 3790.0 12451840
1733233387082 3800.0 12480000
1733233415764 3810.0 12517376
1733233442163 3820.0 12550144
1733233468268 3830.0 12582912
1733233494013 3840.0 12615680
1733233520405 3850.0 12640000
1733233548894 3860.0 12681216
1733233574641 3870.0 12713984
1733233600538 3880.0 12746752
1733233626832 3890.0 12779520
1733233652334 3900.0 12800000
1733233682146 3910.0 12845056
1733233709583 3920.0 12877824
1733233735491 3930.0 12910592
1733233761463 3940.0 12943360
1733233786206 3950.0 12960000
1733233816840 3960.0 13008896
1733233843098 3970.0 13041664
1733233869333 3980.0 13074432
1733233895442 3990.0 13107200
1733233918699 4000.0 13120000
1733233951365 4010.0 13172736
1733233977705 4020.0 13205504
1733234004171 4030.0 13238272
1733234030511 4040.0 13271040
1733234052630 4050.0 13280000
1733234086182 4060.0 13336576
1733234112494 4070.0 13369344
1733234138740 4080.0 13402112
1733234164889 4090.0 13434880
1733234185848 4100.0 13440000
1733234219458 4110.0 13500416
1733234245012 4120.0 13533184
1733234271128 4130.0 13565952
1733234297382 4140.0 13598720
1733234317552 4150.0 13600000
1733234353204 4160.0 13664256
1733234379545 4170.0 13697024
1733234405288 4180.0 13729792
1733234433385 4190.0 13760000
1733234460004 4200.0 13795328
1733234486112 4210.0 13828096
1733234512585 4220.0 13860864
1733234538309 4230.0 13893632
1733234565435 4240.0 13920000
1733234593311 4250.0 13959168
1733234619095 4260.0 13991936
1733234644754 4270.0 14024704
1733234670905 4280.0 14057472
1733234696281 4290.0 14080000
1733234725265 4300.0 14123008
1733234751399 4310.0 14155776
1733234777629 4320.0 14188544
1733234803476 4330.0 14221312
1733234827753 4340.0 14240000
1733234858318 4350.0 14286848
1733234884304 4360.0 14319616
1733234910079 4370.0 14352384
1733234935681 4380.0 14385152
1733234959215 4390.0 14400000
1733234990290 4400.0 14450688
1733235015975 4410.0 14483456
1733235042251 4420.0 14516224
1733235068610 4430.0 14548992
1733235092394 4440.0 14560000
1733235126627 4450.0 14614528
1733235152787 4460.0 14647296
1733235178979 4470.0 14680064
1733235205255 4480.0 14712832
1733235228065 4490.0 14720000
1733235262819 4500.0 14778368
1733235288615 4510.0 14811136
1733235314966 4520.0 14843904
1733235340940 4530.0 14876672
1733235361244 4540.0 14880000
1733235396918 4550.0 14942208
1733235422885 4560.0 14974976
1733235448664 4570.0 15007744
1733235476412 4580.0 15040000
1733235502788 4590.0 15073280
1733235528737 4600.0 15106048
1733235554684 4610.0 15138816
1733235580969 4620.0 15171584
1733235608176 4630.0 15200000
1733235635434 4640.0 15237120
1733235662285 4650.0 15269888
1733235687909 4660.0 15302656
1733235713862 4670.0 15335424
1733235740997 4680.0 15360000
1733235769694 4690.0 15400960
1733235795779 4700.0 15433728
1733235821663 4710.0 15466496
1733235847592 4720.0 15499264
1733235872764 4730.0 15520000
1733235902113 4740.0 15564800
1733235928478 4750.0 15597568
1733235954535 4760.0 15630336
1733235980713 4770.0 15663104
1733236004769 4780.0 15680000
1733236035442 4790.0 15728640
1733236061454 4800.0 15761408
1733236087121 4810.0 15794176
1733236112692 4820.0 15826944
1733236135747 4830.0 15840000
1733236167707 4840.0 15892480
1733236193756 4850.0 15925248
1733236219892 4860.0 15958016
1733236247647 4870.0 15990784
1733236270622 4880.0 16000000
1733236303975 4890.0 16056320
1733236329752 4900.0 16089088
1733236355515 4910.0 16121856
1733236381035 4920.0 16154624
1733236401847 4930.0 16160000
1733236435469 4940.0 16220160
1733236461345 4950.0 16252928
1733236487403 4960.0 16285696
1733236513680 4970.0 16318464
1733236533361 4980.0 16320000
1733236568164 4990.0 16384000
1733236594074 5000.0 16416768
1733236619742 5010.0 16449536
1733236647692 5020.0 16480000
1733236674479 5030.0 16515072
1733236700405 5040.0 16547840
1733236726479 5050.0 16580608
1733236751699 5060.0 16613376
1733236778339 5070.0 16640000
1733236805984 5080.0 16678912
1733236832168 5090.0 16711680
1733236858061 5100.0 16744448
1733236883765 5110.0 16777216
1733236909328 5120.0 16800000
1733236938292 5130.0 16842752
1733236964089 5140.0 16875520
1733236990248 5150.0 16908288
1733237016116 5160.0 16941056
1733237040534 5170.0 16960000
1733237071018 5180.0 17006592
1733237096876 5190.0 17039360
1733237122576 5200.0 17072128
1733237149915 5210.0 17104896
1733237174199 5220.0 17120000
1733237205264 5230.0 17170432
1733237231115 5240.0 17203200
1733237256757 5250.0 17235968
1733237282341 5260.0 17268736
1733237304792 5270.0 17280000
1733237337216 5280.0 17334272
1733237364393 5290.0 17367040
1733237392068 5300.0 17399808
1733237418236 5310.0 17432576
1733237439586 5320.0 17440000
1733237472649 5330.0 17498112
1733237498273 5340.0 17530880
1733237523923 5350.0 17563648
1733237549515 5360.0 17596416
1733237570193 5370.0 17600000
1733237604283 5380.0 17661952
1733237630417 5390.0 17694720
1733237656386 5400.0 17727488
1733237685389 5410.0 17760000
1733237711707 5420.0 17793024
1733237738224 5430.0 17825792
1733237763947 5440.0 17858560
1733237789658 5450.0 17891328
1733237817675 5460.0 17920000
1733237844982 5470.0 17956864
1733237871091 5480.0 17989632
1733237897572 5490.0 18022400
1733237924196 5500.0 18055168
1733237950752 5510.0 18080000
1733237979303 5520.0 18120704
1733238006364 5530.0 18153472
1733238032955 5540.0 18186240
1733238059330 5550.0 18219008
1733238086102 5560.0 18240000
1733238117430 5570.0 18284544
1733238144796 5580.0 18317312
1733238170716 5590.0 18350080
1733238196358 5600.0 18382848
1733238220969 5610.0 18400000
1733238251204 5620.0 18448384
1733238278685 5630.0 18481152
1733238304529 5640.0 18513920
1733238330211 5650.0 18546688
1733238354447 5660.0 18560000
1733238386822 5670.0 18612224
1733238414126 5680.0 18644992
1733238440190 5690.0 18677760
1733238468147 5700.0 18710528
1733238491034 5710.0 18720000
1733238523983 5720.0 18776064
1733238551740 5730.0 18808832
1733238579502 5740.0 18841600
1733238605585 5750.0 18874368
1733238626954 5760.0 18880000
1733238660403 5770.0 18939904
1733238686496 5780.0 18972672
1733238712661 5790.0 19005440
1733238738579 5800.0 19038208
1733238758921 5810.0 19040000
1733238795507 5820.0 19103744
1733238821900 5830.0 19136512
1733238847922 5840.0 19169280
1733238875796 5850.0 19200000
1733238902427 5860.0 19234816
1733238928139 5870.0 19267584
1733238954259 5880.0 19300352
1733238980172 5890.0 19333120
1733239008373 5900.0 19360000
1733239036964 5910.0 19398656
1733239062828 5920.0 19431424
1733239088635 5930.0 19464192
1733239114478 5940.0 19496960
1733239141438 5950.0 19520000
1733239171160 5960.0 19562496
1733239196880 5970.0 19595264
1733239222772 5980.0 19628032
1733239249042 5990.0 19660800
1733239274392 6000.0 19680000
1733239304225 6010.0 19726336
1733239330282 6020.0 19759104
1733239356250 6030.0 19791872
1733239382254 6040.0 19824640
1733239405772 6050.0 19840000
1733239436994 6060.0 19890176
1733239462874 6070.0 19922944
1733239489513 6080.0 19955712
1733239515742 6090.0 19988480
1733239538351 6100.0 20000000
1733239570442 6110.0 20054016
1733239596941 6120.0 20086784
1733239623104 6130.0 20119552
1733239649137 6140.0 20152320
1733239671272 6150.0 20160000
1733239704779 6160.0 20217856
1733239731037 6170.0 20250624
1733239757156 6180.0 20283392
1733239783212 6190.0 20316160
1733239804010 6200.0 20320000
1733239838925 6210.0 20381696
1733239864867 6220.0 20414464
1733239890786 6230.0 20447232
1733239919709 6240.0 20480000
1733239945736 6250.0 20512768
1733239971590 6260.0 20545536
1733239997014 6270.0 20578304
1733240022633 6280.0 20611072
1733240049481 6290.0 20640000
1733240076907 6300.0 20676608
1733240103133 6310.0 20709376
1733240129010 6320.0 20742144
1733240154927 6330.0 20774912
1733240181310 6340.0 20800000
1733240209370 6350.0 20840448
1733240235338 6360.0 20873216
1733240261497 6370.0 20905984
1733240287847 6380.0 20938752
1733240313399 6390.0 20960000
1733240342978 6400.0 21004288
1733240369324 6410.0 21037056
1733240395075 6420.0 21069824
1733240421667 6430.0 21102592
1733240446386 6440.0 21120000
1733240476778 6450.0 21168128
1733240502428 6460.0 21200896
1733240528196 6470.0 21233664
1733240554105 6480.0 21266432
1733240577082 6490.0 21280000
1733240608657 6500.0 21331968
1733240634834 6510.0 21364736
1733240660975 6520.0 21397504
1733240687010 6530.0 21430272
1733240709350 6540.0 21440000
1733240741769 6550.0 21495808
1733240767404 6560.0 21528576
1733240793105 6570.0 21561344
1733240819185 6580.0 21594112
1733240839800 6590.0 21600000
1733240873184 6600.0 21659648
1733240898900 6610.0 21692416
1733240924393 6620.0 21725184
1733240950444 6630.0 21757952
1733240970693 6640.0 21760000
1733241005262 6650.0 21823488
1733241030970 6660.0 21856256
1733241056866 6670.0 21889024
1733241084298 6680.0 21920000
1733241111116 6690.0 21954560
1733241137343 6700.0 21987328
1733241163626 6710.0 22020096
1733241189794 6720.0 22052864
1733241216745 6730.0 22080000
1733241245207 6740.0 22118400
1733241271654 6750.0 22151168
1733241297564 6760.0 22183936
1733241323515 6770.0 22216704
1733241349849 6780.0 22240000
1733241378479 6790.0 22282240
1733241404633 6800.0 22315008
1733241430957 6810.0 22347776
1733241456673 6820.0 22380544
1733241481178 6830.0 22400000
1733241510212 6840.0 22446080
1733241536580 6850.0 22478848
1733241562164 6860.0 22511616
1733241587782 6870.0 22544384
1733241611222 6880.0 22560000
1733241642192 6890.0 22609920
1733241668154 6900.0 22642688
1733241694091 6910.0 22675456
1733241719456 6920.0 22708224
1733241742010 6930.0 22720000
1733241773427 6940.0 22773760
1733241799618 6950.0 22806528
1733241825758 6960.0 22839296
1733241852013 6970.0 22872064
1733241873818 6980.0 22880000
1733241906836 6990.0 22937600
1733241932604 7000.0 22970368
1733241959251 7010.0 23003136
1733241985844 7020.0 23035904
1733242006693 7030.0 23040000
1733242041551 7040.0 23101440
1733242067251 7050.0 23134208
1733242093485 7060.0 23166976
1733242119212 7070.0 23199744
1733242138759 7080.0 23200000
1733242173835 7090.0 23265280
1733242199739 7100.0 23298048
1733242226315 7110.0 23330816
1733242254165 7120.0 23360000
1733242281307 7130.0 23396352
1733242307445 7140.0 23429120
1733242334143 7150.0 23461888
1733242360582 7160.0 23494656
1733242387119 7170.0 23520000
1733242415428 7180.0 23560192
1733242441601 7190.0 23592960
1733242467355 7200.0 23625728
1733242493189 7210.0 23658496
1733242518532 7220.0 23680000
1733242547573 7230.0 23724032
1733242573262 7240.0 23756800
1733242598659 7250.0 23789568
1733242624235 7260.0 23822336
1733242648749 7270.0 23840000
1733242679053 7280.0 23887872
1733242705026 7290.0 23920640
1733242731630 7300.0 23953408
1733242757406 7310.0 23986176
1733242780582 7320.0 24000000
1733242812007 7330.0 24051712
1733242837808 7340.0 24084480
1733242863867 7350.0 24117248
1733242889710 7360.0 24150016
1733242912739 7370.0 24160000
1733242944994 7380.0 24215552
1733242970579 7390.0 24248320
1733242996438 7400.0 24281088
1733243022764 7410.0 24313856
1733243044074 7420.0 24320000
1733243078090 7430.0 24379392
1733243104174 7440.0 24412160
1733243130175 7450.0 24444928
1733243156076 7460.0 24477696
1733243176312 7470.0 24480000
1733243211128 7480.0 24543232
1733243237045 7490.0 24576000
1733243263238 7500.0 24608768
1733243291688 7510.0 24640000
1733243318464 7520.0 24674304
1733243344960 7530.0 24707072
1733243370793 7540.0 24739840
1733243396492 7550.0 24772608
1733243423528 7560.0 24800000
1733243450560 7570.0 24838144
1733243476503 7580.0 24870912
1733243502530 7590.0 24903680
1733243528242 7600.0 24936448
1733243553651 7610.0 24960000
1733243581940 7620.0 25001984
1733243607824 7630.0 25034752
1733243633942 7640.0 25067520
1733243659695 7650.0 25100288
1733243684469 7660.0 25120000
1733243713704 7670.0 25165824
1733243739663 7680.0 25198592
1733243765705 7690.0 25231360
1733243791421 7700.0 25264128
1733243815691 7710.0 25280000
1733243847049 7720.0 25329664
1733243872777 7730.0 25362432
1733243898709 7740.0 25395200
1733243924816 7750.0 25427968
1733243947504 7760.0 25440000
1733243979387 7770.0 25493504
1733244005213 7780.0 25526272
1733244030864 7790.0 25559040
1733244057389 7800.0 25591808
1733244079734 7810.0 25600000
1733244112668 7820.0 25657344
1733244138959 7830.0 25690112
1733244165093 7840.0 25722880
1733244190986 7850.0 25755648
1733244212021 7860.0 25760000
1733244247822 7870.0 25821184
1733244273813 7880.0 25853952
1733244299664 7890.0 25886720
1733244325223 7900.0 25919488
1733244344768 7910.0 25920000
1733244379465 7920.0 25985024
1733244405230 7930.0 26017792
1733244430990 7940.0 26050560
1733244458803 7950.0 26080000
1733244486008 7960.0 26116096
1733244511760 7970.0 26148864
1733244537072 7980.0 26181632
1733244562545 7990.0 26214400
1733244588874 8000.0 26240000
1733244616791 8010.0 26279936
1733244642572 8020.0 26312704
1733244668727 8030.0 26345472
1733244694905 8040.0 26378240
1733244720379 8050.0 26400000
1733244749607 8060.0 26443776
1733244775584 8070.0 26476544
1733244801801 8080.0 26509312
1733244828186 8090.0 26542080
1733244853254 8100.0 26560000
1733244883345 8110.0 26607616
1733244909260 8120.0 26640384
1733244935333 8130.0 26673152
1733244961482 8140.0 26705920
1733244984767 8150.0 26720000
1733245018088 8160.0 26771456
1733245044542 8170.0 26804224
1733245070567 8180.0 26836992
1733245096277 8190.0 26869760
1733245119020 8200.0 26880000
1733245151469 8210.0 26935296
1733245177037 8220.0 26968064
1733245202822 8230.0 27000832
1733245228339 8240.0 27033600
1733245249359 8250.0 27040000
1733245283098 8260.0 27099136
1733245308391 8270.0 27131904
1733245334277 8280.0 27164672
1733245359594 8290.0 27197440
1733245379521 8300.0 27200000
1733245413903 8310.0 27262976
1733245439688 8320.0 27295744
1733245466010 8330.0 27328512
1733245493889 8340.0 27360000
1733245520183 8350.0 27394048
1733245546141 8360.0 27426816
1733245571828 8370.0 27459584
1733245597993 8380.0 27492352
1733245625144 8390.0 27520000
1733245652611 8400.0 27557888
1733245680044 8410.0 27590656
1733245706104 8420.0 27623424
1733245732072 8430.0 27656192
1733245758389 8440.0 27680000
1733245787239 8450.0 27721728
1733245813249 8460.0 27754496
1733245839216 8470.0 27787264
1733245864984 8480.0 27820032
1733245890468 8490.0 27840000
1733245919793 8500.0 27885568
1733245945553 8510.0 27918336
1733245971304 8520.0 27951104
1733245997205 8530.0 27983872
1733246021241 8540.0 28000000
1733246052116 8550.0 28049408
1733246077725 8560.0 28082176
1733246103644 8570.0 28114944
1733246129635 8580.0 28147712
1733246152336 8590.0 28160000
1733246183586 8600.0 28213248
1733246209212 8610.0 28246016
1733246235005 8620.0 28278784
1733246260772 8630.0 28311552
1733246282666 8640.0 28320000
1733246314741 8650.0 28377088
1733246340275 8660.0 28409856
1733246366051 8670.0 28442624
1733246391602 8680.0 28475392
1733246412573 8690.0 28480000
1733246446420 8700.0 28540928
1733246472571 8710.0 28573696
1733246498273 8720.0 28606464
1733246524276 8730.0 28639232
1733246544118 8740.0 28640000
1733246579392 8750.0 28704768
1733246605298 8760.0 28737536
1733246631235 8770.0 28770304
1733246659069 8780.0 28800000
1733246686486 8790.0 28835840
1733246712904 8800.0 28868608
1733246739047 8810.0 28901376
1733246765264 8820.0 28934144
1733246793244 8830.0 28960000
1733246822215 8840.0 28999680
1733246847766 8850.0 29032448
1733246874217 8860.0 29065216
1733246900077 8870.0 29097984
1733246925452 8880.0 29120000
1733246954645 8890.0 29163520
1733246980652 8900.0 29196288
1733247006372 8910.0 29229056
1733247032214 8920.0 29261824
1733247056964 8930.0 29280000
1733247086732 8940.0 29327360
1733247112343 8950.0 29360128
1733247138301 8960.0 29392896
1733247164000 8970.0 29425664
1733247187213 8980.0 29440000
1733247218330 8990.0 29491200
1733247244097 9000.0 29523968
1733247269464 9010.0 29556736
1733247295616 9020.0 29589504
1733247318267 9030.0 29600000
1733247350532 9040.0 29655040
1733247376526 9050.0 29687808
1733247402632 9060.0 29720576
1733247428812 9070.0 29753344
1733247450085 9080.0 29760000
1733247483315 9090.0 29818880
1733247509449 9100.0 29851648
1733247535411 9110.0 29884416
1733247561656 9120.0 29917184
1733247582281 9130.0 29920000
1733247616884 9140.0 29982720
1733247642822 9150.0 30015488
1733247669094 9160.0 30048256
1733247699006 9170.0 30080000
1733247726567 9180.0 30113792
1733247752486 9190.0 30146560
1733247778953 9200.0 30179328
1733247804898 9210.0 30212096
1733247832371 9220.0 30240000
1733247859929 9230.0 30277632
1733247886184 9240.0 30310400
1733247912531 9250.0 30343168
1733247938139 9260.0 30375936
1733247964526 9270.0 30400000
1733247992879 9280.0 30441472
1733248019597 9290.0 30474240
1733248045670 9300.0 30507008
1733248071518 9310.0 30539776
1733248096926 9320.0 30560000
1733248126585 9330.0 30605312
1733248152465 9340.0 30638080
1733248179039 9350.0 30670848
1733248205330 9360.0 30703616
1733248229958 9370.0 30720000
1733248260932 9380.0 30769152
1733248286742 9390.0 30801920
1733248313053 9400.0 30834688
1733248339369 9410.0 30867456
1733248362465 9420.0 30880000
1733248394481 9430.0 30932992
1733248420912 9440.0 30965760
1733248446769 9450.0 30998528
1733248472867 9460.0 31031296
1733248495123 9470.0 31040000
1733248528667 9480.0 31096832
1733248555083 9490.0 31129600
1733248581566 9500.0 31162368
1733248608265 9510.0 31195136
1733248629710 9520.0 31200000
1733248664463 9530.0 31260672
1733248690539 9540.0 31293440
1733248716569 9550.0 31326208
1733248742532 9560.0 31358976
1733248762290 9570.0 31360000
1733248797698 9580.0 31424512
1733248824106 9590.0 31457280
1733248850151 9600.0 31490048
1733248878056 9610.0 31520000
1733248904324 9620.0 31555584
1733248930241 9630.0 31588352
1733248956184 9640.0 31621120
1733248982321 9650.0 31653888
1733249009425 9660.0 31680000
1733249038184 9670.0 31719424
1733249064215 9680.0 31752192
1733249090266 9690.0 31784960
1733249116248 9700.0 31817728
1733249142480 9710.0 31840000
1733249172256 9720.0 31883264
1733249198016 9730.0 31916032
1733249223759 9740.0 31948800
1733249249719 9750.0 31981568
1733249274454 9760.0 32000000
1733249305122 9770.0 32047104
1733249331353 9780.0 32079872
1733249357522 9790.0 32112640
1733249383458 9800.0 32145408
1733249407103 9810.0 32160000
1733249438007 9820.0 32210944
1733249463792 9830.0 32243712
1733249489901 9840.0 32276480
1733249515727 9850.0 32309248
1733249538531 9860.0 32320000
1733249571353 9870.0 32374784
1733249597773 9880.0 32407552
1733249623683 9890.0 32440320
1733249649769 9900.0 32473088
1733249671760 9910.0 32480000
1733249704885 9920.0 32538624
1733249731463 9930.0 32571392
1733249757940 9940.0 32604160
1733249783928 9950.0 32636928
1733249804380 9960.0 32640000
1733249838918 9970.0 32702464
1733249864945 9980.0 32735232
1733249890902 9990.0 32768000
1733249919604 10000.0 32800000
1733249946401 10010.0 32833536
1733249972799 10020.0 32866304
1733249998871 10030.0 32899072
1733250025133 10040.0 32931840
1733250052809 10050.0 32960000
1733250080644 10060.0 32997376
1733250107201 10070.0 33030144
1733250133475 10080.0 33062912
1733250159661 10090.0 33095680
1733250185946 10100.0 33120000
1733250215132 10110.0 33161216
1733250241182 10120.0 33193984
1733250267629 10130.0 33226752
1733250293743 10140.0 33259520
1733250318808 10150.0 33280000
1733250348904 10160.0 33325056
1733250374881 10170.0 33357824
1733250400945 10180.0 33390592
1733250426781 10190.0 33423360
1733250450791 10200.0 33440000
1733250481752 10210.0 33488896
1733250507791 10220.0 33521664
1733250533872 10230.0 33554432
1733250559641 10240.0 33587200
1733250582516 10250.0 33600000
