1733223242907 0.03378049837137951 65536
1733223270301 0.006162585775473417 98304
1733223298149 0.0011768798567857175 131072
1733223325335 0.00046680597521913113 160000
1733223354633 0.0003542077897350282 196608
1733223380611 0.00024585587654826215 229376
1733223407474 0.0001864320443729639 262144
1733223433928 0.00014185481581492355 294912
1733223460329 0.00018600653239246866 320000
1733223489304 0.0002083926929547175 360448
1733223517527 0.00020588924605888793 393216
1733223543805 8.404247389286468e-05 425984
1733223569906 0.00017134096621163053 458752
1733223594574 3.856782062907627e-05 480000
1733223624197 3.249457084812946e-05 524288
1733223650106 4.022503258571675e-05 557056
1733223676582 8.631444822935209e-05 589824
1733223702959 0.00015605009499353173 622592
1733223727583 0.00029465190690380894 640000
1733223758349 0.00037467290625734504 688128
1733223784479 0.0002768891560599229 720896
1733223810206 0.0001233702543034454 753664
1733223836335 0.0002734314586378517 786432
1733223859853 0.0004335825528730908 800000
1733223891418 0.0003912747889414092 851968
1733223917535 0.00036925294480276704 884736
1733223943720 0.0005305916199880301 917504
1733223969915 0.00027575753957140845 950272
1733223992256 0.00048175919859865245 960000
1733224025046 0.0005301273376307591 1015808
1733224051389 0.0008142788652378385 1048576
1733224077289 0.000605600231448733 1081344
1733224103399 0.0009241746312252275 1114112
1733224123801 0.00023025300827619332 1120000
1733224157233 0.00023501921298301197 1179648
1733224183025 0.00058799794852753 1212416
1733224209485 0.0007603911114856032 1245184
1733224235636 0.0009632297875803886 1277952
1733224255880 0.000904732760701421 1280000
1733224290915 0.0011001139997745212 1343488
1733224317121 0.0013222646306331853 1376256
1733224343147 0.0006113692469021714 1409024
1733224371843 0.0009160864562389292 1440000
1733224398398 0.0008469714101146053 1474560
1733224424224 0.0010594358974373107 1507328
1733224450400 0.0012890798386997915 1540096
1733224476144 0.002170781873979877 1572864
1733224503309 0.001664746574041942 1600000
1733224531329 0.0015282846263289685 1638400
1733224557514 0.0010585756610993259 1671168
1733224583723 0.0009033917670272729 1703936
1733224609916 0.0011565744495754871 1736704
1733224636171 0.0012766127637632962 1760000
1733224665328 0.0020325714032139786 1802240
1733224691510 0.0019055674252115296 1835008
1733224717531 0.001909110481716425 1867776
1733224743215 0.002416188541710085 1900544
1733224768146 0.0014158547479866002 1920000
1733224798374 0.002586870320922685 1966080
1733224824500 0.001674511148277702 1998848
1733224850809 0.0014144339285451224 2031616
1733224876730 0.001610880408655646 2064384
1733224900426 0.0012304117905443945 2080000
1733224931044 0.0012851829604812793 2129920
1733224956686 0.001357585622007207 2162688
1733224982846 0.0016712717252346464 2195456
1733225009205 0.0014601404561403798 2228224
1733225031777 0.0019276168467925459 2240000
1733225063939 0.0017516610604673133 2293760
1733225090265 0.0021303647276909032 2326528
1733225116535 0.0026645243415003962 2359296
1733225142608 0.001473152551596968 2392064
1733225164603 0.0014344438575349728 2400000
1733225198223 0.00236717222170455 2457600
1733225224369 0.0020430958843704163 2490368
1733225249953 0.0018729318729697297 2523136
1733225275603 0.002478802997973162 2555904
1733225295966 0.002071752361717927 2560000
1733225331748 0.0023092173375005133 2621440
1733225357857 0.0025130378537028264 2654208
1733225383658 0.0020043378642100153 2686976
1733225409215 0.0021553593589231923 2719744
1733225429042 0.001970775366865496 2720000
1733225464302 0.0019685344004884086 2785280
1733225489861 0.0017370599593789394 2818048
1733225515223 0.002265405668097742 2850816
1733225542797 0.0017791205529192667 2880000
1733225569902 0.0024251163021915545 2916352
1733225596402 0.002556963583745642 2949120
1733225622677 0.002280306109491903 2981888
1733225649603 0.0022583486288198173 3014656
1733225676620 0.002564568728783456 3040000
1733225705503 0.0025582366435003222 3080192
1733225731663 0.0021716976458662886 3112960
1733225758263 0.0018107016361824436 3145728
1733225784331 0.0024681490357124857 3178496
1733225810057 0.0020137398580118314 3200000
1733225839257 0.0021471451386759098 3244032
1733225865358 0.0021922731149444986 3276800
1733225891083 0.0018346689108227564 3309568
1733225917211 0.001899533213986615 3342336
1733225941554 0.002084808580340791 3360000
1733225971719 0.0015974666924492454 3407872
1733225997962 0.0025562927546616265 3440640
1733226023538 0.002956404452262973 3473408
1733226049089 0.001876336353572583 3506176
1733226072082 0.0027659261494989095 3520000
1733226103082 0.0025652695367426757 3571712
1733226128911 0.0018329383018908629 3604480
1733226154776 0.0024188806430970543 3637248
1733226181102 0.0021834356918560617 3670016
1733226203729 0.002368835717382467 3680000
1733226236003 0.0019704746766535663 3735552
1733226261838 0.002403567346402724 3768320
1733226288039 0.0020760367845298333 3801088
1733226313898 0.002947878636985024 3833856
1733226335280 0.0024032821520023617 3840000
1733226368829 0.002362706773311629 3899392
1733226394534 0.002334752754026681 3932160
1733226420247 0.0017524380009803053 3964928
1733226446205 0.0031402309009081362 3997696
1733226466584 0.002630408940308371 4000000
1733226501546 0.0029810497166948835 4063232
1733226527500 0.0025949375700463407 4096000
1733226553159 0.0025489850110773206 4128768
1733226581416 0.0025113663380068375 4160000
1733226607585 0.00259276679795164 4194304
1733226633496 0.002636287131423387 4227072
1733226659611 0.00235416654398648 4259840
1733226685887 0.0028760279240088948 4292608
1733226713751 0.0020149063508341667 4320000
1733226741454 0.0020868537266011344 4358144
1733226767372 0.0020716466388449816 4390912
1733226793306 0.002258243806858218 4423680
1733226819465 0.002615435877328309 4456448
1733226846331 0.0024499354748996893 4480000
1733226874883 0.0020248178494711054 4521984
1733226900692 0.0018608396633965185 4554752
1733226926619 0.0025911888358407962 4587520
1733226952444 0.0022654579665470466 4620288
1733226977422 0.0024046965496751227 4640000
1733227007597 0.002089800894691507 4685824
1733227033439 0.0018548137936505783 4718592
1733227059223 0.002716329001947315 4751360
1733227085324 0.002281621270375922 4784128
1733227108868 0.00244758582335578 4800000
1733227139523 0.0028634139862447226 4849664
1733227165435 0.002779120173667593 4882432
1733227191719 0.0024711287966596275 4915200
1733227217492 0.002468883607321004 4947968
1733227240943 0.0021348792368542035 4960000
1733227273351 0.002580009600274025 5013504
1733227299431 0.0028201922743278374 5046272
1733227325435 0.0025441479575022186 5079040
1733227351608 0.002222465575371757 5111808
1733227373481 0.0025614856994195636 5120000
1733227406312 0.003026503937641678 5177344
1733227432521 0.003135399504481029 5210112
1733227458289 0.002891521581159395 5242880
1733227483990 0.0023792684766874572 5275648
1733227504442 0.002385026186644268 5280000
1733227538427 0.003001976717280286 5341184
1733227564544 0.0032438105717631062 5373952
1733227590609 0.0022002769640437235 5406720
1733227616429 0.002697300185420204 5439488
1733227635912 0.0025077621304291143 5440000
1733227670694 0.003066603138489654 5505024
1733227696687 0.002946975661765805 5537792
1733227722387 0.0023787716517176703 5570560
1733227750271 0.0026282207440686987 5600000
1733227777297 0.0033004337201191446 5636096
1733227803599 0.0027586216798738405 5668864
1733227829916 0.002701202535632774 5701632
1733227856078 0.002329091414270579 5734400
1733227883001 0.002364732880300835 5760000
1733227911315 0.00180068081249658 5799936
1733227937003 0.002986511599024766 5832704
1733227963644 0.0031781649165282034 5865472
1733227989821 0.0023700299368556443 5898240
1733228015156 0.0025395260321857903 5920000
1733228044190 0.0034406772468315696 5963776
1733228070325 0.0022945692571823884 5996544
1733228095975 0.002801199112246877 6029312
1733228121681 0.0027896839923016612 6062080
1733228146028 0.0024001248856961865 6080000
1733228175870 0.002565682065335295 6127616
1733228201638 0.002570654963281527 6160384
1733228227753 0.002363737732548543 6193152
1733228253464 0.0029341879641776813 6225920
1733228276991 0.0027236723783857996 6240000
1733228308360 0.0027711672064327786 6291456
1733228333986 0.0023021685577418794 6324224
1733228359979 0.002959135303865423 6356992
1733228386288 0.002960494784133516 6389760
1733228408982 0.0025330173607073904 6400000
1733228441238 0.0026323523303688036 6455296
1733228467581 0.0027433038704884893 6488064
1733228494073 0.0026580497442182604 6520832
1733228519932 0.0030510646852462743 6553600
1733228541010 0.0025092959090557087 6560000
1733228574500 0.003097703486284331 6619136
1733228600076 0.0027832253209311374 6651904
1733228625785 0.0028133747282026887 6684672
1733228651628 0.0030195361400302545 6717440
1733228672024 0.0025428571657926113 6720000
1733228707021 0.002884378548478139 6782976
1733228732880 0.002588905616619286 6815744
1733228758640 0.0020878825475676875 6848512
1733228786465 0.002910427497965884 6880000
1733228812698 0.0031324859850428767 6914048
1733228838417 0.00370879174462857 6946816
1733228864165 0.002913480423535475 6979584
1733228889742 0.0026856424875859376 7012352
1733228916912 0.002583728338586866 7040000
1733228944429 0.002370261003582641 7077888
1733228970506 0.0028227925741703074 7110656
1733228996395 0.0028741192819779827 7143424
1733229022158 0.0036124410023546717 7176192
1733229048392 0.0031087681264352794 7200000
1733229077071 0.002207032943942977 7241728
1733229103130 0.0027686746592848976 7274496
1733229129115 0.0025393967978914133 7307264
1733229156907 0.0027900633123920217 7340032
1733229182074 0.0022148184116645097 7360000
1733229211549 0.002767495888039662 7405568
1733229237108 0.0021105606621347308 7438336
1733229263042 0.0024213509206049365 7471104
1733229288685 0.0032065281497239083 7503872
1733229312765 0.002280911968102828 7520000
1733229345161 0.00205882031571889 7569408
1733229370920 0.0029953473074954217 7602176
1733229396624 0.002045238724085152 7634944
1733229422379 0.0030049544698215413 7667712
1733229445164 0.002255046853690601 7680000
1733229476847 0.003113711444160572 7733248
1733229502623 0.002707138481659399 7766016
1733229528558 0.0025704746253524037 7798784
1733229554709 0.0024929119462910876 7831552
1733229578152 0.002594672471781223 7840000
1733229612501 0.0027069825844677096 7897088
1733229638969 0.0019754896496948504 7929856
1733229664878 0.0028402461092355224 7962624
1733229690879 0.0025494155913349916 7995392
1733229711924 0.002363182436373279 8000000
1733229746097 0.00306577807871804 8060928
1733229772396 0.0032899061218643055 8093696
1733229798478 0.002837223117219878 8126464
1733229824575 0.0025838993029822176 8159232
1733229844242 0.0025809619387814563 8160000
1733229878910 0.0023531325312688978 8224768
1733229905298 0.002785301983607269 8257536
1733229930954 0.0030139456995300407 8290304
1733229958904 0.0026913941592454195 8320000
1733229986276 0.0027677501520031456 8355840
1733230012534 0.0030575950323083133 8388608
1733230038510 0.0022991887056917903 8421376
1733230064577 0.002429304928037368 8454144
1733230091486 0.0023323340122004764 8480000
1733230120027 0.0024675736297893993 8519680
1733230146566 0.002482346213514575 8552448
1733230172987 0.0023016681478196686 8585216
1733230199672 0.0025985916457244686 8617984
1733230225894 0.00271833308729299 8640000
1733230255328 0.002592291617884257 8683520
1733230283729 0.00204286676618608 8716288
1733230310727 0.002468925239442399 8749056
1733230337870 0.0024657551680917324 8781824
1733230363068 0.002571684214274228 8800000
1733230394250 0.0021731109457874707 8847360
1733230421015 0.00265365334436467 8880128
1733230449124 0.0030171613081677153 8912896
1733230475551 0.003257726283430884 8945664
1733230499880 0.0027006834815409774 8960000
1733230531593 0.0025780671445971848 9011200
1733230557984 0.0026928435176614583 9043968
1733230584517 0.002848248439886447 9076736
1733230611042 0.002798585898850092 9109504
1733230635056 0.00298478660150181 9120000
1733230668831 0.002529979699815499 9175040
1733230695611 0.002718060067863348 9207808
1733230722880 0.0030556731183935424 9240576
1733230749404 0.0030101749920191877 9273344
1733230771000 0.0025973775550767186 9280000
1733230805277 0.0018757702722950853 9338880
1733230831521 0.0021465378216618093 9371648
1733230857737 0.002806105708140194 9404416
1733230883628 0.002561665575541383 9437184
1733230904813 0.002641102887596958 9440000
1733230939431 0.0028436854536778356 9502720
1733230966459 0.0034033788936142172 9535488
1733230992468 0.00269761703419249 9568256
1733231021405 0.002811883835880735 9600000
1733231048520 0.0030370700780366633 9633792
1733231074438 0.0034851332793209623 9666560
1733231101088 0.0028966425809414885 9699328
1733231127582 0.0031514178428892594 9732096
1733231156064 0.0023265998944140163 9760000
1733231184505 0.0029087762742278757 9797632
1733231210857 0.002815616233471019 9830400
1733231237990 0.0025789276037414765 9863168
1733231264691 0.0025429873277431625 9895936
1733231291276 0.0027934752864211985 9920000
1733231320778 0.0027169363353010565 9961472
1733231347240 0.0023119008491761404 9994240
1733231373414 0.0029756992827344674 10027008
1733231401052 0.002590326013952904 10059776
1733231426831 0.0024472433534384664 10080000
1733231457050 0.0028318900542188886 10125312
1733231483543 0.0038395430921923436 10158080
1733231510155 0.002933737099741052 10190848
1733231536814 0.002885822676847738 10223616
1733231561157 0.003096435961407451 10240000
1733231592340 0.002315774611972188 10289152
1733231619058 0.0028015360950462307 10321920
1733231645372 0.002743342362526846 10354688
1733231671965 0.0031637107951780763 10387456
1733231695988 0.002758982297706325 10400000
1733231729397 0.0026117084724205596 10452992
1733231755626 0.003052967775454363 10485760
1733231781603 0.0027767959559525934 10518528
1733231809549 0.0029347239537912627 10551296
1733231832385 0.003085454529997378 10560000
1733231866255 0.0027168694090164537 10616832
1733231893368 0.002002863747520678 10649600
1733231919590 0.00263629199848765 10682368
1733231945528 0.003133177367647022 10715136
1733231966638 0.0022849810803279524 10720000
1733232001034 0.0025031378516274573 10780672
1733232027278 0.002458311139292846 10813440
1733232053331 0.0025498557459542326 10846208
1733232078802 0.0031321117267452793 10878976
1733232098846 0.002605710015947693 10880000
1733232133649 0.0029174036840430516 10944512
1733232159199 0.002767676382725881 10977280
1733232186394 0.002509912530325664 11010048
1733232214711 0.002558596227234489 11040000
1733232241792 0.0028085587358589238 11075584
1733232267734 0.00306845503580746 11108352
1733232294224 0.0024498031732548497 11141120
1733232320631 0.0021421677162408058 11173888
1733232347745 0.002476335860103518 11200000
1733232376040 0.0018250871190730322 11239424
1733232402221 0.002627514376578688 11272192
1733232428818 0.0031911307191336393 11304960
1733232454887 0.0023768593333187483 11337728
1733232480621 0.002605084090100718 11360000
1733232509648 0.0027296169955036476 11403264
1733232535273 0.0021947242847019767 11436032
1733232561174 0.0030759062105403245 11468800
1733232587217 0.0030762872571699516 11501568
1733232611775 0.002402087269982189 11520000
1733232643553 0.0026411906123655626 11567104
1733232669858 0.003067041655239677 11599872
1733232695803 0.0034726646982335295 11632640
1733232721310 0.003233092209370625 11665408
1733232744321 0.0025475926740540444 11680000
1733232775361 0.003437736694564819 11730944
1733232801345 0.0025902982125543873 11763712
1733232827315 0.0037314019960206224 11796480
1733232853347 0.0033014810480182176 11829248
1733232875865 0.0030814117332283787 11840000
1733232908668 0.0035601574185875505 11894784
1733232934924 0.003251219219595214 11927552
1733232961091 0.0032410655468339657 11960320
1733232987583 0.0027445700547644946 11993088
1733233008535 0.0028610378948343397 12000000
1733233042026 0.0023702547648269956 12058624
1733233067932 0.0029855111969766313 12091392
1733233093470 0.0029940645886824767 12124160
1733233119146 0.0024632796372600295 12156928
1733233139465 0.0026072431381493288 12160000
1733233174106 0.002176416728096342 12222464
1733233200572 0.002949572691491653 12255232
1733233226056 0.00205758686554276 12288000
1733233254392 0.003196857810158349 12320000
1733233280433 0.003168545711605475 12353536
1733233306375 0.003237434029824726 12386304
1733233332260 0.0027337684395547512 12419072
1733233358248 0.00320225909069336 12451840
1733233387369 0.003083875113861723 12480000
1733233415836 0.003311920134174784 12517376
1733233442195 0.002577745830322442 12550144
1733233468317 0.002957461305726383 12582912
1733233494073 0.002567824266790808 12615680
1733233520469 0.0023168997469070972 12640000
1733233548919 0.002556047517254001 12681216
1733233574666 0.0027993317208483857 12713984
1733233600601 0.003346271039453086 12746752
1733233626876 0.0025781734431859606 12779520
1733233652380 0.0030996984165199137 12800000
1733233682235 0.0026312165936246855 12845056
1733233709855 0.002589501179537024 12877824
1733233735525 0.0027672654099319518 12910592
1733233761488 0.0022244970639292206 12943360
1733233786257 0.003135452850452225 12960000
1733233816898 0.002956935487117107 13008896
1733233843125 0.0028946542024812063 13041664
1733233869357 0.0031263515304345902 13074432
1733233895467 0.0024898764647730332 13107200
1733233918718 0.0020659652155160303 13120000
1733233951464 0.0025075415524412393 13172736
1733233977738 0.0027425143367622697 13205504
1733234004232 0.002242481641184213 13238272
1733234030546 0.0024982353117195544 13271040
1733234052752 0.002124725995284393 13280000
1733234086221 0.0025273741500711822 13336576
1733234112555 0.002145812391677282 13369344
1733234138774 0.0025270349402148895 13402112
1733234164922 0.0021785757080664326 13434880
1733234185914 0.0025578346091180036 13440000
1733234219491 0.0031695789713467094 13500416
1733234245051 0.0022892294846371896 13533184
1733234271201 0.0033863749081945115 13565952
1733234297511 0.002967512415528972 13598720
1733234317643 0.00299297246604624 13600000
1733234353233 0.002274293676143202 13664256
1733234379580 0.0030866623276267547 13697024
1733234405321 0.003045246674798818 13729792
1733234433417 0.00306338148951113 13760000
1733234460055 0.002378343946375594 13795328
1733234486158 0.0022499822783714762 13828096
1733234512602 0.002311761485120201 13860864
1733234538326 0.0021307143754711435 13893632
1733234565452 0.003075182097632023 13920000
1733234593336 0.002257729384521667 13959168
1733234619112 0.0025573750016206986 13991936
1733234644771 0.0024973139774914443 14024704
1733234670922 0.0022489998432519086 14057472
1733234696298 0.002228149986723338 14080000
1733234725282 0.0022309256319644533 14123008
1733234751416 0.0028436887357855766 14155776
1733234777712 0.002756575890498425 14188544
1733234803528 0.003147807818393744 14221312
1733234827785 0.00361674179792999 14240000
1733234858422 0.0029232320484197773 14286848
1733234884337 0.001982306411454715 14319616
1733234910096 0.002682561785013604 14352384
1733234935698 0.002769301687339976 14385152
1733234959232 0.0037211259197533764 14400000
1733234990307 0.0035107609714572162 14450688
1733235016082 0.0027456792832936117 14483456
1733235042267 0.002972849840642766 14516224
1733235068626 0.001955968243538564 14548992
1733235092645 0.002852566513894317 14560000
1733235126685 0.002362269802418382 14614528
1733235152819 0.002741331168132888 14647296
1733235178995 0.0024607853808987557 14680064
1733235205271 0.002965592987990817 14712832
1733235228325 0.0021297286179219554 14720000
1733235262847 0.0019048600681372818 14778368
1733235288657 0.0029714871371112395 14811136
1733235314982 0.00295828200609094 14843904
1733235341028 0.0025144901456002344 14876672
1733235361261 0.0026900672721296816 14880000
1733235397187 0.00278443907919268 14942208
1733235422902 0.002645448346777357 14974976
1733235448721 0.0031775207024935526 15007744
1733235476429 0.0029437334426972938 15040000
1733235502805 0.0025370086662320547 15073280
1733235528821 0.0027810013003261246 15106048
1733235554730 0.0031046315920036705 15138816
1733235581076 0.0026174969414199723 15171584
1733235608192 0.002576603468560279 15200000
1733235635561 0.002615542718905317 15237120
1733235662302 0.002911292405065069 15269888
1733235687928 0.0026400095783486676 15302656
1733235713891 0.00245846657721529 15335424
1733235741106 0.002559924248265588 15360000
1733235769720 0.0029177261727454606 15400960
1733235795804 0.003078588909986024 15433728
1733235821738 0.00257251520864088 15466496
1733235847617 0.0030898453729946594 15499264
1733235872803 0.003575164249664908 15520000
1733235902182 0.003926217342217342 15564800
1733235928527 0.002909783339143246 15597568
1733235954606 0.003464517198511885 15630336
1733235980844 0.0029735806941516784 15663104
1733236004810 0.0033893635790292363 15680000
1733236035542 0.0030879805289373507 15728640
1733236061487 0.002269161552246146 15761408
1733236087146 0.002618184241643462 15794176
1733236112709 0.002088578980294642 15826944
1733236135841 0.0023992947538403085 15840000
1733236167731 0.003011788927759085 15892480
1733236193795 0.0023791753681905448 15925248
1733236219917 0.0027266486929534038 15958016
1733236247900 0.0030210712878471213 15990784
1733236270699 0.00322866875478951 16000000
1733236304065 0.002347488818516297 16056320
1733236329777 0.002504145882068087 16089088
1733236355532 0.003456848824433223 16121856
1733236381066 0.0032677793098827125 16154624
1733236401896 0.0035996565891593946 16160000
1733236435493 0.0026163512308869487 16220160
1733236461370 0.003476225206256345 16252928
1733236487429 0.003633780761245475 16285696
1733236513705 0.003628824656453844 16318464
1733236533378 0.0026080706004762534 16320000
1733236568201 0.0029705319781072603 16384000
1733236594141 0.0032077518873194323 16416768
1733236619767 0.0030268656704123486 16449536
1733236647729 0.0028339695196223148 16480000
1733236674501 0.002537568649779587 16515072
1733236700430 0.002024294367231505 16547840
1733236726498 0.002871898641495818 16580608
1733236751716 0.0031304257008144985 16613376
1733236778358 0.0032399747620928563 16640000
1733236806053 0.002297421068195149 16678912
1733236832201 0.002746920013903775 16711680
1733236858077 0.0028446412987335632 16744448
1733236883787 0.002926074913358434 16777216
1733236909349 0.0030441830601432686 16800000
1733236938353 0.002376601581508453 16842752
1733236964156 0.0026873065183195878 16875520
1733236990275 0.0023347007490713166 16908288
1733237016133 0.002455758251873874 16941056
1733237040550 0.002771678063979266 16960000
1733237071066 0.002519545268532397 17006592
1733237096893 0.002685982796893427 17039360
1733237122619 0.003560432546674974 17072128
1733237150166 0.0033187684891430535 17104896
1733237174286 0.0031140388831801145 17120000
1733237205361 0.0027529243330405963 17170432
1733237231249 0.002823543364669945 17203200
1733237256780 0.002748489105425733 17235968
1733237282366 0.0028301996260978513 17268736
1733237304867 0.0029462214249718955 17280000
1733237337265 0.003548420412602127 17334272
1733237364798 0.0026122005233787603 17367040
1733237392304 0.0033517191793976052 17399808
1733237418286 0.002960755433835516 17432576
1733237439621 0.0030829653172872893 17440000
1733237472670 0.0024864945313993305 17498112
1733237498290 0.002622955234693336 17530880
1733237523939 0.002748234822971085 17563648
1733237549532 0.002880115392690641 17596416
1733237570259 0.0023591819351253206 17600000
1733237604300 0.0021562814625553984 17661952
1733237630433 0.002993180550978991 17694720
1733237656420 0.0030253401048753402 17727488
1733237685530 0.003929964195953062 17760000
1733237711824 0.002818217288103142 17793024
1733237738311 0.0029507188191416843 17825792
1733237764031 0.0030243646981659824 17858560
1733237789766 0.002295658892234087 17891328
1733237817725 0.0025426933899439065 17920000
1733237845042 0.0024845062900851643 17956864
1733237871137 0.0034037563361636104 17989632
1733237897761 0.003027084016821391 18022400
1733237924388 0.0035897174446176904 18055168
1733237950791 0.00265909609306334 18080000
1733237979369 0.002770797626021704 18120704
1733238006623 0.0029168043618199137 18153472
1733238032971 0.0023447446383642045 18186240
1733238059364 0.0030899704630002133 18219008
1733238086348 0.002372339485430075 18240000
1733238117588 0.002855115168330258 18284544
1733238144923 0.0030212180316425475 18317312
1733238170733 0.003503981111194321 18350080
1733238196375 0.002934965981575033 18382848
1733238221000 0.003783959196238129 18400000
1733238251239 0.00287154171273869 18448384
1733238278939 0.002816940438631832 18481152
1733238304546 0.0028192791129157515 18513920
1733238330229 0.0024941700173485514 18546688
1733238354706 0.0031592525820315132 18560000
1733238386838 0.002622101377218655 18612224
1733238414410 0.0036498327788137886 18644992
1733238440215 0.002383404312686821 18677760
1733238468394 0.002687441305172911 18710528
1733238491051 0.0029385446674922377 18720000
1733238524000 0.0026488221553108817 18776064
1733238552001 0.002525053735260485 18808832
1733238579647 0.0036772352172135927 18841600
1733238605602 0.0027973832220425264 18874368
1733238626985 0.0027954359912030213 18880000
1733238660420 0.0023379522880219382 18939904
1733238686529 0.0024559368188818097 18972672
1733238712713 0.0037044202961538986 19005440
1733238738611 0.0019662842908161338 19038208
1733238759038 0.0033713824182598274 19040000
1733238795774 0.0030503017212595296 19103744
1733238821950 0.002915171807885031 19136512
1733238847947 0.003228220203462229 19169280
1733238875826 0.003440623554564581 19200000
1733238902452 0.00327739023822744 19234816
1733238928161 0.0021292066834973865 19267584
1733238954284 0.001930727389643039 19300352
1733238980201 0.0023801442369872916 19333120
1733239008639 0.0019703844775449397 19360000
1733239036994 0.002074239246857701 19398656
1733239062885 0.0026714740100260313 19431424
1733239088663 0.0022958369828543824 19464192
1733239114518 0.0030851540148802313 19496960
1733239141739 0.0021089071595014274 19520000
1733239171198 0.002788689182074222 19562496
1733239196913 0.002626743193849279 19595264
1733239222811 0.0023229225765916796 19628032
1733239249374 0.002578185657581855 19660800
1733239274431 0.0037633621811380634 19680000
1733239304251 0.0027324432943430566 19726336
1733239330321 0.0032411332534707073 19759104
1733239356275 0.003056210313991414 19791872
1733239382279 0.0032417922243269002 19824640
1733239405794 0.0029810338693863512 19840000
1733239437022 0.0022608188103106384 19890176
1733239462903 0.003364598747452874 19922944
1733239489622 0.0029679926914980117 19955712
1733239515766 0.0035662319051823488 19988480
1733239538368 0.003346433156784201 20000000
1733239570459 0.0022131718255224086 20054016
1733239596974 0.003864188117634626 20086784
1733239623128 0.0030320919746031905 20119552
1733239649195 0.0030241647646818137 20152320
1733239671289 0.0028724050117773458 20160000
1733239704814 0.002376562143061278 20217856
1733239731064 0.0030449573799387506 20250624
1733239757173 0.0026016977414656138 20283392
1733239783279 0.002815207728113478 20316160
1733239804060 0.0033079339082888737 20320000
1733239838950 0.0033720701673473743 20381696
1733239864884 0.002266869190509624 20414464
1733239890914 0.003950508156802357 20447232
1733239919727 0.002553354752330961 20480000
1733239945786 0.002237919848413128 20512768
1733239971646 0.003284093283420475 20545536
1733239997030 0.0033138919823841205 20578304
1733240022654 0.0028909647192648436 20611072
1733240049498 0.0030621949559304085 20640000
1733240076940 0.0028833365897696695 20676608
1733240103150 0.002931321807739096 20709376
1733240129160 0.0028624862323852083 20742144
1733240154943 0.002749108764101038 20774912
1733240181328 0.002634652609044963 20800000
1733240209386 0.0030720544024177344 20840448
1733240235354 0.0019095957402399221 20873216
1733240261514 0.0027093145956655464 20905984
1733240287872 0.0036875142289062523 20938752
1733240313436 0.0032231059985065257 20960000
1733240343011 0.0029720321619493006 21004288
1733240369341 0.002486615381067736 21037056
1733240395092 0.0027177906271077744 21069824
1733240421780 0.0029527322494686814 21102592
1733240446403 0.003212013355928889 21120000
1733240476795 0.003095413586461859 21168128
1733240502444 0.0032030437319662043 21200896
1733240528213 0.003588690463789135 21233664
1733240554139 0.0034195398339733176 21266432
1733240577099 0.0028035700680050014 21280000
1733240608673 0.002773076106970507 21331968
1733240634851 0.0026704149078824457 21364736
1733240660992 0.002695461162558388 21397504
1733240687026 0.0031570465072263687 21430272
1733240709633 0.0040698060527574855 21440000
1733240741786 0.0027826556567475793 21495808
1733240767421 0.00257569970395366 21528576
1733240793122 0.0025274155114274775 21561344
1733240819232 0.0027772860268612475 21594112
1733240839817 0.0027007031070183985 21600000
1733240873200 0.0023066155017019696 21659648
1733240898917 0.002500827090568691 21692416
1733240924410 0.003307601135946925 21725184
1733240950461 0.0030715564650876104 21757952
1733240970784 0.00326149027006295 21760000
1733241005279 0.003118845881530774 21823488
1733241031030 0.002858878870151216 21856256
1733241056898 0.002630308963600214 21889024
1733241084315 0.003532117270978574 21920000
1733241111139 0.0030892345161930733 21954560
1733241137406 0.0027581293857423363 21987328
1733241163643 0.003534149460080016 22020096
1733241189811 0.002884123116055548 22052864
1733241216761 0.0033937163322775633 22080000
1733241245228 0.003516720055432643 22118400
1733241271671 0.002196414929380808 22151168
1733241297580 0.0028802625331820764 22183936
1733241323531 0.003122381400507379 22216704
1733241349866 0.0022298769484194736 22240000
1733241378513 0.0029970300286635164 22282240
1733241404650 0.003071198823374743 22315008
1733241431007 0.003192538157719582 22347776
1733241456694 0.0030089275457044094 22380544
1733241481195 0.0028321181039245857 22400000
1733241510237 0.0034118097572701346 22446080
1733241536605 0.0029427891680057884 22478848
1733241562181 0.002861509589961031 22511616
1733241587805 0.0024898625219776705 22544384
1733241611316 0.0028619955635264204 22560000
1733241642217 0.0032514736439679835 22609920
1733241668215 0.002970501894174049 22642688
1733241694116 0.0031580873436865887 22675456
1733241719479 0.0027401239634713193 22708224
1733241742039 0.0028842331244788967 22720000
1733241773451 0.003193595740656008 22773760
1733241799710 0.001906207971305207 22806528
1733241825783 0.002868931805193142 22839296
1733241852037 0.0040777500989293 22872064
1733241873835 0.003004253968811099 22880000
1733241906872 0.0028807387093877424 22937600
1733241932627 0.0038569300670786787 22970368
1733241959326 0.0030009704155986583 23003136
1733241985921 0.0025968087304988783 23035904
1733242006710 0.003365724040514806 23040000
1733242041576 0.002855312670575927 23101440
1733242067292 0.002953807685661047 23134208
1733242093502 0.0039023741573885216 23166976
1733242119296 0.0033542639919318163 23199744
1733242138790 0.002491274504552621 23200000
1733242173859 0.003544373861913641 23265280
1733242199764 0.003725627293090383 23298048
1733242226340 0.0026634002436566107 23330816
1733242254182 0.003248779067703822 23360000
1733242281374 0.0034141464899505535 23396352
1733242307473 0.0031985727614056714 23429120
1733242334163 0.0033010455182534313 23461888
1733242360602 0.002805328876996782 23494656
1733242387136 0.003956446588045992 23520000
1733242415461 0.00286003569801494 23560192
1733242441674 0.003397886719341159 23592960
1733242467371 0.0032114557039705006 23625728
1733242493206 0.002859956100024874 23658496
1733242518548 0.002486671676564356 23680000
1733242547590 0.003313406476107161 23724032
1733242573359 0.0026786276028616385 23756800
1733242598689 0.002360803544097223 23789568
1733242624252 0.0039772679648024225 23822336
1733242648770 0.00367821798366208 23840000
1733242679070 0.002655112846719021 23887872
1733242705071 0.00296258450255209 23920640
1733242731647 0.002674813195420711 23953408
1733242757422 0.0019549569852571834 23986176
1733242780599 0.0029612394135455134 24000000
1733242812024 0.002547595610720066 24051712
1733242837825 0.0026965988525518014 24084480
1733242863884 0.002799086343624424 24117248
1733242889886 0.0033760834910737 24150016
1733242912804 0.0029094576404844474 24160000
1733242945011 0.0034085541387042896 24215552
1733242970597 0.002477004499036184 24248320
1733242996454 0.002893892545105814 24281088
1733243022844 0.0026002669557087187 24313856
1733243044091 0.0020827918806020306 24320000
1733243078209 0.0034512786066358105 24379392
1733243104207 0.003290968606205524 24412160
1733243130192 0.002179318151323173 24444928
1733243156093 0.0035520872009556113 24477696
1733243176329 0.003697268828034339 24480000
1733243211144 0.0029183492607018024 24543232
1733243237061 0.002997398710456878 24576000
1733243263254 0.0029730183387101762 24608768
1733243291705 0.003180101142791614 24640000
1733243318514 0.003497351484921296 24674304
1733243345031 0.0034592822898986244 24707072
1733243370817 0.003041060456695277 24739840
1733243396508 0.0032743147748561796 24772608
1733243423544 0.0030761741136586807 24800000
1733243450577 0.0025046498833319218 24838144
1733243476528 0.002997066324780917 24870912
1733243502580 0.002898486133730671 24903680
1733243528289 0.0027060111212250603 24936448
1733243553709 0.0026635747403361163 24960000
1733243581969 0.0021916274924819847 25001984
1733243607841 0.0027688831194979 25034752
1733243633958 0.0033484977150351368 25067520
1733243659729 0.002560968464155167 25100288
1733243684494 0.002140795271148477 25120000
1733243713788 0.0025433532283841488 25165824
1733243739729 0.0030734242326076354 25198592
1733243765721 0.003260783849020754 25231360
1733243791455 0.003067832736181231 25264128
1733243815724 0.002906087394691781 25280000
1733243847082 0.0025543513631390625 25329664
1733243872862 0.0029851777742948117 25362432
1733243898768 0.0026731538444551006 25395200
1733243924835 0.0038828508548022 25427968
1733243947521 0.003661503773014374 25440000
1733243979403 0.0025669683474490055 25493504
1733244005229 0.0030527780808256464 25526272
1733244030941 0.0030286841609239445 25559040
1733244057497 0.0029171523780718188 25591808
1733244079765 0.003036022612971578 25600000
1733244112817 0.00262581947098397 25657344
1733244138992 0.002437465735140165 25690112
1733244165110 0.0028440378970046253 25722880
1733244191002 0.003980408924138601 25755648
1733244212038 0.002319873103712666 25760000
1733244248093 0.002782429078510518 25821184
1733244273829 0.0028977317107433008 25853952
1733244299680 0.00288495384961891 25886720
1733244325248 0.0029509116894189447 25919488
1733244344784 0.0027358613172623336 25920000
1733244379527 0.002625849620716281 25985024
1733244405256 0.002734288328915113 26017792
1733244431048 0.002657386327027211 26050560
1733244458869 0.0025891486656092868 26080000
1733244486043 0.0035031925113855776 26116096
1733244511784 0.002712416977053067 26148864
1733244537089 0.00300862976810663 26181632
1733244562570 0.002470247622215993 26214400
1733244588891 0.002570996632189804 26240000
1733244616816 0.0025249016493063435 26279936
1733244642651 0.004067452235747737 26312704
1733244668752 0.00264834021367335 26345472
1733244694941 0.0031905111059103318 26378240
1733244720404 0.002341181364568001 26400000
1733244749648 0.0022282574847196203 26443776
1733244775609 0.0027789357097390164 26476544
1733244801833 0.003605494381014296 26509312
1733244828216 0.0018990516192928907 26542080
1733244853279 0.0027158047124032692 26560000
1733244883376 0.0029067215320651486 26607616
1733244909318 0.0032569442116198387 26640384
1733244935361 0.0028480608491065597 26673152
1733244961507 0.003286902152747473 26705920
1733244984792 0.002960226402427679 26720000
1733245018369 0.003026831949492248 26771456
1733245044567 0.002532589139215702 26804224
1733245070628 0.0026286004746594927 26836992
1733245096302 0.0021938304161409406 26869760
1733245119116 0.0029085048234975376 26880000
1733245151492 0.0032517718492044876 26935296
1733245177054 0.002751780353710842 26968064
1733245202838 0.0036488664525734294 27000832
1733245228356 0.0032104642133617745 27033600
1733245249379 0.00309656403202041 27040000
1733245283115 0.0031048676544088495 27099136
1733245308539 0.00295938009357144 27131904
1733245334326 0.003012333480691609 27164672
1733245359610 0.0027415793299240933 27197440
1733245379538 0.0031999274856389093 27200000
1733245413920 0.0034002264823215 27262976
1733245439705 0.0032326000759837826 27295744
1733245466030 0.0027151291698885418 27328512
1733245493914 0.0029104304622507016 27360000
1733245520245 0.0033230189167568367 27394048
1733245546158 0.0040963698418806874 27426816
1733245571874 0.0028663725486723023 27459584
1733245598010 0.0024883360808502174 27492352
1733245625160 0.0028451069371499215 27520000
1733245652628 0.0034705361630585686 27557888
1733245680279 0.0027437062505725864 27590656
1733245706129 0.0032649335975378337 27623424
1733245732088 0.0029127346465827484 27656192
1733245758406 0.0020521550904220474 27680000
1733245787256 0.002926155178215595 27721728
1733245813265 0.0031045569626002136 27754496
1733245839233 0.0030633055359942317 27787264
1733245865001 0.0024017649686243203 27820032
1733245890485 0.0023924141647484022 27840000
1733245919810 0.0024528314261715424 27885568
1733245945570 0.003445907635696699 27918336
1733245971321 0.0023054992337876003 27951104
1733245997222 0.0031037968196955036 27983872
1733246021274 0.0033889974978194458 28000000
1733246052135 0.0024876457047838586 28049408
1733246077742 0.0034521121118359587 28082176
1733246103669 0.0027661223669042554 28114944
1733246129651 0.0030240135842888095 28147712
1733246152353 0.0034587445115079165 28160000
1733246183602 0.002987406630353462 28213248
1733246209229 0.0037931344636660926 28246016
1733246235021 0.0026669760172097767 28278784
1733246260789 0.002896684596530008 28311552
1733246282683 0.003339735927536935 28320000
1733246314757 0.0031666821483497644 28377088
1733246340292 0.003095639399060701 28409856
1733246366068 0.003123473064817972 28442624
1733246391619 0.002678944266844496 28475392
1733246412590 0.003612004755865428 28480000
1733246446437 0.002565871904741357 28540928
1733246472588 0.0030567650000790534 28573696
1733246498289 0.0025839469375370074 28606464
1733246524306 0.0022102295355125533 28639232
1733246544145 0.00210874534561043 28640000
1733246579425 0.003360529719586225 28704768
1733246605331 0.0030967922626075504 28737536
1733246631252 0.0030448466970511845 28770304
1733246659086 0.003606998779468995 28800000
1733246686512 0.0030613747141643444 28835840
1733246712921 0.0030135334921254755 28868608
1733246739063 0.0026277529288506684 28901376
1733246765296 0.0022827497687629263 28934144
1733246793500 0.0031959176977608196 28960000
1733246822287 0.003708772339246025 28999680
1733246847783 0.0025534187879713956 29032448
1733246874234 0.002882389313566591 29065216
1733246900093 0.0034692050713289293 29097984
1733246925469 0.0027270847939064426 29120000
1733246954713 0.002619319204060844 29163520
1733246980671 0.002945208129619914 29196288
1733247006388 0.0032470338619248196 29229056
1733247032240 0.0030371107439094657 29261824
1733247057014 0.0030569291474307645 29280000
1733247086749 0.0027161933540469363 29327360
1733247112406 0.003048579545185248 29360128
1733247138326 0.0026371912542231257 29392896
1733247164024 0.0031934444091177737 29425664
1733247187243 0.002793548297849213 29440000
1733247218392 0.002462573110756239 29491200
1733247244147 0.0024393125297848426 29523968
1733247269486 0.00274653813714707 29556736
1733247295665 0.003430028627366255 29589504
1733247318284 0.003713519012580946 29600000
1733247350555 0.0028485540789304764 29655040
1733247376551 0.0027935023460344153 29687808
1733247402657 0.0028028332531675913 29720576
1733247428837 0.002850785178350179 29753344
1733247450105 0.0023894963147114367 29760000
1733247483346 0.002855362150725682 29818880
1733247509493 0.0026675173460859016 29851648
1733247535436 0.0036244160636073274 29884416
1733247561712 0.0028318608631821007 29917184
1733247582298 0.0024399382860664787 29920000
1733247616931 0.0034311112563500503 29982720
1733247642847 0.002371061175510647 30015488
1733247669128 0.0027143578973493733 30048256
1733247699323 0.0029192707578800992 30080000
1733247726600 0.002815390788335037 30113792
1733247752562 0.0033220236607533595 30146560
1733247778986 0.003296987515125238 30179328
1733247804932 0.003522455079308884 30212096
1733247832415 0.0034887809735067777 30240000
1733247859991 0.0023764563558273722 30277632
1733247886217 0.002735194303116373 30310400
1733247912579 0.0024979909266761523 30343168
1733247938173 0.002858463075122586 30375936
1733247964573 0.0029693214719657135 30400000
1733247992946 0.0032480042707902614 30441472
1733248019639 0.0036146482231231404 30474240
1733248045703 0.0038897506310490828 30507008
1733248071581 0.003131820217373615 30539776
1733248096959 0.0035750923834029892 30560000
1733248126619 0.0024568967480320227 30605312
1733248152513 0.001677388625950016 30638080
1733248179087 0.0032804051269280875 30670848
1733248205397 0.0036403155693903954 30703616
1733248229990 0.003197425406844445 30720000
1733248260965 0.00336529792975 30769152
1733248286775 0.0034776740138511286 30801920
1733248313090 0.002986030158675135 30834688
1733248339402 0.0036886698473949766 30867456
1733248362506 0.002651641817561767 30880000
1733248394514 0.0029569938601412106 30932992
1733248420953 0.0033032382802929304 30965760
1733248446803 0.002844075389447198 30998528
1733248472900 0.0032588938404643384 31031296
1733248495156 0.002372778047450197 31040000
1733248528889 0.00246592291998553 31096832
1733248555116 0.002866712395618265 31129600
1733248581633 0.002402080745409307 31162368
1733248608407 0.002712143389280186 31195136
1733248629777 0.002997708620327444 31200000
1733248664496 0.003182881272194038 31260672
1733248690601 0.0022594007264530092 31293440
1733248716625 0.0033358522088150267 31326208
1733248742566 0.0032515552303436835 31358976
1733248762324 0.0031231448264406937 31360000
1733248797779 0.0024651073887241638 31424512
1733248824140 0.0024554417734435675 31457280
1733248850214 0.00244659268985572 31490048
1733248878072 0.002572283265666897 31520000
1733248904353 0.002941749166123486 31555584
1733248930272 0.00350086381081951 31588352
1733248956200 0.002848893401029784 31621120
1733248982354 0.002894600099060085 31653888
1733249009487 0.003281188147491321 31680000
1733249038234 0.002425789182984772 31719424
1733249064249 0.0029940172651464537 31752192
1733249090288 0.00279470183976116 31784960
1733249116298 0.0032185124295693868 31817728
1733249142517 0.0036273265871244577 31840000
1733249172331 0.002249822627268827 31883264
1733249198050 0.002783664742176484 31916032
1733249223792 0.0034041058887282817 31948800
1733249249754 0.0033567848168218005 31981568
1733249274567 0.0025249693610874145 32000000
1733249305163 0.003255956342778177 32047104
1733249331400 0.002811316803945374 32079872
1733249357555 0.0032890013799914187 32112640
1733249383490 0.002447398676709156 32145408
1733249407137 0.0035655344011786385 32160000
1733249438024 0.002994475171567501 32210944
1733249463808 0.00241909442665218 32243712
1733249489918 0.002874447731124974 32276480
1733249515744 0.002706860476473594 32309248
1733249538565 0.002711129998994011 32320000
1733249571370 0.0026304838420969645 32374784
1733249597814 0.0023263272902255493 32407552
1733249623721 0.0022971833437026136 32440320
1733249649839 0.0036711944562341616 32473088
1733249671818 0.0026803923668609285 32480000
1733249704949 0.0033377587939042996 32538624
1733249731549 0.0024507466369442454 32571392
1733249758004 0.002886559178628545 32604160
1733249783960 0.0019702503113123273 32636928
1733249804405 0.0032670873503690247 32640000
1733249838964 0.002480722368437682 32702464
1733249865006 0.003261376339290223 32735232
1733249890984 0.00254802368121716 32768000
1733249919661 0.0028057160428829773 32800000
1733249946459 0.0025043711766613796 32833536
1733249972841 0.0028619849140852694 32866304
1733249998918 0.0030805029321328446 32899072
1733250025201 0.00291203725689968 32931840
1733250052869 0.002913056457282437 32960000
1733250080728 0.0031412939630797608 32997376
1733250107312 0.0023983870705166057 33030144
1733250133558 0.0021567094949375585 33062912
1733250159720 0.0027210797016408604 33095680
1733250185993 0.002847945437598298 33120000
1733250215189 0.0029599882518624556 33161216
1733250241220 0.002873011768286915 33193984
1733250267704 0.0026987600914438305 33226752
1733250293818 0.002902259290041798 33259520
1733250318841 0.003582557278434706 33280000
1733250348975 0.003589080373046727 33325056
1733250374957 0.00290457638258772 33357824
1733250400983 0.0031257701294748587 33390592
1733250426861 0.002865655254106514 33423360
1733250450825 0.003214876944062439 33440000
1733250481784 0.0033099439167330047 33488896
1733250507824 0.002983758922147217 33521664
1733250533907 0.0026589078526612297 33554432
1733250559667 0.0034226542457645335 33587200
1733250582570 0.0029838444393050167 33600000
