1733223280147 0.022947505116462708 65536
1733223320169 0.023806560784578323 98304
1733223361222 0.024685321375727654 131072
1733223406356 0.025202997028827667 160000
1733223447453 0.026319896802306175 196608
1733223485934 0.027742303907871246 229376
1733223525845 0.028893735259771347 262144
1733223565498 0.029147421941161156 294912
1733223607758 0.029594533145427704 320000
1733223648988 0.030055243521928787 360448
1733223686969 0.031608790159225464 393216
1733223725534 0.03239208087325096 425984
1733223763948 0.02957424521446228 458752
1733223804708 0.03393673151731491 480000
1733223847145 0.03421508148312569 524288
1733223884535 0.035356488078832626 557056
1733223923798 0.036069173365831375 589824
1733223962443 0.035836972296237946 622592
1733224001005 0.03563400357961655 640000
1733224044311 0.033596523106098175 688128
1733224082821 0.03790489211678505 720896
1733224121160 0.03758293017745018 753664
1733224160021 0.036231718957424164 786432
1733224197672 0.03923862427473068 800000
1733224244233 0.04040244594216347 851968
1733224282836 0.04015210270881653 884736
1733224321528 0.0402880422770977 917504
1733224359917 0.04142564535140991 950272
1733224395529 0.04117769002914429 960000
1733224443902 0.039187971502542496 1015808
1733224482624 0.04082128778100014 1048576
1733224521697 0.03830704838037491 1081344
1733224561352 0.0425383523106575 1114112
1733224596409 0.03781323879957199 1120000
1733224646520 0.04257999360561371 1179648
1733224686150 0.04358457773923874 1212416
1733224725440 0.04267336428165436 1245184
1733224764678 0.04513074457645416 1277952
1733224797778 0.043670520186424255 1280000
1733224850656 0.04326826333999634 1343488
1733224890084 0.044951386749744415 1376256
1733224929695 0.04699861258268356 1409024
1733224975884 0.04615815728902817 1440000
1733225016776 0.0407978817820549 1474560
1733225057012 0.04170379787683487 1507328
1733225096653 0.04812577739357948 1540096
1733225136081 0.04732859507203102 1572864
1733225180669 0.04406779259443283 1600000
1733225222490 0.0434223935008049 1638400
1733225262425 0.04846227541565895 1671168
1733225301918 0.04694793373346329 1703936
1733225342379 0.045839518308639526 1736704
1733225386020 0.04566209018230438 1760000
1733225429391 0.044424623250961304 1802240
1733225468313 0.04573843628168106 1835008
1733225507744 0.04665573686361313 1867776
1733225547666 0.044248923659324646 1900544
1733225588705 0.04653327167034149 1920000
1733225633125 0.0454699844121933 1966080
1733225672756 0.04694240540266037 1998848
1733225711981 0.048780959099531174 2031616
1733225751240 0.04118558019399643 2064384
1733225790190 0.04578292369842529 2080000
1733225837095 0.04670347273349762 2129920
1733225876716 0.046108428388834 2162688
1733225915988 0.04716815799474716 2195456
1733225955536 0.04671049863100052 2228224
1733225992425 0.050072815269231796 2240000
1733226040295 0.04656267166137695 2293760
1733226079859 0.04807146638631821 2326528
1733226119718 0.04417383298277855 2359296
1733226158837 0.04779571294784546 2392064
1733226195243 0.046828754246234894 2400000
1733226246546 0.04582235962152481 2457600
1733226286405 0.04858540743589401 2490368
1733226326598 0.0505342110991478 2523136
1733226366829 0.04522275552153587 2555904
1733226401026 0.047620989382267 2560000
1733226452838 0.044421255588531494 2621440
1733226492061 0.04643537849187851 2654208
1733226531413 0.0492338128387928 2686976
1733226570993 0.04531129077076912 2719744
1733226604109 0.04634619131684303 2720000
1733226657157 0.04457683116197586 2785280
1733226696495 0.046707190573215485 2818048
1733226735517 0.04660153388977051 2850816
1733226779813 0.04440588876605034 2880000
1733226820614 0.04523991793394089 2916352
1733226859870 0.04564492404460907 2949120
1733226899200 0.048104189336299896 2981888
1733226938189 0.04720338433980942 3014656
1733226981435 0.0495636947453022 3040000
1733227024023 0.0452035591006279 3080192
1733227063604 0.04889168590307236 3112960
1733227103010 0.04452737048268318 3145728
1733227142291 0.04694439470767975 3178496
1733227183117 0.04559362679719925 3200000
1733227227933 0.0457531176507473 3244032
1733227267438 0.04687849432229996 3276800
1733227306719 0.046954330056905746 3309568
1733227346122 0.04439842700958252 3342336
1733227385955 0.04811400920152664 3360000
1733227432353 0.04640321061015129 3407872
1733227472064 0.04554210603237152 3440640
1733227511511 0.04601398855447769 3473408
1733227550804 0.04698408395051956 3506176
1733227589289 0.0430837906897068 3520000
1733227636576 0.047110509127378464 3571712
1733227676988 0.047048598527908325 3604480
1733227716528 0.04897739738225937 3637248
1733227756085 0.04523444175720215 3670016
1733227792931 0.04639112204313278 3680000
1733227842109 0.0530206561088562 3735552
1733227881631 0.044937439262866974 3768320
1733227922011 0.04604426398873329 3801088
1733227961509 0.0529588982462883 3833856
1733227996641 0.04503645747900009 3840000
1733228046960 0.047693248838186264 3899392
1733228085982 0.04689847677946091 3932160
1733228125026 0.0488140769302845 3964928
1733228164316 0.046414002776145935 3997696
1733228197667 0.0517331063747406 4000000
1733228249418 0.04690433666110039 4063232
1733228289333 0.043225519359111786 4096000
1733228328680 0.050673142075538635 4128768
1733228373584 0.04558752477169037 4160000
1733228413990 0.044116631150245667 4194304
1733228453188 0.04481066018342972 4227072
1733228492235 0.04618404060602188 4259840
1733228531424 0.05046588182449341 4292608
1733228575510 0.05207714065909386 4320000
1733228617550 0.05179489403963089 4358144
1733228656398 0.04259094223380089 4390912
1733228695786 0.04568434879183769 4423680
1733228735664 0.050526026636362076 4456448
1733228778963 0.04286251217126846 4480000
1733228823092 0.047510698437690735 4521984
1733228862892 0.05031019449234009 4554752
1733228902920 0.04554916173219681 4587520
1733228942884 0.048117343336343765 4620288
1733228984339 0.046700842678546906 4640000
1733229030087 0.047045327723026276 4685824
1733229069765 0.045720458030700684 4718592
1733229109662 0.04471202939748764 4751360
1733229149810 0.04815711826086044 4784128
1733229190681 0.04890599101781845 4800000
1733229237743 0.04787716269493103 4849664
1733229277224 0.04985612630844116 4882432
1733229316854 0.04367668181657791 4915200
1733229356768 0.05077175796031952 4947968
1733229396337 0.04400834068655968 4960000
1733229445085 0.047570452094078064 5013504
1733229483966 0.04848750680685043 5046272
1733229522997 0.05026134103536606 5079040
1733229563204 0.05017096549272537 5111808
1733229600983 0.0494222491979599 5120000
1733229650746 0.04412379860877991 5177344
1733229690058 0.05201854556798935 5210112
1733229728939 0.04619843140244484 5242880
1733229768761 0.054316893219947815 5275648
1733229803919 0.04783439636230469 5280000
1733229856274 0.05028407648205757 5341184
1733229895934 0.04702103137969971 5373952
1733229936081 0.04960240423679352 5406720
1733229976565 0.04932965338230133 5439488
1733230010142 0.04819322004914284 5440000
1733230064848 0.04793171584606171 5505024
1733230105155 0.047022439539432526 5537792
1733230145708 0.046878330409526825 5570560
1733230192089 0.050692662596702576 5600000
1733230234938 0.04558798670768738 5636096
1733230276014 0.04735959321260452 5668864
1733230322211 0.0486949160695076 5701632
1733230368321 0.04533165693283081 5734400
1733230414487 0.04310976713895798 5760000
1733230460166 0.045028842985630035 5799936
1733230501804 0.0441431924700737 5832704
1733230542010 0.05489073693752289 5865472
1733230582912 0.05063650757074356 5898240
1733230625039 0.04683465510606766 5920000
1733230673878 0.04694799706339836 5963776
1733230715037 0.04921633377671242 5996544
1733230757578 0.04513387009501457 6029312
1733230797717 0.050827763974666595 6062080
1733230840169 0.04282781481742859 6080000
1733230888780 0.04690217226743698 6127616
1733230930293 0.047827720642089844 6160384
1733230973669 0.04708072915673256 6193152
1733231018224 0.04943424463272095 6225920
1733231062175 0.048107847571372986 6240000
1733231113805 0.04591219127178192 6291456
1733231158780 0.050576940178871155 6324224
1733231203034 0.047610748559236526 6356992
1733231247547 0.049453482031822205 6389760
1733231288250 0.05319551005959511 6400000
1733231344840 0.044792741537094116 6455296
1733231388017 0.05123797059059143 6488064
1733231431551 0.05124059319496155 6520832
1733231478201 0.048571791499853134 6553600
1733231516111 0.04594084620475769 6560000
1733231574797 0.04645368829369545 6619136
1733231618199 0.04460036754608154 6651904
1733231661661 0.04865587502717972 6684672
1733231707675 0.04994060471653938 6717440
1733231743851 0.04653989523649216 6720000
1733231803349 0.04738868027925491 6782976
1733231849062 0.04468551278114319 6815744
1733231893447 0.04663047939538956 6848512
1733231945108 0.04266742989420891 6880000
1733231988400 0.046184245496988297 6914048
1733232033702 0.04737972468137741 6946816
1733232078935 0.05025539547204971 6979584
1733232123058 0.056609876453876495 7012352
1733232171995 0.046534184366464615 7040000
1733232220181 0.04597828537225723 7077888
1733232265004 0.046326324343681335 7110656
1733232308548 0.048619769513607025 7143424
1733232352219 0.053617194294929504 7176192
1733232398650 0.04168282449245453 7200000
1733232449480 0.04532550647854805 7241728
1733232494079 0.046532317996025085 7274496
1733232537450 0.045762598514556885 7307264
1733232582983 0.0484766848385334 7340032
1733232627000 0.05273943394422531 7360000
1733232678960 0.043862663209438324 7405568
1733232720569 0.048408783972263336 7438336
1733232765719 0.04331710934638977 7471104
1733232812152 0.04639849439263344 7503872
1733232853832 0.05518234893679619 7520000
1733232903602 0.049200959503650665 7569408
1733232949131 0.04697716608643532 7602176
1733232994057 0.04648636281490326 7634944
1733233037609 0.04288580268621445 7667712
1733233079711 0.04480632394552231 7680000
1733233135306 0.0571013018488884 7733248
1733233179269 0.04537728428840637 7766016
1733233222273 0.044072818011045456 7798784
1733233267910 0.05262346565723419 7831552
1733233308846 0.04655427485704422 7840000
1733233369066 0.05016549676656723 7897088
1733233413719 0.046192578971385956 7929856
1733233459290 0.04926434904336929 7962624
1733233506643 0.04569025710225105 7995392
1733233544841 0.04903091862797737 8000000
1733233605147 0.04337581247091293 8060928
1733233649649 0.055074818432331085 8093696
1733233695134 0.048982322216033936 8126464
1733233742143 0.04158306121826172 8159232
1733233779240 0.051031190901994705 8160000
1733233841673 0.048265986144542694 8224768
1733233887152 0.05093627795577049 8257536
1733233932039 0.04853697866201401 8290304
1733233984350 0.04531245306134224 8320000
1733234031408 0.04760231450200081 8355840
1733234077945 0.047489263117313385 8388608
1733234123481 0.045606549829244614 8421376
1733234167830 0.051038943231105804 8454144
1733234217701 0.04913845658302307 8480000
1733234266610 0.04653863608837128 8519680
1733234313147 0.04329953342676163 8552448
1733234358083 0.04780149087309837 8585216
1733234402277 0.04315530136227608 8617984
1733234450211 0.04932555556297302 8640000
1733234501631 0.0441729873418808 8683520
1733234546660 0.0492095910012722 8716288
1733234590481 0.04580928012728691 8749056
1733234635326 0.05505956709384918 8781824
1733234682896 0.04287412390112877 8800000
1733234736254 0.0432567223906517 8847360
1733234782218 0.05383428931236267 8880128
1733234826079 0.057180047035217285 8912896
1733234870694 0.04643618315458298 8945664
1733234915931 0.04922783374786377 8960000
1733234971882 0.05179113149642944 9011200
1733235018402 0.044885117560625076 9043968
1733235062739 0.05633443221449852 9076736
1733235108758 0.05301721394062042 9109504
1733235153931 0.04903355985879898 9120000
1733235210482 0.044305238872766495 9175040
1733235256732 0.05464499443769455 9207808
1733235302098 0.04417156055569649 9240576
1733235347477 0.04990076646208763 9273344
1733235387932 0.053069695830345154 9280000
1733235448443 0.045285485684871674 9338880
1733235496119 0.0470828115940094 9371648
1733235540919 0.0495201013982296 9404416
1733235585689 0.04831220954656601 9437184
1733235624400 0.05425926297903061 9440000
1733235687061 0.04514870047569275 9502720
1733235734255 0.04428533464670181 9535488
1733235777735 0.0459129698574543 9568256
1733235830303 0.054065585136413574 9600000
1733235876729 0.045413218438625336 9633792
1733235921671 0.05053400248289108 9666560
1733235968630 0.04222850501537323 9699328
1733236012600 0.045321349054574966 9732096
1733236064070 0.057433247566223145 9760000
1733236111241 0.04440002515912056 9797632
1733236155849 0.04481770843267441 9830400
1733236201790 0.05097044259309769 9863168
1733236246801 0.05535602569580078 9895936
1733236297214 0.05081632733345032 9920000
1733236347424 0.05456867069005966 9961472
1733236392431 0.04738032817840576 9994240
1733236439772 0.056856073439121246 10027008
1733236484610 0.06615377962589264 10059776
1733236531239 0.05304427817463875 10080000
1733236583191 0.043308526277542114 10125312
1733236628603 0.0538092777132988 10158080
1733236676190 0.043669894337654114 10190848
1733236720144 0.05810636281967163 10223616
1733236764109 0.04995358735322952 10240000
1733236819769 0.04933320730924606 10289152
1733236864568 0.04516173526644707 10321920
1733236911273 0.051841191947460175 10354688
1733236956155 0.05127668380737305 10387456
1733237001090 0.0427602156996727 10400000
1733237055850 0.040927063673734665 10452992
1733237100712 0.059019312262535095 10485760
1733237145292 0.04701152816414833 10518528
1733237191071 0.04307475686073303 10551296
1733237232284 0.046786073595285416 10560000
1733237289490 0.050329387187957764 10616832
1733237334814 0.06237363815307617 10649600
1733237380676 0.04796143248677254 10682368
1733237427056 0.04504244029521942 10715136
1733237467703 0.05150587484240532 10720000
1733237526111 0.04553616791963577 10780672
1733237569498 0.04571382701396942 10813440
1733237615402 0.047903649508953094 10846208
1733237660514 0.05098797753453255 10878976
1733237697809 0.04659976810216904 10880000
1733237760041 0.053728893399238586 10944512
1733237805282 0.06212868168950081 10977280
1733237848920 0.04972325637936592 11010048
1733237900867 0.052111413329839706 11040000
1733237946895 0.060567621141672134 11075584
1733237991197 0.04249520227313042 11108352
1733238034852 0.045034416019916534 11141120
1733238081114 0.04928640276193619 11173888
1733238131246 0.04089075326919556 11200000
1733238182060 0.044521696865558624 11239424
1733238227031 0.04500777646899223 11272192
1733238272853 0.05013369396328926 11304960
1733238318168 0.04413504898548126 11337728
1733238366251 0.05222836509346962 11360000
1733238419245 0.046930715441703796 11403264
1733238467564 0.055889323353767395 11436032
1733238514092 0.04887768626213074 11468800
1733238561504 0.04563228040933609 11501568
1733238607750 0.0469084233045578 11520000
1733238661804 0.04294947534799576 11567104
1733238704984 0.041136592626571655 11599872
1733238751612 0.0458693727850914 11632640
1733238793459 0.052099838852882385 11665408
1733238840104 0.043629907071590424 11680000
1733238894530 0.04759781435132027 11730944
1733238940637 0.04779680818319321 11763712
1733238983380 0.04788227379322052 11796480
1733239030803 0.04352656006813049 11829248
1733239072054 0.04652872309088707 11840000
1733239131015 0.04966039955615997 11894784
1733239174683 0.05448531359434128 11927552
1733239221737 0.05774521827697754 11960320
1733239265296 0.05062294751405716 11993088
1733239308163 0.04959092661738396 12000000
1733239363115 0.055724963545799255 12058624
1733239407678 0.040870435535907745 12091392
1733239452489 0.05338874086737633 12124160
1733239497074 0.04706675931811333 12156928
1733239534150 0.046399615705013275 12160000
1733239593969 0.047707878053188324 12222464
1733239639217 0.06095387041568756 12255232
1733239682701 0.06343495100736618 12288000
1733239735893 0.047500647604465485 12320000
1733239779364 0.0550474189221859 12353536
1733239824393 0.04872523620724678 12386304
1733239868572 0.05790019780397415 12419072
1733239912735 0.03797602653503418 12451840
1733239963287 0.05337446555495262 12480000
1733240009566 0.0525658093392849 12517376
1733240054145 0.041980717331171036 12550144
1733240097124 0.046457260847091675 12582912
1733240142347 0.04752114415168762 12615680
1733240189375 0.05352097749710083 12640000
1733240238720 0.042148657143116 12681216
1733240282707 0.05825819820165634 12713984
1733240328985 0.0555511973798275 12746752
1733240372198 0.04900553822517395 12779520
1733240419402 0.04315420240163803 12800000
1733240468105 0.058784086257219315 12845056
1733240513489 0.06466645002365112 12877824
1733240557430 0.04988708347082138 12910592
1733240603599 0.04812172055244446 12943360
1733240647713 0.04449673742055893 12960000
1733240700556 0.056109316647052765 13008896
1733240745294 0.04788369685411453 13041664
1733240790273 0.04775363951921463 13074432
1733240834186 0.044377509504556656 13107200
1733240878918 0.05672337859869003 13120000
1733240934841 0.045802973210811615 13172736
1733240978229 0.0441177636384964 13205504
1733241022706 0.04584941267967224 13238272
1733241067104 0.04012440890073776 13271040
1733241107726 0.05117333307862282 13280000
1733241163269 0.045325689017772675 13336576
1733241208018 0.04852543771266937 13369344
1733241251844 0.04332955926656723 13402112
1733241295144 0.04536367207765579 13434880
1733241334249 0.04818031191825867 13440000
1733241390225 0.05249115452170372 13500416
1733241435821 0.04645393043756485 13533184
1733241478775 0.0464463047683239 13565952
1733241523688 0.061805661767721176 13598720
1733241558977 0.04473548009991646 13600000
1733241619540 0.04982190579175949 13664256
1733241663734 0.06335335969924927 13697024
1733241710333 0.04633622616529465 13729792
1733241760116 0.06334573030471802 13760000
1733241806641 0.04506171494722366 13795328
1733241850104 0.048492182046175 13828096
1733241896216 0.04928800091147423 13860864
1733241940337 0.05369778722524643 13893632
1733241990299 0.053680237382650375 13920000
1733242038251 0.037858493626117706 13959168
1733242082568 0.04664876312017441 13991936
1733242126701 0.039389267563819885 14024704
1733242172334 0.046845510601997375 14057472
1733242219858 0.050222694873809814 14080000
1733242270594 0.05889061838388443 14123008
1733242315697 0.0566580668091774 14155776
1733242361026 0.045480530709028244 14188544
1733242407063 0.048423267900943756 14221312
1733242452458 0.051099374890327454 14240000
1733242504078 0.053194060921669006 14286848
1733242548532 0.04522436857223511 14319616
1733242592811 0.04731661453843117 14352384
1733242637440 0.056004270911216736 14385152
1733242680536 0.047784313559532166 14400000
1733242733883 0.04582476615905762 14450688
1733242776693 0.04418345168232918 14483456
1733242821839 0.05042622983455658 14516224
1733242865675 0.041667547076940536 14548992
1733242910261 0.048552218824625015 14560000
1733242965515 0.047282375395298004 14614528
1733243012921 0.04430626332759857 14647296
1733243057349 0.03900928795337677 14680064
1733243102262 0.04834436625242233 14712832
1733243140972 0.045976944267749786 14720000
1733243198690 0.05561883747577667 14778368
1733243244012 0.06821000576019287 14811136
1733243288217 0.0489441379904747 14843904
1733243333146 0.04961502552032471 14876672
1733243373359 0.052315548062324524 14880000
1733243433518 0.04343511909246445 14942208
1733243477130 0.04546177387237549 14974976
1733243523194 0.05283726006746292 15007744
1733243573664 0.06562576442956924 15040000
1733243619041 0.04846202954649925 15073280
1733243662757 0.06288157403469086 15106048
1733243708174 0.054407961666584015 15138816
1733243752232 0.07471193373203278 15171584
1733243801837 0.07568009197711945 15200000
1733243847857 0.045978348702192307 15237120
1733243892511 0.052813202142715454 15269888
1733243937081 0.0539773553609848 15302656
1733243981523 0.050553254783153534 15335424
1733244030671 0.05006878450512886 15360000
1733244079617 0.048559825867414474 15400960
1733244125662 0.057319559156894684 15433728
1733244169408 0.05040343850851059 15466496
1733244214654 0.05356862023472786 15499264
1733244260483 0.04846838861703873 15520000
1733244312805 0.05133141577243805 15564800
1733244357746 0.04502364993095398 15597568
1733244401225 0.04890022054314613 15630336
1733244445030 0.05082735791802406 15663104
1733244490070 0.0485660657286644 15680000
1733244541469 0.04312339425086975 15728640
1733244585163 0.054084982722997665 15761408
1733244630695 0.060331448912620544 15794176
1733244674706 0.052769288420677185 15826944
1733244719275 0.05355622246861458 15840000
1733244773050 0.06368573009967804 15892480
1733244818641 0.054977431893348694 15925248
1733244862862 0.048862531781196594 15958016
1733244908524 0.06696228682994843 15990784
1733244949562 0.05362258851528168 16000000
1733245005079 0.05101041495800018 16056320
1733245049409 0.05691217631101608 16089088
1733245093197 0.0561971589922905 16121856
1733245137240 0.05618306249380112 16154624
1733245174756 0.05824520066380501 16160000
1733245235598 0.04974668473005295 16220160
1733245279086 0.05038607865571976 16252928
1733245325730 0.05233532190322876 16285696
1733245369234 0.07181693613529205 16318464
1733245408060 0.05374032258987427 16320000
1733245465375 0.05662129819393158 16384000
1733245508813 0.05211212486028671 16416768
1733245553374 0.053212981671094894 16449536
1733245603828 0.06463533639907837 16480000
1733245650315 0.08253654092550278 16515072
1733245694754 0.05896183103322983 16547840
1733245740773 0.05475323274731636 16580608
1733245784536 0.04772108048200607 16613376
1733245835088 0.06326127052307129 16640000
1733245881292 0.043818168342113495 16678912
1733245926353 0.04522833973169327 16711680
1733245969751 0.0475459024310112 16744448
1733246014055 0.0703219473361969 16777216
1733246061493 0.057408615946769714 16800000
1733246111795 0.058791857212781906 16842752
1733246154847 0.05751005560159683 16875520
1733246198570 0.054949335753917694 16908288
1733246243716 0.06324220448732376 16941056
1733246286445 0.05564729869365692 16960000
1733246335398 0.06929516792297363 17006592
1733246377905 0.06562034040689468 17039360
1733246421297 0.054818861186504364 17072128
1733246464162 0.052679393440485 17104896
1733246508167 0.05699659138917923 17120000
1733246559019 0.0445096418261528 17170432
1733246603345 0.0635833889245987 17203200
1733246646187 0.054930128157138824 17235968
1733246690433 0.06946960091590881 17268736
1733246730638 0.06625627726316452 17280000
1733246787181 0.0413314588367939 17334272
1733246831593 0.07567240297794342 17367040
1733246875714 0.05299335718154907 17399808
1733246920331 0.05389465391635895 17432576
1733246959775 0.0673440545797348 17440000
1733247014925 0.048377275466918945 17498112
1733247059233 0.051170721650123596 17530880
1733247102597 0.04838739335536957 17563648
1733247147867 0.05461371690034866 17596416
1733247185424 0.04766091704368591 17600000
1733247244348 0.05528491735458374 17661952
1733247287754 0.055926237255334854 17694720
1733247330715 0.05028987303376198 17727488
1733247382855 0.05675921589136124 17760000
1733247425438 0.06699182093143463 17793024
1733247468859 0.0545845590531826 17825792
1733247511690 0.05548609793186188 17858560
1733247555558 0.05092676728963852 17891328
1733247602397 0.06310256570577621 17920000
1733247648057 0.06789641082286835 17956864
1733247691856 0.05467909574508667 17989632
1733247736504 0.04818214476108551 18022400
1733247779453 0.060104064643383026 18055168
1733247829327 0.0607522577047348 18080000
1733247875843 0.0765473023056984 18120704
1733247920615 0.05612047016620636 18153472
1733247964057 0.04722438007593155 18186240
1733248009189 0.05048224329948425 18219008
1733248054248 0.05107538774609566 18240000
1733248106195 0.045429885387420654 18284544
1733248149593 0.06273417919874191 18317312
1733248194111 0.055121056735515594 18350080
1733248237334 0.05870325118303299 18382848
1733248282340 0.048766158521175385 18400000
1733248333893 0.04553377628326416 18448384
1733248377295 0.07266390323638916 18481152
1733248420530 0.06645013391971588 18513920
1733248465027 0.06950467079877853 18546688
1733248507182 0.05660111457109451 18560000
1733248559736 0.11071479320526123 18612224
1733248603862 0.047160521149635315 18644992
1733248647380 0.05528777837753296 18677760
1733248692275 0.043677862733602524 18710528
1733248732035 0.05133756250143051 18720000
1733248788069 0.05383817106485367 18776064
1733248831453 0.04992945119738579 18808832
1733248875456 0.04767855256795883 18841600
1733248918527 0.05203757435083389 18874368
1733248958230 0.05169128626585007 18880000
1733249016887 0.05099073052406311 18939904
1733249060929 0.06133662909269333 18972672
1733249104314 0.06139463558793068 19005440
1733249148268 0.0494980588555336 19038208
1733249184637 0.05494308099150658 19040000
1733249241841 0.059789061546325684 19103744
1733249286764 0.06932450830936432 19136512
1733249328855 0.05676187947392464 19169280
1733249377656 0.0674554854631424 19200000
1733249421801 0.0672348290681839 19234816
1733249466465 0.05656075477600098 19267584
1733249508704 0.05404137074947357 19300352
1733249552258 0.06863261014223099 19333120
1733249602446 0.060101255774497986 19360000
1733249651478 0.06452376395463943 19398656
1733249694651 0.08540606498718262 19431424
1733249740975 0.05735554173588753 19464192
1733249784465 0.07885667681694031 19496960
1733249831881 0.0540548600256443 19520000
1733249880846 0.07339470833539963 19562496
1733249925336 0.06765353679656982 19595264
1733249969311 0.04085863009095192 19628032
1733250013751 0.053612612187862396 19660800
1733250056548 0.07587628066539764 19680000
1733250108065 0.06663624197244644 19726336
1733250152398 0.04875306785106659 19759104
1733250194523 0.08350370824337006 19791872
1733250238503 0.064023956656456 19824640
1733250281854 0.0823003351688385 19840000
1733250335848 0.05879291892051697 19890176
1733250378789 0.05255332589149475 19922944
1733250423252 0.08678065985441208 19955712
1733250466615 0.06956544518470764 19988480
1733250509180 0.06518206000328064 20000000
1733250562948 0.07868228852748871 20054016
1733250607490 0.06887339055538177 20086784
1733250651612 0.05189921706914902 20119552
1733250695880 0.056984562426805496 20152320
1733250734806 0.0528687983751297 20160000
1733250789989 0.05698012560606003 20217856
1733250833731 0.06607051193714142 20250624
1733250875582 0.07077114284038544 20283392
1733250918921 0.06105921044945717 20316160
1733250956262 0.05885036289691925 20320000
1733251015726 0.06253696978092194 20381696
1733251059073 0.05869800224900246 20414464
1733251104380 0.061809055507183075 20447232
1733251156261 0.06314453482627869 20480000
1733251200963 0.07228994369506836 20512768
1733251243919 0.05640355497598648 20545536
1733251288869 0.06865322589874268 20578304
1733251333155 0.08001964539289474 20611072
1733251383153 0.07485266029834747 20640000
1733251429414 0.08221405744552612 20676608
1733251472468 0.07960055768489838 20709376
1733251517950 0.07165304571390152 20742144
1733251560709 0.06513408571481705 20774912
1733251608626 0.05779547989368439 20800000
1733251657311 0.09724915027618408 20840448
1733251701295 0.05537454038858414 20873216
1733251746586 0.07152548432350159 20905984
1733251791004 0.06871499121189117 20938752
1733251834822 0.04824710264801979 20960000
1733251885640 0.04965469241142273 21004288
1733251928845 0.05070322006940842 21037056
1733251972724 0.06568260490894318 21069824
1733252015402 0.05333029106259346 21102592
1733252058470 0.06420803815126419 21120000
1733252110528 0.06608635187149048 21168128
1733252153265 0.06366190314292908 21200896
1733252197419 0.05703749507665634 21233664
1733252240408 0.06058107689023018 21266432
1733252282639 0.045542359352111816 21280000
1733252336786 0.05852901563048363 21331968
1733252381035 0.07558600604534149 21364736
1733252423148 0.057224273681640625 21397504
1733252467927 0.07370438426733017 21430272
1733252506715 0.05780715495347977 21440000
1733252562739 0.06692887097597122 21495808
1733252605664 0.06873660534620285 21528576
1733252648847 0.05292458087205887 21561344
1733252693739 0.05842027813196182 21594112
1733252731121 0.07939153164625168 21600000
1733252786880 0.07021043449640274 21659648
1733252826665 0.06829077005386353 21692416
1733252869010 0.05648861080408096 21725184
1733252909641 0.07401534914970398 21757952
1733252945911 0.06552448868751526 21760000
1733253000387 0.0972248837351799 21823488
1733253042079 0.07103562355041504 21856256
1733253082354 0.06759709119796753 21889024
1733253131477 0.07055501639842987 21920000
1733253173625 0.05925975739955902 21954560
1733253215246 0.060773178935050964 21987328
1733253256809 0.0677364245057106 22020096
1733253298806 0.06702558696269989 22052864
1733253343649 0.06934898346662521 22080000
1733253386682 0.06290372461080551 22118400
1733253427976 0.055327966809272766 22151168
1733253468043 0.058260731399059296 22183936
1733253508833 0.08479750156402588 22216704
1733253551799 0.06033262237906456 22240000
1733253596780 0.07475795596837997 22282240
1733253637102 0.05541617050766945 22315008
1733253678198 0.07830837368965149 22347776
1733253718672 0.06342623382806778 22380544
1733253760676 0.061814844608306885 22400000
1733253806662 0.07343538850545883 22446080
1733253848067 0.0661756843328476 22478848
1733253888064 0.08249230682849884 22511616
1733253929886 0.06563348323106766 22544384
1733253969426 0.05838058888912201 22560000
1733254018813 0.04173409193754196 22609920
1733254058558 0.06140144169330597 22642688
1733254099126 0.058291710913181305 22675456
1733254139093 0.05765470862388611 22708224
1733254179049 0.059416674077510834 22720000
1733254228960 0.05323336273431778 22773760
1733254271174 0.06166179105639458 22806528
1733254311238 0.06179719418287277 22839296
1733254352637 0.060090407729148865 22872064
1733254389422 0.05446554347872734 22880000
1733254440859 0.0845525711774826 22937600
1733254482953 0.05235828459262848 22970368
1733254524411 0.07515628635883331 23003136
1733254565865 0.07306674867868423 23035904
1733254601317 0.06270486116409302 23040000
1733254654749 0.04730928689241409 23101440
1733254695132 0.04749790579080582 23134208
1733254736902 0.060675617307424545 23166976
1733254777637 0.08286111056804657 23199744
1733254811939 0.051256000995635986 23200000
1733254867282 0.0737168937921524 23265280
1733254907599 0.06749371439218521 23298048
1733254951294 0.04424924775958061 23330816
1733254996891 0.0637272298336029 23360000
1733255041144 0.06602901965379715 23396352
1733255082501 0.06483657658100128 23429120
1733255125226 0.04684315249323845 23461888
1733255166457 0.06916630268096924 23494656
1733255211527 0.0616481751203537 23520000
1733255258107 0.058260053396224976 23560192
1733255299180 0.0528453029692173 23592960
1733255343012 0.07958453893661499 23625728
1733255383857 0.06794793903827667 23658496
1733255429238 0.07391926646232605 23680000
1733255475637 0.08850166201591492 23724032
1733255517485 0.05170945078134537 23756800
1733255560176 0.07020984590053558 23789568
1733255600852 0.0767408013343811 23822336
1733255644196 0.06935442984104156 23840000
1733255695804 0.07550172507762909 23887872
1733255738414 0.06428281217813492 23920640
1733255778732 0.0473320335149765 23953408
1733255820952 0.0727071762084961 23986176
1733255861659 0.06590411067008972 24000000
1733255911102 0.07155975699424744 24051712
1733255953758 0.07409834861755371 24084480
1733255994659 0.06790484488010406 24117248
1733256037263 0.059123262763023376 24150016
1733256075593 0.04948893189430237 24160000
1733256128149 0.06824779510498047 24215552
1733256168997 0.054726943373680115 24248320
1733256210449 0.05471261590719223 24281088
1733256251555 0.061122480779886246 24313856
1733256288138 0.06579788029193878 24320000
1733256344592 0.08175931125879288 24379392
1733256387209 0.054690051823854446 24412160
1733256430274 0.05882515758275986 24444928
1733256470850 0.08045732229948044 24477696
1733256505472 0.07170851528644562 24480000
1733256561195 0.07432107627391815 24543232
1733256603508 0.055027883499860764 24576000
1733256645977 0.06893621385097504 24608768
1733256693342 0.06463126093149185 24640000
1733256738140 0.06896369159221649 24674304
1733256778196 0.0850665345788002 24707072
1733256820078 0.08869287371635437 24739840
1733256860725 0.07126942276954651 24772608
1733256907345 0.06573494523763657 24800000
1733256951391 0.06273521482944489 24838144
1733256993364 0.05842972546815872 24870912
1733257039041 0.06384793668985367 24903680
1733257079913 0.07168084383010864 24936448
1733257126509 0.07126906514167786 24960000
1733257171315 0.06437662243843079 25001984
1733257214217 0.11813811212778091 25034752
1733257254684 0.05630115419626236 25067520
1733257296420 0.07520240545272827 25100288
1733257340274 0.06514731049537659 25120000
1733257387346 0.07112522423267365 25165824
1733257432007 0.07449473440647125 25198592
1733257472012 0.0954875573515892 25231360
1733257514776 0.08306320011615753 25264128
1733257555506 0.07769908756017685 25280000
1733257605945 0.08008459955453873 25329664
1733257647172 0.06376337260007858 25362432
1733257689902 0.07698430120944977 25395200
1733257732356 0.06447373330593109 25427968
1733257771805 0.078269824385643 25440000
1733257826083 0.08184609562158585 25493504
1733257866786 0.07456053793430328 25526272
1733257909541 0.06252549588680267 25559040
1733257950670 0.07375073432922363 25591808
1733257988767 0.07375763356685638 25600000
1733258041803 0.08966557681560516 25657344
1733258083339 0.07749919593334198 25690112
1733258126838 0.07279235124588013 25722880
1733258167143 0.06603492796421051 25755648
1733258203868 0.0741146057844162 25760000
1733258257939 0.07605965435504913 25821184
1733258300498 0.04655062407255173 25853952
1733258341278 0.0692574754357338 25886720
1733258382584 0.08356976509094238 25919488
1733258418347 0.05481751635670662 25920000
1733258472783 0.07236285507678986 25985024
1733258516473 0.07652191817760468 26017792
1733258558049 0.06065212935209274 26050560
1733258607357 0.0701204389333725 26080000
1733258649345 0.05917350947856903 26116096
1733258691950 0.04531601443886757 26148864
1733258732438 0.06431156396865845 26181632
1733258774893 0.05672229826450348 26214400
1733258821897 0.05936504155397415 26240000
1733258873082 0.07506632804870605 26279936
1733258914864 0.06379634886980057 26312704
1733258958191 0.07025361806154251 26345472
1733259003571 0.06959079205989838 26378240
1733259049799 0.0874025747179985 26400000
1733259100551 0.07889166474342346 26443776
1733259144823 0.08171330392360687 26476544
1733259189911 0.07709356397390366 26509312
1733259234115 0.07728609442710876 26542080
1733259278870 0.07609838247299194 26560000
1733259329203 0.07107990980148315 26607616
1733259372860 0.07702338695526123 26640384
1733259418187 0.07090382277965546 26673152
1733259465825 0.07736662775278091 26705920
1733259508695 0.07008951902389526 26720000
1733259562879 0.05458378791809082 26771456
1733259607883 0.07733377814292908 26804224
1733259650196 0.06807926297187805 26836992
1733259694746 0.060391850769519806 26869760
1733259734367 0.06012113392353058 26880000
1733259789399 0.07172239571809769 26935296
1733259833536 0.06087513267993927 26968064
1733259877224 0.04904860258102417 27000832
1733259922448 0.06065196171402931 27033600
1733259961609 0.0688084065914154 27040000
1733260019034 0.05866040661931038 27099136
1733260061764 0.07509109377861023 27131904
1733260108809 0.0684802234172821 27164672
1733260150797 0.06586781144142151 27197440
1733260188562 0.06724092364311218 27200000
1733260247840 0.06213081628084183 27262976
1733260293391 0.062414709478616714 27295744
1733260340670 0.05591868609189987 27328512
1733260389764 0.07346154749393463 27360000
1733260436505 0.06170770525932312 27394048
1733260478349 0.07551859319210052 27426816
1733260524105 0.06186172738671303 27459584
1733260566277 0.07474049180746078 27492352
1733260616815 0.0664539784193039 27520000
1733260662744 0.06544070690870285 27557888
1733260706268 0.08466285467147827 27590656
1733260750480 0.08345597982406616 27623424
1733260792984 0.05683569610118866 27656192
1733260842480 0.0537853017449379 27680000
1733260887225 0.08121851831674576 27721728
1733260933337 0.07455949485301971 27754496
1733260977016 0.08730794489383698 27787264
1733261024104 0.07550500333309174 27820032
1733261069450 0.07270084321498871 27840000
1733261123488 0.0725986659526825 27885568
1733261167909 0.07075923681259155 27918336
1733261213917 0.06925473362207413 27951104
1733261258434 0.06709837913513184 27983872
1733261303275 0.07012177258729935 28000000
1733261358943 0.08813805878162384 28049408
1733261402797 0.0690435841679573 28082176
1733261451382 0.05250364914536476 28114944
1733261495100 0.0589984729886055 28147712
1733261539163 0.08686807751655579 28160000
1733261594078 0.06661409139633179 28213248
1733261638125 0.07071857154369354 28246016
1733261683655 0.06526874005794525 28278784
1733261728618 0.06248987093567848 28311552
1733261772130 0.0578216090798378 28320000
1733261828287 0.06852422654628754 28377088
1733261873335 0.07704149186611176 28409856
1733261917740 0.07864382863044739 28442624
1733261963643 0.06077675521373749 28475392
1733262002548 0.08643629401922226 28480000
1733262063848 0.06984762847423553 28540928
1733262107802 0.07257666438817978 28573696
1733262154314 0.08872958272695541 28606464
1733262198135 0.07370802015066147 28639232
1733262235383 0.06856845319271088 28640000
1733262296599 0.06574138253927231 28704768
1733262341653 0.06206594407558441 28737536
1733262387565 0.08028897643089294 28770304
1733262437385 0.06865952908992767 28800000
1733262486986 0.0769515112042427 28835840
1733262530988 0.0822015106678009 28868608
1733262577203 0.06396766006946564 28901376
1733262622265 0.07505154609680176 28934144
1733262672344 0.07654508948326111 28960000
1733262721179 0.07047899067401886 28999680
1733262765250 0.06214062124490738 29032448
1733262811612 0.07083960622549057 29065216
1733262856799 0.07512176781892776 29097984
1733262908008 0.06003677845001221 29120000
1733262959445 0.07060287147760391 29163520
1733263005516 0.08232711255550385 29196288
1733263048945 0.06487283110618591 29229056
1733263094923 0.0700967013835907 29261824
1733263139620 0.06830461323261261 29280000
1733263192014 0.08049093931913376 29327360
1733263235985 0.08092707395553589 29360128
1733263280581 0.07294967770576477 29392896
1733263326151 0.0752037763595581 29425664
1733263369697 0.06593290716409683 29440000
1733263424365 0.054571449756622314 29491200
1733263469528 0.07173551619052887 29523968
1733263515615 0.07188395410776138 29556736
1733263558262 0.07864084839820862 29589504
1733263600300 0.06532734632492065 29600000
1733263655343 0.07944636046886444 29655040
1733263704080 0.05926153436303139 29687808
1733263748125 0.09193512797355652 29720576
1733263793079 0.07261741161346436 29753344
1733263832793 0.07119333744049072 29760000
1733263889302 0.07675044983625412 29818880
1733263935931 0.04815215617418289 29851648
1733263979869 0.061244286596775055 29884416
1733264025306 0.06983651220798492 29917184
1733264062355 0.0685015469789505 29920000
1733264122629 0.06293108314275742 29982720
1733264167279 0.0626494437456131 30015488
1733264212420 0.06496398895978928 30048256
1733264263435 0.07508465647697449 30080000
1733264309410 0.06487211585044861 30113792
1733264353360 0.06978362053632736 30146560
1733264398361 0.0597064383327961 30179328
1733264443118 0.06612089276313782 30212096
1733264492129 0.09347806870937347 30240000
1733264539774 0.05689738690853119 30277632
1733264583570 0.059907808899879456 30310400
1733264629279 0.05796759948134422 30343168
1733264672669 0.08293215930461884 30375936
1733264720877 0.060032282024621964 30400000
1733264767676 0.06759299337863922 30441472
1733264811782 0.06443117558956146 30474240
1733264855926 0.10589875280857086 30507008
1733264898197 0.07857022434473038 30539776
1733264945732 0.06258293241262436 30560000
1733264996570 0.06750631332397461 30605312
1733265041274 0.06986726820468903 30638080
1733265086319 0.07713240385055542 30670848
1733265129291 0.060452140867710114 30703616
1733265175343 0.06853485107421875 30720000
1733265229629 0.08293265104293823 30769152
1733265273404 0.07011651992797852 30801920
1733265317740 0.0533120259642601 30834688
1733265361742 0.06132669746875763 30867456
1733265403404 0.0762324333190918 30880000
1733265458635 0.05215191841125488 30932992
1733265505006 0.05831998586654663 30965760
1733265548464 0.04825893044471741 30998528
1733265594938 0.05690892040729523 31031296
1733265633448 0.05731311812996864 31040000
1733265689691 0.056526198983192444 31096832
1733265733204 0.06871698796749115 31129600
1733265776017 0.06512254476547241 31162368
1733265822141 0.047817349433898926 31195136
1733265859730 0.0649963915348053 31200000
1733265911915 0.08131277561187744 31260672
1733265951376 0.076507069170475 31293440
1733265988099 0.05263654887676239 31326208
1733266028320 0.05811771750450134 31358976
1733266060433 0.04773448780179024 31360000
1733266112114 0.07800492644309998 31424512
1733266151128 0.05566396564245224 31457280
1733266188510 0.06483039259910583 31490048
1733266234389 0.07482641935348511 31520000
1733266274702 0.07542306184768677 31555584
1733266312834 0.06936337798833847 31588352
1733266351403 0.06904886662960052 31621120
1733266390057 0.07939063012599945 31653888
1733266432464 0.07104018330574036 31680000
1733266474347 0.05823566019535065 31719424
1733266512852 0.06384019553661346 31752192
1733266550473 0.06665895879268646 31784960
1733266590632 0.061807259917259216 31817728
1733266629926 0.07798656821250916 31840000
1733266674049 0.07042995095252991 31883264
1733266712430 0.06290491670370102 31916032
1733266749028 0.07149045914411545 31948800
1733266789261 0.057102106511592865 31981568
1733266827328 0.0638832226395607 32000000
1733266871611 0.05911361426115036 32047104
1733266912204 0.06419771164655685 32079872
1733266948389 0.06439635157585144 32112640
1733266988853 0.056276071816682816 32145408
1733267025805 0.07981762290000916 32160000
