1733223280229 0.2 65536
1733223320476 0.2 98304
1733223361269 0.2 131072
1733223406417 0.2 160000
1733223447529 0.2 196608
1733223485977 0.2 229376
1733223526094 0.2 262144
1733223565570 0.2 294912
1733223607825 0.2 320000
1733223649031 0.2 360448
1733223687012 0.2 393216
1733223725702 0.2 425984
1733223763991 0.2 458752
1733223804777 0.2 480000
1733223847188 0.2 524288
1733223884582 0.2 557056
1733223923844 0.2 589824
1733223962529 0.2 622592
1733224001052 0.2 640000
1733224044360 0.2 688128
1733224082868 0.2 720896
1733224121224 0.2 753664
1733224160111 0.2 786432
1733224197752 0.2 800000
1733224244281 0.2 851968
1733224282885 0.2 884736
1733224321574 0.2 917504
1733224359963 0.2 950272
1733224395635 0.2 960000
1733224443950 0.2 1015808
1733224482670 0.2 1048576
1733224521762 0.2 1081344
1733224561398 0.2 1114112
1733224596480 0.2 1120000
1733224646566 0.2 1179648
1733224686196 0.2 1212416
1733224725497 0.2 1245184
1733224764724 0.2 1277952
1733224797889 0.2 1280000
1733224850723 0.2 1343488
1733224890139 0.2 1376256
1733224929743 0.2 1409024
1733224975943 0.2 1440000
1733225016898 0.2 1474560
1733225057120 0.2 1507328
1733225096699 0.2 1540096
1733225136132 0.2 1572864
1733225180744 0.2 1600000
1733225222538 0.2 1638400
1733225262480 0.2 1671168
1733225301965 0.2 1703936
1733225342656 0.2 1736704
1733225386075 0.2 1760000
1733225429438 0.2 1802240
1733225468364 0.2 1835008
1733225507790 0.2 1867776
1733225547713 0.2 1900544
1733225588772 0.2 1920000
1733225633172 0.2 1966080
1733225672803 0.2 1998848
1733225712029 0.2 2031616
1733225751280 0.2 2064384
1733225790281 0.2 2080000
1733225837140 0.2 2129920
1733225876766 0.2 2162688
1733225916036 0.2 2195456
1733225955582 0.2 2228224
1733225992490 0.2 2240000
1733226040341 0.2 2293760
1733226079905 0.2 2326528
1733226119759 0.2 2359296
1733226158883 0.2 2392064
1733226195298 0.2 2400000
1733226246591 0.2 2457600
1733226286447 0.2 2490368
1733226326640 0.2 2523136
1733226366874 0.2 2555904
1733226401053 0.2 2560000
1733226452884 0.2 2621440
1733226492119 0.2 2654208
1733226531456 0.2 2686976
1733226571054 0.2 2719744
1733226604168 0.2 2720000
1733226657201 0.2 2785280
1733226696540 0.2 2818048
1733226735567 0.2 2850816
1733226779875 0.2 2880000
1733226820676 0.2 2916352
1733226859911 0.2 2949120
1733226899241 0.2 2981888
1733226938248 0.2 3014656
1733226981505 0.2 3040000
1733227024070 0.2 3080192
1733227063651 0.2 3112960
1733227103051 0.2 3145728
1733227142350 0.2 3178496
1733227183183 0.2 3200000
1733227228023 0.2 3244032
1733227267480 0.2 3276800
1733227306779 0.2 3309568
1733227346166 0.2 3342336
1733227386044 0.2 3360000
1733227432419 0.2 3407872
1733227472151 0.2 3440640
1733227511553 0.2 3473408
1733227550886 0.2 3506176
1733227589356 0.2 3520000
1733227636618 0.2 3571712
1733227677040 0.2 3604480
1733227716570 0.2 3637248
1733227756134 0.2 3670016
1733227792996 0.2 3680000
1733227842160 0.2 3735552
1733227881684 0.2 3768320
1733227922054 0.2 3801088
1733227961563 0.2 3833856
1733227996715 0.2 3840000
1733228047006 0.2 3899392
1733228086032 0.2 3932160
1733228125088 0.2 3964928
1733228164405 0.2 3997696
1733228197725 0.2 4000000
1733228249475 0.2 4063232
1733228289389 0.2 4096000
1733228328727 0.2 4128768
1733228373685 0.2 4160000
1733228414033 0.2 4194304
1733228453261 0.2 4227072
1733228492280 0.2 4259840
1733228531466 0.2 4292608
1733228575571 0.2 4320000
1733228617593 0.2 4358144
1733228656465 0.2 4390912
1733228695829 0.2 4423680
1733228735746 0.2 4456448
1733228779025 0.2 4480000
1733228823143 0.2 4521984
1733228862932 0.2 4554752
1733228902985 0.2 4587520
1733228942969 0.2 4620288
1733228984449 0.2 4640000
1733229030135 0.2 4685824
1733229069815 0.2 4718592
1733229109725 0.2 4751360
1733229150072 0.2 4784128
1733229190752 0.2 4800000
1733229237785 0.2 4849664
1733229277274 0.2 4882432
1733229316912 0.2 4915200
1733229357083 0.2 4947968
1733229396448 0.2 4960000
1733229445156 0.2 5013504
1733229484015 0.2 5046272
1733229523046 0.2 5079040
1733229563446 0.2 5111808
1733229601108 0.2 5120000
1733229650796 0.2 5177344
1733229690130 0.2 5210112
1733229728995 0.2 5242880
1733229768861 0.2 5275648
1733229803977 0.2 5280000
1733229856320 0.2 5341184
1733229896034 0.2 5373952
1733229936143 0.2 5406720
1733229976678 0.2 5439488
1733230010246 0.2 5440000
1733230064879 0.2 5505024
1733230105208 0.2 5537792
1733230145851 0.2 5570560
1733230192173 0.2 5600000
1733230234982 0.2 5636096
1733230276341 0.2 5668864
1733230323461 0.2 5701632
1733230368426 0.2 5734400
1733230415389 0.2 5760000
1733230460481 0.2 5799936
1733230501901 0.2 5832704
1733230542103 0.2 5865472
1733230583093 0.2 5898240
1733230625336 0.2 5920000
1733230673983 0.2 5963776
1733230715288 0.2 5996544
1733230757674 0.2 6029312
1733230797804 0.2 6062080
1733230840267 0.2 6080000
1733230888901 0.2 6127616
1733230930407 0.2 6160384
1733230973727 0.2 6193152
1733231019214 0.2 6225920
1733231062238 0.2 6240000
1733231114344 0.2 6291456
1733231158873 0.2 6324224
1733231203099 0.2 6356992
1733231247598 0.2 6389760
1733231288346 0.2 6400000
1733231344999 0.2 6455296
1733231388139 0.2 6488064
1733231431850 0.2 6520832
1733231478333 0.2 6553600
1733231516183 0.2 6560000
1733231574897 0.2 6619136
1733231618248 0.2 6651904
1733231661794 0.2 6684672
1733231707753 0.2 6717440
1733231744023 0.2 6720000
1733231803595 0.2 6782976
1733231849120 0.2 6815744
1733231893499 0.2 6848512
1733231945238 0.2 6880000
1733231988479 0.2 6914048
1733232033802 0.2 6946816
1733232078994 0.2 6979584
1733232123126 0.2 7012352
1733232172059 0.2 7040000
1733232220466 0.2 7077888
1733232265063 0.2 7110656
1733232308618 0.2 7143424
1733232352262 0.2 7176192
1733232398727 0.2 7200000
1733232449580 0.2 7241728
1733232494128 0.2 7274496
1733232537491 0.2 7307264
1733232583029 0.2 7340032
1733232627361 0.2 7360000
1733232679005 0.2 7405568
1733232720618 0.2 7438336
1733232765763 0.2 7471104
1733232812233 0.2 7503872
1733232853894 0.2 7520000
1733232903658 0.2 7569408
1733232949176 0.2 7602176
1733232994117 0.2 7634944
1733233037651 0.2 7667712
1733233079781 0.2 7680000
1733233135351 0.2 7733248
1733233179311 0.2 7766016
1733233222316 0.2 7798784
1733233267953 0.2 7831552
1733233308900 0.2 7840000
1733233369353 0.2 7897088
1733233413762 0.2 7929856
1733233459336 0.2 7962624
1733233506686 0.2 7995392
1733233544918 0.2 8000000
1733233605193 0.2 8060928
1733233649748 0.2 8093696
1733233695409 0.2 8126464
1733233742235 0.2 8159232
1733233779318 0.2 8160000
1733233841717 0.2 8224768
1733233887196 0.2 8257536
1733233932167 0.2 8290304
1733233984485 0.2 8320000
1733234031525 0.2 8355840
1733234078048 0.2 8388608
1733234123552 0.2 8421376
1733234167902 0.2 8454144
1733234217802 0.2 8480000
1733234266718 0.2 8519680
1733234313279 0.2 8552448
1733234358155 0.2 8585216
1733234402486 0.2 8617984
1733234450298 0.2 8640000
1733234501734 0.2 8683520
1733234546779 0.2 8716288
1733234590580 0.2 8749056
1733234635369 0.2 8781824
1733234682963 0.2 8800000
1733234736336 0.2 8847360
1733234782276 0.2 8880128
1733234826124 0.2 8912896
1733234870745 0.2 8945664
1733234916157 0.2 8960000
1733234971933 0.2 9011200
1733235018461 0.2 9043968
1733235062826 0.2 9076736
1733235109056 0.2 9109504
1733235153990 0.2 9120000
1733235210555 0.2 9175040
1733235257021 0.2 9207808
1733235302242 0.2 9240576
1733235347528 0.2 9273344
1733235388221 0.2 9280000
1733235448499 0.2 9338880
1733235496169 0.2 9371648
1733235540980 0.2 9404416
1733235585735 0.2 9437184
1733235624455 0.2 9440000
1733235687107 0.2 9502720
1733235734333 0.2 9535488
1733235777860 0.2 9568256
1733235830370 0.2 9600000
1733235876799 0.2 9633792
1733235921781 0.2 9666560
1733235968689 0.2 9699328
1733236012666 0.2 9732096
1733236064155 0.2 9760000
1733236111282 0.2 9797632
1733236155900 0.2 9830400
1733236201832 0.2 9863168
1733236247133 0.2 9895936
1733236297319 0.2 9920000
1733236347469 0.2 9961472
1733236392512 0.2 9994240
1733236439859 0.2 10027008
1733236484654 0.2 10059776
1733236531313 0.2 10080000
1733236583239 0.2 10125312
1733236628669 0.2 10158080
1733236676233 0.2 10190848
1733236720193 0.2 10223616
1733236764183 0.2 10240000
1733236819817 0.2 10289152
1733236864630 0.2 10321920
1733236911355 0.2 10354688
1733236956230 0.2 10387456
1733237001249 0.2 10400000
1733237055897 0.2 10452992
1733237100777 0.2 10485760
1733237145365 0.2 10518528
1733237191360 0.2 10551296
1733237232426 0.2 10560000
1733237289597 0.2 10616832
1733237334917 0.2 10649600
1733237380962 0.2 10682368
1733237427332 0.2 10715136
1733237467769 0.2 10720000
1733237526260 0.2 10780672
1733237569545 0.2 10813440
1733237615449 0.2 10846208
1733237660606 0.2 10878976
1733237697918 0.2 10880000
1733237760116 0.2 10944512
1733237805379 0.2 10977280
1733237848990 0.2 11010048
1733237900941 0.2 11040000
1733237946964 0.2 11075584
1733237991243 0.2 11108352
1733238035105 0.2 11141120
1733238081401 0.2 11173888
1733238131519 0.2 11200000
1733238182120 0.2 11239424
1733238227077 0.2 11272192
1733238273289 0.2 11304960
1733238318211 0.2 11337728
1733238366513 0.2 11360000
1733238419522 0.2 11403264
1733238467886 0.2 11436032
1733238514141 0.2 11468800
1733238561836 0.2 11501568
1733238607775 0.2 11520000
1733238661846 0.2 11567104
1733238705027 0.2 11599872
1733238751670 0.2 11632640
1733238793765 0.2 11665408
1733238840167 0.2 11680000
1733238894580 0.2 11730944
1733238940738 0.2 11763712
1733238983473 0.2 11796480
1733239031058 0.2 11829248
1733239072158 0.2 11840000
1733239131090 0.2 11894784
1733239174963 0.2 11927552
1733239221847 0.2 11960320
1733239265391 0.2 11993088
1733239308277 0.2 12000000
1733239363166 0.2 12058624
1733239407755 0.2 12091392
1733239452541 0.2 12124160
1733239497130 0.2 12156928
1733239534251 0.2 12160000
1733239594018 0.2 12222464
1733239639272 0.2 12255232
1733239682793 0.2 12288000
1733239735955 0.2 12320000
1733239779410 0.2 12353536
1733239824439 0.2 12386304
1733239868624 0.2 12419072
1733239912780 0.2 12451840
1733239963366 0.2 12480000
1733240009620 0.2 12517376
1733240054191 0.2 12550144
1733240097188 0.2 12582912
1733240142397 0.2 12615680
1733240189453 0.2 12640000
1733240238771 0.2 12681216
1733240282767 0.2 12713984
1733240329042 0.2 12746752
1733240372241 0.2 12779520
1733240419457 0.2 12800000
1733240468148 0.2 12845056
1733240513534 0.2 12877824
1733240557475 0.2 12910592
1733240603657 0.2 12943360
1733240647782 0.2 12960000
1733240700600 0.2 13008896
1733240745337 0.2 13041664
1733240790315 0.2 13074432
1733240834293 0.2 13107200
1733240879774 0.2 13120000
1733240934891 0.2 13172736
1733240978279 0.2 13205504
1733241022790 0.2 13238272
1733241067153 0.2 13271040
1733241107790 0.2 13280000
1733241163319 0.2 13336576
1733241208061 0.2 13369344
1733241251889 0.2 13402112
1733241295189 0.2 13434880
1733241334307 0.2 13440000
1733241390272 0.2 13500416
1733241435867 0.2 13533184
1733241478822 0.2 13565952
1733241523735 0.2 13598720
1733241559084 0.2 13600000
1733241619599 0.2 13664256
1733241663778 0.2 13697024
1733241710381 0.2 13729792
1733241760173 0.2 13760000
1733241806692 0.2 13795328
1733241850151 0.2 13828096
1733241896263 0.2 13860864
1733241940386 0.2 13893632
1733241990423 0.2 13920000
1733242038298 0.2 13959168
1733242082619 0.2 13991936
1733242126749 0.2 14024704
1733242172385 0.2 14057472
1733242219934 0.2 14080000
1733242270662 0.2 14123008
1733242315737 0.2 14155776
1733242361082 0.2 14188544
1733242407107 0.2 14221312
1733242452515 0.2 14240000
1733242504129 0.2 14286848
1733242548580 0.2 14319616
1733242592863 0.2 14352384
1733242637483 0.2 14385152
1733242680598 0.2 14400000
1733242733932 0.2 14450688
1733242776736 0.2 14483456
1733242821913 0.2 14516224
1733242865747 0.2 14548992
1733242910358 0.2 14560000
1733242965723 0.2 14614528
1733243012975 0.2 14647296
1733243057398 0.2 14680064
1733243102318 0.2 14712832
1733243141022 0.2 14720000
1733243198849 0.2 14778368
1733243244059 0.2 14811136
1733243288264 0.2 14843904
1733243333195 0.2 14876672
1733243373996 0.2 14880000
1733243433562 0.2 14942208
1733243477177 0.2 14974976
1733243523244 0.2 15007744
1733243573710 0.2 15040000
1733243619089 0.2 15073280
1733243662802 0.2 15106048
1733243708221 0.2 15138816
1733243752276 0.2 15171584
1733243802082 0.2 15200000
1733243848062 0.2 15237120
1733243892553 0.2 15269888
1733243937192 0.2 15302656
1733243981607 0.2 15335424
1733244030772 0.2 15360000
1733244079681 0.2 15400960
1733244125703 0.2 15433728
1733244169450 0.2 15466496
1733244214794 0.2 15499264
1733244260720 0.2 15520000
1733244312847 0.2 15564800
1733244357788 0.2 15597568
1733244401268 0.2 15630336
1733244445075 0.2 15663104
1733244490118 0.2 15680000
1733244541539 0.2 15728640
1733244585254 0.2 15761408
1733244630760 0.2 15794176
1733244674758 0.2 15826944
1733244719352 0.2 15840000
1733244773124 0.2 15892480
1733244818684 0.2 15925248
1733244862928 0.2 15958016
1733244908567 0.2 15990784
1733244949628 0.2 16000000
1733245005371 0.2 16056320
1733245049475 0.2 16089088
1733245093237 0.2 16121856
1733245137306 0.2 16154624
1733245174821 0.2 16160000
1733245235747 0.2 16220160
1733245279141 0.2 16252928
1733245325813 0.2 16285696
1733245369276 0.2 16318464
1733245408115 0.2 16320000
1733245465431 0.2 16384000
1733245508857 0.2 16416768
1733245553444 0.2 16449536
1733245603880 0.2 16480000
1733245650359 0.2 16515072
1733245695056 0.2 16547840
1733245740817 0.2 16580608
1733245784579 0.2 16613376
1733245835161 0.2 16640000
1733245881332 0.2 16678912
1733245926398 0.2 16711680
1733245969798 0.2 16744448
1733246014098 0.2 16777216
1733246061566 0.2 16800000
1733246111846 0.2 16842752
1733246154912 0.2 16875520
1733246198616 0.2 16908288
1733246243760 0.2 16941056
1733246286524 0.2 16960000
1733246335441 0.2 17006592
1733246377981 0.2 17039360
1733246421377 0.2 17072128
1733246464205 0.2 17104896
1733246508234 0.2 17120000
1733246559062 0.2 17170432
1733246603467 0.2 17203200
1733246646229 0.2 17235968
1733246690475 0.2 17268736
1733246730710 0.2 17280000
1733246787424 0.2 17334272
1733246831638 0.2 17367040
1733246875766 0.2 17399808
1733246920380 0.2 17432576
1733246959827 0.2 17440000
1733247014983 0.2 17498112
1733247059279 0.2 17530880
1733247102644 0.2 17563648
1733247148001 0.2 17596416
1733247185477 0.2 17600000
1733247244394 0.2 17661952
1733247287799 0.2 17694720
1733247330761 0.2 17727488
1733247382928 0.2 17760000
1733247425485 0.2 17793024
1733247468904 0.2 17825792
1733247511777 0.2 17858560
1733247555645 0.2 17891328
1733247602460 0.2 17920000
1733247648139 0.2 17956864
1733247692160 0.2 17989632
1733247736578 0.2 18022400
1733247779512 0.2 18055168
1733247829392 0.2 18080000
1733247875876 0.2 18120704
1733247920711 0.2 18153472
1733247964090 0.2 18186240
1733248009247 0.2 18219008
1733248054284 0.2 18240000
1733248106277 0.2 18284544
1733248149709 0.2 18317312
1733248194204 0.2 18350080
1733248237409 0.2 18382848
1733248282422 0.2 18400000
1733248333951 0.2 18448384
1733248377354 0.2 18481152
1733248420730 0.2 18513920
1733248465132 0.2 18546688
1733248507321 0.2 18560000
1733248559843 0.2 18612224
1733248603935 0.2 18644992
1733248647546 0.2 18677760
1733248692384 0.2 18710528
1733248732105 0.2 18720000
1733248788129 0.2 18776064
1733248831503 0.2 18808832
1733248875503 0.2 18841600
1733248918591 0.2 18874368
1733248958271 0.2 18880000
1733249016985 0.2 18939904
1733249061013 0.2 18972672
1733249104376 0.2 19005440
1733249148367 0.2 19038208
1733249184723 0.2 19040000
1733249241875 0.2 19103744
1733249286842 0.2 19136512
1733249328911 0.2 19169280
1733249377747 0.2 19200000
1733249421887 0.2 19234816
1733249466512 0.2 19267584
1733249508745 0.2 19300352
1733249552345 0.2 19333120
1733249602593 0.2 19360000
1733249651568 0.2 19398656
1733249694783 0.2 19431424
1733249741062 0.2 19464192
1733249784568 0.2 19496960
1733249831989 0.2 19520000
1733249880915 0.2 19562496
1733249925366 0.2 19595264
1733249969434 0.2 19628032
1733250013857 0.2 19660800
1733250056603 0.2 19680000
1733250108171 0.2 19726336
1733250152475 0.2 19759104
1733250194735 0.2 19791872
1733250238589 0.2 19824640
1733250281910 0.2 19840000
1733250335923 0.2 19890176
1733250378884 0.2 19922944
1733250423372 0.2 19955712
1733250466724 0.2 19988480
1733250509300 0.2 20000000
1733250563057 0.2 20054016
1733250607576 0.2 20086784
1733250651704 0.2 20119552
1733250695971 0.2 20152320
1733250734886 0.2 20160000
1733250790118 0.2 20217856
1733250833796 0.2 20250624
1733250875720 0.2 20283392
1733250919014 0.2 20316160
1733250956366 0.2 20320000
1733251015849 0.2 20381696
1733251059204 0.2 20414464
1733251104491 0.2 20447232
1733251156350 0.2 20480000
1733251201063 0.2 20512768
1733251243985 0.2 20545536
1733251288971 0.2 20578304
1733251333249 0.2 20611072
1733251383275 0.2 20640000
1733251429487 0.2 20676608
1733251472664 0.2 20709376
1733251518012 0.2 20742144
1733251560783 0.2 20774912
1733251608726 0.2 20800000
1733251657379 0.2 20840448
1733251701366 0.2 20873216
1733251746662 0.2 20905984
1733251791080 0.2 20938752
1733251834896 0.2 20960000
1733251885737 0.2 21004288
1733251928955 0.2 21037056
1733251972772 0.2 21069824
1733252015480 0.2 21102592
1733252058646 0.2 21120000
1733252110619 0.2 21168128
1733252153316 0.2 21200896
1733252197522 0.2 21233664
1733252240466 0.2 21266432
1733252282751 0.2 21280000
1733252336832 0.2 21331968
1733252381079 0.2 21364736
1733252423200 0.2 21397504
1733252467970 0.2 21430272
1733252506776 0.2 21440000
1733252562807 0.2 21495808
1733252605706 0.2 21528576
1733252648894 0.2 21561344
1733252693801 0.2 21594112
1733252731201 0.2 21600000
1733252787004 0.2 21659648
1733252826748 0.2 21692416
1733252869057 0.2 21725184
1733252909723 0.2 21757952
1733252945995 0.2 21760000
1733253000445 0.2 21823488
1733253042165 0.2 21856256
1733253082458 0.2 21889024
1733253131570 0.2 21920000
1733253173707 0.2 21954560
1733253215369 0.2 21987328
1733253256882 0.2 22020096
1733253298897 0.2 22052864
1733253343732 0.2 22080000
1733253386799 0.2 22118400
1733253428031 0.2 22151168
1733253468094 0.2 22183936
1733253508884 0.2 22216704
1733253551899 0.2 22240000
1733253596825 0.2 22282240
1733253637146 0.2 22315008
1733253678243 0.2 22347776
1733253718746 0.2 22380544
1733253760815 0.2 22400000
1733253806704 0.2 22446080
1733253848110 0.2 22478848
1733253888187 0.2 22511616
1733253929934 0.2 22544384
1733253969507 0.2 22560000
1733254018860 0.2 22609920
1733254058598 0.2 22642688
1733254099169 0.2 22675456
1733254139134 0.2 22708224
1733254179114 0.2 22720000
1733254229074 0.2 22773760
1733254271222 0.2 22806528
1733254311285 0.2 22839296
1733254352687 0.2 22872064
1733254389548 0.2 22880000
1733254440907 0.2 22937600
1733254483033 0.2 22970368
1733254524459 0.2 23003136
1733254565930 0.2 23035904
1733254601408 0.2 23040000
1733254654813 0.2 23101440
1733254695217 0.2 23134208
1733254736969 0.2 23166976
1733254777730 0.2 23199744
1733254812004 0.2 23200000
1733254867329 0.2 23265280
1733254907710 0.2 23298048
1733254951367 0.2 23330816
1733254996983 0.2 23360000
1733255041232 0.2 23396352
1733255082588 0.2 23429120
1733255125333 0.2 23461888
1733255166550 0.2 23494656
1733255211621 0.2 23520000
1733255258293 0.2 23560192
1733255299292 0.2 23592960
1733255343116 0.2 23625728
1733255384079 0.2 23658496
1733255429306 0.2 23680000
1733255475758 0.2 23724032
1733255517602 0.2 23756800
1733255560220 0.2 23789568
1733255600998 0.2 23822336
1733255644345 0.2 23840000
1733255695889 0.2 23887872
1733255738494 0.2 23920640
1733255778798 0.2 23953408
1733255821046 0.2 23986176
1733255861738 0.2 24000000
1733255911192 0.2 24051712
1733255953808 0.2 24084480
1733255994767 0.2 24117248
1733256037479 0.2 24150016
1733256075678 0.2 24160000
1733256128195 0.2 24215552
1733256169051 0.2 24248320
1733256210497 0.2 24281088
1733256251622 0.2 24313856
1733256288259 0.2 24320000
1733256345697 0.2 24379392
1733256387255 0.2 24412160
1733256430337 0.2 24444928
1733256470910 0.2 24477696
1733256505562 0.2 24480000
1733256561237 0.2 24543232
1733256603558 0.2 24576000
1733256646029 0.2 24608768
1733256693411 0.2 24640000
1733256738228 0.2 24674304
1733256778262 0.2 24707072
1733256820137 0.2 24739840
1733256860773 0.2 24772608
1733256907415 0.2 24800000
1733256951436 0.2 24838144
1733256993416 0.2 24870912
1733257039081 0.2 24903680
1733257079953 0.2 24936448
1733257126571 0.2 24960000
1733257171376 0.2 25001984
1733257214287 0.2 25034752
1733257254772 0.2 25067520
1733257296464 0.2 25100288
1733257340377 0.2 25120000
1733257387397 0.2 25165824
1733257432060 0.2 25198592
1733257472089 0.2 25231360
1733257514828 0.2 25264128
1733257555574 0.2 25280000
1733257606020 0.2 25329664
1733257647215 0.2 25362432
1733257689945 0.2 25395200
1733257732408 0.2 25427968
1733257771933 0.2 25440000
1733257826148 0.2 25493504
1733257866841 0.2 25526272
1733257909612 0.2 25559040
1733257950714 0.2 25591808
1733257988814 0.2 25600000
1733258041855 0.2 25657344
1733258083395 0.2 25690112
1733258126924 0.2 25722880
1733258167187 0.2 25755648
1733258203949 0.2 25760000
1733258257985 0.2 25821184
1733258300557 0.2 25853952
1733258341336 0.2 25886720
1733258382626 0.2 25919488
1733258418422 0.2 25920000
1733258472834 0.2 25985024
1733258516530 0.2 26017792
1733258558116 0.2 26050560
1733258607443 0.2 26080000
1733258649388 0.2 26116096
1733258691997 0.2 26148864
1733258732503 0.2 26181632
1733258774941 0.2 26214400
1733258822851 0.2 26240000
1733258873129 0.2 26279936
1733258914934 0.2 26312704
1733258958240 0.2 26345472
1733259003618 0.2 26378240
1733259049872 0.2 26400000
1733259100657 0.2 26443776
1733259144935 0.2 26476544
1733259190098 0.2 26509312
1733259234193 0.2 26542080
1733259279011 0.2 26560000
1733259329253 0.2 26607616
1733259372939 0.2 26640384
1733259418278 0.2 26673152
1733259465962 0.2 26705920
1733259508787 0.2 26720000
1733259562922 0.2 26771456
1733259607927 0.2 26804224
1733259650245 0.2 26836992
1733259694872 0.2 26869760
1733259734468 0.2 26880000
1733259789457 0.2 26935296
1733259833585 0.2 26968064
1733259877269 0.2 27000832
1733259922583 0.2 27033600
1733259961689 0.2 27040000
1733260019095 0.2 27099136
1733260061812 0.2 27131904
1733260108943 0.2 27164672
1733260150848 0.2 27197440
1733260188657 0.2 27200000
1733260247957 0.2 27262976
1733260293439 0.2 27295744
1733260340761 0.2 27328512
1733260389866 0.2 27360000
1733260436603 0.2 27394048
1733260478405 0.2 27426816
1733260524265 0.2 27459584
1733260566592 0.2 27492352
1733260617034 0.2 27520000
1733260662787 0.2 27557888
1733260706397 0.2 27590656
1733260750531 0.2 27623424
1733260793032 0.2 27656192
1733260842575 0.2 27680000
1733260887280 0.2 27721728
1733260933384 0.2 27754496
1733260977064 0.2 27787264
1733261024168 0.2 27820032
1733261069505 0.2 27840000
1733261123536 0.2 27885568
1733261167976 0.2 27918336
1733261213971 0.2 27951104
1733261258476 0.2 27983872
1733261303347 0.2 28000000
1733261359048 0.2 28049408
1733261402875 0.2 28082176
1733261451468 0.2 28114944
1733261495147 0.2 28147712
1733261539246 0.2 28160000
1733261594124 0.2 28213248
1733261638237 0.2 28246016
1733261683705 0.2 28278784
1733261728746 0.2 28311552
1733261772205 0.2 28320000
1733261828339 0.2 28377088
1733261873392 0.2 28409856
1733261917867 0.2 28442624
1733261963686 0.2 28475392
1733262002614 0.2 28480000
1733262063892 0.2 28540928
1733262107846 0.2 28573696
1733262154380 0.2 28606464
1733262198184 0.2 28639232
1733262235504 0.2 28640000
1733262296643 0.2 28704768
1733262341697 0.2 28737536
1733262387617 0.2 28770304
1733262437457 0.2 28800000
1733262487031 0.2 28835840
1733262531118 0.2 28868608
1733262577249 0.2 28901376
1733262622310 0.2 28934144
1733262672421 0.2 28960000
1733262721224 0.2 28999680
1733262765294 0.2 29032448
1733262811689 0.2 29065216
1733262856848 0.2 29097984
1733262908743 0.2 29120000
1733262959490 0.2 29163520
1733263005561 0.2 29196288
1733263048990 0.2 29229056
1733263094969 0.2 29261824
1733263139685 0.2 29280000
1733263192058 0.2 29327360
1733263236029 0.2 29360128
1733263280625 0.2 29392896
1733263326198 0.2 29425664
1733263369758 0.2 29440000
1733263424410 0.2 29491200
1733263469572 0.2 29523968
1733263515661 0.2 29556736
1733263558307 0.2 29589504
1733263600368 0.2 29600000
1733263655386 0.2 29655040
1733263704127 0.2 29687808
1733263748169 0.2 29720576
1733263793123 0.2 29753344
1733263832861 0.2 29760000
1733263889347 0.2 29818880
1733263935974 0.2 29851648
1733263979912 0.2 29884416
1733264025350 0.2 29917184
1733264062406 0.2 29920000
1733264122672 0.2 29982720
1733264167326 0.2 30015488
1733264212464 0.2 30048256
1733264263507 0.2 30080000
1733264309453 0.2 30113792
1733264353422 0.2 30146560
1733264398427 0.2 30179328
1733264443165 0.2 30212096
1733264492193 0.2 30240000
1733264539912 0.2 30277632
1733264583617 0.2 30310400
1733264629350 0.2 30343168
1733264672733 0.2 30375936
1733264720941 0.2 30400000
1733264767748 0.2 30441472
1733264811906 0.2 30474240
1733264855981 0.2 30507008
1733264898240 0.2 30539776
1733264945816 0.2 30560000
1733264996611 0.2 30605312
1733265041314 0.2 30638080
1733265086416 0.2 30670848
1733265129337 0.2 30703616
1733265175401 0.2 30720000
1733265229669 0.2 30769152
1733265273457 0.2 30801920
1733265317786 0.2 30834688
1733265361799 0.2 30867456
1733265403454 0.2 30880000
1733265458706 0.2 30932992
1733265505068 0.2 30965760
1733265548513 0.2 30998528
1733265595019 0.2 31031296
1733265633517 0.2 31040000
1733265689748 0.2 31096832
1733265733246 0.2 31129600
1733265776058 0.2 31162368
1733265822277 0.2 31195136
1733265859801 0.2 31200000
1733265912045 0.2 31260672
1733265951482 0.2 31293440
1733265988152 0.2 31326208
1733266028376 0.2 31358976
1733266060512 0.2 31360000
1733266112161 0.2 31424512
1733266151174 0.2 31457280
1733266188555 0.2 31490048
1733266234462 0.2 31520000
1733266274747 0.2 31555584
1733266312955 0.2 31588352
1733266351497 0.2 31621120
1733266390133 0.2 31653888
1733266432555 0.2 31680000
1733266474428 0.2 31719424
1733266512895 0.2 31752192
1733266550516 0.2 31784960
1733266590776 0.2 31817728
1733266629970 0.2 31840000
1733266674097 0.2 31883264
1733266712471 0.2 31916032
1733266749084 0.2 31948800
1733266789316 0.2 31981568
1733266827419 0.2 32000000
1733266871652 0.2 32047104
1733266912248 0.2 32079872
1733266948438 0.2 32112640
1733266988900 0.2 32145408
1733267025865 0.2 32160000
