1733223280202 0.2012237548828125 65536
1733223320334 0.2314849853515625 98304
1733223361239 0.247210693359375 131072
1733223406393 0.25478515625 160000
1733223447497 0.2695281982421875 196608
1733223485952 0.2809600830078125 229376
1733223525968 0.2878173828125 262144
1733223565545 0.295843505859375 294912
1733223607803 0.2988861083984375 320000
1733223649008 0.29986572265625 360448
1733223686987 0.3128173828125 393216
1733223725615 0.325146484375 425984
1733223763965 0.287628173828125 458752
1733223804750 0.3367462158203125 480000
1733223847160 0.3365509033203125 524288
1733223884557 0.3397705078125 557056
1733223923813 0.3396392822265625 589824
1733223962491 0.3453704833984375 622592
1733224001024 0.3435516357421875 640000
1733224044329 0.3213836669921875 688128
1733224082843 0.3639312744140625 720896
1733224121213 0.3534820556640625 753664
1733224160038 0.345733642578125 786432
1733224197744 0.371246337890625 800000
1733224244256 0.36893310546875 851968
1733224282854 0.3686553955078125 884736
1733224321543 0.3680938720703125 917504
1733224359932 0.373541259765625 950272
1733224395614 0.37525634765625 960000
1733224443925 0.363653564453125 1015808
1733224482639 0.3713775634765625 1048576
1733224521742 0.3448577880859375 1081344
1733224561367 0.3885711669921875 1114112
1733224596458 0.34393310546875 1120000
1733224646535 0.3810455322265625 1179648
1733224686166 0.3851531982421875 1212416
1733224725472 0.3796417236328125 1245184
1733224764694 0.3913055419921875 1277952
1733224797844 0.380596923828125 1280000
1733224850678 0.37750244140625 1343488
1733224890117 0.3837432861328125 1376256
1733224929711 0.3893463134765625 1409024
1733224975915 0.38782958984375 1440000
1733225016862 0.3503814697265625 1474560
1733225057034 0.3690277099609375 1507328
1733225096672 0.397967529296875 1540096
1733225136106 0.3862060546875 1572864
1733225180722 0.36263427734375 1600000
1733225222508 0.3675567626953125 1638400
1733225262446 0.3885650634765625 1671168
1733225301935 0.380120849609375 1703936
1733225342514 0.36517333984375 1736704
1733225386065 0.374273681640625 1760000
1733225429408 0.3613739013671875 1802240
1733225468339 0.3705230712890625 1835008
1733225507764 0.3695343017578125 1867776
1733225547683 0.35159912109375 1900544
1733225588749 0.377545166015625 1920000
1733225633145 0.3595184326171875 1966080
1733225672773 0.3630096435546875 1998848
1733225712004 0.3713134765625 2031616
1733225751253 0.33782958984375 2064384
1733225790226 0.3675811767578125 2080000
1733225837112 0.36375732421875 2129920
1733225876743 0.35880126953125 2162688
1733225916009 0.36566162109375 2195456
1733225955554 0.36116943359375 2228224
1733225992467 0.3739471435546875 2240000
1733226040320 0.349755859375 2293760
1733226079877 0.3585906982421875 2326528
1733226119732 0.3413360595703125 2359296
1733226158855 0.3569976806640625 2392064
1733226195269 0.349774169921875 2400000
1733226246563 0.3485198974609375 2457600
1733226286418 0.3573211669921875 2490368
1733226326615 0.3572998046875 2523136
1733226366845 0.328076171875 2555904
1733226401045 0.35721435546875 2560000
1733226452855 0.344659423828125 2621440
1733226492085 0.3377593994140625 2654208
1733226531432 0.35753173828125 2686976
1733226571030 0.3370330810546875 2719744
1733226604146 0.3389923095703125 2720000
1733226657173 0.33182373046875 2785280
1733226696512 0.331988525390625 2818048
1733226735541 0.34111328125 2850816
1733226779864 0.3298370361328125 2880000
1733226820635 0.3290252685546875 2916352
1733226859883 0.3228118896484375 2949120
1733226899213 0.330133056640625 2981888
1733226938217 0.3400848388671875 3014656
1733226981489 0.347479248046875 3040000
1733227024045 0.3213104248046875 3080192
1733227063623 0.34237060546875 3112960
1733227103023 0.321856689453125 3145728
1733227142332 0.3214813232421875 3178496
1733227183159 0.3215484619140625 3200000
1733227227951 0.3151702880859375 3244032
1733227267455 0.3290130615234375 3276800
1733227306763 0.3267913818359375 3309568
1733227346138 0.3188385009765625 3342336
1733227386015 0.3266815185546875 3360000
1733227432376 0.32298583984375 3407872
1733227472107 0.322412109375 3440640
1733227511528 0.3288330078125 3473408
1733227550860 0.3341583251953125 3506176
1733227589326 0.3133819580078125 3520000
1733227636592 0.325860595703125 3571712
1733227677008 0.31739501953125 3604480
1733227716545 0.317138671875 3637248
1733227756108 0.311688232421875 3670016
1733227792975 0.3094085693359375 3680000
1733227842127 0.3251861572265625 3735552
1733227881648 0.3036163330078125 3768320
1733227922028 0.3089447021484375 3801088
1733227961551 0.33748779296875 3833856
1733227996708 0.3032470703125 3840000
1733228046976 0.3195098876953125 3899392
1733228086007 0.307568359375 3932160
1733228125055 0.3133392333984375 3964928
1733228164363 0.3128326416015625 3997696
1733228197710 0.32388916015625 4000000
1733228249450 0.3121063232421875 4063232
1733228289377 0.28751220703125 4096000
1733228328702 0.317919921875 4128768
1733228373672 0.30814208984375 4160000
1733228414005 0.294183349609375 4194304
1733228453237 0.299017333984375 4227072
1733228492255 0.295166015625 4259840
1733228531439 0.300567626953125 4292608
1733228575543 0.3115386962890625 4320000
1733228617568 0.3100128173828125 4358144
1733228656456 0.277880859375 4390912
1733228695803 0.2955078125 4423680
1733228735726 0.30318603515625 4456448
1733228779007 0.2814971923828125 4480000
1733228823114 0.290789794921875 4521984
1733228862905 0.2951446533203125 4554752
1733228902964 0.29781494140625 4587520
1733228942932 0.299462890625 4620288
1733228984406 0.284521484375 4640000
1733229030106 0.2931427001953125 4685824
1733229069786 0.2862640380859375 4718592
1733229109683 0.279815673828125 4751360
1733229149930 0.2819915771484375 4784128
1733229190731 0.287506103515625 4800000
1733229237755 0.2911712646484375 4849664
1733229277244 0.2918487548828125 4882432
1733229316883 0.2710235595703125 4915200
1733229356924 0.2622589111328125 4947968
1733229396407 0.2792724609375 4960000
1733229445111 0.283050537109375 5013504
1733229483985 0.28197021484375 5046272
1733229523016 0.2937286376953125 5079040
1733229563326 0.294873046875 5111808
1733229601053 0.2954193115234375 5120000
1733229650768 0.2699310302734375 5177344
1733229690081 0.2959228515625 5210112
1733229728982 0.282440185546875 5242880
1733229768831 0.3073028564453125 5275648
1733229803951 0.2867706298828125 5280000
1733229856291 0.29449462890625 5341184
1733229895983 0.266180419921875 5373952
1733229936116 0.2784332275390625 5406720
1733229976621 0.2765411376953125 5439488
1733230010208 0.2829620361328125 5440000
1733230064864 0.276641845703125 5505024
1733230105177 0.274005126953125 5537792
1733230145807 0.2688873291015625 5570560
1733230192148 0.264764404296875 5600000
1733230234967 0.26949462890625 5636096
1733230276160 0.273553466796875 5668864
1733230322896 0.2787109375 5701632
1733230368373 0.27315673828125 5734400
1733230414969 0.2607513427734375 5760000
1733230460356 0.265985107421875 5799936
1733230501848 0.2647918701171875 5832704
1733230542062 0.293902587890625 5865472
1733230582999 0.264801025390625 5898240
1733230625206 0.2686065673828125 5920000
1733230673957 0.2585968017578125 5963776
1733230715124 0.266094970703125 5996544
1733230757619 0.2491546630859375 6029312
1733230797788 0.2600189208984375 6062080
1733230840242 0.2423797607421875 6080000
1733230888869 0.26505126953125 6127616
1733230930339 0.2646026611328125 6160384
1733230973702 0.259307861328125 6193152
1733231018715 0.28037109375 6225920
1733231062215 0.2636749267578125 6240000
1733231113886 0.261700439453125 6291456
1733231158832 0.277008056640625 6324224
1733231203057 0.266461181640625 6356992
1733231247580 0.2684112548828125 6389760
1733231288321 0.271295166015625 6400000
1733231344953 0.25684814453125 6455296
1733231388081 0.26650390625 6488064
1733231431722 0.27513427734375 6520832
1733231478284 0.2612396240234375 6553600
1733231516171 0.260675048828125 6560000
1733231574839 0.25611572265625 6619136
1733231618222 0.2568389892578125 6651904
1733231661782 0.2467559814453125 6684672
1733231707720 0.2502105712890625 6717440
1733231743942 0.2515777587890625 6720000
1733231803475 0.2680206298828125 6782976
1733231849095 0.25355224609375 6815744
1733231893470 0.26123046875 6848512
1733231945166 0.2411956787109375 6880000
1733231988468 0.253656005859375 6914048
1733232033750 0.24637451171875 6946816
1733232078980 0.2410736083984375 6979584
1733232123108 0.2559814453125 7012352
1733232172026 0.2500396728515625 7040000
1733232220348 0.2540679931640625 7077888
1733232265043 0.246990966796875 7110656
1733232308594 0.2546295166015625 7143424
1733232352241 0.2469512939453125 7176192
1733232398710 0.2436279296875 7200000
1733232449542 0.243280029296875 7241728
1733232494099 0.2494659423828125 7274496
1733232537462 0.2392974853515625 7307264
1733232582999 0.25777587890625 7340032
1733232627127 0.2385162353515625 7360000
1733232678980 0.2399749755859375 7405568
1733232720592 0.2475494384765625 7438336
1733232765737 0.244647216796875 7471104
1733232812206 0.237371826171875 7503872
1733232853872 0.265289306640625 7520000
1733232903616 0.234173583984375 7569408
1733232949145 0.2430633544921875 7602176
1733232994099 0.2422607421875 7634944
1733233037624 0.233563232421875 7667712
1733233079752 0.2371978759765625 7680000
1733233135326 0.26756591796875 7733248
1733233179283 0.240228271484375 7766016
1733233222287 0.2265045166015625 7798784
1733233267924 0.2485260009765625 7831552
1733233308870 0.2352630615234375 7840000
1733233369235 0.215789794921875 7897088
1733233413732 0.2312469482421875 7929856
1733233459309 0.2329620361328125 7962624
1733233506655 0.228631591796875 7995392
1733233544903 0.23961181640625 8000000
1733233605168 0.2267242431640625 8060928
1733233649708 0.2660919189453125 8093696
1733233695284 0.245281982421875 8126464
1733233742204 0.22630615234375 8159232
1733233779301 0.235791015625 8160000
1733233841692 0.2367828369140625 8224768
1733233887171 0.2470306396484375 8257536
1733233932141 0.226995849609375 8290304
1733233984418 0.2301849365234375 8320000
1733234031505 0.2513641357421875 8355840
1733234078019 0.226898193359375 8388608
1733234123534 0.22193603515625 8421376
1733234167885 0.2391204833984375 8454144
1733234217793 0.2364959716796875 8480000
1733234266673 0.2380035400390625 8519680
1733234313248 0.233026123046875 8552448
1733234358130 0.2549224853515625 8585216
1733234402407 0.219708251953125 8617984
1733234450247 0.2265350341796875 8640000
1733234501678 0.227581787109375 8683520
1733234546720 0.228857421875 8716288
1733234590540 0.2261962890625 8749056
1733234635343 0.2267364501953125 8781824
1733234682955 0.2225372314453125 8800000
1733234736305 0.2210479736328125 8847360
1733234782261 0.21728515625 8880128
1733234826096 0.221221923828125 8912896
1733234870719 0.21876220703125 8945664
1733234916016 0.2347869873046875 8960000
1733234971904 0.245452880859375 9011200
1733235018444 0.2114166259765625 9043968
1733235062799 0.209783935546875 9076736
1733235108903 0.1986114501953125 9109504
1733235153965 0.228448486328125 9120000
1733235210534 0.2017333984375 9175040
1733235256866 0.2203521728515625 9207808
1733235302128 0.2058563232421875 9240576
1733235347519 0.2271270751953125 9273344
1733235388076 0.2144012451171875 9280000
1733235448465 0.194964599609375 9338880
1733235496135 0.2158782958984375 9371648
1733235540954 0.2072540283203125 9404416
1733235585706 0.2108673095703125 9437184
1733235624431 0.2168365478515625 9440000
1733235687079 0.2120513916015625 9502720
1733235734315 0.2056304931640625 9535488
1733235777815 0.2105743408203125 9568256
1733235830346 0.22818603515625 9600000
1733235876781 0.210076904296875 9633792
1733235921711 0.2022430419921875 9666560
1733235968664 0.1956573486328125 9699328
1733236012632 0.2034027099609375 9732096
1733236064140 0.22913818359375 9760000
1733236111257 0.2129486083984375 9797632
1733236155870 0.206268310546875 9830400
1733236201807 0.1926025390625 9863168
1733236246965 0.2266204833984375 9895936
1733236297265 0.17862548828125 9920000
1733236347440 0.2225860595703125 9961472
1733236392458 0.213079833984375 9994240
1733236439820 0.1969085693359375 10027008
1733236484627 0.25025634765625 10059776
1733236531303 0.2267181396484375 10080000
1733236583210 0.191070556640625 10125312
1733236628636 0.2275146484375 10158080
1733236676208 0.19649658203125 10190848
1733236720168 0.2200103759765625 10223616
1733236764171 0.2040924072265625 10240000
1733236819791 0.20794677734375 10289152
1733236864609 0.1954803466796875 10321920
1733236911315 0.197137451171875 10354688
1733236956209 0.21343994140625 10387456
1733237001167 0.195709228515625 10400000
1733237055865 0.189678955078125 10452992
1733237100751 0.2396148681640625 10485760
1733237145345 0.18284912109375 10518528
1733237191241 0.1941314697265625 10551296
1733237232368 0.204388427734375 10560000
1733237289540 0.2055206298828125 10616832
1733237334886 0.2423065185546875 10649600
1733237380807 0.22054443359375 10682368
1733237427218 0.1967803955078125 10715136
1733237467757 0.19251708984375 10720000
1733237526235 0.2086883544921875 10780672
1733237569515 0.2000579833984375 10813440
1733237615418 0.1860137939453125 10846208
1733237660552 0.195770263671875 10878976
1733237697890 0.1903289794921875 10880000
1733237760099 0.2025543212890625 10944512
1733237805338 0.2463592529296875 10977280
1733237848967 0.2120361328125 11010048
1733237900918 0.2173492431640625 11040000
1733237946919 0.2359619140625 11075584
1733237991209 0.189300537109375 11108352
1733238034973 0.1890625 11141120
1733238081270 0.2048431396484375 11173888
1733238131400 0.1837310791015625 11200000
1733238182101 0.191424560546875 11239424
1733238227049 0.2081787109375 11272192
1733238273169 0.1931671142578125 11304960
1733238318182 0.1915130615234375 11337728
1733238366367 0.2199310302734375 11360000
1733238419393 0.189068603515625 11403264
1733238467745 0.2231903076171875 11436032
1733238514116 0.20843505859375 11468800
1733238561675 0.1846282958984375 11501568
1733238607767 0.198370361328125 11520000
1733238661818 0.172003173828125 11567104
1733238705002 0.181683349609375 11599872
1733238751654 0.199591064453125 11632640
1733238793614 0.2006195068359375 11665408
1733238840146 0.167626953125 11680000
1733238894555 0.1953704833984375 11730944
1733238940686 0.180560302734375 11763712
1733238983432 0.186651611328125 11796480
1733239030931 0.184136962890625 11829248
1733239072094 0.1959564208984375 11840000
1733239131066 0.192364501953125 11894784
1733239174832 0.185455322265625 11927552
1733239221815 0.2031280517578125 11960320
1733239265344 0.19451904296875 11993088
1733239308210 0.193798828125 12000000
1733239363140 0.22401123046875 12058624
1733239407723 0.1678497314453125 12091392
1733239452516 0.1915008544921875 12124160
1733239497117 0.17811279296875 12156928
1733239534218 0.188995361328125 12160000
1733239593987 0.1973236083984375 12222464
1733239639247 0.202618408203125 12255232
1733239682745 0.23062744140625 12288000
1733239735945 0.204638671875 12320000
1733239779385 0.2198089599609375 12353536
1733239824409 0.1684661865234375 12386304
1733239868593 0.216259765625 12419072
1733239912755 0.1639739990234375 12451840
1733239963356 0.2176055908203125 12480000
1733240009597 0.1804779052734375 12517376
1733240054159 0.1826385498046875 12550144
1733240097176 0.18934326171875 12582912
1733240142367 0.177886962890625 12615680
1733240189438 0.21182861328125 12640000
1733240238743 0.16812744140625 12681216
1733240282751 0.1863037109375 12713984
1733240329013 0.1919769287109375 12746752
1733240372209 0.195269775390625 12779520
1733240419437 0.1792022705078125 12800000
1733240468123 0.19898681640625 12845056
1733240513501 0.2300140380859375 12877824
1733240557448 0.183856201171875 12910592
1733240603637 0.17982177734375 12943360
1733240647755 0.1871978759765625 12960000
1733240700574 0.207037353515625 13008896
1733240745311 0.1764129638671875 13041664
1733240790290 0.1993316650390625 13074432
1733240834228 0.171124267578125 13107200
1733240879355 0.2119659423828125 13120000
1733240934862 0.1846435546875 13172736
1733240978253 0.171728515625 13205504
1733241022766 0.174346923828125 13238272
1733241067120 0.166802978515625 13271040
1733241107767 0.17886962890625 13280000
1733241163287 0.1974822998046875 13336576
1733241208032 0.1932952880859375 13369344
1733241251861 0.1759796142578125 13402112
1733241295163 0.197216796875 13434880
1733241334282 0.1807220458984375 13440000
1733241390245 0.1698089599609375 13500416
1733241435841 0.183782958984375 13533184
1733241478796 0.1686981201171875 13565952
1733241523727 0.162103271484375 13598720
1733241559055 0.17281494140625 13600000
1733241619583 0.183331298828125 13664256
1733241663751 0.21822509765625 13697024
1733241710355 0.178350830078125 13729792
1733241760158 0.206390380859375 13760000
1733241806667 0.179400634765625 13795328
1733241850123 0.185626220703125 13828096
1733241896232 0.1890533447265625 13860864
1733241940361 0.169195556640625 13893632
1733241990362 0.218475341796875 13920000
1733242038270 0.157843017578125 13959168
1733242082590 0.1642913818359375 13991936
1733242126720 0.1634765625 14024704
1733242172356 0.180987548828125 14057472
1733242219902 0.1889312744140625 14080000
1733242270642 0.211383056640625 14123008
1733242315710 0.2026611328125 14155776
1733242361066 0.1756011962890625 14188544
1733242407082 0.1932861328125 14221312
1733242452487 0.1953643798828125 14240000
1733242504104 0.16571044921875 14286848
1733242548551 0.1760223388671875 14319616
1733242592829 0.1779083251953125 14352384
1733242637458 0.2012359619140625 14385152
1733242680571 0.1937469482421875 14400000
1733242733906 0.1830657958984375 14450688
1733242776710 0.163043212890625 14483456
1733242821878 0.1635589599609375 14516224
1733242865707 0.155322265625 14548992
1733242910304 0.1846282958984375 14560000
1733242965707 0.1671722412109375 14614528
1733243012949 0.165472412109375 14647296
1733243057373 0.1728240966796875 14680064
1733243102293 0.179400634765625 14712832
1733243140995 0.1659515380859375 14720000
1733243198813 0.1921478271484375 14778368
1733243244028 0.2120941162109375 14811136
1733243288232 0.154241943359375 14843904
1733243333169 0.1815765380859375 14876672
1733243373840 0.1817718505859375 14880000
1733243433535 0.1834716796875 14942208
1733243477148 0.1692626953125 14974976
1733243523218 0.1761627197265625 15007744
1733243573685 0.208642578125 15040000
1733243619063 0.183349609375 15073280
1733243662777 0.2187835693359375 15106048
1733243708189 0.1901641845703125 15138816
1733243752251 0.2371185302734375 15171584
1733243801992 0.2449981689453125 15200000
1733243847935 0.1602874755859375 15237120
1733243892527 0.1768218994140625 15269888
1733243937140 0.2215362548828125 15302656
1733243981586 0.1741058349609375 15335424
1733244030730 0.17342529296875 15360000
1733244079666 0.199444580078125 15400960
1733244125678 0.196319580078125 15433728
1733244169424 0.184954833984375 15466496
1733244214712 0.198052978515625 15499264
1733244260599 0.188385009765625 15520000
1733244312821 0.19039306640625 15564800
1733244357762 0.167657470703125 15597568
1733244401242 0.1697296142578125 15630336
1733244445050 0.1776031494140625 15663104
1733244490092 0.1607025146484375 15680000
1733244541497 0.1688018798828125 15728640
1733244585212 0.208551025390625 15761408
1733244630745 0.180352783203125 15794176
1733244674725 0.182940673828125 15826944
1733244719310 0.18221435546875 15840000
1733244773105 0.2146514892578125 15892480
1733244818658 0.1797515869140625 15925248
1733244862913 0.1716400146484375 15958016
1733244908540 0.2098358154296875 15990784
1733244949603 0.2006317138671875 16000000
1733245005229 0.1575469970703125 16056320
1733245049469 0.1730865478515625 16089088
1733245093212 0.1530487060546875 16121856
1733245137258 0.1972564697265625 16154624
1733245174798 0.2044708251953125 16160000
1733245235620 0.1695709228515625 16220160
1733245279118 0.1638397216796875 16252928
1733245325796 0.1571136474609375 16285696
1733245369251 0.2124298095703125 16318464
1733245408103 0.19041748046875 16320000
1733245465395 0.186590576171875 16384000
1733245508828 0.199468994140625 16416768
1733245553403 0.194244384765625 16449536
1733245603863 0.205841064453125 16480000
1733245650333 0.224365234375 16515072
1733245694919 0.17091064453125 16547840
1733245740790 0.1743255615234375 16580608
1733245784552 0.1807830810546875 16613376
1733245835148 0.1863433837890625 16640000
1733245881307 0.1779327392578125 16678912
1733245926369 0.1726715087890625 16711680
1733245969773 0.1817657470703125 16744448
1733246014069 0.189959716796875 16777216
1733246061522 0.18314208984375 16800000
1733246111817 0.1832275390625 16842752
1733246154870 0.1890228271484375 16875520
1733246198591 0.1881988525390625 16908288
1733246243735 0.2167388916015625 16941056
1733246286513 0.1814666748046875 16960000
1733246335410 0.2110931396484375 17006592
1733246377962 0.2023162841796875 17039360
1733246421320 0.200762939453125 17072128
1733246464179 0.1876007080078125 17104896
1733246508214 0.1920928955078125 17120000
1733246559035 0.162322998046875 17170432
1733246603424 0.2102294921875 17203200
1733246646201 0.2043731689453125 17235968
1733246690447 0.2471893310546875 17268736
1733246730691 0.19130859375 17280000
1733246787302 0.1769561767578125 17334272
1733246831611 0.2371063232421875 17367040
1733246875741 0.169866943359375 17399808
1733246920355 0.191058349609375 17432576
1733246959816 0.219134521484375 17440000
1733247014944 0.176458740234375 17498112
1733247059248 0.1911407470703125 17530880
1733247102623 0.1922943115234375 17563648
1733247147921 0.195037841796875 17596416
1733247185445 0.18704833984375 17600000
1733247244361 0.19989013671875 17661952
1733247287774 0.2130889892578125 17694720
1733247330728 0.187628173828125 17727488
1733247382897 0.2133758544921875 17760000
1733247425452 0.2134796142578125 17793024
1733247468879 0.17974853515625 17825792
1733247511753 0.2007598876953125 17858560
1733247555596 0.1911376953125 17891328
1733247602435 0.2021392822265625 17920000
1733247648089 0.2115692138671875 17956864
1733247692028 0.191302490234375 17989632
1733247736550 0.193255615234375 18022400
1733247779481 0.2212646484375 18055168
1733247829372 0.211004638671875 18080000
1733247875860 0.2380828857421875 18120704
1733247920683 0.1941162109375 18153472
1733247964074 0.17696533203125 18186240
1733248009229 0.1905364990234375 18219008
1733248054272 0.187786865234375 18240000
1733248106250 0.166363525390625 18284544
1733248149661 0.2082489013671875 18317312
1733248194170 0.1986083984375 18350080
1733248237395 0.1963531494140625 18382848
1733248282403 0.1948638916015625 18400000
1733248333919 0.1649871826171875 18448384
1733248377338 0.23880615234375 18481152
1733248420692 0.223846435546875 18513920
1733248465077 0.214593505859375 18546688
1733248507307 0.206317138671875 18560000
1733248559793 0.265899658203125 18612224
1733248603913 0.16673583984375 18644992
1733248647443 0.20487060546875 18677760
1733248692342 0.1574188232421875 18710528
1733248732085 0.170526123046875 18720000
1733248788099 0.204278564453125 18776064
1733248831475 0.164654541015625 18808832
1733248875475 0.1703338623046875 18841600
1733248918554 0.196270751953125 18874368
1733248958246 0.1877288818359375 18880000
1733249016958 0.193426513671875 18939904
1733249060998 0.1837188720703125 18972672
1733249104352 0.2062774658203125 19005440
1733249148300 0.177630615234375 19038208
1733249184707 0.1756744384765625 19040000
1733249241858 0.2212554931640625 19103744
1733249286818 0.1872802734375 19136512
1733249328895 0.204754638671875 19169280
1733249377713 0.2326446533203125 19200000
1733249421867 0.208013916015625 19234816
1733249466482 0.2116363525390625 19267584
1733249508720 0.1912139892578125 19300352
1733249552303 0.240142822265625 19333120
1733249602532 0.2219207763671875 19360000
1733249651533 0.219232177734375 19398656
1733249694749 0.237005615234375 19431424
1733249741027 0.20596923828125 19464192
1733249784541 0.2440399169921875 19496960
1733249831955 0.199444580078125 19520000
1733249880891 0.253173828125 19562496
1733249925354 0.2240692138671875 19595264
1733249969371 0.1737518310546875 19628032
1733250013837 0.20224609375 19660800
1733250056591 0.2298095703125 19680000
1733250108152 0.227325439453125 19726336
1733250152445 0.1779296875 19759104
1733250194679 0.2391326904296875 19791872
1733250238533 0.218194580078125 19824640
1733250281892 0.26009521484375 19840000
1733250335910 0.209051513671875 19890176
1733250378862 0.2047271728515625 19922944
1733250423352 0.247222900390625 19955712
1733250466704 0.23607177734375 19988480
1733250509231 0.225543212890625 20000000
1733250563005 0.2550537109375 20054016
1733250607555 0.220947265625 20086784
1733250651672 0.2014984130859375 20119552
1733250695946 0.2130645751953125 20152320
1733250734859 0.220361328125 20160000
1733250790079 0.1936431884765625 20217856
1733250833781 0.2346893310546875 20250624
1733250875670 0.23760986328125 20283392
1733250918972 0.21285400390625 20316160
1733250956324 0.23668212890625 20320000
1733251015791 0.2271942138671875 20381696
1733251059148 0.2017059326171875 20414464
1733251104428 0.2301544189453125 20447232
1733251156335 0.2233123779296875 20480000
1733251200986 0.224285888671875 20512768
1733251243940 0.2141204833984375 20545536
1733251288930 0.242681884765625 20578304
1733251333230 0.244403076171875 20611072
1733251383216 0.2486785888671875 20640000
1733251429462 0.25479736328125 20676608
1733251472578 0.2527557373046875 20709376
1733251517979 0.2380828857421875 20742144
1733251560758 0.2345306396484375 20774912
1733251608693 0.213323974609375 20800000
1733251657364 0.2505706787109375 20840448
1733251701343 0.2100982666015625 20873216
1733251746642 0.240521240234375 20905984
1733251791060 0.2417938232421875 20938752
1733251834880 0.203582763671875 20960000
1733251885700 0.1948455810546875 21004288
1733251928904 0.20865478515625 21037056
1733251972739 0.238446044921875 21069824
1733252015447 0.1995758056640625 21102592
1733252058555 0.233355712890625 21120000
1733252110588 0.2431640625 21168128
1733252153288 0.232366943359375 21200896
1733252197499 0.212835693359375 21233664
1733252240434 0.2335205078125 21266432
1733252282703 0.183935546875 21280000
1733252336807 0.21173095703125 21331968
1733252381052 0.258453369140625 21364736
1733252423173 0.21375732421875 21397504
1733252467943 0.2500885009765625 21430272
1733252506749 0.219024658203125 21440000
1733252562757 0.23096923828125 21495808
1733252605678 0.2457855224609375 21528576
1733252648865 0.2042236328125 21561344
1733252693789 0.216693115234375 21594112
1733252731179 0.251971435546875 21600000
1733252786939 0.246966552734375 21659648
1733252826732 0.2260040283203125 21692416
1733252869027 0.196807861328125 21725184
1733252909691 0.2546844482421875 21757952
1733252945955 0.226409912109375 21760000
1733253000422 0.2705230712890625 21823488
1733253042125 0.2514892578125 21856256
1733253082435 0.238018798828125 21889024
1733253131554 0.246270751953125 21920000
1733253173688 0.2266326904296875 21954560
1733253215283 0.21968994140625 21987328
1733253256842 0.254827880859375 22020096
1733253298844 0.2473358154296875 22052864
1733253343715 0.2271484375 22080000
1733253386748 0.2352508544921875 22118400
1733253427997 0.208740234375 22151168
1733253468081 0.21427001953125 22183936
1733253508854 0.2509521484375 22216704
1733253551836 0.2255950927734375 22240000
1733253596799 0.2571533203125 22282240
1733253637120 0.2063323974609375 22315008
1733253678216 0.264935302734375 22347776
1733253718718 0.23414306640625 22380544
1733253760726 0.2344970703125 22400000
1733253806679 0.253582763671875 22446080
1733253848084 0.2421875 22478848
1733253888134 0.249041748046875 22511616
1733253929901 0.24874267578125 22544384
1733253969479 0.2169036865234375 22560000
1733254018834 0.1724456787109375 22609920
1733254058573 0.2420257568359375 22642688
1733254099144 0.2186431884765625 22675456
1733254139109 0.2348236083984375 22708224
1733254179088 0.220404052734375 22720000
1733254229039 0.2185882568359375 22773760
1733254271197 0.2115142822265625 22806528
1733254311260 0.2206634521484375 22839296
1733254352662 0.22752685546875 22872064
1733254389505 0.20457763671875 22880000
1733254440878 0.2388214111328125 22937600
1733254483012 0.2070098876953125 22970368
1733254524429 0.25084228515625 23003136
1733254565901 0.2333038330078125 23035904
1733254601374 0.2168731689453125 23040000
1733254654797 0.1876007080078125 23101440
1733254695180 0.1793365478515625 23134208
1733254736941 0.2241455078125 23166976
1733254777689 0.249444580078125 23199744
1733254811979 0.20821533203125 23200000
1733254867296 0.248468017578125 23265280
1733254907660 0.2299774169921875 23298048
1733254951330 0.1822906494140625 23330816
1733254996967 0.2292694091796875 23360000
1733255041190 0.207891845703125 23396352
1733255082558 0.2343414306640625 23429120
1733255125246 0.18572998046875 23461888
1733255166476 0.2338958740234375 23494656
1733255211587 0.2198394775390625 23520000
1733255258236 0.2132232666015625 23560192
1733255299245 0.18724365234375 23592960
1733255343091 0.2654998779296875 23625728
1733255383941 0.2269866943359375 23658496
1733255429288 0.2513580322265625 23680000
1733255475712 0.2455535888671875 23724032
1733255517547 0.207647705078125 23756800
1733255560194 0.2553070068359375 23789568
1733255600957 0.23939208984375 23822336
1733255644330 0.2303955078125 23840000
1733255695864 0.252398681640625 23887872
1733255738443 0.2215911865234375 23920640
1733255778782 0.186492919921875 23953408
1733255821007 0.2697662353515625 23986176
1733255861717 0.2317047119140625 24000000
1733255911162 0.252764892578125 24051712
1733255953780 0.243603515625 24084480
1733255994721 0.2331298828125 24117248
1733256037373 0.2243316650390625 24150016
1733256075657 0.199749755859375 24160000
1733256128163 0.205072021484375 24215552
1733256169017 0.1855499267578125 24248320
1733256210470 0.1899871826171875 24281088
1733256251580 0.19796142578125 24313856
1733256288195 0.2503570556640625 24320000
1733256345259 0.230804443359375 24379392
1733256387247 0.1983062744140625 24412160
1733256430315 0.193035888671875 24444928
1733256470887 0.2443634033203125 24477696
1733256505545 0.244482421875 24480000
1733256561212 0.248529052734375 24543232
1733256603527 0.2013275146484375 24576000
1733256645995 0.24893798828125 24608768
1733256693401 0.221954345703125 24640000
1733256738188 0.2327056884765625 24674304
1733256778224 0.2201263427734375 24707072
1733256820103 0.2575836181640625 24739840
1733256860746 0.2612274169921875 24772608
1733256907387 0.2459228515625 24800000
1733256951407 0.220794677734375 24838144
1733256993386 0.19744873046875 24870912
1733257039069 0.226641845703125 24903680
1733257079934 0.2368804931640625 24936448
1733257126548 0.233203125 24960000
1733257171343 0.223883056640625 25001984
1733257214252 0.2523895263671875 25034752
1733257254730 0.209857177734375 25067520
1733257296431 0.24049072265625 25100288
1733257340355 0.233770751953125 25120000
1733257387363 0.2499725341796875 25165824
1733257432026 0.2458587646484375 25198592
1733257472078 0.2552032470703125 25231360
1733257514801 0.2643218994140625 25264128
1733257555548 0.246502685546875 25280000
1733257605968 0.265118408203125 25329664
1733257647190 0.2238983154296875 25362432
1733257689920 0.2544921875 25395200
1733257732374 0.2352752685546875 25427968
1733257771913 0.2509185791015625 25440000
1733257826115 0.25264892578125 25493504
1733257866808 0.23671875 25526272
1733257909600 0.2131195068359375 25559040
1733257950687 0.249072265625 25591808
1733257988789 0.237860107421875 25600000
1733258041823 0.2623321533203125 25657344
1733258083370 0.24840087890625 25690112
1733258126871 0.227423095703125 25722880
1733258167162 0.2381103515625 25755648
1733258203918 0.26136474609375 25760000
1733258257960 0.245672607421875 25821184
1733258300546 0.1771484375 25853952
1733258341303 0.2494659423828125 25886720
1733258382599 0.2666229248046875 25919488
1733258418403 0.2107086181640625 25920000
1733258472807 0.2566986083984375 25985024
1733258516513 0.2417877197265625 26017792
1733258558093 0.219708251953125 26050560
1733258607431 0.2532012939453125 26080000
1733258649363 0.2154632568359375 26116096
1733258691969 0.1765899658203125 26148864
1733258732457 0.211199951171875 26181632
1733258774910 0.2068084716796875 26214400
1733258822397 0.2107147216796875 26240000
1733258873101 0.2346282958984375 26279936
1733258914898 0.2261383056640625 26312704
1733258958215 0.234716796875 26345472
1733259003589 0.2313507080078125 26378240
1733259049843 0.27376708984375 26400000
1733259100570 0.2360809326171875 26443776
1733259144894 0.2510040283203125 26476544
1733259190040 0.249969482421875 26509312
1733259234155 0.2497161865234375 26542080
1733259278944 0.241107177734375 26560000
1733259329224 0.241583251953125 26607616
1733259372904 0.255828857421875 26640384
1733259418228 0.255084228515625 26673152
1733259465919 0.26220703125 26705920
1733259508742 0.2237762451171875 26720000
1733259562897 0.2033294677734375 26771456
1733259607901 0.256085205078125 26804224
1733259650214 0.22802734375 26836992
1733259694823 0.2166046142578125 26869760
1733259734419 0.220513916015625 26880000
1733259789416 0.222552490234375 26935296
1733259833554 0.233489990234375 26968064
1733259877242 0.1845916748046875 27000832
1733259922535 0.229046630859375 27033600
1733259961674 0.235723876953125 27040000
1733260019083 0.229827880859375 27099136
1733260061781 0.2540313720703125 27131904
1733260108895 0.2529388427734375 27164672
1733260150823 0.2285980224609375 27197440
1733260188604 0.233660888671875 27200000
1733260247914 0.217266845703125 27262976
1733260293407 0.21468505859375 27295744
1733260340726 0.2115081787109375 27328512
1733260389821 0.26240234375 27360000
1733260436586 0.1952911376953125 27394048
1733260478365 0.24327392578125 27426816
1733260524170 0.2201080322265625 27459584
1733260566554 0.251171875 27492352
1733260616902 0.2359649658203125 27520000
1733260662761 0.219866943359375 27557888
1733260706356 0.26614990234375 27590656
1733260750502 0.2498260498046875 27623424
1733260792999 0.21875 27656192
1733260842550 0.2089569091796875 27680000
1733260887247 0.25574951171875 27721728
1733260933351 0.2492034912109375 27754496
1733260977038 0.2466522216796875 27787264
1733261024152 0.2597076416015625 27820032
1733261069479 0.236370849609375 27840000
1733261123511 0.2408782958984375 27885568
1733261167960 0.23675537109375 27918336
1733261213946 0.230267333984375 27951104
1733261258450 0.2338043212890625 27983872
1733261303325 0.247576904296875 28000000
1733261359007 0.2619598388671875 28049408
1733261402816 0.235089111328125 28082176
1733261451423 0.2051849365234375 28114944
1733261495116 0.21424560546875 28147712
1733261539234 0.266900634765625 28160000
1733261594099 0.2446533203125 28213248
1733261638168 0.2345794677734375 28246016
1733261683680 0.2559234619140625 28278784
1733261728706 0.2289794921875 28311552
1733261772198 0.221875 28320000
1733261828333 0.2450103759765625 28377088
1733261873379 0.238262939453125 28409856
1733261917820 0.244757080078125 28442624
1733261963659 0.2253326416015625 28475392
1733262002600 0.274615478515625 28480000
1733262063864 0.237841796875 28540928
1733262107818 0.24140625 28573696
1733262154346 0.2539520263671875 28606464
1733262198159 0.25025634765625 28639232
1733262235487 0.2232177734375 28640000
1733262296614 0.2344512939453125 28704768
1733262341668 0.2154876708984375 28737536
1733262387589 0.263140869140625 28770304
1733262437424 0.2437103271484375 28800000
1733262487002 0.2446319580078125 28835840
1733262531065 0.2555572509765625 28868608
1733262577221 0.230865478515625 28901376
1733262622283 0.2572357177734375 28934144
1733262672396 0.253118896484375 28960000
1733262721196 0.2410797119140625 28999680
1733262765266 0.2356048583984375 29032448
1733262811656 0.2410919189453125 29065216
1733262856823 0.2532073974609375 29097984
1733262908453 0.2309478759765625 29120000
1733262959460 0.235394287109375 29163520
1733263005530 0.2798858642578125 29196288
1733263048959 0.2584014892578125 29229056
1733263094938 0.2487823486328125 29261824
1733263139661 0.2304779052734375 29280000
1733263192027 0.24857177734375 29327360
1733263235998 0.2615142822265625 29360128
1733263280594 0.2399658203125 29392896
1733263326170 0.2568939208984375 29425664
1733263369727 0.2278717041015625 29440000
1733263424383 0.1873809814453125 29491200
1733263469545 0.2433868408203125 29523968
1733263515636 0.2617279052734375 29556736
1733263558282 0.2405792236328125 29589504
1733263600341 0.2131011962890625 29600000
1733263655358 0.2581817626953125 29655040
1733263704102 0.215386962890625 29687808
1733263748139 0.2591766357421875 29720576
1733263793093 0.243804931640625 29753344
1733263832836 0.2357574462890625 29760000
1733263889321 0.2487701416015625 29818880
1733263935943 0.1794281005859375 29851648
1733263979887 0.206134033203125 29884416
1733264025324 0.2447967529296875 29917184
1733264062382 0.232958984375 29920000
1733264122647 0.2244720458984375 29982720
1733264167292 0.225799560546875 30015488
1733264212438 0.2203826904296875 30048256
1733264263499 0.26207275390625 30080000
1733264309427 0.2279083251953125 30113792
1733264353397 0.248675537109375 30146560
1733264398415 0.22042236328125 30179328
1733264443131 0.217333984375 30212096
1733264492173 0.276019287109375 30240000
1733264539845 0.2114959716796875 30277632
1733264583591 0.217901611328125 30310400
1733264629326 0.2203460693359375 30343168
1733264672709 0.2474822998046875 30375936
1733264720920 0.2246307373046875 30400000
1733264767732 0.24295654296875 30441472
1733264811829 0.2353973388671875 30474240
1733264855956 0.27432861328125 30507008
1733264898213 0.2229248046875 30539776
1733264945784 0.2415435791015625 30560000
1733264996584 0.2453338623046875 30605312
1733265041288 0.2382415771484375 30638080
1733265086351 0.24700927734375 30670848
1733265129312 0.24010009765625 30703616
1733265175376 0.2450592041015625 30720000
1733265229642 0.252142333984375 30769152
1733265273421 0.2453125 30801920
1733265317758 0.206854248046875 30834688
1733265361771 0.2387359619140625 30867456
1733265403434 0.26524658203125 30880000
1733265458688 0.19736328125 30932992
1733265505039 0.215594482421875 30965760
1733265548484 0.1831390380859375 30998528
1733265594992 0.209039306640625 31031296
1733265633491 0.2102996826171875 31040000
1733265689731 0.198175048828125 31096832
1733265733225 0.246673583984375 31129600
1733265776033 0.238079833984375 31162368
1733265822186 0.19560546875 31195136
1733265859773 0.2374542236328125 31200000
1733265911969 0.258917236328125 31260672
1733265951439 0.24688720703125 31293440
1733265988125 0.2076904296875 31326208
1733266028343 0.2358154296875 31358976
1733266060456 0.194158935546875 31360000
1733266112133 0.272833251953125 31424512
1733266151147 0.2045257568359375 31457280
1733266188528 0.224224853515625 31490048
1733266234433 0.2470458984375 31520000
1733266274721 0.261236572265625 31555584
1733266312894 0.236328125 31588352
1733266351471 0.2347381591796875 31621120
1733266390113 0.246978759765625 31653888
1733266432539 0.230230712890625 31680000
1733266474403 0.2121551513671875 31719424
1733266512870 0.228985595703125 31752192
1733266550484 0.2353424072265625 31784960
1733266590721 0.2183319091796875 31817728
1733266629945 0.2622894287109375 31840000
1733266674066 0.2326202392578125 31883264
1733266712446 0.215716552734375 31916032
1733266749060 0.2442108154296875 31948800
1733266789283 0.2125274658203125 31981568
1733266827404 0.2248138427734375 32000000
1733266871626 0.2113006591796875 32047104
1733266912223 0.2344146728515625 32079872
1733266948413 0.2248291015625 32112640
1733266988868 0.21422119140625 32145408
1733267025844 0.2297515869140625 32160000
