1733223280251 -4.8556070739403365 65536
1733223320598 -4.866962117794901 98304
1733223361281 -4.828981241025031 131072
1733223406453 -4.806948420964181 160000
1733223447546 -4.759803650993854 196608
1733223485992 -4.799608371313662 229376
1733223526228 -4.747116884496063 262144
1733223565590 -4.748443526402116 294912
1733223607836 -4.660222005844116 320000
1733223649056 -4.684400511812418 360448
1733223687022 -4.62907455964014 393216
1733223725749 -4.598060564044863 425984
1733223764000 -4.570960713364184 458752
1733223804788 -4.5145253640599545 480000
1733223847200 -4.521448093187064 524288
1733223884630 -4.489157737977803 557056
1733223923857 -4.3987723253667355 589824
1733223962546 -4.3875333948992195 622592
1733224001058 -4.350203286390752 640000
1733224044371 -4.308598459791392 688128
1733224082876 -4.273363397829234 720896
1733224121249 -4.22724286261946 753664
1733224160130 -4.174330344097688 786432
1733224197766 -4.149660131288693 800000
1733224244289 -4.05249686348252 851968
1733224282921 -4.03183660460636 884736
1733224321589 -3.9858391566202043 917504
1733224359997 -3.9285589782055466 950272
1733224395660 -3.894282724102959 960000
1733224443958 -3.816340149473399 1015808
1733224482681 -3.7743377192411574 1048576
1733224521787 -3.6862787737045437 1081344
1733224561417 -3.7266226440668104 1114112
1733224596491 -3.6458990815095604 1120000
1733224646585 -3.5944422300439327 1179648
1733224686211 -3.558757956465706 1212416
1733224725522 -3.5278322231490167 1245184
1733224764760 -3.447747617866844 1277952
1733224797947 -3.3782331711146982 1280000
1733224850750 -3.337197546288371 1343488
1733224890152 -3.3165621791034936 1376256
1733224929757 -3.2625033356249333 1409024
1733224975951 -3.1841867700684814 1440000
1733225016913 -3.068285386450589 1474560
1733225057135 -3.1161655824631453 1507328
1733225096709 -3.0929145245812832 1540096
1733225136140 -3.0042309464886783 1572864
1733225180761 -2.9620827719569207 1600000
1733225222549 -2.9214188739657403 1638400
1733225262496 -2.8584547174628825 1671168
1733225301977 -2.8295873981900512 1703936
1733225342778 -2.779539233027026 1736704
1733225386087 -2.7335669189225884 1760000
1733225429453 -2.7073981327004732 1802240
1733225468375 -2.6924388215877118 1835008
1733225507802 -2.659058595309034 1867776
1733225547725 -2.626180530199781 1900544
1733225588783 -2.591816994315013 1920000
1733225633189 -2.5095811474137006 1966080
1733225672823 -2.5075378830544652 1998848
1733225712040 -2.474871545191854 2031616
1733225751293 -2.4270845937542616 2064384
1733225790292 -2.443364609638229 2080000
1733225837152 -2.3704105123411865 2129920
1733225876820 -2.3847918222658335 2162688
1733225916048 -2.401254656771198 2195456
1733225955594 -2.3595512818777933 2228224
1733225992502 -2.2643379342509435 2240000
1733226040356 -2.2780014847405257 2293760
1733226079918 -2.261140347761102 2326528
1733226119768 -2.2020638725720345 2359296
1733226158896 -2.214867356605828 2392064
1733226195310 -2.1619566290639343 2400000
1733226246596 -2.195372308860533 2457600
1733226286472 -2.1820775892818345 2490368
1733226326649 -2.150046101491898 2523136
1733226366879 -2.0950823987601326 2555904
1733226401061 -2.136845148121938 2560000
1733226452888 -2.0886336966184897 2621440
1733226492127 -2.0562150835059585 2654208
1733226531473 -2.060554031538777 2686976
1733226571069 -2.030766893690452 2719744
1733226604179 -2.0287640902912245 2720000
1733226657221 -1.9905579670099542 2785280
1733226696553 -1.9677398416213692 2818048
1733226735576 -1.9930607345188036 2850816
1733226779897 -1.9661436476744711 2880000
1733226820685 -1.9405906089115887 2916352
1733226859922 -1.9000041973078623 2949120
1733226899253 -1.8571001786971464 2981888
1733226938262 -1.8928870869101957 3014656
1733226981523 -1.8677988656563684 3040000
1733227024098 -1.8311823962256313 3080192
1733227063665 -1.876660775905475 3112960
1733227103090 -1.8680829338496552 3145728
1733227142362 -1.80704711235594 3178496
1733227183192 -1.8052718676859514 3200000
1733227228035 -1.803317940235138 3244032
1733227267490 -1.7565934422658755 3276800
1733227306791 -1.7769266634713858 3309568
1733227346185 -1.7604454369284213 3342336
1733227386052 -1.7652260455302895 3360000
1733227432442 -1.752839876851067 3407872
1733227472230 -1.7480388663243502 3440640
1733227511580 -1.7551486127078533 3473408
1733227550906 -1.7854973831214012 3506176
1733227589370 -1.7320352222304791 3520000
1733227636632 -1.7040020243497565 3571712
1733227677078 -1.7048311133868992 3604480
1733227716585 -1.6441690541803837 3637248
1733227756152 -1.6423351460602134 3670016
1733227793022 -1.6093108135275542 3680000
1733227842175 -1.6338043092517183 3735552
1733227881699 -1.5795374286593868 3768320
1733227922072 -1.565619470947422 3801088
1733227961577 -1.6301377315307035 3833856
1733227996731 -1.5558421632740647 3840000
1733228047028 -1.5694580229464918 3899392
1733228086048 -1.4936093443538994 3932160
1733228125112 -1.5301971116103232 3964928
1733228164437 -1.521904211770743 3997696
1733228197742 -1.5094725525239483 4000000
1733228249487 -1.5543410770827903 4063232
1733228289401 -1.4664624225115404 4096000
1733228328740 -1.4877530948491766 4128768
1733228373702 -1.4249366245698183 4160000
1733228414057 -1.4605201789643616 4194304
1733228453278 -1.4616663641529157 4227072
1733228492301 -1.4563171459827573 4259840
1733228531482 -1.4408815439790488 4292608
1733228575586 -1.4427400266053154 4320000
1733228617607 -1.403239907999523 4358144
1733228656480 -1.366464953846298 4390912
1733228695844 -1.4060067917918786 4423680
1733228735758 -1.396903046243824 4456448
1733228779037 -1.3682498345384375 4480000
1733228823158 -1.343227494158782 4521984
1733228862947 -1.3257714866194874 4554752
1733228903011 -1.3586660833330826 4587520
1733228942991 -1.3430253691854888 4620288
1733228984502 -1.2973021019482984 4640000
1733229030167 -1.3135899145854637 4685824
1733229069831 -1.2817522538476624 4718592
1733229109769 -1.2758169334614649 4751360
1733229150198 -1.2764411201816983 4784128
1733229190806 -1.2386640735319816 4800000
1733229237801 -1.253774409822654 4849664
1733229277317 -1.2709194304421545 4882432
1733229316928 -1.2651142806746065 4915200
1733229357222 -1.1992138785892166 4947968
1733229396493 -1.2565635805716737 4960000
1733229445176 -1.2246641943114809 5013504
1733229484032 -1.200404318224173 5046272
1733229523071 -1.2274868989130483 5079040
1733229563576 -1.266677094832994 5111808
1733229601147 -1.273207353008911 5120000
1733229650810 -1.2001377807348035 5177344
1733229690154 -1.2436091270297767 5210112
1733229729009 -1.2575697658234275 5242880
1733229768886 -1.253958614647854 5275648
1733229803991 -1.2442372771562078 5280000
1733229856330 -1.2574532837606966 5341184
1733229896046 -1.179672603972722 5373952
1733229936160 -1.2178386150160805 5406720
1733229976731 -1.1522335291374475 5439488
1733230010295 -1.2512316296459176 5440000
1733230064889 -1.1803219677763992 5505024
1733230105249 -1.1576595529797487 5537792
1733230145887 -1.1259664262412117 5570560
1733230192211 -1.1367467223317362 5600000
1733230235006 -1.1277896663290448 5636096
1733230276499 -1.1219217872014269 5668864
1733230324143 -1.1234713449841365 5701632
1733230368471 -1.1426152748288587 5734400
1733230415839 -1.1345133621129206 5760000
1733230460613 -1.1100014026858844 5799936
1733230501944 -1.1164375004242175 5832704
1733230542174 -1.1302134767756797 5865472
1733230583156 -1.1197868037503214 5898240
1733230625470 -1.0885766807128676 5920000
1733230674018 -1.0518684015376494 5963776
1733230715389 -1.0986904253368266 5996544
1733230757722 -1.0141603732830844 6029312
1733230797833 -1.0655913428403436 6062080
1733230840285 -0.9681890303967521 6080000
1733230888920 -1.0160241836216302 6127616
1733230930425 -1.0351422752835788 6160384
1733230973794 -1.0362243855139242 6193152
1733231019678 -1.0525330350850708 6225920
1733231062283 -1.0562378831207753 6240000
1733231114392 -1.0252077636658214 6291456
1733231158899 -1.0538951493101194 6324224
1733231203147 -1.0553420617361553 6356992
1733231247656 -1.0235804463154636 6389760
1733231288371 -1.0125524961738848 6400000
1733231345017 -1.017244076449424 6455296
1733231388189 -0.9984073233092203 6488064
1733231432084 -1.0408899882808327 6520832
1733231478366 -1.0111205953522586 6553600
1733231516214 -1.0038762984680942 6560000
1733231574948 -0.9974929843214341 6619136
1733231618265 -1.0175171818351374 6651904
1733231661904 -0.9496348184417002 6684672
1733231707852 -0.9766238064155914 6717440
1733231744042 -0.9890857974649407 6720000
1733231803754 -1.0097378306556493 6782976
1733231849143 -0.9748551746015437 6815744
1733231893511 -1.0001357896253467 6848512
1733231945282 -0.9648237095796504 6880000
1733231988493 -0.9690587855060585 6914048
1733232033813 -0.9262851390405558 6946816
1733232079010 -0.923214866942726 6979584
1733232123142 -0.9389505255850963 7012352
1733232172093 -0.9468091694521718 7040000
1733232220583 -0.9587408509105444 7077888
1733232265079 -0.8892762807314284 7110656
1733232308632 -0.9249032566556707 7143424
1733232352334 -0.9115702982991933 7176192
1733232398742 -0.930116242938675 7200000
1733232449598 -0.925730558205396 7241728
1733232494141 -0.9196554212248884 7274496
1733232537503 -0.9029980502906255 7307264
1733232583048 -0.8969719475484453 7340032
1733232627506 -0.8988593014306389 7360000
1733232679015 -0.8766657012980431 7405568
1733232720635 -0.8913783260504715 7438336
1733232765774 -0.9117474712315016 7471104
1733232812269 -0.8830786877544596 7503872
1733232853905 -0.886042666202411 7520000
1733232903676 -0.8435843953397125 7569408
1733232949217 -0.8852604683372192 7602176
1733232994155 -0.893759988178499 7634944
1733233037664 -0.8803245249320752 7667712
1733233079791 -0.8846374735818244 7680000
1733233135363 -0.9064653377514332 7733248
1733233179321 -0.8872181079932489 7766016
1733233222326 -0.845435447676573 7798784
1733233267963 -0.8756966815912165 7831552
1733233308912 -0.8555369755486026 7840000
1733233369488 -0.7744136397959664 7897088
1733233413802 -0.824312771949917 7929856
1733233459344 -0.8445425924379378 7962624
1733233506696 -0.8034716583322734 7995392
1733233544927 -0.8309420475037769 8000000
1733233605203 -0.7959770774818026 8060928
1733233649766 -0.8460777693311684 8093696
1733233695525 -0.8569540248601697 8126464
1733233742248 -0.8225686090881936 8159232
1733233779326 -0.8101330193690955 8160000
1733233841734 -0.7706799510284327 8224768
1733233887204 -0.7909510050085373 8257536
1733233932184 -0.8387242952710949 8290304
1733233984534 -0.8149853768874891 8320000
1733234031572 -0.8424084135098383 8355840
1733234078071 -0.8097442617290653 8388608
1733234123575 -0.8225456033018418 8421376
1733234168000 -0.8243805171339773 8454144
1733234217814 -0.8048126069479622 8480000
1733234266734 -0.7961331423721276 8519680
1733234313319 -0.8055582885746844 8552448
1733234358167 -0.8192650300683454 8585216
1733234402519 -0.7573909714235925 8617984
1733234450331 -0.7609809563204181 8640000
1733234501768 -0.7625656554009765 8683520
1733234546802 -0.7619572342606261 8716288
1733234590589 -0.7703399004065432 8749056
1733234635376 -0.7518986518320162 8781824
1733234682986 -0.7660441979882308 8800000
1733234736368 -0.7388372239598539 8847360
1733234782292 -0.718428604019573 8880128
1733234826130 -0.7089861310727429 8912896
1733234870785 -0.7288406195584685 8945664
1733234916171 -0.7263080684293527 8960000
1733234971948 -0.7356514926534146 9011200
1733235018484 -0.7129761783231515 9043968
1733235062851 -0.6695944414765108 9076736
1733235109214 -0.6659881239640526 9109504
1733235154001 -0.7296540537907277 9120000
1733235210572 -0.6695483321615029 9175040
1733235257174 -0.703671868989477 9207808
1733235302270 -0.6562645687256008 9240576
1733235347540 -0.6960960942087695 9273344
1733235388341 -0.6655432792264037 9280000
1733235448532 -0.6457202434889041 9338880
1733235496184 -0.6543533379153814 9371648
1733235540988 -0.636347436637152 9404416
1733235585748 -0.6657605620333925 9437184
1733235624528 -0.6644648858520668 9440000
1733235687123 -0.6442510187800508 9502720
1733235734350 -0.6299570602772292 9535488
1733235777886 -0.6124768035428133 9568256
1733235830379 -0.6358316089317668 9600000
1733235876816 -0.6492576560704038 9633792
1733235921789 -0.5955174642207567 9666560
1733235968705 -0.5998467352474108 9699328
1733236012693 -0.6149040350574069 9732096
1733236064172 -0.6144567619427107 9760000
1733236111291 -0.628384831699077 9797632
1733236155911 -0.6136356162431185 9830400
1733236201840 -0.5802808760141488 9863168
1733236247256 -0.6041674148349557 9895936
1733236297371 -0.5431114774837624 9920000
1733236347487 -0.6048274693603162 9961472
1733236392545 -0.6053654302610084 9994240
1733236439901 -0.5624822390731424 10027008
1733236484672 -0.6148347955662757 10059776
1733236531325 -0.6201909468276426 10080000
1733236583249 -0.5900910470634699 10125312
1733236628680 -0.6283641966932919 10158080
1733236676244 -0.5877015506557655 10190848
1733236720205 -0.5748504573130049 10223616
1733236764192 -0.5974873111292254 10240000
1733236819845 -0.5834284810582175 10289152
1733236864636 -0.5581143078219611 10321920
1733236911370 -0.5793071579246316 10354688
1733236956273 -0.5845144900027662 10387456
1733237001266 -0.5743857009103521 10400000
1733237055906 -0.5691376388422213 10452992
1733237100802 -0.6146947211993392 10485760
1733237145390 -0.5659206392476335 10518528
1733237191481 -0.573831572860945 10551296
1733237232456 -0.582264885911718 10560000
1733237289615 -0.5442311411898118 10616832
1733237334940 -0.610682656231802 10649600
1733237381089 -0.6039688363962341 10682368
1733237427452 -0.5836493142414838 10715136
1733237467781 -0.559180984221166 10720000
1733237526274 -0.5911668171174824 10780672
1733237569557 -0.5842156668717507 10813440
1733237615460 -0.537060061621014 10846208
1733237660664 -0.5417086227971595 10878976
1733237697982 -0.547808680095477 10880000
1733237760133 -0.5894549511896912 10944512
1733237805429 -0.616025066561997 10977280
1733237849007 -0.5825737491250038 11010048
1733237901024 -0.5949870821728837 11040000
1733237946983 -0.5996276016114279 11075584
1733237991265 -0.5444803905673326 11108352
1733238035252 -0.5675972029450349 11141120
1733238081516 -0.5884279113146477 11173888
1733238131667 -0.5391281686199363 11200000
1733238182139 -0.5588773000927176 11239424
1733238227092 -0.584455879003508 11272192
1733238273434 -0.5524735573329963 11304960
1733238318224 -0.5206536407582462 11337728
1733238366653 -0.5775405825464986 11360000
1733238419677 -0.5631324258807581 11403264
1733238468012 -0.5663264141825494 11436032
1733238514152 -0.5574762822536286 11468800
1733238561958 -0.528619944746606 11501568
1733238607783 -0.5768619464419317 11520000
1733238661856 -0.4943243220914155 11567104
1733238705039 -0.5183813081996049 11599872
1733238751680 -0.5511979007278569 11632640
1733238793897 -0.535863177938154 11665408
1733238840195 -0.4837053360883147 11680000
1733238894588 -0.5303537295723799 11730944
1733238940777 -0.5084606054588221 11763712
1733238983505 -0.5195024391519837 11796480
1733239031186 -0.5122372772661038 11829248
1733239072176 -0.5320969886553939 11840000
1733239131116 -0.5139572662184946 11894784
1733239175232 -0.49324309043586256 11927552
1733239221860 -0.5097450865781866 11960320
1733239265428 -0.5259613384085242 11993088
1733239308302 -0.5067330040852539 12000000
1733239363206 -0.5368835932691581 12058624
1733239407765 -0.49574944911873897 12091392
1733239452558 -0.4772292595007457 12124160
1733239497140 -0.5002769188664388 12156928
1733239534277 -0.515299538394902 12160000
1733239594029 -0.5030912742309738 12222464
1733239639297 -0.5266698415915017 12255232
1733239682804 -0.5491722371138167 12288000
1733239735984 -0.5277042935311329 12320000
1733239779435 -0.5543732024380006 12353536
1733239824451 -0.4550524494610727 12386304
1733239868659 -0.5107630971178878 12419072
1733239912799 -0.4901683456264436 12451840
1733239963378 -0.5503777384175919 12480000
1733240009631 -0.4759153550025076 12517376
1733240054241 -0.48796801166026854 12550144
1733240097200 -0.5113558822486084 12582912
1733240142409 -0.48391285027028064 12615680
1733240189463 -0.5156821775715799 12640000
1733240238794 -0.46731799627887083 12681216
1733240282776 -0.4997080010070931 12713984
1733240329066 -0.5022513537085616 12746752
1733240372279 -0.4866822092764778 12779520
1733240419461 -0.49077065411256626 12800000
1733240468156 -0.48559734799782744 12845056
1733240513546 -0.5251561257231515 12877824
1733240557481 -0.5004007838957477 12910592
1733240603674 -0.5064336428768001 12943360
1733240647814 -0.5193889501621015 12960000
1733240700607 -0.5217564833408688 13008896
1733240745344 -0.4754657052049879 13041664
1733240790323 -0.4678484776348341 13074432
1733240834379 -0.4855966231873026 13107200
1733240880073 -0.4885632943420205 13120000
1733240934924 -0.5079921576892957 13172736
1733240978291 -0.4624881308001932 13205504
1733241022808 -0.4695546379487496 13238272
1733241067165 -0.4393255273986142 13271040
1733241107800 -0.4425953524216311 13280000
1733241163350 -0.47703951724106447 13336576
1733241208080 -0.4859169020666741 13369344
1733241251901 -0.4583980973431608 13402112
1733241295198 -0.5027744593913667 13434880
1733241334319 -0.4492685036966577 13440000
1733241390279 -0.426854252544581 13500416
1733241435883 -0.47544366622460077 13533184
1733241478858 -0.43367917217547075 13565952
1733241523746 -0.4111364198062802 13598720
1733241559110 -0.43963148491457105 13600000
1733241619607 -0.4355984364869073 13664256
1733241663787 -0.46677230241475626 13697024
1733241710388 -0.4517461640003603 13729792
1733241760182 -0.45006506566132887 13760000
1733241806702 -0.4726781788340304 13795328
1733241850162 -0.4540018150990363 13828096
1733241896278 -0.46316945216676686 13860864
1733241940397 -0.4154650094860699 13893632
1733241990447 -0.48617988199694084 13920000
1733242038312 -0.41202301454322876 13959168
1733242082628 -0.42173372621182353 13991936
1733242126762 -0.4008605824667029 14024704
1733242172403 -0.45098384674056435 14057472
1733242219954 -0.4322074424620951 14080000
1733242270673 -0.47512736659264193 14123008
1733242315753 -0.4487983874976635 14155776
1733242361095 -0.4440211846376769 14188544
1733242407121 -0.4437686285760719 14221312
1733242452527 -0.4467174414137844 14240000
1733242504141 -0.4158399780309992 14286848
1733242548592 -0.4318846037174808 14319616
1733242592880 -0.4495600314956391 14352384
1733242637493 -0.4420573580544442 14385152
1733242680610 -0.47010721805272626 14400000
1733242733939 -0.4432740218442632 14450688
1733242776744 -0.4126787168410374 14483456
1733242821931 -0.408090474299388 14516224
1733242865763 -0.38649830264912455 14548992
1733242910398 -0.42211153730459045 14560000
1733242965740 -0.4273095639102394 14614528
1733243013003 -0.42058367786521555 14647296
1733243057408 -0.4209494525770424 14680064
1733243102332 -0.4518304304976482 14712832
1733243141046 -0.40471519336861095 14720000
1733243198857 -0.4188642525841715 14778368
1733243244096 -0.41200229223468343 14811136
1733243288278 -0.3961962461966323 14843904
1733243333221 -0.4303165990510024 14876672
1733243374138 -0.40365045092185026 14880000
1733243433574 -0.4412683759612264 14942208
1733243477189 -0.4327478590654209 14974976
1733243523251 -0.4291532383591402 15007744
1733243573722 -0.442843794458895 15040000
1733243619098 -0.43407797765976286 15073280
1733243662810 -0.4729509393160697 15106048
1733243708230 -0.4308083527110284 15138816
1733243752284 -0.4776963932235958 15171584
1733243802144 -0.48808871434303003 15200000
1733243848087 -0.3999340117414249 15237120
1733243892564 -0.4036909382179147 15269888
1733243937234 -0.4844646782032214 15302656
1733243981619 -0.45052122086053714 15335424
1733244030788 -0.4131999129866017 15360000
1733244079709 -0.43798159001453313 15400960
1733244125716 -0.43382899254211227 15433728
1733244169457 -0.42442124025837985 15466496
1733244214817 -0.43868788644322193 15499264
1733244260879 -0.44764900620502884 15520000
1733244312861 -0.4394992249493953 15564800
1733244357800 -0.39180661902064456 15597568
1733244401279 -0.43168930446263404 15630336
1733244445101 -0.43316903052618727 15663104
1733244490128 -0.3859687172138365 15680000
1733244541569 -0.40011494240607137 15728640
1733244585329 -0.4618130297458265 15761408
1733244630770 -0.3978515329945367 15794176
1733244674766 -0.40116291799058673 15826944
1733244719401 -0.3867541926301783 15840000
1733244773145 -0.4240249586320715 15892480
1733244818714 -0.39372177455807106 15925248
1733244862938 -0.4016200450074393 15958016
1733244908574 -0.42424304436717647 15990784
1733244949636 -0.4416447745083133 16000000
1733245005501 -0.3858730297710281 16056320
1733245049489 -0.41907648629276084 16089088
1733245093254 -0.34723373139277103 16121856
1733245137342 -0.4205890370765701 16154624
1733245174837 -0.44141324384254405 16160000
1733245235780 -0.3813951054122299 16220160
1733245279151 -0.39152060089400037 16252928
1733245325821 -0.3703407835710095 16285696
1733245369321 -0.42545187219511715 16318464
1733245408123 -0.4386087607650552 16320000
1733245465440 -0.4228887078439584 16384000
1733245508865 -0.4426515875966288 16416768
1733245553463 -0.44348134886822665 16449536
1733245603893 -0.4283274877408985 16480000
1733245650402 -0.4323316916794283 16515072
1733245695206 -0.39683391554281117 16547840
1733245740829 -0.3889161622413667 16580608
1733245784591 -0.3933972838509362 16613376
1733245835171 -0.42765483941475396 16640000
1733245881354 -0.4325470195064554 16678912
1733245926416 -0.4340813966759015 16711680
1733245969812 -0.4165880230400944 16744448
1733246014112 -0.3966408480948303 16777216
1733246061571 -0.4102324388892157 16800000
1733246111858 -0.4279323126014788 16842752
1733246154943 -0.414312214020174 16875520
1733246198624 -0.4170976293069543 16908288
1733246243770 -0.42957865286443847 16941056
1733246286535 -0.40951891808654184 16960000
1733246335459 -0.4205982753337594 17006592
1733246377993 -0.43063372673350386 17039360
1733246421421 -0.44462963828700597 17072128
1733246464219 -0.4228330187848769 17104896
1733246508245 -0.4290540243528085 17120000
1733246559077 -0.39592536260024647 17170432
1733246603481 -0.43881058319529986 17203200
1733246646239 -0.4228902032948099 17235968
1733246690486 -0.4623516282823402 17268736
1733246730727 -0.42720410713227464 17280000
1733246787545 -0.4254243044735631 17334272
1733246831648 -0.46080539306567514 17367040
1733246875788 -0.41207492476387414 17399808
1733246920388 -0.44587031158735047 17432576
1733246959835 -0.42347405732725746 17440000
1733247015032 -0.40534879905171695 17498112
1733247059295 -0.4314932098670397 17530880
1733247102653 -0.43403835787903516 17563648
1733247148042 -0.4085006522887852 17596416
1733247185486 -0.4252359867707128 17600000
1733247244403 -0.4170274375268491 17661952
1733247287807 -0.46159176428918725 17694720
1733247330770 -0.4216434635716723 17727488
1733247382972 -0.4538001528271707 17760000
1733247425493 -0.4255134255537996 17793024
1733247468914 -0.4165667477442184 17825792
1733247511798 -0.4105855525122024 17858560
1733247555674 -0.44700545084197074 17891328
1733247602468 -0.4008829744387185 17920000
1733247648195 -0.4234941105009057 17956864
1733247692298 -0.4268825786042726 17989632
1733247736604 -0.4138631543639349 18022400
1733247779528 -0.4504491086641792 18055168
1733247829441 -0.4422361478122184 18080000
1733247875893 -0.4677199881145498 18120704
1733247920724 -0.43693416556343434 18153472
1733247964107 -0.4455358609993709 18186240
1733248009264 -0.4503886546881404 18219008
1733248054301 -0.4290847917407518 18240000
1733248106295 -0.4051062933634967 18284544
1733248149727 -0.4337961091310717 18317312
1733248194230 -0.44516149858536663 18350080
1733248237425 -0.4362386863736901 18382848
1733248282439 -0.43953665528679264 18400000
1733248333968 -0.414899806768517 18448384
1733248377370 -0.4542609059542883 18481152
1733248420827 -0.4704389805905521 18513920
1733248465149 -0.459652369475225 18546688
1733248507339 -0.4229669245367404 18560000
1733248559888 -0.47235128448228353 18612224
1733248603992 -0.40908382798952514 18644992
1733248647573 -0.42448482554464134 18677760
1733248692425 -0.40194374659622556 18710528
1733248732122 -0.4393383583141258 18720000
1733248788145 -0.4498568123381119 18776064
1733248831551 -0.40736615492787676 18808832
1733248875512 -0.3989914005040191 18841600
1733248918599 -0.4325129960867343 18874368
1733248958286 -0.4305147583334474 18880000
1733249017005 -0.4223215273232199 18939904
1733249061030 -0.3988096656947164 18972672
1733249104392 -0.432880673444015 19005440
1733249148414 -0.45073532676324246 19038208
1733249184739 -0.4267242538218852 19040000
1733249241891 -0.4431561017729109 19103744
1733249286879 -0.39142552882258314 19136512
1733249328927 -0.43476493991911414 19169280
1733249377766 -0.4627403703285381 19200000
1733249421901 -0.43927549656364134 19234816
1733249466524 -0.45311608016781973 19267584
1733249508786 -0.411190225314931 19300352
1733249552407 -0.4615969043574296 19333120
1733249602635 -0.45998899277765304 19360000
1733249651589 -0.46036881680774966 19398656
1733249694810 -0.4614522748946911 19431424
1733249741080 -0.4311659405735554 19464192
1733249784620 -0.45427517722419 19496960
1733249832006 -0.47230847580649427 19520000
1733249880930 -0.47177733106072994 19562496
1733249925379 -0.4291790108109126 19595264
1733249969453 -0.420915141722071 19628032
1733250013870 -0.42598301702237223 19660800
1733250056635 -0.4507593185757287 19680000
1733250108226 -0.47219045493402517 19726336
1733250152533 -0.424776915484108 19759104
1733250194752 -0.4562786583410343 19791872
1733250238636 -0.4408325260912534 19824640
1733250281926 -0.4857831070839893 19840000
1733250335940 -0.431772512869793 19890176
1733250378915 -0.45223303138045595 19922944
1733250423386 -0.49712732625193895 19955712
1733250466741 -0.4660031850828091 19988480
1733250509317 -0.45073555370909163 20000000
1733250563081 -0.5037470209033927 20054016
1733250607618 -0.46938958851969803 20086784
1733250651738 -0.4625214143830817 20119552
1733250695996 -0.4691880521393614 20152320
1733250735002 -0.5031013667641673 20160000
1733250790151 -0.4583850201743189 20217856
1733250833813 -0.5031369150470709 20250624
1733250875824 -0.49769689450913573 20283392
1733250919081 -0.46041554723633454 20316160
1733250956389 -0.4880672357510775 20320000
1733251015900 -0.4803983186953701 20381696
1733251059238 -0.4664007540530292 20414464
1733251104515 -0.485581868654117 20447232
1733251156375 -0.4636112203326775 20480000
1733251201105 -0.48186873796221336 20512768
1733251244010 -0.4677838556235656 20545536
1733251288997 -0.5066264347464312 20578304
1733251333292 -0.4977107409067685 20611072
1733251383303 -0.5103665035916493 20640000
1733251429505 -0.5023000857792794 20676608
1733251472701 -0.544247889885446 20709376
1733251518046 -0.4773391437076498 20742144
1733251560800 -0.5060823838168289 20774912
1733251608810 -0.49076570408651604 20800000
1733251657431 -0.48794492109445853 20840448
1733251701381 -0.4782447165925987 20873216
1733251746755 -0.4843208663340192 20905984
1733251791140 -0.5200789975293446 20938752
1733251834912 -0.4911169500555843 20960000
1733251885766 -0.47756244942429477 21004288
1733251929046 -0.4656951050274074 21037056
1733251972780 -0.5147359960421454 21069824
1733252015538 -0.4647323809273075 21102592
1733252058702 -0.4915312126686331 21120000
1733252110683 -0.5287847599480301 21168128
1733252153339 -0.5088557725888677 21200896
1733252197559 -0.47467902937787587 21233664
1733252240476 -0.505035735591082 21266432
1733252282777 -0.45607829513028264 21280000
1733252336856 -0.4760796418529935 21331968
1733252381092 -0.5094648603582754 21364736
1733252423215 -0.4822703431069385 21397504
1733252467999 -0.5123978640127461 21430272
1733252506788 -0.47474249069346114 21440000
1733252562830 -0.4853323653660482 21495808
1733252605718 -0.5203442968253512 21528576
1733252648910 -0.4654766361694783 21561344
1733252693819 -0.47231442894553766 21594112
1733252731227 -0.49085791972465814 21600000
1733252787040 -0.5498112206929363 21659648
1733252826756 -0.515636299533071 21692416
1733252869145 -0.48420304179308005 21725184
1733252909756 -0.516028306138469 21757952
1733252946005 -0.5071299723931588 21760000
1733253000456 -0.5323670148674864 21823488
1733253042206 -0.5197889334638603 21856256
1733253082479 -0.5139514279348077 21889024
1733253131578 -0.5321685678383801 21920000
1733253173719 -0.5257846290478483 21954560
1733253215453 -0.5005447391944472 21987328
1733253256892 -0.5348815603938419 22020096
1733253298922 -0.5325886874110438 22052864
1733253343742 -0.49296326402691193 22080000
1733253386809 -0.5203047753835562 22118400
1733253428039 -0.4896968389861286 22151168
1733253468118 -0.5060621579526924 22183936
1733253508900 -0.4986474596662447 22216704
1733253551934 -0.5121653507987503 22240000
1733253596844 -0.532936009002151 22282240
1733253637156 -0.5034966945531778 22315008
1733253678259 -0.579337257851148 22347776
1733253718792 -0.5282728768244851 22380544
1733253760826 -0.5234424716036301 22400000
1733253806712 -0.5615007146261632 22446080
1733253848117 -0.5489222392381634 22478848
1733253888208 -0.5014131352159893 22511616
1733253929952 -0.5757502923486755 22544384
1733253969523 -0.5124298857524991 22560000
1733254018868 -0.4556648662139196 22609920
1733254058607 -0.4920370264153462 22642688
1733254099181 -0.4879674926400185 22675456
1733254139142 -0.5383459373726509 22708224
1733254179122 -0.5043629171443171 22720000
1733254229095 -0.5161735341185704 22773760
1733254271238 -0.4826550561527256 22806528
1733254311320 -0.48694439396495 22839296
1733254352712 -0.48113407000200825 22872064
1733254389588 -0.4556139171589166 22880000
1733254440920 -0.47421570735459684 22937600
1733254483061 -0.48869935763068495 22970368
1733254524470 -0.5069511875044554 23003136
1733254565957 -0.4840529656969011 23035904
1733254601440 -0.4846210613672156 23040000
1733254654827 -0.4549410528445151 23101440
1733254695244 -0.44823302756994965 23134208
1733254736985 -0.499371117062401 23166976
1733254777778 -0.5072517132735811 23199744
1733254812012 -0.4723904055659659 23200000
1733254867337 -0.5057083640625933 23265280
1733254907725 -0.4908354531682562 23298048
1733254951393 -0.4843528178811539 23330816
1733254996991 -0.4568125936901197 23360000
1733255041273 -0.46645065788761714 23396352
1733255082606 -0.4679221943108132 23429120
1733255125355 -0.4650853184517473 23461888
1733255166615 -0.4813277935376391 23494656
1733255211682 -0.4619421171490103 23520000
1733255258334 -0.4948827804008033 23560192
1733255299340 -0.4295070502150338 23592960
1733255343126 -0.49877895998361055 23625728
1733255384125 -0.4751496901444625 23658496
1733255429344 -0.5049915212264751 23680000
1733255475801 -0.4743658773746574 23724032
1733255517647 -0.4788157184724696 23756800
1733255560231 -0.5281512486457359 23789568
1733255601035 -0.4748979078431148 23822336
1733255644370 -0.5091073957330081 23840000
1733255695905 -0.4904584187199362 23887872
1733255738506 -0.47858587121590973 23920640
1733255778816 -0.45954546810535246 23953408
1733255821062 -0.524063161725644 23986176
1733255861758 -0.4862899041327182 24000000
1733255911217 -0.49286775407090316 24051712
1733255953855 -0.51012742901803 24084480
1733255994785 -0.5022904877754627 24117248
1733256037538 -0.4891025780292694 24150016
1733256075695 -0.48294133038725706 24160000
1733256128204 -0.4512997883954085 24215552
1733256169067 -0.44923209337284786 24248320
1733256210516 -0.4311798573762644 24281088
1733256251690 -0.48742965909768826 24313856
1733256288303 -0.5012687164125964 24320000
1733256346550 -0.47150247971294446 24379392
1733256387264 -0.4718452989065554 24412160
1733256430365 -0.4631045119720511 24444928
1733256470940 -0.48359502015518957 24477696
1733256505572 -0.49759365918580445 24480000
1733256561251 -0.4911252558347769 24543232
1733256603621 -0.45333172908285635 24576000
1733256646040 -0.4811224394477904 24608768
1733256693424 -0.4726909633143805 24640000
1733256738252 -0.4734469323127996 24674304
1733256778274 -0.4639767124550417 24707072
1733256820149 -0.48511162464274094 24739840
1733256860783 -0.5100576257915236 24772608
1733256907424 -0.5357749577029608 24800000
1733256951448 -0.4654420709848637 24838144
1733256993440 -0.43547181353205816 24870912
1733257039089 -0.488272985565709 24903680
1733257079967 -0.4805539097869769 24936448
1733257126581 -0.44688897075830025 24960000
1733257171393 -0.46997122702305205 25001984
1733257214297 -0.4881537280016346 25034752
1733257254813 -0.47181449715280904 25067520
1733257296482 -0.4664482997410232 25100288
1733257340402 -0.5106044078303966 25120000
1733257387415 -0.513458547234768 25165824
1733257432077 -0.49161128636915236 25198592
1733257472111 -0.49726193555397913 25231360
1733257514845 -0.5299161954317242 25264128
1733257555608 -0.48608710745174905 25280000
1733257606045 -0.5270338820992038 25329664
1733257647223 -0.45481343459978235 25362432
1733257689953 -0.5277425851963926 25395200
1733257732416 -0.4873613572155591 25427968
1733257771943 -0.49945950219407675 25440000
1733257826184 -0.5048383223183919 25493504
1733257866853 -0.46886151397193315 25526272
1733257909624 -0.4996944630460348 25559040
1733257950737 -0.5098698620276991 25591808
1733257988826 -0.4904542309115641 25600000
1733258041877 -0.526738586492138 25657344
1733258083411 -0.5003112751292065 25690112
1733258127005 -0.4903811165655497 25722880
1733258167195 -0.5033915600099135 25755648
1733258203974 -0.5235963741608429 25760000
1733258257994 -0.5028546862828079 25821184
1733258300566 -0.45704550149675927 25853952
1733258341353 -0.5201361690589692 25886720
1733258382638 -0.5296298279950861 25919488
1733258418460 -0.46948468448536007 25920000
1733258472841 -0.5293845448410138 25985024
1733258516547 -0.4928673966322094 26017792
1733258558132 -0.5009536378027406 26050560
1733258607451 -0.5241054415295366 26080000
1733258649413 -0.48127934928634203 26116096
1733258692009 -0.46206682252814063 26148864
1733258732520 -0.4475150043930626 26181632
1733258774952 -0.48516487799352037 26214400
1733258823279 -0.46737960711470805 26240000
1733258873140 -0.497777161229169 26279936
1733258914968 -0.47795394460554236 26312704
1733258958252 -0.4795262612693477 26345472
1733259003631 -0.4700341773161199 26378240
1733259049885 -0.5326301781984512 26400000
1733259100731 -0.46528317672200503 26443776
1733259144987 -0.5096186137991026 26476544
1733259190134 -0.5214132450113539 26509312
1733259234234 -0.4897348961327225 26542080
1733259279076 -0.47731236792751586 26560000
1733259329300 -0.4963807878433727 26607616
1733259373008 -0.5255424868140836 26640384
1733259418335 -0.5437035237322562 26673152
1733259466005 -0.501577109057689 26705920
1733259508839 -0.49238067819096615 26720000
1733259562944 -0.47387680966057816 26771456
1733259607935 -0.5128485013672617 26804224
1733259650256 -0.4864818443893455 26836992
1733259694914 -0.47211041808477605 26869760
1733259734542 -0.4666294848953839 26880000
1733259789483 -0.45891726658155674 26935296
1733259833603 -0.5157907800690736 26968064
1733259877282 -0.46759718254907057 27000832
1733259922630 -0.47325311105232687 27033600
1733259961701 -0.5019445967511273 27040000
1733260019107 -0.49499503020197155 27099136
1733260061822 -0.510967922929558 27131904
1733260108951 -0.535277461563237 27164672
1733260150873 -0.4873406825470738 27197440
1733260188703 -0.4869943009398412 27200000
1733260248010 -0.4873091422021389 27262976
1733260293454 -0.4772222208208404 27295744
1733260340819 -0.47694071068544874 27328512
1733260389880 -0.5057277374202386 27360000
1733260436610 -0.47657082757214086 27394048
1733260478415 -0.5068527403171175 27426816
1733260524336 -0.4857388774282299 27459584
1733260566626 -0.5315114721248392 27492352
1733260617079 -0.5063626878836658 27520000
1733260662795 -0.4849894701153971 27557888
1733260706438 -0.5194282983720768 27590656
1733260750564 -0.5028477731830208 27623424
1733260793050 -0.4966910913411994 27656192
1733260842586 -0.47968866050359793 27680000
1733260887289 -0.5198949729005108 27721728
1733260933399 -0.5041832328715827 27754496
1733260977107 -0.5055851688463008 27787264
1733261024181 -0.5547575884673279 27820032
1733261069512 -0.5064633116358891 27840000
1733261123547 -0.51765437645372 27885568
1733261167984 -0.48800154924974776 27918336
1733261213979 -0.4837565281311981 27951104
1733261258488 -0.5087432541709859 27983872
1733261303364 -0.5171427364170086 28000000
1733261359208 -0.5055623825057409 28049408
1733261402931 -0.5303992093948182 28082176
1733261451510 -0.4783281542535406 28114944
1733261495200 -0.46491315579041836 28147712
1733261539256 -0.5012715854682028 28160000
1733261594132 -0.5206530466268304 28213248
1733261638281 -0.4641590884653851 28246016
1733261683714 -0.5326252983999439 28278784
1733261728793 -0.5019460247829557 28311552
1733261772220 -0.4990469726966694 28320000
1733261828347 -0.5141396667633671 28377088
1733261873401 -0.5146715482522268 28409856
1733261917912 -0.505067181767663 28442624
1733261963699 -0.5052601270901504 28475392
1733262002622 -0.5215680999914184 28480000
1733262063914 -0.5096171196491923 28540928
1733262107859 -0.5052199522673618 28573696
1733262154436 -0.5073781113955192 28606464
1733262198192 -0.5462902903731447 28639232
1733262235515 -0.5099542449170258 28640000
1733262296653 -0.49872645796858706 28704768
1733262341710 -0.4717989463766571 28737536
1733262387664 -0.5227485888055525 28770304
1733262437494 -0.49631955635850317 28800000
1733262487044 -0.5139902774884831 28835840
1733262531139 -0.5370656209357548 28868608
1733262577260 -0.5159753977321089 28901376
1733262622322 -0.5312674219836481 28934144
1733262672433 -0.5205387671361678 28960000
1733262721236 -0.5199662650295067 28999680
1733262765306 -0.5095773065113463 29032448
1733262811702 -0.5160708136914763 29065216
1733262856857 -0.5304540712502785 29097984
1733262908863 -0.5253198088961654 29120000
1733262959506 -0.5133618945255876 29163520
1733263005575 -0.544338402559515 29196288
1733263049003 -0.5381028037809301 29229056
1733263095006 -0.5117194179736544 29261824
1733263139692 -0.4958137171459384 29280000
1733263192069 -0.5308772694261279 29327360
1733263236040 -0.5206639761978294 29360128
1733263280635 -0.4880710162804462 29392896
1733263326206 -0.5179062073642854 29425664
1733263369769 -0.5000577844039071 29440000
1733263424428 -0.467826758150477 29491200
1733263469582 -0.5114377444551792 29523968
1733263515679 -0.5500771679799072 29556736
1733263558332 -0.5072573288984131 29589504
1733263600378 -0.5043901383003686 29600000
1733263655396 -0.5240420899819582 29655040
1733263704135 -0.5021178489783779 29687808
1733263748181 -0.5081928674713708 29720576
1733263793134 -0.5022216596989892 29753344
1733263832873 -0.5164542567334138 29760000
1733263889396 -0.517011873651063 29818880
1733263935984 -0.4643809241882991 29851648
1733263979922 -0.4857034113781992 29884416
1733264025365 -0.5115289366396609 29917184
1733264062431 -0.5023282828216906 29920000
1733264122680 -0.5209590981598012 29982720
1733264167342 -0.5198714335623663 30015488
1733264212473 -0.5142263569752685 30048256
1733264263519 -0.5243228542676661 30080000
1733264309484 -0.4847698093159124 30113792
1733264353440 -0.5189302220533136 30146560
1733264398435 -0.5134294355171732 30179328
1733264443172 -0.4995990531635471 30212096
1733264492231 -0.5449530883051921 30240000
1733264539937 -0.5138364868005738 30277632
1733264583630 -0.48986664941767233 30310400
1733264629362 -0.5079236963065341 30343168
1733264672745 -0.47976195689407175 30375936
1733264720953 -0.521627153857844 30400000
1733264767759 -0.5403539426508359 30441472
1733264811927 -0.5121866828470957 30474240
1733264856006 -0.5602612380520441 30507008
1733264898252 -0.4761922213365324 30539776
1733264945857 -0.5256517183501274 30560000
1733264996618 -0.5111444814014249 30605312
1733265041324 -0.5268088157346937 30638080
1733265086467 -0.5183094262669329 30670848
1733265129346 -0.5401789003633894 30703616
1733265175417 -0.5085857596073765 30720000
1733265229675 -0.5103884532640223 30769152
1733265273462 -0.5091795270272996 30801920
1733265317818 -0.4948064523283392 30834688
1733265361804 -0.5058503205538727 30867456
1733265403466 -0.5317870658298489 30880000
1733265458722 -0.4920689967868384 30932992
1733265505085 -0.49646407883265053 30965760
1733265548524 -0.4621306235785596 30998528
1733265595036 -0.4875048876972869 31031296
1733265633527 -0.5208971500280313 31040000
1733265689761 -0.460334250429878 31096832
1733265733258 -0.5221354067733046 31129600
1733265776070 -0.5031014172767755 31162368
1733265822314 -0.47879949226044116 31195136
1733265859813 -0.514556226163404 31200000
1733265912073 -0.5119617826887406 31260672
1733265951509 -0.5075478983286302 31293440
1733265988187 -0.47586395310936497 31326208
1733266028425 -0.5423732143593952 31358976
1733266060542 -0.5084395799669437 31360000
1733266112169 -0.547759861452505 31424512
1733266151182 -0.4787345228716731 31457280
1733266188575 -0.4862359507329529 31490048
1733266234526 -0.5122076674364507 31520000
1733266274786 -0.5163968944922089 31555584
1733266312961 -0.5057093970593997 31588352
1733266351540 -0.4996997526031919 31621120
1733266390149 -0.4944653448474128 31653888
1733266432568 -0.4858055047050584 31680000
1733266474439 -0.46783366956806277 31719424
1733266512903 -0.4926410202227999 31752192
1733266550525 -0.5169178798620123 31784960
1733266590790 -0.48348009000183084 31817728
1733266629978 -0.5079857356089633 31840000
1733266674114 -0.4992471923585981 31883264
1733266712480 -0.4964992842578795 31916032
1733266749094 -0.48955654639285057 31948800
1733266789330 -0.46677472804149145 31981568
1733266827430 -0.4916274100774899 32000000
1733266871672 -0.45302804523380474 32047104
1733266912286 -0.4765583729400532 32079872
1733266948450 -0.48233373841503635 32112640
1733266988918 -0.48946149920811877 32145408
1733267025906 -0.4858725962520111 32160000
