1733223280262 -0.9957579374313354 65536
1733223320727 -1.0358989238739014 98304
1733223361289 -0.7985692024230957 131072
1733223406486 -0.2783985137939453 160000
1733223447585 0.12673383951187134 196608
1733223486009 -0.11867129802703857 229376
1733223526351 0.18545418977737427 262144
1733223565598 0.22645944356918335 294912
1733223607844 0.07059246301651001 320000
1733223649081 0.5392193794250488 360448
1733223687030 0.17399024963378906 393216
1733223725761 0.16856884956359863 425984
1733223764008 -0.17006134986877441 458752
1733223804797 0.1942286491394043 480000
1733223847215 0.05783665180206299 524288
1733223884698 0.33008790016174316 557056
1733223923863 0.14386528730392456 589824
1733223962552 0.39482414722442627 622592
1733224001066 0.05382305383682251 640000
1733224044405 -0.12854135036468506 688128
1733224082888 0.1398497223854065 720896
1733224121274 0.16828221082687378 753664
1733224160164 -0.14627838134765625 786432
1733224197786 0.33046966791152954 800000
1733224244298 0.4110231399536133 851968
1733224282964 0.09807640314102173 884736
1733224321601 -0.029381155967712402 917504
1733224360024 0.2726063132286072 950272
1733224395703 0.07985949516296387 960000
1733224443967 0.011382877826690674 1015808
1733224482689 0.4266703128814697 1048576
1733224521812 0.16507315635681152 1081344
1733224561426 0.22653692960739136 1114112
1733224596499 0.026352524757385254 1120000
1733224646593 0.11238741874694824 1179648
1733224686222 0.3473510146141052 1212416
1733224725555 0.4347612261772156 1245184
1733224764777 0.43791162967681885 1277952
1733224797984 0.04783231019973755 1280000
1733224850767 0.3550935983657837 1343488
1733224890164 -0.3710681200027466 1376256
1733224929794 0.19814854860305786 1409024
1733224975960 0.2878231406211853 1440000
1733225016923 0.2666780352592468 1474560
1733225057145 0.342273473739624 1507328
1733225096718 -0.1140289306640625 1540096
1733225136153 0.2742258906364441 1572864
1733225180786 0.6900166273117065 1600000
1733225222559 0.38349056243896484 1638400
1733225262505 0.08414900302886963 1671168
1733225301989 0.30367231369018555 1703936
1733225342918 0.4505150318145752 1736704
1733225386099 0.329331636428833 1760000
1733225429461 0.49200546741485596 1802240
1733225468384 0.42693233489990234 1835008
1733225507814 0.28050297498703003 1867776
1733225547736 0.5429569184780121 1900544
1733225588791 0.6426965296268463 1920000
1733225633201 0.6150540113449097 1966080
1733225672834 0.5764862298965454 1998848
1733225712048 0.18219536542892456 2031616
1733225751306 0.44801318645477295 2064384
1733225790301 0.4927830696105957 2080000
1733225837162 0.47203296422958374 2129920
1733225876868 0.31612998247146606 2162688
1733225916057 0.5330508351325989 2195456
1733225955604 0.5442244112491608 2228224
1733225992518 0.41764920949935913 2240000
1733226040364 0.5701624155044556 2293760
1733226079927 0.474976122379303 2326528
1733226119774 0.548987627029419 2359296
1733226158905 0.5942575037479401 2392064
1733226195324 0.6857057213783264 2400000
1733226246605 0.5473115146160126 2457600
1733226286485 0.5096316039562225 2490368
1733226326657 0.32691001892089844 2523136
1733226366887 0.6366741061210632 2555904
1733226401069 0.742546021938324 2560000
1733226452896 0.8216938376426697 2621440
1733226492136 0.7191871702671051 2654208
1733226531483 0.7523238658905029 2686976
1733226571080 0.6863270401954651 2719744
1733226604203 0.6635245382785797 2720000
1733226657239 0.6818014681339264 2785280
1733226696562 0.6260811388492584 2818048
1733226735584 0.7279687821865082 2850816
1733226779936 0.6998326182365417 2880000
1733226820694 0.6901761889457703 2916352
1733226859933 0.7421638667583466 2949120
1733226899263 0.7691657841205597 2981888
1733226938279 0.7425264716148376 3014656
1733226981535 0.4555606245994568 3040000
1733227024283 0.3960190415382385 3080192
1733227063681 0.7541175931692123 3112960
1733227103134 0.7969955503940582 3145728
1733227142371 0.7580957859754562 3178496
1733227183201 0.7567058950662613 3200000
1733227228047 0.769279807806015 3244032
1733227267502 0.7829043567180634 3276800
1733227306811 0.7915685474872589 3309568
1733227346200 0.7886855006217957 3342336
1733227386072 0.7452876567840576 3360000
1733227432467 0.6658371984958649 3407872
1733227472247 0.7519437372684479 3440640
1733227511590 0.7025966048240662 3473408
1733227550920 0.8004433661699295 3506176
1733227589381 0.6767462193965912 3520000
1733227636642 0.8044870495796204 3571712
1733227677121 0.7130098044872284 3604480
1733227716597 0.6801555454730988 3637248
1733227756160 0.6874341368675232 3670016
1733227793033 0.6486232280731201 3680000
1733227842185 0.7136279940605164 3735552
1733227881707 0.6586851179599762 3768320
1733227922078 0.7559805363416672 3801088
1733227961584 0.8088624477386475 3833856
1733227996740 0.849234864115715 3840000
1733228047046 0.7939653545618057 3899392
1733228086065 0.7341608107089996 3932160
1733228125120 0.7370149791240692 3964928
1733228164455 0.699305534362793 3997696
1733228197758 0.7712987065315247 4000000
1733228249509 0.7396680116653442 4063232
1733228289408 0.7488995492458344 4096000
1733228328752 0.7872941642999649 4128768
1733228373722 0.6833756566047668 4160000
1733228414078 0.7963529378175735 4194304
1733228453291 0.785565584897995 4227072
1733228492313 0.7591504603624344 4259840
1733228531493 0.7721717804670334 4292608
1733228575597 0.8078532218933105 4320000
1733228617618 0.7942600399255753 4358144
1733228656490 0.7769571542739868 4390912
1733228695853 0.7614858895540237 4423680
1733228735767 0.6259374618530273 4456448
1733228779046 0.7608055025339127 4480000
1733228823166 0.8291528970003128 4521984
1733228862956 0.7823856025934219 4554752
1733228903018 0.8121107071638107 4587520
1733228943007 0.7579970955848694 4620288
1733228984518 0.8283437937498093 4640000
1733229030173 0.6583198010921478 4685824
1733229069838 0.7376188039779663 4718592
1733229109791 0.7856860309839249 4751360
1733229150355 0.748106062412262 4784128
1733229190827 0.6267773807048798 4800000
1733229237812 0.8055852204561234 4849664
1733229277362 0.8331017196178436 4882432
1733229316939 0.8161757737398148 4915200
1733229357353 0.734645277261734 4947968
1733229396504 0.7052330374717712 4960000
1733229445189 0.797347217798233 5013504
1733229484043 0.7884539216756821 5046272
1733229523109 0.687883049249649 5079040
1733229563727 0.8428433835506439 5111808
1733229601157 0.6112426519393921 5120000
1733229650821 0.7443402111530304 5177344
1733229690173 0.7235778272151947 5210112
1733229729020 0.6523167490959167 5242880
1733229768911 0.7630083709955215 5275648
1733229804005 0.7441831529140472 5280000
1733229856341 0.7754679471254349 5341184
1733229896054 0.8035063445568085 5373952
1733229936176 0.7610325664281845 5406720
1733229976748 0.7386444509029388 5439488
1733230010330 0.8615088760852814 5440000
1733230064897 0.7802825719118118 5505024
1733230105304 0.79204460978508 5537792
1733230145898 0.740068793296814 5570560
1733230192239 0.7874490022659302 5600000
1733230235031 0.723404735326767 5636096
1733230276632 0.7791497260332108 5668864
1733230324857 0.7960350513458252 5701632
1733230368562 0.6431481242179871 5734400
1733230416260 0.7918145805597305 5760000
1733230460740 0.7873801589012146 5799936
1733230502001 0.6583026349544525 5832704
1733230542268 0.7613238841295242 5865472
1733230583174 0.7687055021524429 5898240
1733230625641 0.7518528252840042 5920000
1733230674097 0.7831490486860275 5963776
1733230715558 0.8256966918706894 5996544
1733230757756 0.8215877711772919 6029312
1733230797869 0.7820275276899338 6062080
1733230840318 0.6868594288825989 6080000
1733230888942 0.7608699649572372 6127616
1733230930447 0.7529154717922211 6160384
1733230973863 0.636819064617157 6193152
1733231020213 0.8062548488378525 6225920
1733231062347 0.7416220605373383 6240000
1733231114445 0.8232454061508179 6291456
1733231158941 0.848220705986023 6324224
1733231203167 0.7832323014736176 6356992
1733231247770 0.7249365150928497 6389760
1733231288396 0.6983824372291565 6400000
1733231345062 0.823651522397995 6455296
1733231388207 0.774632140994072 6488064
1733231432209 0.8099081367254257 6520832
1733231478466 0.7742387354373932 6553600
1733231516231 0.841349720954895 6560000
1733231575001 0.8122778385877609 6619136
1733231618282 0.8234350979328156 6651904
1733231661918 0.813976839184761 6684672
1733231707904 0.8185145854949951 6717440
1733231744078 0.8174910843372345 6720000
1733231803870 0.8146537989377975 6782976
1733231849153 0.7915935665369034 6815744
1733231893521 0.8159869611263275 6848512
1733231945328 0.8236692398786545 6880000
1733231988510 0.7727722376585007 6914048
1733232033827 0.757320761680603 6946816
1733232079027 0.7297210991382599 6979584
1733232123184 0.7684970498085022 7012352
1733232172126 0.7581614702939987 7040000
1733232220700 0.7185718715190887 7077888
1733232265096 0.7646011114120483 7110656
1733232308649 0.7749465852975845 7143424
1733232352359 0.5983189642429352 7176192
1733232398759 0.7300029993057251 7200000
1733232449613 0.8037550747394562 7241728
1733232494149 0.6704116761684418 7274496
1733232537512 0.7713937163352966 7307264
1733232583079 0.8016204684972763 7340032
1733232627644 0.7358160018920898 7360000
1733232679024 0.8005740195512772 7405568
1733232720643 0.7673811465501785 7438336
1733232765789 0.7368190884590149 7471104
1733232812283 0.7428752183914185 7503872
1733232853914 0.6857292652130127 7520000
1733232903691 0.7948945611715317 7569408
1733232949228 0.7259738743305206 7602176
1733232994172 0.8025382906198502 7634944
1733233037674 0.7698684185743332 7667712
1733233079804 0.769990399479866 7680000
1733233135371 0.7135380208492279 7733248
1733233179333 0.7974226027727127 7766016
1733233222337 0.8280486166477203 7798784
1733233267974 0.8337897062301636 7831552
1733233308921 0.7519356906414032 7840000
1733233369609 0.7801584452390671 7897088
1733233413853 0.8281465023756027 7929856
1733233459352 0.7001401782035828 7962624
1733233506705 0.825505405664444 7995392
1733233544936 0.7388043999671936 8000000
1733233605209 0.7437794208526611 8060928
1733233649783 0.7860926538705826 8093696
1733233695663 0.7582218199968338 8126464
1733233742264 0.7509875744581223 8159232
1733233779335 0.7397786378860474 8160000
1733233841742 0.7146909236907959 8224768
1733233887213 0.7528892457485199 8257536
1733233932251 0.7388062179088593 8290304
1733233984558 0.7455739676952362 8320000
1733234031589 0.7815414220094681 8355840
1733234078087 0.7028266787528992 8388608
1733234123590 0.8042742013931274 8421376
1733234168056 0.8250664472579956 8454144
1733234217846 0.7028279304504395 8480000
1733234266751 0.8303828686475754 8519680
1733234313334 0.8183924108743668 8552448
1733234358209 0.7944376617670059 8585216
1733234402549 0.7416569590568542 8617984
1733234450382 0.7663643211126328 8640000
1733234501782 0.726174384355545 8683520
1733234546815 0.7825933247804642 8716288
1733234590598 0.749975711107254 8749056
1733234635385 0.8083516359329224 8781824
1733234683014 0.8402965366840363 8800000
1733234736419 0.7867434024810791 8847360
1733234782300 0.8541808128356934 8880128
1733234826138 0.7938861697912216 8912896
1733234870803 0.7391785979270935 8945664
1733234916207 0.7025585472583771 8960000
1733234971956 0.7832572609186172 9011200
1733235018509 0.7635568678379059 9043968
1733235062871 0.8324961364269257 9076736
1733235109366 0.7064985036849976 9109504
1733235154012 0.771873950958252 9120000
1733235210584 0.7418741881847382 9175040
1733235257301 0.6853979527950287 9207808
1733235302300 0.8005243390798569 9240576
1733235347549 0.7495491802692413 9273344
1733235388491 0.786758154630661 9280000
1733235448563 0.7435657978057861 9338880
1733235496193 0.750576913356781 9371648
1733235541005 0.8041896671056747 9404416
1733235585762 0.7549473941326141 9437184
1733235624946 0.7323021292686462 9440000
1733235687136 0.6898539066314697 9502720
1733235734394 0.7512179613113403 9535488
1733235777919 0.766825333237648 9568256
1733235830387 0.4226418733596802 9600000
1733235876832 0.7307456433773041 9633792
1733235921812 0.831003725528717 9666560
1733235968722 0.6980841159820557 9699328
1733236012703 0.831950455904007 9732096
1733236064189 0.49462252855300903 9760000
1733236111299 0.7678678631782532 9797632
1733236155920 0.7904985845088959 9830400
1733236201848 0.8193246871232986 9863168
1733236247386 0.7328084409236908 9895936
1733236297413 0.7888782024383545 9920000
1733236347499 0.6067792773246765 9961472
1733236392578 0.7282892465591431 9994240
1733236439932 0.6745045483112335 10027008
1733236484680 0.6187029182910919 10059776
1733236531334 0.7675876170396805 10080000
1733236583260 0.720128744840622 10125312
1733236628688 0.7047613561153412 10158080
1733236676256 0.7168485522270203 10190848
1733236720212 0.760486051440239 10223616
1733236764201 0.6099161803722382 10240000
1733236819857 0.6734181642532349 10289152
1733236864645 0.7045048177242279 10321920
1733236911414 0.7558237761259079 10354688
1733236956297 0.7028739154338837 10387456
1733237001279 0.7775006741285324 10400000
1733237055923 0.7938658446073532 10452992
1733237100836 0.6418024599552155 10485760
1733237145407 0.7468040287494659 10518528
1733237191667 0.7310508787631989 10551296
1733237232498 0.6923107802867889 10560000
1733237289676 0.7262665331363678 10616832
1733237334978 0.7715799063444138 10649600
1733237381234 0.7802154570817947 10682368
1733237427594 0.8593733906745911 10715136
1733237467790 0.5788912773132324 10720000
1733237526287 0.7386855185031891 10780672
1733237569569 0.760552391409874 10813440
1733237615468 0.8131818920373917 10846208
1733237660677 0.7840045392513275 10878976
1733237698000 0.7463632822036743 10880000
1733237760156 0.7169092297554016 10944512
1733237805474 0.7939468026161194 10977280
1733237849024 0.5874984860420227 11010048
1733237901137 0.5531865358352661 11040000
1733237947007 0.8412414789199829 11075584
1733237991276 0.8009243458509445 11108352
1733238035382 0.7072405517101288 11141120
1733238081664 0.7002374529838562 11173888
1733238131677 0.7406153678894043 11200000
1733238182263 0.6854183077812195 11239424
1733238227100 0.7715750634670258 11272192
1733238273552 0.6733814179897308 11304960
1733238318232 0.8170536607503891 11337728
1733238366784 0.7202319502830505 11360000
1733238419795 0.7625812739133835 11403264
1733238468158 0.8240428566932678 11436032
1733238514160 0.6262675523757935 11468800
1733238562088 0.7953408360481262 11501568
1733238607792 0.735556960105896 11520000
1733238661868 0.7807708233594894 11567104
1733238705052 0.8335282653570175 11599872
1733238751688 0.7165733575820923 11632640
1733238794030 0.818808063864708 11665408
1733238840215 0.8282266110181808 11680000
1733238894597 0.7626187354326248 11730944
1733238940809 0.7169804573059082 11763712
1733238983538 0.7967910468578339 11796480
1733239031328 0.7742063254117966 11829248
1733239072200 0.6761211454868317 11840000
1733239131132 0.7900777161121368 11894784
1733239175561 0.8093824088573456 11927552
1733239221881 0.7214584946632385 11960320
1733239265464 0.637406587600708 11993088
1733239308351 0.7055644989013672 12000000
1733239363232 0.6835109889507294 12058624
1733239407778 0.7837804406881332 12091392
1733239452569 0.8170298039913177 12124160
1733239497148 0.7834596484899521 12156928
1733239534287 0.5934370160102844 12160000
1733239594037 0.7305200695991516 12222464
1733239639330 0.6791916489601135 12255232
1733239682812 0.6562254130840302 12288000
1733239735993 0.7942651808261871 12320000
1733239779468 0.6718269884586334 12353536
1733239824464 0.7473443150520325 12386304
1733239868681 0.766041561961174 12419072
1733239912809 0.806072548031807 12451840
1733239963386 0.8321776986122131 12480000
1733240009639 0.6764229238033295 12517376
1733240054251 0.7335101068019867 12550144
1733240097211 0.7632166892290115 12582912
1733240142417 0.7385725677013397 12615680
1733240189509 0.7319627106189728 12640000
1733240238806 0.7714353799819946 12681216
1733240282785 0.7011011838912964 12713984
1733240329084 0.805375263094902 12746752
1733240372323 0.6680045425891876 12779520
1733240419470 0.7870542705059052 12800000
1733240468173 0.7744038999080658 12845056
1733240513551 0.7573274224996567 12877824
1733240557489 0.8181014060974121 12910592
1733240603718 0.7583521753549576 12943360
1733240647826 0.7862494587898254 12960000
1733240700615 0.7157190442085266 13008896
1733240745353 0.8297123908996582 13041664
1733240790331 0.669447660446167 13074432
1733240834482 0.7184882164001465 13107200
1733240880168 0.6834223866462708 13120000
1733240934941 0.7666965276002884 13172736
1733240978303 0.793644979596138 13205504
1733241022828 0.7565013468265533 13238272
1733241067173 0.7087445557117462 13271040
1733241107811 0.7749853283166885 13280000
1733241163368 0.6656874716281891 13336576
1733241208090 0.6688591837882996 13369344
1733241251911 0.7609012126922607 13402112
1733241295207 0.7281903922557831 13434880
1733241334331 0.8254580348730087 13440000
1733241390303 0.7494787275791168 13500416
1733241435895 0.7715947180986404 13533184
1733241478878 0.8194988518953323 13565952
1733241523757 0.6380201876163483 13598720
1733241559122 0.755670964717865 13600000
1733241619615 0.6322513520717621 13664256
1733241663792 0.7333123087882996 13697024
1733241710397 0.6532115340232849 13729792
1733241760190 0.7591702342033386 13760000
1733241806714 0.6674585342407227 13795328
1733241850173 0.7126089036464691 13828096
1733241896286 0.7621840983629227 13860864
1733241940406 0.7383906543254852 13893632
1733241990464 0.7728310227394104 13920000
1733242038325 0.7464015185832977 13959168
1733242082643 0.7743985503911972 13991936
1733242126774 0.7599975764751434 14024704
1733242172415 0.69584921002388 14057472
1733242219995 0.6788127422332764 14080000
1733242270682 0.7231870293617249 14123008
1733242315766 0.7035356163978577 14155776
1733242361124 0.7350535690784454 14188544
1733242407134 0.7104493081569672 14221312
1733242452541 0.5829540491104126 14240000
1733242504147 0.7786893844604492 14286848
1733242548602 0.7810423374176025 14319616
1733242592888 0.7745847105979919 14352384
1733242637501 0.8170897513628006 14385152
1733242680621 0.6030092835426331 14400000
1733242733947 0.7444004714488983 14450688
1733242776752 0.7563797980546951 14483456
1733242821948 0.7360830008983612 14516224
1733242865794 0.7531044185161591 14548992
1733242910434 0.7028034329414368 14560000
1733242965757 0.7772169262170792 14614528
1733243013010 0.5899561047554016 14647296
1733243057437 0.8503710329532623 14680064
1733243102343 0.7785810977220535 14712832
1733243141057 0.7444183528423309 14720000
1733243198866 0.8393812328577042 14778368
1733243244140 0.4677391052246094 14811136
1733243288294 0.774210125207901 14843904
1733243333240 0.7203552722930908 14876672
1733243374153 0.7235203087329865 14880000
1733243433585 0.6762605309486389 14942208
1733243477197 0.6456902027130127 14974976
1733243523259 0.7977151274681091 15007744
1733243573735 0.7755569517612457 15040000
1733243619106 0.6838261783123016 15073280
1733243662819 0.5373170077800751 15106048
1733243708239 0.8208657056093216 15138816
1733243752292 0.6156299114227295 15171584
1733243802153 0.4630870223045349 15200000
1733243848099 0.7691248506307602 15237120
1733243892574 0.8251763135194778 15269888
1733243937249 0.445637583732605 15302656
1733243981627 0.782322883605957 15335424
1733244030805 0.7849558889865875 15360000
1733244079726 0.5854516923427582 15400960
1733244125728 0.6629408001899719 15433728
1733244169466 0.7448927164077759 15466496
1733244214836 0.6341556012630463 15499264
1733244261003 0.7309461534023285 15520000
1733244312871 0.7800651639699936 15564800
1733244357812 0.6981307864189148 15597568
1733244401294 0.6353037059307098 15630336
1733244445135 0.7004118263721466 15663104
1733244490136 0.8057518303394318 15680000
1733244541611 0.7537860572338104 15728640
1733244585339 0.5146213173866272 15761408
1733244630779 0.6451315879821777 15794176
1733244674774 0.4374518394470215 15826944
1733244719455 0.8405984938144684 15840000
1733244773161 0.6768986880779266 15892480
1733244818784 0.697472333908081 15925248
1733244862945 0.636520117521286 15958016
1733244908581 0.6718645691871643 15990784
1733244949645 0.7028753459453583 16000000
1733245005629 0.7739246934652328 16056320
1733245049500 0.7467492520809174 16089088
1733245093262 0.7299559116363525 16121856
1733245137350 0.7478432357311249 16154624
1733245174848 0.5943155884742737 16160000
1733245235797 0.6957175731658936 16220160
1733245279160 0.7227281332015991 16252928
1733245325830 0.7499217689037323 16285696
1733245369353 0.3730928897857666 16318464
1733245408131 0.7521867156028748 16320000
1733245465449 0.8183178454637527 16384000
1733245508874 0.47062623500823975 16416768
1733245553482 0.7159749865531921 16449536
1733245603904 0.6415766775608063 16480000
1733245650421 0.7153811156749725 16515072
1733245695328 0.7798089385032654 16547840
1733245740840 0.7419444918632507 16580608
1733245784602 0.74120032787323 16613376
1733245835179 0.7301473021507263 16640000
1733245881433 0.6612271666526794 16678912
1733245926427 0.7347773015499115 16711680
1733245969823 0.7284419238567352 16744448
1733246014118 0.7450758814811707 16777216
1733246061580 0.7178047597408295 16800000
1733246111879 0.6590784192085266 16842752
1733246154953 0.7005890607833862 16875520
1733246198632 0.6569331884384155 16908288
1733246243778 0.6744175553321838 16941056
1733246286543 0.6241977512836456 16960000
1733246335469 0.6585511565208435 17006592
1733246378004 0.6536825001239777 17039360
1733246421467 0.7860827893018723 17072128
1733246464229 0.6068975627422333 17104896
1733246508253 0.6788893043994904 17120000
1733246559089 0.6918610334396362 17170432
1733246603533 0.7062236964702606 17203200
1733246646252 0.8064383566379547 17235968
1733246690497 0.8432555794715881 17268736
1733246730735 0.701511561870575 17280000
1733246787666 0.6393592059612274 17334272
1733246831656 0.9221078902482986 17367040
1733246875935 0.5562024116516113 17399808
1733246920404 0.6352965831756592 17432576
1733246959844 0.6713545918464661 17440000
1733247015044 0.6708388924598694 17498112
1733247059306 0.6661635637283325 17530880
1733247102661 0.6490791141986847 17563648
1733247148060 0.6782447099685669 17596416
1733247185495 0.7124499678611755 17600000
1733247244411 0.6341433525085449 17661952
1733247287816 0.567132443189621 17694720
1733247330778 0.8110113143920898 17727488
1733247382988 0.8242414742708206 17760000
1733247425503 0.6021643877029419 17793024
1733247468923 0.7664001733064651 17825792
1733247511829 0.7886304259300232 17858560
1733247555707 0.7449453175067902 17891328
1733247602476 0.7168916463851929 17920000
1733247648214 0.6101351678371429 17956864
1733247692411 0.5933136940002441 17989632
1733247736626 0.6999939978122711 18022400
1733247779552 0.7085394859313965 18055168
1733247829496 0.6676285266876221 18080000
1733247875910 0.7169540226459503 18120704
1733247920739 0.7702803164720535 18153472
1733247964124 0.5843322277069092 18186240
1733248009281 0.6848009526729584 18219008
1733248054318 0.8124804645776749 18240000
1733248106312 0.6606025397777557 18284544
1733248149743 0.7602805346250534 18317312
1733248194246 0.6660570800304413 18350080
1733248237442 0.6262727677822113 18382848
1733248282456 0.6981433928012848 18400000
1733248333985 0.3863115906715393 18448384
1733248377387 0.6974604427814484 18481152
1733248420892 0.3882148861885071 18513920
1733248465166 0.7944810837507248 18546688
1733248507356 0.7398312985897064 18560000
1733248559920 0.5920327603816986 18612224
1733248604033 0.650571346282959 18644992
1733248647589 0.7339524328708649 18677760
1733248692482 0.6812930703163147 18710528
1733248732139 0.7566898316144943 18720000
1733248788161 0.7632106691598892 18776064
1733248831570 0.6958331167697906 18808832
1733248875529 0.7431760430335999 18841600
1733248918608 0.7663754224777222 18874368
1733248958296 0.6878053843975067 18880000
1733249017022 0.7328428626060486 18939904
1733249061046 0.764742523431778 18972672
1733249104409 0.5128253102302551 19005440
1733249148460 0.7704141587018967 19038208
1733249184756 0.6809672117233276 19040000
1733249241910 0.7413262724876404 19103744
1733249286900 0.6381512880325317 19136512
1733249328988 0.7300057113170624 19169280
1733249377790 0.5648389756679535 19200000
1733249421917 0.7261999547481537 19234816
1733249466532 0.7714564651250839 19267584
1733249508839 0.6116408109664917 19300352
1733249552453 0.47500085830688477 19333120
1733249602658 0.6881121695041656 19360000
1733249651606 0.5823324918746948 19398656
1733249694858 0.7522369474172592 19431424
1733249741106 0.6211804151535034 19464192
1733249784660 0.39476293325424194 19496960
1733249832022 0.45473408699035645 19520000
1733249880966 0.32144415378570557 19562496
1733249925395 0.49253028631210327 19595264
1733249969469 0.627142071723938 19628032
1733250013886 0.7739371955394745 19660800
1733250056663 0.42228221893310547 19680000
1733250108257 0.8238343596458435 19726336
1733250152550 0.6413229405879974 19759104
1733250194769 0.5994753539562225 19791872
1733250238667 0.8348145186901093 19824640
1733250281951 0.5904971659183502 19840000
1733250335957 0.5655700862407684 19890176
1733250379022 0.6953690946102142 19922944
1733250423403 0.11998945474624634 19955712
1733250466750 0.6557859480381012 19988480
1733250509329 0.38453787565231323 20000000
1733250563097 0.4324662685394287 20054016
1733250607656 0.6076543629169464 20086784
1733250651761 0.7540327161550522 20119552
1733250696211 0.7429827451705933 20152320
1733250735043 0.6605654060840607 20160000
1733250790197 0.6235271394252777 20217856
1733250833832 0.5074915289878845 20250624
1733250875849 0.27927327156066895 20283392
1733250919110 0.7461987435817719 20316160
1733250956441 0.36516261100769043 20320000
1733251015950 0.6608904302120209 20381696
1733251059273 0.5184566080570221 20414464
1733251104532 0.5387140512466431 20447232
1733251156409 0.7555982172489166 20480000
1733251201147 0.7004275023937225 20512768
1733251244060 0.7217629849910736 20545536
1733251289036 0.4263039827346802 20578304
1733251333322 0.2930992841720581 20611072
1733251383323 0.17254316806793213 20640000
1733251429563 0.27000415325164795 20676608
1733251472743 0.3529183864593506 20709376
1733251518061 0.67007115483284 20742144
1733251560817 0.6205363869667053 20774912
1733251608834 0.6500842273235321 20800000
1733251657457 0.4927544593811035 20840448
1733251701399 0.1720486283302307 20873216
1733251746771 0.3131706714630127 20905984
1733251791158 0.35572803020477295 20938752
1733251834929 0.5884818732738495 20960000
1733251885804 0.6561267673969269 21004288
1733251929093 0.7265506982803345 21037056
1733251972796 0.8002813905477524 21069824
1733252015585 0.3965166211128235 21102592
1733252058770 0.4720696210861206 21120000
1733252110751 0.5668729841709137 21168128
1733252153365 0.4649577736854553 21200896
1733252197616 0.49105894565582275 21233664
1733252240504 0.7421071529388428 21266432
1733252282795 0.7245867550373077 21280000
1733252336871 0.6737219095230103 21331968
1733252381122 0.3963623642921448 21364736
1733252423223 0.5896209478378296 21397504
1733252468026 0.4804673194885254 21430272
1733252506816 0.6656480133533478 21440000
1733252562840 0.684830904006958 21495808
1733252605728 0.4041496515274048 21528576
1733252648922 0.6326302289962769 21561344
1733252693828 0.6235991418361664 21594112
1733252731242 0.20545220375061035 21600000
1733252787073 0.5587277710437775 21659648
1733252826764 0.34962278604507446 21692416
1733252869186 0.7653751969337463 21725184
1733252909768 0.6805624067783356 21757952
1733252946013 0.5235380530357361 21760000
1733253000481 0.2557064890861511 21823488
1733253042228 0.48404163122177124 21856256
1733253082492 0.37115514278411865 21889024
1733253131586 0.608820229768753 21920000
1733253173729 0.674581915140152 21954560
1733253215479 0.6320722699165344 21987328
1733253256900 0.5525638163089752 22020096
1733253298930 0.7521670460700989 22052864
1733253343782 0.4468122124671936 22080000
1733253386828 0.37732136249542236 22118400
1733253428056 0.5676736533641815 22151168
1733253468128 0.6701638400554657 22183936
1733253508912 0.3327334523200989 22216704
1733253551945 0.29042989015579224 22240000
1733253596854 0.3925248384475708 22282240
1733253637167 0.8341512680053711 22315008
1733253678266 0.36105960607528687 22347776
1733253718837 0.49086976051330566 22380544
1733253760842 0.6383078396320343 22400000
1733253806721 0.3383410573005676 22446080
1733253848125 0.7050313055515289 22478848
1733253888226 0.47328585386276245 22511616
1733253929960 0.5358155965805054 22544384
1733253969540 0.7287742495536804 22560000
1733254018876 0.7931421399116516 22609920
1733254058615 0.6909983456134796 22642688
1733254099187 0.4439185857772827 22675456
1733254139150 0.5563292503356934 22708224
1733254179131 0.8898308649659157 22720000
1733254229132 0.5355461835861206 22773760
1733254271247 0.6659074127674103 22806528
1733254311349 0.5574279725551605 22839296
1733254352751 0.8247516453266144 22872064
1733254389598 0.620765209197998 22880000
1733254440931 0.7009569406509399 22937600
1733254483078 0.6443085074424744 22970368
1733254524479 0.46790432929992676 23003136
1733254565972 0.6419734060764313 23035904
1733254601520 0.6859111487865448 23040000
1733254654838 0.8177428543567657 23101440
1733254695254 0.7616672068834305 23134208
1733254737043 0.8359798789024353 23166976
1733254777822 0.6721716225147247 23199744
1733254812020 0.775509849190712 23200000
1733254867345 0.4892163872718811 23265280
1733254907741 0.6930153965950012 23298048
1733254951409 0.6031444668769836 23330816
1733254997010 0.605120837688446 23360000
1733255041329 0.8522632122039795 23396352
1733255082631 0.5873691141605377 23429120
1733255125388 0.7083423435688019 23461888
1733255166651 0.6787721812725067 23494656
1733255211697 0.7060336470603943 23520000
1733255258358 0.49264341592788696 23560192
1733255299383 0.7318160235881805 23592960
1733255343134 0.7298346161842346 23625728
1733255384139 0.47300636768341064 23658496
1733255429378 0.28439104557037354 23680000
1733255475848 0.43559664487838745 23724032
1733255517686 0.5773842334747314 23756800
1733255560239 0.6230403482913971 23789568
1733255601095 0.5301974713802338 23822336
1733255644387 0.44338035583496094 23840000
1733255695922 0.5370987355709076 23887872
1733255738518 0.6902723610401154 23920640
1733255778841 0.7361096143722534 23953408
1733255821074 0.5977531671524048 23986176
1733255861784 0.6209768950939178 24000000
1733255911283 -0.03351140022277832 24051712
1733255953894 0.45436179637908936 24084480
1733255994810 0.47072213888168335 24117248
1733256037624 0.44373536109924316 24150016
1733256075712 0.6445867717266083 24160000
1733256128213 0.7909136414527893 24215552
1733256169084 0.7718938142061234 24248320
1733256210531 0.722543329000473 24281088
1733256251748 0.4479166865348816 24313856
1733256288351 0.4678906202316284 24320000
1733256346900 0.3423522710800171 24379392
1733256387272 0.6612281203269958 24412160
1733256430379 0.6162425577640533 24444928
1733256470956 0.6537641286849976 24477696
1733256505582 0.535609781742096 24480000
1733256561262 0.42201220989227295 24543232
1733256603697 0.7275988459587097 24576000
1733256646048 0.3400527834892273 24608768
1733256693436 0.7564130425453186 24640000
1733256738264 0.6520410180091858 24674304
1733256778286 0.7218204140663147 24707072
1733256820161 0.41333478689193726 24739840
1733256860791 0.8142243176698685 24772608
1733256907436 0.49625444412231445 24800000
1733256951457 0.7007455229759216 24838144
1733256993456 0.7028785347938538 24870912
1733257039098 0.5467442572116852 24903680
1733257079986 0.3904743790626526 24936448
1733257126589 0.7019742727279663 24960000
1733257171409 0.7297137975692749 25001984
1733257214319 0.368282675743103 25034752
1733257254855 0.765947088599205 25067520
1733257296582 -0.3842247724533081 25100288
1733257340427 0.6848820447921753 25120000
1733257387422 0.5873485505580902 25165824
1733257432093 0.4218696355819702 25198592
1733257472166 0.00830388069152832 25231360
1733257514877 0.19063681364059448 25264128
1733257555616 0.4224590063095093 25280000
1733257606072 -0.06495821475982666 25329664
1733257647232 0.5283029973506927 25362432
1733257689961 0.4050903916358948 25395200
1733257732424 0.6937035322189331 25427968
1733257771955 -0.3191390037536621 25440000
1733257826236 0.28034573793411255 25493504
1733257866861 0.3643321990966797 25526272
1733257909632 0.7322755455970764 25559040
1733257950746 0.6577453017234802 25591808
1733257988839 0.12418562173843384 25600000
1733258041886 0.03836393356323242 25657344
1733258083428 0.022828876972198486 25690112
1733258127015 0.21875154972076416 25722880
1733258167203 0.38295966386795044 25755648
1733258203999 0.3385664224624634 25760000
1733258258002 0.46586036682128906 25821184
1733258300574 0.6541544198989868 25853952
1733258341369 0.6607697010040283 25886720
1733258382697 0.36956489086151123 25919488
1733258418488 0.5902511179447174 25920000
1733258472850 0.14324933290481567 25985024
1733258516564 0.47468966245651245 26017792
1733258558149 0.47510701417922974 26050560
1733258607459 0.6359739601612091 26080000
1733258649434 0.5863626003265381 26116096
1733258692019 0.6970556676387787 26148864
1733258732533 0.6675572097301483 26181632
1733258774962 0.7427006363868713 26214400
1733258823725 0.7628016024827957 26240000
1733258873151 0.40479451417922974 26279936
1733258914997 0.716633677482605 26312704
1733258958260 0.7244448959827423 26345472
1733259003644 0.6805561482906342 26378240
1733259049897 0.2128978967666626 26400000
1733259100766 0.7892406731843948 26443776
1733259145036 -0.0038857460021972656 26476544
1733259190176 0.5726206004619598 26509312
1733259234265 0.3188331127166748 26542080
1733259279088 0.3795216679573059 26560000
1733259329329 0.6250912249088287 26607616
1733259373057 0.7317120730876923 26640384
1733259418368 0.49388086795806885 26673152
1733259466062 0.696758896112442 26705920
1733259508926 0.39411479234695435 26720000
1733259562956 0.440557062625885 26771456
1733259607955 0.6471495032310486 26804224
1733259650264 0.6954849362373352 26836992
1733259694963 0.7147919535636902 26869760
1733259734592 0.6096225380897522 26880000
1733259789506 0.745649665594101 26935296
1733259833612 0.6004993319511414 26968064
1733259877291 0.7124064266681671 27000832
1733259922679 0.5610694587230682 27033600
1733259961718 0.5382327139377594 27040000
1733260019118 0.6090525388717651 27099136
1733260061831 0.1826038360595703 27131904
1733260108959 0.7671405076980591 27164672
1733260150898 0.7036255300045013 27197440
1733260188791 0.7642000913619995 27200000
1733260248080 0.8180762827396393 27262976
1733260293465 0.6482690274715424 27295744
1733260340844 0.6855239272117615 27328512
1733260389891 0.5531459152698517 27360000
1733260436619 0.6366840600967407 27394048
1733260478430 0.6974280476570129 27426816
1733260524388 0.5539820194244385 27459584
1733260566659 0.6545819640159607 27492352
1733260617159 0.729828268289566 27520000
1733260662803 0.7421211004257202 27557888
1733260706485 -0.17899048328399658 27590656
1733260750583 0.5846367478370667 27623424
1733260793057 0.7307280004024506 27656192
1733260842594 0.5924070179462433 27680000
1733260887297 0.5107503235340118 27721728
1733260933409 0.6784765124320984 27754496
1733260977146 0.6362625062465668 27787264
1733261024191 0.3584625720977783 27820032
1733261069520 0.24328136444091797 27840000
1733261123555 0.6825032830238342 27885568
1733261167992 0.688257098197937 27918336
1733261213988 0.6867403090000153 27951104
1733261258500 0.8111457526683807 27983872
1733261303375 0.1628049612045288 28000000
1733261359238 0.05743896961212158 28049408
1733261402975 0.49772322177886963 28082176
1733261451552 0.7172358334064484 28114944
1733261495257 0.6869425773620605 28147712
1733261539265 0.6670288145542145 28160000
1733261594140 0.6674072444438934 28213248
1733261638324 0.6493708789348602 28246016
1733261683723 0.7951604127883911 28278784
1733261728803 0.6865396201610565 28311552
1733261772246 0.6235933601856232 28320000
1733261828364 0.5216196775436401 28377088
1733261873409 0.5239928662776947 28409856
1733261917948 0.5221189260482788 28442624
1733261963708 0.6504322290420532 28475392
1733262002631 0.3130013942718506 28480000
1733262063973 0.5322437286376953 28540928
1733262107868 0.7933575958013535 28573696
1733262154454 0.5003068447113037 28606464
1733262198201 0.3101016879081726 28639232
1733262235529 0.8216843456029892 28640000
1733262296664 0.20801252126693726 28704768
1733262341718 0.4717574119567871 28737536
1733262387756 -0.13430047035217285 28770304
1733262437534 0.5700656473636627 28800000
1733262487076 0.4987422227859497 28835840
1733262531157 0.41031789779663086 28868608
1733262577271 0.5864803493022919 28901376
1733262622333 0.6070283353328705 28934144
1733262672444 -0.3705737590789795 28960000
1733262721246 0.7234714925289154 28999680
1733262765317 0.6972695291042328 29032448
1733262811711 0.47604429721832275 29065216
1733262856865 0.5427621006965637 29097984
1733262908944 0.5703479945659637 29120000
1733262959519 0.4245895743370056 29163520
1733263005580 0.5700789093971252 29196288
1733263049009 0.6963942348957062 29229056
1733263095052 0.5426801443099976 29261824
1733263139700 0.6232291758060455 29280000
1733263192077 0.5206559598445892 29327360
1733263236048 0.35029053688049316 29360128
1733263280644 0.417247474193573 29392896
1733263326214 0.6182138919830322 29425664
1733263369777 0.6912028193473816 29440000
1733263424436 0.6308262348175049 29491200
1733263469590 0.5814008414745331 29523968
1733263515692 0.031848371028900146 29556736
1733263558368 0.4379653334617615 29589504
1733263600390 0.7426392436027527 29600000
1733263655408 0.3957606554031372 29655040
1733263704144 0.5992681384086609 29687808
1733263748189 0.5647050142288208 29720576
1733263793143 0.43146657943725586 29753344
1733263832881 0.8224699646234512 29760000
1733263889436 0.8577693402767181 29818880
1733263935993 0.6592875421047211 29851648
1733263979930 0.668720930814743 29884416
1733264025384 0.5216667354106903 29917184
1733264062456 0.735586941242218 29920000
1733264122688 0.5240518748760223 29982720
1733264167351 0.41785430908203125 30015488
1733264212480 0.6214172542095184 30048256
1733264263532 0.7790963649749756 30080000
1733264309525 0.5489914417266846 30113792
1733264353448 0.695935994386673 30146560
1733264398444 0.2856869101524353 30179328
1733264443181 0.47619420289993286 30212096
1733264492286 0.4303903579711914 30240000
1733264539971 0.7244124412536621 30277632
1733264583641 0.5631121098995209 30310400
1733264629370 0.3579981327056885 30343168
1733264672758 0.3654819130897522 30375936
1733264720965 0.6401995718479156 30400000
1733264767768 0.6354036033153534 30441472
1733264811938 0.2870748043060303 30474240
1733264856031 0.763282522559166 30507008
1733264898284 0.674318939447403 30539776
1733264945875 0.6674064993858337 30560000
1733264996626 0.4760708808898926 30605312
1733265041336 0.8650844693183899 30638080
1733265086501 0.25040990114212036 30670848
1733265129354 0.7573832869529724 30703616
1733265175424 0.5414541363716125 30720000
1733265229683 0.5476197004318237 30769152
1733265273471 0.2893584966659546 30801920
1733265317849 0.7039044499397278 30834688
1733265361812 0.6971597671508789 30867456
1733265403475 0.6330512166023254 30880000
1733265458742 0.7110796272754669 30932992
1733265505103 0.7941622734069824 30965760
1733265548534 0.73201984167099 30998528
1733265595052 0.8280228227376938 31031296
1733265633535 0.7653229385614395 31040000
1733265689769 0.66797935962677 31096832
1733265733270 0.6799176931381226 31129600
1733265776078 0.7027644515037537 31162368
1733265822332 0.6202283501625061 31195136
1733265859825 0.5295030474662781 31200000
1733265912085 0.11737549304962158 31260672
1733265951540 0.4670647382736206 31293440
1733265988219 0.6832109093666077 31326208
1733266028443 0.5178037583827972 31358976
1733266060563 0.6103310585021973 31360000
1733266112177 0.579683393239975 31424512
1733266151190 0.7132586240768433 31457280
1733266188634 0.4335370659828186 31490048
1733266234542 0.6254849135875702 31520000
1733266274814 0.4411197900772095 31555584
1733266312978 0.6691958904266357 31588352
1733266351561 0.5015165209770203 31621120
1733266390167 0.2558857798576355 31653888
1733266432588 0.6116658747196198 31680000
1733266474458 0.5473775863647461 31719424
1733266512915 0.6236694753170013 31752192
1733266550537 0.7053447663784027 31784960
1733266590810 0.5220091640949249 31817728
1733266629990 0.2797200679779053 31840000
1733266674128 0.3159406781196594 31883264
1733266712492 0.7718064785003662 31916032
1733266749115 0.6155902147293091 31948800
1733266789353 0.6209922432899475 31981568
1733266827442 0.6819158494472504 32000000
1733266871688 0.7485504150390625 32047104
1733266912341 0.7575339078903198 32079872
1733266948466 0.623138815164566 32112640
1733266988938 0.7207844257354736 32145408
1733267025920 0.7158694863319397 32160000
