1733223280279 0.0003 65536
1733223320843 0.0003 98304
1733223361335 0.0003 131072
1733223406526 0.0003 160000
1733223447623 0.0003 196608
1733223486049 0.0003 229376
1733223526476 0.0003 262144
1733223565606 0.0003 294912
1733223607853 0.0003 320000
1733223649120 0.0003 360448
1733223687039 0.0003 393216
1733223725769 0.0003 425984
1733223764017 0.0003 458752
1733223804805 0.0003 480000
1733223847226 0.0003 524288
1733223884748 0.0003 557056
1733223923871 0.0003 589824
1733223962560 0.0003 622592
1733224001074 0.0003 640000
1733224044452 0.0003 688128
1733224082905 0.0003 720896
1733224121311 0.0003 753664
1733224160205 0.0003 786432
1733224197808 0.0003 800000
1733224244306 0.0003 851968
1733224283003 0.0003 884736
1733224321609 0.0003 917504
1733224360032 0.0003 950272
1733224395787 0.0003 960000
1733224443975 0.0003 1015808
1733224482698 0.0003 1048576
1733224521853 0.0003 1081344
1733224561441 0.0003 1114112
1733224596507 0.0003 1120000
1733224646602 0.0003 1179648
1733224686243 0.0003 1212416
1733224725605 0.0003 1245184
1733224764785 0.0003 1277952
1733224798024 0.0003 1280000
1733224850784 0.0003 1343488
1733224890175 0.0003 1376256
1733224929814 0.0003 1409024
1733224975968 0.0003 1440000
1733225016932 0.0003 1474560
1733225057154 0.0003 1507328
1733225096726 0.0003 1540096
1733225136165 0.0003 1572864
1733225180817 0.0003 1600000
1733225222570 0.0003 1638400
1733225262513 0.0003 1671168
1733225301998 0.0003 1703936
1733225343061 0.0003 1736704
1733225386107 0.0003 1760000
1733225429470 0.0003 1802240
1733225468392 0.0003 1835008
1733225507822 0.0003 1867776
1733225547744 0.0003 1900544
1733225588800 0.0003 1920000
1733225633213 0.0003 1966080
1733225672851 0.0003 1998848
1733225712056 0.0003 2031616
1733225751318 0.0003 2064384
1733225790309 0.0003 2080000
1733225837171 0.0003 2129920
1733225876893 0.0003 2162688
1733225916067 0.0003 2195456
1733225955612 0.0003 2228224
1733225992527 0.0003 2240000
1733226040372 0.0003 2293760
1733226079935 0.0003 2326528
1733226119782 0.0003 2359296
1733226158913 0.0003 2392064
1733226195336 0.0003 2400000
1733226246613 0.0003 2457600
1733226286502 0.0003 2490368
1733226326665 0.0003 2523136
1733226366896 0.0003 2555904
1733226401078 0.0003 2560000
1733226452905 0.0003 2621440
1733226492144 0.0003 2654208
1733226531491 0.0003 2686976
1733226571088 0.0003 2719744
1733226604213 0.0003 2720000
1733226657256 0.0003 2785280
1733226696570 0.0003 2818048
1733226735592 0.0003 2850816
1733226780033 0.0003 2880000
1733226820702 0.0003 2916352
1733226859941 0.0003 2949120
1733226899272 0.0003 2981888
1733226938296 0.0003 3014656
1733226981546 0.0003 3040000
1733227024325 0.0003 3080192
1733227063692 0.0003 3112960
1733227103145 0.0003 3145728
1733227142379 0.0003 3178496
1733227183209 0.0003 3200000
1733227228055 0.0003 3244032
1733227267510 0.0003 3276800
1733227306821 0.0003 3309568
1733227346208 0.0003 3342336
1733227386097 0.0003 3360000
1733227432479 0.0003 3407872
1733227472260 0.0003 3440640
1733227511598 0.0003 3473408
1733227550936 0.0003 3506176
1733227589392 0.0003 3520000
1733227636653 0.0003 3571712
1733227677133 0.0003 3604480
1733227716605 0.0003 3637248
1733227756169 0.0003 3670016
1733227793041 0.0003 3680000
1733227842193 0.0003 3735552
1733227881715 0.0003 3768320
1733227922087 0.0003 3801088
1733227961592 0.0003 3833856
1733227996748 0.0003 3840000
1733228047064 0.0003 3899392
1733228086096 0.0003 3932160
1733228125129 0.0003 3964928
1733228164467 0.0003 3997696
1733228197777 0.0003 4000000
1733228249534 0.0003 4063232
1733228289416 0.0003 4096000
1733228328786 0.0003 4128768
1733228373760 0.0003 4160000
1733228414090 0.0003 4194304
1733228453302 0.0003 4227072
1733228492325 0.0003 4259840
1733228531501 0.0003 4292608
1733228575605 0.0003 4320000
1733228617626 0.0003 4358144
1733228656498 0.0003 4390912
1733228695862 0.0003 4423680
1733228735776 0.0003 4456448
1733228779058 0.0003 4480000
1733228823175 0.0003 4521984
1733228862963 0.0003 4554752
1733228903026 0.0003 4587520
1733228943018 0.0003 4620288
1733228984543 0.0003 4640000
1733229030181 0.0003 4685824
1733229069846 0.0003 4718592
1733229109800 0.0003 4751360
1733229150476 0.0003 4784128
1733229190841 0.0003 4800000
1733229237822 0.0003 4849664
1733229277371 0.0003 4882432
1733229316949 0.0003 4915200
1733229357476 0.0003 4947968
1733229396521 0.0003 4960000
1733229445200 0.0003 5013504
1733229484052 0.0003 5046272
1733229523140 0.0003 5079040
1733229563882 0.0003 5111808
1733229601169 0.0003 5120000
1733229650830 0.0003 5177344
1733229690189 0.0003 5210112
1733229729028 0.0003 5242880
1733229768936 0.0003 5275648
1733229804015 0.0003 5280000
1733229856349 0.0003 5341184
1733229896063 0.0003 5373952
1733229936193 0.0003 5406720
1733229976762 0.0003 5439488
1733230010363 0.0003 5440000
1733230064905 0.0003 5505024
1733230105347 0.0003 5537792
1733230145988 0.0003 5570560
1733230192273 0.0003 5600000
1733230235048 0.0003 5636096
1733230276799 0.0003 5668864
1733230325561 0.0003 5701632
1733230368639 0.0003 5734400
1733230416317 0.0003 5760000
1733230460866 0.0003 5799936
1733230502062 0.0003 5832704
1733230542306 0.0003 5865472
1733230583242 0.0003 5898240
1733230625774 0.0003 5920000
1733230674166 0.0003 5963776
1733230715638 0.0003 5996544
1733230757786 0.0003 6029312
1733230797945 0.0003 6062080
1733230840335 0.0003 6080000
1733230888976 0.0003 6127616
1733230930490 0.0003 6160384
1733230973914 0.0003 6193152
1733231020669 0.0003 6225920
1733231062381 0.0003 6240000
1733231114481 0.0003 6291456
1733231158989 0.0003 6324224
1733231203194 0.0003 6356992
1733231247790 0.0003 6389760
1733231288458 0.0003 6400000
1733231345077 0.0003 6455296
1733231388243 0.0003 6488064
1733231432355 0.0003 6520832
1733231478543 0.0003 6553600
1733231516321 0.0003 6560000
1733231575063 0.0003 6619136
1733231618299 0.0003 6651904
1733231661948 0.0003 6684672
1733231707970 0.0003 6717440
1733231744161 0.0003 6720000
1733231804000 0.0003 6782976
1733231849170 0.0003 6815744
1733231893538 0.0003 6848512
1733231945346 0.0003 6880000
1733231988545 0.0003 6914048
1733232033844 0.0003 6946816
1733232079044 0.0003 6979584
1733232123200 0.0003 7012352
1733232172159 0.0003 7040000
1733232220829 0.0003 7077888
1733232265113 0.0003 7110656
1733232308665 0.0003 7143424
1733232352376 0.0003 7176192
1733232398776 0.0003 7200000
1733232449630 0.0003 7241728
1733232494157 0.0003 7274496
1733232537520 0.0003 7307264
1733232583100 0.0003 7340032
1733232627767 0.0003 7360000
1733232679032 0.0003 7405568
1733232720652 0.0003 7438336
1733232765807 0.0003 7471104
1733232812299 0.0003 7503872
1733232853923 0.0003 7520000
1733232903700 0.0003 7569408
1733232949237 0.0003 7602176
1733232994188 0.0003 7634944
1733233037687 0.0003 7667712
1733233079816 0.0003 7680000
1733233135379 0.0003 7733248
1733233179341 0.0003 7766016
1733233222346 0.0003 7798784
1733233267993 0.0003 7831552
1733233308929 0.0003 7840000
1733233369736 0.0003 7897088
1733233413865 0.0003 7929856
1733233459360 0.0003 7962624
1733233506713 0.0003 7995392
1733233544944 0.0003 8000000
1733233605218 0.0003 8060928
1733233649800 0.0003 8093696
1733233695786 0.0003 8126464
1733233742306 0.0003 8159232
1733233779343 0.0003 8160000
1733233841750 0.0003 8224768
1733233887221 0.0003 8257536
1733233932276 0.0003 8290304
1733233984575 0.0003 8320000
1733234031601 0.0003 8355840
1733234078103 0.0003 8388608
1733234123607 0.0003 8421376
1733234168082 0.0003 8454144
1733234217869 0.0003 8480000
1733234266768 0.0003 8519680
1733234313376 0.0003 8552448
1733234358239 0.0003 8585216
1733234402599 0.0003 8617984
1733234450416 0.0003 8640000
1733234501840 0.0003 8683520
1733234546831 0.0003 8716288
1733234590607 0.0003 8749056
1733234635393 0.0003 8781824
1733234683028 0.0003 8800000
1733234736437 0.0003 8847360
1733234782309 0.0003 8880128
1733234826146 0.0003 8912896
1733234870826 0.0003 8945664
1733234916265 0.0003 8960000
1733234971964 0.0003 9011200
1733235018534 0.0003 9043968
1733235062888 0.0003 9076736
1733235109496 0.0003 9109504
1733235154020 0.0003 9120000
1733235210596 0.0003 9175040
1733235257430 0.0003 9207808
1733235302316 0.0003 9240576
1733235347557 0.0003 9273344
1733235388646 0.0003 9280000
1733235448578 0.0003 9338880
1733235496216 0.0003 9371648
1733235541022 0.0003 9404416
1733235585773 0.0003 9437184
1733235625383 0.0003 9440000
1733235687173 0.0003 9502720
1733235734430 0.0003 9535488
1733235777952 0.0003 9568256
1733235830396 0.0003 9600000
1733235876849 0.0003 9633792
1733235921874 0.0003 9666560
1733235968739 0.0003 9699328
1733236012720 0.0003 9732096
1733236064214 0.0003 9760000
1733236111307 0.0003 9797632
1733236155928 0.0003 9830400
1733236201857 0.0003 9863168
1733236247515 0.0003 9895936
1733236297455 0.0003 9920000
1733236347507 0.0003 9961472
1733236392631 0.0003 9994240
1733236439952 0.0003 10027008
1733236484689 0.0003 10059776
1733236531342 0.0003 10080000
1733236583268 0.0003 10125312
1733236628697 0.0003 10158080
1733236676266 0.0003 10190848
1733236720220 0.0003 10223616
1733236764209 0.0003 10240000
1733236819866 0.0003 10289152
1733236864653 0.0003 10321920
1733236911461 0.0003 10354688
1733236956318 0.0003 10387456
1733237001300 0.0003 10400000
1733237055931 0.0003 10452992
1733237100869 0.0003 10485760
1733237145432 0.0003 10518528
1733237191792 0.0003 10551296
1733237232522 0.0003 10560000
1733237289754 0.0003 10616832
1733237335061 0.0003 10649600
1733237381354 0.0003 10682368
1733237427739 0.0003 10715136
1733237467798 0.0003 10720000
1733237526299 0.0003 10780672
1733237569582 0.0003 10813440
1733237615477 0.0003 10846208
1733237660694 0.0003 10878976
1733237698053 0.0003 10880000
1733237760173 0.0003 10944512
1733237805497 0.0003 10977280
1733237849041 0.0003 11010048
1733237901164 0.0003 11040000
1733237947039 0.0003 11075584
1733237991284 0.0003 11108352
1733238035513 0.0003 11141120
1733238081783 0.0003 11173888
1733238131809 0.0003 11200000
1733238182279 0.0003 11239424
1733238227108 0.0003 11272192
1733238273702 0.0003 11304960
1733238318240 0.0003 11337728
1733238366902 0.0003 11360000
1733238419919 0.0003 11403264
1733238468282 0.0003 11436032
1733238514168 0.0003 11468800
1733238562210 0.0003 11501568
1733238607800 0.0003 11520000
1733238661879 0.0003 11567104
1733238705064 0.0003 11599872
1733238751696 0.0003 11632640
1733238794151 0.0003 11665408
1733238840233 0.0003 11680000
1733238894605 0.0003 11730944
1733238940826 0.0003 11763712
1733238983572 0.0003 11796480
1733239031473 0.0003 11829248
1733239072220 0.0003 11840000
1733239131143 0.0003 11894784
1733239175676 0.0003 11927552
1733239221897 0.0003 11960320
1733239265481 0.0003 11993088
1733239308402 0.0003 12000000
1733239363244 0.0003 12058624
1733239407795 0.0003 12091392
1733239452577 0.0003 12124160
1733239497156 0.0003 12156928
1733239534296 0.0003 12160000
1733239594045 0.0003 12222464
1733239639368 0.0003 12255232
1733239682821 0.0003 12288000
1733239736005 0.0003 12320000
1733239779537 0.0003 12353536
1733239824472 0.0003 12386304
1733239868701 0.0003 12419072
1733239912820 0.0003 12451840
1733239963394 0.0003 12480000
1733240009647 0.0003 12517376
1733240054259 0.0003 12550144
1733240097222 0.0003 12582912
1733240142425 0.0003 12615680
1733240189573 0.0003 12640000
1733240238827 0.0003 12681216
1733240282793 0.0003 12713984
1733240329099 0.0003 12746752
1733240372334 0.0003 12779520
1733240419478 0.0003 12800000
1733240468181 0.0003 12845056
1733240513560 0.0003 12877824
1733240557497 0.0003 12910592
1733240603741 0.0003 12943360
1733240647841 0.0003 12960000
1733240700623 0.0003 13008896
1733240745361 0.0003 13041664
1733240790353 0.0003 13074432
1733240834502 0.0003 13107200
1733240880215 0.0003 13120000
1733240934953 0.0003 13172736
1733240978312 0.0003 13205504
1733241022853 0.0003 13238272
1733241067181 0.0003 13271040
1733241107828 0.0003 13280000
1733241163384 0.0003 13336576
1733241208102 0.0003 13369344
1733241251919 0.0003 13402112
1733241295215 0.0003 13434880
1733241334337 0.0003 13440000
1733241390321 0.0003 13500416
1733241435928 0.0003 13533184
1733241478887 0.0003 13565952
1733241523765 0.0003 13598720
1733241559136 0.0003 13600000
1733241619624 0.0003 13664256
1733241663801 0.0003 13697024
1733241710405 0.0003 13729792
1733241760198 0.0003 13760000
1733241806727 0.0003 13795328
1733241850181 0.0003 13828096
1733241896294 0.0003 13860864
1733241940414 0.0003 13893632
1733241990480 0.0003 13920000
1733242038337 0.0003 13959168
1733242082653 0.0003 13991936
1733242126787 0.0003 14024704
1733242172427 0.0003 14057472
1733242220015 0.0003 14080000
1733242270690 0.0003 14123008
1733242315777 0.0003 14155776
1733242361136 0.0003 14188544
1733242407142 0.0003 14221312
1733242452552 0.0003 14240000
1733242504155 0.0003 14286848
1733242548609 0.0003 14319616
1733242592896 0.0003 14352384
1733242637509 0.0003 14385152
1733242680629 0.0003 14400000
1733242733956 0.0003 14450688
1733242776760 0.0003 14483456
1733242821963 0.0003 14516224
1733242865816 0.0003 14548992
1733242910452 0.0003 14560000
1733242965773 0.0003 14614528
1733243013018 0.0003 14647296
1733243057448 0.0003 14680064
1733243102351 0.0003 14712832
1733243141065 0.0003 14720000
1733243198874 0.0003 14778368
1733243244207 0.0003 14811136
1733243288302 0.0003 14843904
1733243333253 0.0003 14876672
1733243374167 0.0003 14880000
1733243433594 0.0003 14942208
1733243477206 0.0003 14974976
1733243523268 0.0003 15007744
1733243573745 0.0003 15040000
1733243619115 0.0003 15073280
1733243662827 0.0003 15106048
1733243708247 0.0003 15138816
1733243752301 0.0003 15171584
1733243802163 0.0003 15200000
1733243848107 0.0003 15237120
1733243892586 0.0003 15269888
1733243937273 0.0003 15302656
1733243981636 0.0003 15335424
1733244030822 0.0003 15360000
1733244079737 0.0003 15400960
1733244125736 0.0003 15433728
1733244169474 0.0003 15466496
1733244214853 0.0003 15499264
1733244261125 0.0003 15520000
1733244312883 0.0003 15564800
1733244357825 0.0003 15597568
1733244401304 0.0003 15630336
1733244445153 0.0003 15663104
1733244490145 0.0003 15680000
1733244541655 0.0003 15728640
1733244585354 0.0003 15761408
1733244630787 0.0003 15794176
1733244674783 0.0003 15826944
1733244719470 0.0003 15840000
1733244773197 0.0003 15892480
1733244818791 0.0003 15925248
1733244862953 0.0003 15958016
1733244908590 0.0003 15990784
1733244949653 0.0003 16000000
1733245005755 0.0003 16056320
1733245049508 0.0003 16089088
1733245093276 0.0003 16121856
1733245137358 0.0003 16154624
1733245174856 0.0003 16160000
1733245235805 0.0003 16220160
1733245279168 0.0003 16252928
1733245325838 0.0003 16285696
1733245369364 0.0003 16318464
1733245408140 0.0003 16320000
1733245465457 0.0003 16384000
1733245508882 0.0003 16416768
1733245553535 0.0003 16449536
1733245603913 0.0003 16480000
1733245650433 0.0003 16515072
1733245695466 0.0003 16547840
1733245740848 0.0003 16580608
1733245784610 0.0003 16613376
1733245835187 0.0003 16640000
1733245881474 0.0003 16678912
1733245926436 0.0003 16711680
1733245969831 0.0003 16744448
1733246014127 0.0003 16777216
1733246061588 0.0003 16800000
1733246111891 0.0003 16842752
1733246154970 0.0003 16875520
1733246198641 0.0003 16908288
1733246243786 0.0003 16941056
1733246286552 0.0003 16960000
1733246335477 0.0003 17006592
1733246378015 0.0003 17039360
1733246421478 0.0003 17072128
1733246464240 0.0003 17104896
1733246508261 0.0003 17120000
1733246559128 0.0003 17170432
1733246603549 0.0003 17203200
1733246646303 0.0003 17235968
1733246690505 0.0003 17268736
1733246730761 0.0003 17280000
1733246787789 0.0003 17334272
1733246831664 0.0003 17367040
1733246876001 0.0003 17399808
1733246920413 0.0003 17432576
1733246959852 0.0003 17440000
1733247015053 0.0003 17498112
1733247059315 0.0003 17530880
1733247102669 0.0003 17563648
1733247148072 0.0003 17596416
1733247185518 0.0003 17600000
1733247244420 0.0003 17661952
1733247287824 0.0003 17694720
1733247330787 0.0003 17727488
1733247383006 0.0003 17760000
1733247425512 0.0003 17793024
1733247468931 0.0003 17825792
1733247511844 0.0003 17858560
1733247555740 0.0003 17891328
1733247602485 0.0003 17920000
1733247648231 0.0003 17956864
1733247692528 0.0003 17989632
1733247736715 0.0003 18022400
1733247779564 0.0003 18055168
1733247829516 0.0003 18080000
1733247875927 0.0003 18120704
1733247920756 0.0003 18153472
1733247964140 0.0003 18186240
1733248009298 0.0003 18219008
1733248054334 0.0003 18240000
1733248106329 0.0003 18284544
1733248149760 0.0003 18317312
1733248194263 0.0003 18350080
1733248237459 0.0003 18382848
1733248282472 0.0003 18400000
1733248334001 0.0003 18448384
1733248377404 0.0003 18481152
1733248420927 0.0003 18513920
1733248465182 0.0003 18546688
1733248507372 0.0003 18560000
1733248559936 0.0003 18612224
1733248604060 0.0003 18644992
1733248647606 0.0003 18677760
1733248692544 0.0003 18710528
1733248732155 0.0003 18720000
1733248788178 0.0003 18776064
1733248831601 0.0003 18808832
1733248875537 0.0003 18841600
1733248918616 0.0003 18874368
1733248958305 0.0003 18880000
1733249017038 0.0003 18939904
1733249061063 0.0003 18972672
1733249104421 0.0003 19005440
1733249148483 0.0003 19038208
1733249184778 0.0003 19040000
1733249241933 0.0003 19103744
1733249286910 0.0003 19136512
1733249329005 0.0003 19169280
1733249377821 0.0003 19200000
1733249421967 0.0003 19234816
1733249466540 0.0003 19267584
1733249508854 0.0003 19300352
1733249552495 0.0003 19333120
1733249602679 0.0003 19360000
1733249651625 0.0003 19398656
1733249694884 0.0003 19431424
1733249741124 0.0003 19464192
1733249784707 0.0003 19496960
1733249832047 0.0003 19520000
1733249881012 0.0003 19562496
1733249925412 0.0003 19595264
1733249969487 0.0003 19628032
1733250013902 0.0003 19660800
1733250056706 0.0003 19680000
1733250108277 0.0003 19726336
1733250152579 0.0003 19759104
1733250194792 0.0003 19791872
1733250238700 0.0003 19824640
1733250281968 0.0003 19840000
1733250335974 0.0003 19890176
1733250379072 0.0003 19922944
1733250423419 0.0003 19955712
1733250466766 0.0003 19988480
1733250509349 0.0003 20000000
1733250563204 0.0003 20054016
1733250607671 0.0003 20086784
1733250651799 0.0003 20119552
1733250696336 0.0003 20152320
1733250735074 0.0003 20160000
1733250790231 0.0003 20217856
1733250833846 0.0003 20250624
1733250875900 0.0003 20283392
1733250919156 0.0003 20316160
1733250956474 0.0003 20320000
1733251016002 0.0003 20381696
1733251059307 0.0003 20414464
1733251104594 0.0003 20447232
1733251156434 0.0003 20480000
1733251201188 0.0003 20512768
1733251244085 0.0003 20545536
1733251289057 0.0003 20578304
1733251333350 0.0003 20611072
1733251383350 0.0003 20640000
1733251429609 0.0003 20676608
1733251472788 0.0003 20709376
1733251518096 0.0003 20742144
1733251560840 0.0003 20774912
1733251608877 0.0003 20800000
1733251657475 0.0003 20840448
1733251701423 0.0003 20873216
1733251746787 0.0003 20905984
1733251791175 0.0003 20938752
1733251834946 0.0003 20960000
1733251885837 0.0003 21004288
1733251929126 0.0003 21037056
1733251972805 0.0003 21069824
1733252015610 0.0003 21102592
1733252058852 0.0003 21120000
1733252110822 0.0003 21168128
1733252153380 0.0003 21200896
1733252197674 0.0003 21233664
1733252240514 0.0003 21266432
1733252282820 0.0003 21280000
1733252336882 0.0003 21331968
1733252381140 0.0003 21364736
1733252423249 0.0003 21397504
1733252468035 0.0003 21430272
1733252506832 0.0003 21440000
1733252562849 0.0003 21495808
1733252605736 0.0003 21528576
1733252648932 0.0003 21561344
1733252693836 0.0003 21594112
1733252731251 0.0003 21600000
1733252787093 0.0003 21659648
1733252826773 0.0003 21692416
1733252869195 0.0003 21725184
1733252909790 0.0003 21757952
1733252946022 0.0003 21760000
1733253000503 0.0003 21823488
1733253042253 0.0003 21856256
1733253082500 0.0003 21889024
1733253131594 0.0003 21920000
1733253173774 0.0003 21954560
1733253215504 0.0003 21987328
1733253256908 0.0003 22020096
1733253298938 0.0003 22052864
1733253343954 0.0003 22080000
1733253386856 0.0003 22118400
1733253428072 0.0003 22151168
1733253468141 0.0003 22183936
1733253508937 0.0003 22216704
1733253551955 0.0003 22240000
1733253596865 0.0003 22282240
1733253637178 0.0003 22315008
1733253678275 0.0003 22347776
1733253718864 0.0003 22380544
1733253760857 0.0003 22400000
1733253806729 0.0003 22446080
1733253848133 0.0003 22478848
1733253888243 0.0003 22511616
1733253929968 0.0003 22544384
1733253969557 0.0003 22560000
1733254018884 0.0003 22609920
1733254058623 0.0003 22642688
1733254099195 0.0003 22675456
1733254139159 0.0003 22708224
1733254179139 0.0003 22720000
1733254229246 0.0003 22773760
1733254271257 0.0003 22806528
1733254311368 0.0003 22839296
1733254352767 0.0003 22872064
1733254389618 0.0003 22880000
1733254440940 0.0003 22937600
1733254483095 0.0003 22970368
1733254524487 0.0003 23003136
1733254565988 0.0003 23035904
1733254601545 0.0003 23040000
1733254654849 0.0003 23101440
1733254695272 0.0003 23134208
1733254737076 0.0003 23166976
1733254777838 0.0003 23199744
1733254812062 0.0003 23200000
1733254867354 0.0003 23265280
1733254907760 0.0003 23298048
1733254951427 0.0003 23330816
1733254997018 0.0003 23360000
1733255041378 0.0003 23396352
1733255082650 0.0003 23429120
1733255125422 0.0003 23461888
1733255166687 0.0003 23494656
1733255211705 0.0003 23520000
1733255258367 0.0003 23560192
1733255299432 0.0003 23592960
1733255343143 0.0003 23625728
1733255384148 0.0003 23658496
1733255429396 0.0003 23680000
1733255475892 0.0003 23724032
1733255517775 0.0003 23756800
1733255560248 0.0003 23789568
1733255601139 0.0003 23822336
1733255644400 0.0003 23840000
1733255695939 0.0003 23887872
1733255738526 0.0003 23920640
1733255778873 0.0003 23953408
1733255821086 0.0003 23986176
1733255861804 0.0003 24000000
1733255911292 0.0003 24051712
1733255953939 0.0003 24084480
1733255994827 0.0003 24117248
1733256037685 0.0003 24150016
1733256075737 0.0003 24160000
1733256128237 0.0003 24215552
1733256169092 0.0003 24248320
1733256210572 0.0003 24281088
1733256251789 0.0003 24313856
1733256288396 0.0003 24320000
1733256347074 0.0003 24379392
1733256387280 0.0003 24412160
1733256430408 0.0003 24444928
1733256470974 0.0003 24477696
1733256505598 0.0003 24480000
1733256561276 0.0003 24543232
1733256603716 0.0003 24576000
1733256646057 0.0003 24608768
1733256693458 0.0003 24640000
1733256738279 0.0003 24674304
1733256778294 0.0003 24707072
1733256820194 0.0003 24739840
1733256860800 0.0003 24772608
1733256907444 0.0003 24800000
1733256951465 0.0003 24838144
1733256993473 0.0003 24870912
1733257039106 0.0003 24903680
1733257079994 0.0003 24936448
1733257126597 0.0003 24960000
1733257171426 0.0003 25001984
1733257214331 0.0003 25034752
1733257254896 0.0003 25067520
1733257296683 0.0003 25100288
1733257340466 0.0003 25120000
1733257387430 0.0003 25165824
1733257432110 0.0003 25198592
1733257472214 0.0003 25231360
1733257514895 0.0003 25264128
1733257555624 0.0003 25280000
1733257606112 0.0003 25329664
1733257647240 0.0003 25362432
1733257689969 0.0003 25395200
1733257732432 0.0003 25427968
1733257771963 0.0003 25440000
1733257826270 0.0003 25493504
1733257866870 0.0003 25526272
1733257909641 0.0003 25559040
1733257950758 0.0003 25591808
1733257988847 0.0003 25600000
1733258041898 0.0003 25657344
1733258083445 0.0003 25690112
1733258127029 0.0003 25722880
1733258167212 0.0003 25755648
1733258204068 0.0003 25760000
1733258258010 0.0003 25821184
1733258300583 0.0003 25853952
1733258341386 0.0003 25886720
1733258382736 0.0003 25919488
1733258418506 0.0003 25920000
1733258472858 0.0003 25985024
1733258516580 0.0003 26017792
1733258558166 0.0003 26050560
1733258607468 0.0003 26080000
1733258649456 0.0003 26116096
1733258692027 0.0003 26148864
1733258732541 0.0003 26181632
1733258774970 0.0003 26214400
1733258824126 0.0003 26240000
1733258873161 0.0003 26279936
1733258915014 0.0003 26312704
1733258958269 0.0003 26345472
1733259003656 0.0003 26378240
1733259049905 0.0003 26400000
1733259100780 0.0003 26443776
1733259145082 0.0003 26476544
1733259190218 0.0003 26509312
1733259234305 0.0003 26542080
1733259279145 0.0003 26560000
1733259329358 0.0003 26607616
1733259373103 0.0003 26640384
1733259418411 0.0003 26673152
1733259466120 0.0003 26705920
1733259508983 0.0003 26720000
1733259562964 0.0003 26771456
1733259607977 0.0003 26804224
1733259650273 0.0003 26836992
1733259695009 0.0003 26869760
1733259734643 0.0003 26880000
1733259789523 0.0003 26935296
1733259833621 0.0003 26968064
1733259877300 0.0003 27000832
1733259922715 0.0003 27033600
1733259961727 0.0003 27040000
1733260019126 0.0003 27099136
1733260061839 0.0003 27131904
1733260108972 0.0003 27164672
1733260150923 0.0003 27197440
1733260188829 0.0003 27200000
1733260248124 0.0003 27262976
1733260293486 0.0003 27295744
1733260340884 0.0003 27328512
1733260389899 0.0003 27360000
1733260436627 0.0003 27394048
1733260478440 0.0003 27426816
1733260524437 0.0003 27459584
1733260566699 0.0003 27492352
1733260617204 0.0003 27520000
1733260662811 0.0003 27557888
1733260706527 0.0003 27590656
1733260750594 0.0003 27623424
1733260793065 0.0003 27656192
1733260842603 0.0003 27680000
1733260887305 0.0003 27721728
1733260933417 0.0003 27754496
1733260977155 0.0003 27787264
1733261024200 0.0003 27820032
1733261069529 0.0003 27840000
1733261123569 0.0003 27885568
1733261168001 0.0003 27918336
1733261213996 0.0003 27951104
1733261258535 0.0003 27983872
1733261303387 0.0003 28000000
1733261359259 0.0003 28049408
1733261403025 0.0003 28082176
1733261451570 0.0003 28114944
1733261495304 0.0003 28147712
1733261539273 0.0003 28160000
1733261594149 0.0003 28213248
1733261638374 0.0003 28246016
1733261683731 0.0003 28278784
1733261728812 0.0003 28311552
1733261772255 0.0003 28320000
1733261828372 0.0003 28377088
1733261873417 0.0003 28409856
1733261918038 0.0003 28442624
1733261963717 0.0003 28475392
1733262002639 0.0003 28480000
1733262063996 0.0003 28540928
1733262107876 0.0003 28573696
1733262154463 0.0003 28606464
1733262198209 0.0003 28639232
1733262235546 0.0003 28640000
1733262296672 0.0003 28704768
1733262341726 0.0003 28737536
1733262387768 0.0003 28770304
1733262437591 0.0003 28800000
1733262487091 0.0003 28835840
1733262531182 0.0003 28868608
1733262577279 0.0003 28901376
1733262622341 0.0003 28934144
1733262672452 0.0003 28960000
1733262721254 0.0003 28999680
1733262765375 0.0003 29032448
1733262811720 0.0003 29065216
1733262856873 0.0003 29097984
1733262908963 0.0003 29120000
1733262959527 0.0003 29163520
1733263005589 0.0003 29196288
1733263049018 0.0003 29229056
1733263095089 0.0003 29261824
1733263139709 0.0003 29280000
1733263192085 0.0003 29327360
1733263236056 0.0003 29360128
1733263280652 0.0003 29392896
1733263326222 0.0003 29425664
1733263369785 0.0003 29440000
1733263424445 0.0003 29491200
1733263469598 0.0003 29523968
1733263515702 0.0003 29556736
1733263558429 0.0003 29589504
1733263600403 0.0003 29600000
1733263655416 0.0003 29655040
1733263704152 0.0003 29687808
1733263748197 0.0003 29720576
1733263793154 0.0003 29753344
1733263832889 0.0003 29760000
1733263889448 0.0003 29818880
1733263936001 0.0003 29851648
1733263979938 0.0003 29884416
1733264025392 0.0003 29917184
1733264062481 0.0003 29920000
1733264122697 0.0003 29982720
1733264167359 0.0003 30015488
1733264212488 0.0003 30048256
1733264263540 0.0003 30080000
1733264309579 0.0003 30113792
1733264353456 0.0003 30146560
1733264398452 0.0003 30179328
1733264443189 0.0003 30212096
1733264492335 0.0003 30240000
1733264540008 0.0003 30277632
1733264583666 0.0003 30310400
1733264629378 0.0003 30343168
1733264672781 0.0003 30375936
1733264720986 0.0003 30400000
1733264767776 0.0003 30441472
1733264811946 0.0003 30474240
1733264856056 0.0003 30507008
1733264898324 0.0003 30539776
1733264945889 0.0003 30560000
1733264996634 0.0003 30605312
1733265041347 0.0003 30638080
1733265086508 0.0003 30670848
1733265129363 0.0003 30703616
1733265175433 0.0003 30720000
1733265229692 0.0003 30769152
1733265273479 0.0003 30801920
1733265317877 0.0003 30834688
1733265361821 0.0003 30867456
1733265403484 0.0003 30880000
1733265458756 0.0003 30932992
1733265505122 0.0003 30965760
1733265548543 0.0003 30998528
1733265595069 0.0003 31031296
1733265633543 0.0003 31040000
1733265689778 0.0003 31096832
1733265733297 0.0003 31129600
1733265776087 0.0003 31162368
1733265822357 0.0003 31195136
1733265859838 0.0003 31200000
1733265912093 0.0003 31260672
1733265951569 0.0003 31293440
1733265988252 0.0003 31326208
1733266028477 0.0003 31358976
1733266060584 0.0003 31360000
1733266112185 0.0003 31424512
1733266151202 0.0003 31457280
1733266188667 0.0003 31490048
1733266234578 0.0003 31520000
1733266274821 0.0003 31555584
1733266312993 0.0003 31588352
1733266351612 0.0003 31621120
1733266390183 0.0003 31653888
1733266432611 0.0003 31680000
1733266474478 0.0003 31719424
1733266512927 0.0003 31752192
1733266550549 0.0003 31784960
1733266590822 0.0003 31817728
1733266630001 0.0003 31840000
1733266674138 0.0003 31883264
1733266712511 0.0003 31916032
1733266749125 0.0003 31948800
1733266789397 0.0003 31981568
1733266827452 0.0003 32000000
1733266871698 0.0003 32047104
1733266912387 0.0003 32079872
1733266948475 0.0003 32112640
1733266988969 0.0003 32145408
1733267025928 0.0003 32160000
