1733223280300 -0.07010234892368317 65536
1733223320968 -0.0922679677605629 98304
1733223361352 -0.09101700037717819 131072
1733223406547 -0.08499300479888916 160000
1733223447683 -0.06297016888856888 196608
1733223486095 -0.05547209829092026 229376
1733223526599 -0.07487481832504272 262144
1733223565619 -0.08728290349245071 294912
1733223607865 -0.07094040513038635 320000
1733223649179 -0.05478305369615555 360448
1733223687051 -0.03707224130630493 393216
1733223725790 -0.027832161635160446 425984
1733223764038 -0.060115255415439606 458752
1733223804818 -0.07929479330778122 480000
1733223847252 -0.08029086887836456 524288
1733223884798 -0.10026341676712036 557056
1733223923884 -0.09854231029748917 589824
1733223962577 -0.07436278462409973 622592
1733224001091 -0.10323755443096161 640000
1733224044490 -0.0806015208363533 688128
1733224082917 -0.09599016606807709 720896
1733224121328 -0.04784759506583214 753664
1733224160230 -0.050654087215662 786432
1733224197850 -0.06977888196706772 800000
1733224244320 -0.09611502289772034 851968
1733224283044 -0.06557923555374146 884736
1733224321623 -0.054921433329582214 917504
1733224360045 -0.06600949913263321 950272
1733224395823 -0.08198759704828262 960000
1733224443987 -0.0684681385755539 1015808
1733224482709 -0.044106658548116684 1048576
1733224521882 -0.056155819445848465 1081344
1733224561461 -0.07614357024431229 1114112
1733224596518 -0.04028856009244919 1120000
1733224646612 -0.03691904991865158 1179648
1733224686260 -0.061210714280605316 1212416
1733224725630 -0.0814829021692276 1245184
1733224764802 -0.050205573439598083 1277952
1733224798095 -0.08102121949195862 1280000
1733224850805 -0.032821524888277054 1343488
1733224890191 -0.06837025284767151 1376256
1733224929829 -0.06273699551820755 1409024
1733224975986 -0.05050487443804741 1440000
1733225016945 -0.025955572724342346 1474560
1733225057167 -0.01177169755101204 1507328
1733225096739 -0.09187935292720795 1540096
1733225136191 -0.0833263173699379 1572864
1733225180900 -0.06940745562314987 1600000
1733225222586 -0.04026354104280472 1638400
1733225262530 -0.08413217961788177 1671168
1733225302013 -0.07287486642599106 1703936
1733225343198 -0.09780389070510864 1736704
1733225386128 -0.05191485956311226 1760000
1733225429484 -0.029888954013586044 1802240
1733225468406 -0.05485527962446213 1835008
1733225507843 -0.07276448607444763 1867776
1733225547758 -0.05295376479625702 1900544
1733225588813 -0.05431131646037102 1920000
1733225633233 -0.08917520195245743 1966080
1733225672863 -0.0611938014626503 1998848
1733225712069 -0.07881993800401688 2031616
1733225751354 -0.05679662153124809 2064384
1733225790329 -0.04067324101924896 2080000
1733225837183 -0.059804461896419525 2129920
1733225876906 -0.06201428547501564 2162688
1733225916078 -0.008333826437592506 2195456
1733225955625 -0.027790294960141182 2228224
1733225992539 -0.05809331685304642 2240000
1733226040385 -0.031055768951773643 2293760
1733226079948 -0.018818024545907974 2326528
1733226119800 -0.007612150628119707 2359296
1733226158926 -0.07487636804580688 2392064
1733226195349 -0.05703558400273323 2400000
1733226246630 -0.031711846590042114 2457600
1733226286518 -0.04618321359157562 2490368
1733226326686 -0.08198945224285126 2523136
1733226366911 -0.06032351404428482 2555904
1733226401093 -0.013443918898701668 2560000
1733226452920 -0.027092648670077324 2621440
1733226492167 -0.03807191923260689 2654208
1733226531505 -0.06738216429948807 2686976
1733226571102 -0.04939204081892967 2719744
1733226604226 -0.020405802875757217 2720000
1733226657296 -0.033561453223228455 2785280
1733226696582 -0.024041933938860893 2818048
1733226735604 0.03846682235598564 2850816
1733226780050 -0.032963309437036514 2880000
1733226820713 -0.047861091792583466 2916352
1733226859952 -0.04279160872101784 2949120
1733226899282 -0.041649091988801956 2981888
1733226938320 -0.02184213139116764 3014656
1733226981559 -0.03384179249405861 3040000
1733227024347 -0.03365153819322586 3080192
1733227063709 -0.04324217513203621 3112960
1733227103158 -0.051823049783706665 3145728
1733227142395 -0.039886366575956345 3178496
1733227183227 -0.041968926787376404 3200000
1733227228069 0.01791849173605442 3244032
1733227267524 -0.018417328596115112 3276800
1733227306830 -0.042828742414712906 3309568
1733227346218 -0.052681490778923035 3342336
1733227386132 -0.03997192159295082 3360000
1733227432498 -0.03008408471941948 3407872
1733227472270 -0.06395816057920456 3440640
1733227511609 -0.05796314775943756 3473408
1733227550950 -0.027994835749268532 3506176
1733227589403 -0.04101763665676117 3520000
1733227636665 -0.048182155936956406 3571712
1733227677145 -0.03910427540540695 3604480
1733227716611 -0.06185412034392357 3637248
1733227756177 0.047808848321437836 3670016
1733227793047 -0.029325442388653755 3680000
1733227842199 -0.07391152530908585 3735552
1733227881721 -0.06485868245363235 3768320
1733227922092 -0.014441759325563908 3801088
1733227961598 -0.01101552415639162 3833856
1733227996755 -0.02279324270784855 3840000
1733228047074 -0.014514482580125332 3899392
1733228086120 -0.033404603600502014 3932160
1733228125135 0.0517021045088768 3964928
1733228164487 -0.012334853410720825 3997696
1733228197801 -0.02409864030778408 4000000
1733228249564 0.02670563943684101 4063232
1733228289432 -0.04118621349334717 4096000
1733228328829 -0.06598479300737381 4128768
1733228373806 -0.05964849144220352 4160000
1733228414108 -0.03666827827692032 4194304
1733228453313 -0.03767646476626396 4227072
1733228492335 -0.026015833020210266 4259840
1733228531511 -0.05665257200598717 4292608
1733228575616 -0.015048575587570667 4320000
1733228617637 -0.020693669095635414 4358144
1733228656509 0.039277736097574234 4390912
1733228695873 -0.050645723938941956 4423680
1733228735787 -0.023807842284440994 4456448
1733228779097 -0.005819754675030708 4480000
1733228823180 -0.030509643256664276 4521984
1733228862969 -0.06554550677537918 4554752
1733228903032 -0.046262986958026886 4587520
1733228943037 -0.025999173521995544 4620288
1733228984560 -0.01491621695458889 4640000
1733229030187 -0.06329202651977539 4685824
1733229069854 0.05221857875585556 4718592
1733229109806 0.0007778943981975317 4751360
1733229150592 -0.02186531573534012 4784128
1733229190859 -0.040132757276296616 4800000
1733229237828 -0.04050683602690697 4849664
1733229277382 -0.05720024183392525 4882432
1733229316955 -0.05323008447885513 4915200
1733229357611 -0.03426032140851021 4947968
1733229396539 -0.04082879796624184 4960000
1733229445211 -0.0445149689912796 5013504
1733229484063 -0.037911556661129 5046272
1733229523152 0.0907461941242218 5079040
1733229564012 -0.03954402357339859 5111808
1733229601179 -0.03932023420929909 5120000
1733229650840 -0.027168281376361847 5177344
1733229690200 -0.012653670273721218 5210112
1733229729039 -0.04924198240041733 5242880
1733229768961 -0.04276001453399658 5275648
1733229804028 -0.047598697245121 5280000
1733229856361 -0.036940667778253555 5341184
1733229896075 -0.04711674526333809 5373952
1733229936209 -0.05177915841341019 5406720
1733229976779 -0.04000350460410118 5439488
1733230010396 -0.0035524594131857157 5440000
1733230064953 -0.02939770184457302 5505024
1733230105381 -0.035966429859399796 5537792
1733230146020 -0.02722013369202614 5570560
1733230192290 -0.01582251861691475 5600000
1733230235070 0.10836315155029297 5636096
1733230276947 -0.04152045398950577 5668864
1733230326194 0.00023699855955783278 5701632
1733230368671 -0.03593116253614426 5734400
1733230416414 -0.036934979259967804 5760000
1733230461030 -0.0418926477432251 5799936
1733230502101 -0.020075274631381035 5832704
1733230542369 -0.043872490525245667 5865472
1733230583264 -0.03654458373785019 5898240
1733230625911 -0.034423887729644775 5920000
1733230674186 -0.028615087270736694 5963776
1733230715712 -0.044804878532886505 5996544
1733230757802 -0.04081445932388306 6029312
1733230797965 -0.02170557714998722 6062080
1733230840380 -0.04288291558623314 6080000
1733230888992 -0.03912871330976486 6127616
1733230930554 -0.04521159827709198 6160384
1733230973945 -0.03022848442196846 6193152
1733231021186 -0.03347305953502655 6225920
1733231062405 -0.045418109744787216 6240000
1733231114513 -0.04270661994814873 6291456
1733231159028 -0.014788626693189144 6324224
1733231203225 -0.03749715909361839 6356992
1733231247931 -0.037218689918518066 6389760
1733231288505 -0.04905981943011284 6400000
1733231345121 -0.02666178159415722 6455296
1733231388267 -0.03846433758735657 6488064
1733231432529 -0.04002626612782478 6520832
1733231478560 -0.022383904084563255 6553600
1733231516333 -0.024707548320293427 6560000
1733231575080 -0.017791442573070526 6619136
1733231618363 -0.04612772911787033 6651904
1733231662015 0.05678849667310715 6684672
1733231707986 -0.01083871629089117 6717440
1733231744213 -0.036608245223760605 6720000
1733231804126 -0.05909980461001396 6782976
1733231849187 -0.01669428125023842 6815744
1733231893554 -0.02487078495323658 6848512
1733231945361 -0.026692355051636696 6880000
1733231988567 -0.055714190006256104 6914048
1733232033861 -0.028783351182937622 6946816
1733232079074 -0.022810354828834534 6979584
1733232123217 -0.03228257969021797 7012352
1733232172198 -0.020312806591391563 7040000
1733232220959 -0.041341181844472885 7077888
1733232265130 0.01918461173772812 7110656
1733232308684 -0.004616095684468746 7143424
1733232352393 -0.03134991228580475 7176192
1733232398793 -0.025080962106585503 7200000
1733232449647 -0.028572142124176025 7241728
1733232494163 -0.033382777124643326 7274496
1733232537526 -0.05419197678565979 7307264
1733232583112 -0.040945760905742645 7340032
1733232627892 -0.013678302057087421 7360000
1733232679044 -0.03957623615860939 7405568
1733232720664 -0.04252799600362778 7438336
1733232765852 -0.05478701740503311 7471104
1733232812334 -0.046350616961717606 7503872
1733232853933 -0.027952032163739204 7520000
1733232903714 -0.035564590245485306 7569408
1733232949247 -0.0433560311794281 7602176
1733232994201 -0.003630469087511301 7634944
1733233037717 -0.033444810658693314 7667712
1733233079826 -0.00042738590855151415 7680000
1733233135390 -0.011562848463654518 7733248
1733233179370 -0.056049443781375885 7766016
1733233222357 -0.03527429699897766 7798784
1733233268005 -0.012791687622666359 7831552
1733233308968 0.015212933532893658 7840000
1733233369878 -0.03065398894250393 7897088
1733233413871 -0.028638938441872597 7929856
1733233459366 -0.036057308316230774 7962624
1733233506720 -0.04213986545801163 7995392
1733233544952 -0.027822427451610565 8000000
1733233605224 -0.0468769446015358 8060928
1733233649816 -0.03547945246100426 8093696
1733233695939 -0.03362821042537689 8126464
1733233742340 -0.04572703316807747 8159232
1733233779351 -0.03735348954796791 8160000
1733233841763 -0.012481720186769962 8224768
1733233887233 -0.03809857740998268 8257536
1733233932328 -0.023644039407372475 8290304
1733233984591 -0.05493932589888573 8320000
1733234031635 -0.04912750795483589 8355840
1733234078125 -0.03153857961297035 8388608
1733234123623 -0.04457210749387741 8421376
1733234168139 -0.029165374115109444 8454144
1733234217879 -0.03469367325305939 8480000
1733234266795 -0.04805653542280197 8519680
1733234313393 -0.002608147682622075 8552448
1733234358259 -0.03269091621041298 8585216
1733234402615 0.001509184716269374 8617984
1733234450445 -0.030332107096910477 8640000
1733234501873 -0.026129556819796562 8683520
1733234546850 -0.03285081684589386 8716288
1733234590623 0.02449139580130577 8749056
1733234635399 -0.01723877340555191 8781824
1733234683036 -0.03784414753317833 8800000
1733234736445 -0.033383168280124664 8847360
1733234782315 -0.04550148546695709 8880128
1733234826153 -0.025050822645425797 8912896
1733234870843 -0.03554754704236984 8945664
1733234916366 -0.03555821627378464 8960000
1733234971976 -0.02287452109158039 9011200
1733235018557 -0.014870718121528625 9043968
1733235062902 0.006881243549287319 9076736
1733235109650 -0.02833981066942215 9109504
1733235154031 -0.01021211501210928 9120000
1733235210633 -0.01862630993127823 9175040
1733235257552 -0.018165303394198418 9207808
1733235302334 -0.0417468324303627 9240576
1733235347567 -0.014515900053083897 9273344
1733235388777 -0.02749350666999817 9280000
1733235448597 -0.05120597034692764 9338880
1733235496232 -0.03595990687608719 9371648
1733235541034 -0.026548661291599274 9404416
1733235585789 -0.029310544952750206 9437184
1733235625784 -0.00877939909696579 9440000
1733235687188 -0.008080673404037952 9502720
1733235734457 -0.033717818558216095 9535488
1733235778014 0.20014750957489014 9568256
1733235830401 -0.02811240777373314 9600000
1733235876874 -0.02975112944841385 9633792
1733235921906 -0.03829099237918854 9666560
1733235968755 -0.03806221857666969 9699328
1733236012737 -0.034508395940065384 9732096
1733236064288 -0.028373247012495995 9760000
1733236111320 -0.02352501079440117 9797632
1733236155940 0.029396796599030495 9830400
1733236201868 -0.011163243092596531 9863168
1733236247646 -0.013269415125250816 9895936
1733236297480 -0.03330281004309654 9920000
1733236347518 -0.018954886123538017 9961472
1733236392655 -0.030766690149903297 9994240
1733236439962 -0.05295506492257118 10027008
1733236484699 -0.01011901255697012 10059776
1733236531353 -0.017364371567964554 10080000
1733236583280 -0.04135612025856972 10125312
1733236628708 -0.038620200008153915 10158080
1733236676278 -0.023209869861602783 10190848
1733236720233 -0.06158547103404999 10223616
1733236764221 -0.03745480999350548 10240000
1733236819872 -0.03328968957066536 10289152
1733236864659 0.006287510506808758 10321920
1733236911481 -0.024775592610239983 10354688
1733236956341 -0.05272047221660614 10387456
1733237001313 -0.0030832141637802124 10400000
1733237055946 -0.019748592749238014 10452992
1733237100892 -0.0578496977686882 10485760
1733237145449 -0.03352241963148117 10518528
1733237191943 -0.03562957048416138 10551296
1733237232584 -0.030852828174829483 10560000
1733237289815 -0.03141468018293381 10616832
1733237335084 -0.05046163499355316 10649600
1733237381499 -0.03164178505539894 10682368
1733237427864 0.030713293701410294 10715136
1733237467808 -0.03391971439123154 10720000
1733237526309 -0.005404947325587273 10780672
1733237569617 -0.01820339821279049 10813440
1733237615487 -7.190392352640629e-05 10846208
1733237660711 -0.030180949717760086 10878976
1733237698115 -0.035980917513370514 10880000
1733237760198 -0.04718439653515816 10944512
1733237805547 -0.02684270404279232 10977280
1733237849056 -0.03137604892253876 11010048
1733237901209 -0.03425299748778343 11040000
1733237947061 -0.038029469549655914 11075584
1733237991290 -0.025474105030298233 11108352
1733238035639 -0.025245416909456253 11141120
1733238081954 -0.050124458968639374 11173888
1733238131925 0.09187904745340347 11200000
1733238182285 -0.006733882240951061 11239424
1733238227117 -0.03658796846866608 11272192
1733238273826 -0.02202725037932396 11304960
1733238318247 -0.008050268515944481 11337728
1733238367039 -0.05283857136964798 11360000
1733238420056 0.017400266602635384 11403264
1733238468404 -0.06121307983994484 11436032
1733238514179 -0.018204720690846443 11468800
1733238562367 -0.032548338174819946 11501568
1733238607810 -0.01086723804473877 11520000
1733238661891 -0.03621935099363327 11567104
1733238705098 -0.03969694301486015 11599872
1733238751707 -0.023289140313863754 11632640
1733238794290 -0.03144789859652519 11665408
1733238840243 -0.04887796938419342 11680000
1733238894617 -0.029862748458981514 11730944
1733238940842 0.004721300210803747 11763712
1733238983636 -0.036296822130680084 11796480
1733239031614 -0.04327772557735443 11829248
1733239072239 -0.04765486344695091 11840000
1733239131191 -0.04790540039539337 11894784
1733239175793 -0.023584598675370216 11927552
1733239221913 -0.023762637749314308 11960320
1733239265504 -0.03156154602766037 11993088
1733239308475 -0.03948473557829857 12000000
1733239363250 -0.03363225609064102 12058624
1733239407813 -0.032339710742235184 12091392
1733239452583 -0.0356089249253273 12124160
1733239497169 -0.0034517981112003326 12156928
1733239534308 -0.015878809615969658 12160000
1733239594057 -0.02973744086921215 12222464
1733239639408 -0.024914005771279335 12255232
1733239682831 -0.005121867172420025 12288000
1733239736016 0.03662939369678497 12320000
1733239779590 -0.029803693294525146 12353536
1733239824482 -0.05951065942645073 12386304
1733239868710 -0.007092686370015144 12419072
1733239912831 -0.025820035487413406 12451840
1733239963405 -0.04024484008550644 12480000
1733240009675 -0.01730693131685257 12517376
1733240054271 -0.02593035064637661 12550144
1733240097234 -0.02590104192495346 12582912
1733240142439 -0.033929403871297836 12615680
1733240189611 -0.0365910604596138 12640000
1733240238853 -0.025716163218021393 12681216
1733240282810 -0.0025109301786869764 12713984
1733240329116 0.019810261204838753 12746752
1733240372339 -0.02326216548681259 12779520
1733240419485 -0.02911773882806301 12800000
1733240468188 -0.012874623760581017 12845056
1733240513566 -0.04240483045578003 12877824
1733240557504 -0.03703486919403076 12910592
1733240603749 -0.030146019533276558 12943360
1733240647853 -0.04292133450508118 12960000
1733240700635 -0.02215626649558544 13008896
1733240745372 -0.037919215857982635 13041664
1733240790364 0.022676505148410797 13074432
1733240834561 -0.005314445588737726 13107200
1733240880246 -0.028681574389338493 13120000
1733240934963 -0.030732063576579094 13172736
1733240978321 0.000369960063835606 13205504
1733241022875 -0.005066275596618652 13238272
1733241067192 -0.0028896830044686794 13271040
1733241107842 -0.03635309636592865 13280000
1733241163392 -0.03588652238249779 13336576
1733241208137 -0.04002602398395538 13369344
1733241251925 -0.025563830509781837 13402112
1733241295220 0.008973662741482258 13434880
1733241334343 -0.011821307241916656 13440000
1733241390334 -0.02118387259542942 13500416
1733241435940 -0.02521267905831337 13533184
1733241478892 -0.04380229860544205 13565952
1733241523787 -0.029437346383929253 13598720
1733241559180 -0.030590616166591644 13600000
1733241619635 -0.03038257174193859 13664256
1733241663815 -0.04092578589916229 13697024
1733241710417 0.0037815298419445753 13729792
1733241760210 -0.005989972036331892 13760000
1733241806765 -0.02422587387263775 13795328
1733241850193 -0.028724493458867073 13828096
1733241896304 -0.013830662705004215 13860864
1733241940425 -0.023867420852184296 13893632
1733241990498 -0.024563318118453026 13920000
1733242038361 -0.027600277215242386 13959168
1733242082671 -0.02282705157995224 13991936
1733242126796 -0.015895647928118706 14024704
1733242172445 -0.006629630457609892 14057472
1733242220036 -0.038252025842666626 14080000
1733242270701 -0.03242712840437889 14123008
1733242315789 -0.040070220828056335 14155776
1733242361144 -0.01802958734333515 14188544
1733242407147 -0.006727444939315319 14221312
1733242452561 -0.024782106280326843 14240000
1733242504161 -0.038756076246500015 14286848
1733242548615 -0.0007510159048251808 14319616
1733242592903 -0.03405941650271416 14352384
1733242637518 -0.01443368662148714 14385152
1733242680635 -0.011851027607917786 14400000
1733242733962 -0.01752120815217495 14450688
1733242776766 -0.032235100865364075 14483456
1733242821972 -0.035633862018585205 14516224
1733242865824 -0.03819221630692482 14548992
1733242910470 -0.0011448935838416219 14560000
1733242965796 -0.033796198666095734 14614528
1733243013030 -0.012371542863547802 14647296
1733243057458 0.010061091743409634 14680064
1733243102362 -0.018343975767493248 14712832
1733243141076 -0.021180743351578712 14720000
1733243198884 -0.029606156051158905 14778368
1733243244255 -0.02507285587489605 14811136
1733243288313 -0.024107031524181366 14843904
1733243333262 -0.04219350591301918 14876672
1733243374175 -0.022547835484147072 14880000
1733243433606 -0.021153368055820465 14942208
1733243477218 -0.04365440085530281 14974976
1733243523280 -0.028124356642365456 15007744
1733243573757 -0.010426012799143791 15040000
1733243619120 -0.01977488026022911 15073280
1733243662832 -0.01013189647346735 15106048
1733243708252 -0.015620991587638855 15138816
1733243752306 -0.04735178127884865 15171584
1733243802188 -0.02030438371002674 15200000
1733243848114 0.013049217872321606 15237120
1733243892634 -0.03318949043750763 15269888
1733243937303 0.13961665332317352 15302656
1733243981642 -0.03686930239200592 15335424
1733244030838 -0.01963023655116558 15360000
1733244079756 -0.03642550855875015 15400960
1733244125748 -0.053812555968761444 15433728
1733244169485 -0.019649231806397438 15466496
1733244214872 -0.025859227403998375 15499264
1733244261246 -0.026127440854907036 15520000
1733244312894 -0.0336339958012104 15564800
1733244357864 -0.02540489099919796 15597568
1733244401314 0.0068145389668643475 15630336
1733244445163 0.03864605352282524 15663104
1733244490156 -0.03521525487303734 15680000
1733244541695 0.011432472616434097 15728640
1733244585364 -0.022208595648407936 15761408
1733244630799 -0.03257244452834129 15794176
1733244674795 -0.029614094644784927 15826944
1733244719501 -0.02943483553826809 15840000
1733244773210 -0.024536876007914543 15892480
1733244818800 -0.017231779173016548 15925248
1733244862959 -0.012717554345726967 15958016
1733244908596 -0.02585933357477188 15990784
1733244949664 -0.04265328869223595 16000000
1733245005880 -0.04078494757413864 16056320
1733245049514 -0.014535554684698582 16089088
1733245093293 -0.03024255856871605 16121856
1733245137370 -0.045769158750772476 16154624
1733245174868 -0.011567319743335247 16160000
1733245235817 -0.022967737168073654 16220160
1733245279179 -0.04033147916197777 16252928
1733245325849 -0.0029217891860753298 16285696
1733245369373 -0.011169197037816048 16318464
1733245408150 -0.002953756833449006 16320000
1733245465467 -0.011667540296912193 16384000
1733245508892 -0.0457555428147316 16416768
1733245553577 -0.018123937770724297 16449536
1733245603924 -0.021726300939917564 16480000
1733245650444 -0.05145931988954544 16515072
1733245695603 -0.02556293085217476 16547840
1733245740860 -0.01126558892428875 16580608
1733245784625 -0.008512815460562706 16613376
1733245835195 -0.04436669871211052 16640000
1733245881487 -0.02190018817782402 16678912
1733245926441 -0.03769422322511673 16711680
1733245969837 -0.0487910695374012 16744448
1733246014132 -0.04223094880580902 16777216
1733246061595 -0.035571176558732986 16800000
1733246111910 -0.03856946900486946 16842752
1733246154995 -0.03350137546658516 16875520
1733246198647 -0.02469196915626526 16908288
1733246243799 -0.041002966463565826 16941056
1733246286572 -0.04147946462035179 16960000
1733246335489 -0.028226278722286224 17006592
1733246378026 -0.06857609748840332 17039360
1733246421489 -0.04119061306118965 17072128
1733246464251 -0.009274710901081562 17104896
1733246508272 0.007876359857618809 17120000
1733246559177 -0.012717625126242638 17170432
1733246603561 -0.0360005758702755 17203200
1733246646367 -0.023698611184954643 17235968
1733246690516 -0.042494818568229675 17268736
1733246730780 -0.037988074123859406 17280000
1733246787914 -0.021583963185548782 17334272
1733246831676 -0.03942728415131569 17367040
1733246876019 -0.019871454685926437 17399808
1733246920426 -0.034797150641679764 17432576
1733246959858 -0.030514564365148544 17440000
1733247015058 -0.03507160395383835 17498112
1733247059320 -0.032819319516420364 17530880
1733247102678 -0.02479361742734909 17563648
1733247148078 -0.029256470501422882 17596416
1733247185526 -0.027177317067980766 17600000
1733247244425 -0.001154072117060423 17661952
1733247287830 -0.028552403673529625 17694720
1733247330793 -0.025965075939893723 17727488
1733247383026 -0.026448288932442665 17760000
1733247425522 -0.010536343790590763 17793024
1733247468943 -0.033479783684015274 17825792
1733247511858 -0.01855406165122986 17858560
1733247555783 -0.006558116991072893 17891328
1733247602496 -0.04968868941068649 17920000
1733247648249 -0.02239999547600746 17956864
1733247692661 -0.025891097262501717 17989632
1733247736731 -0.011151254177093506 18022400
1733247779578 -0.06521835923194885 18055168
1733247829548 -0.037994686514139175 18080000
1733247875943 -0.010443813167512417 18120704
1733247920773 -0.023566413670778275 18153472
1733247964157 -0.02759309485554695 18186240
1733248009314 -0.022435687482357025 18219008
1733248054351 -0.02802807092666626 18240000
1733248106345 -0.026471657678484917 18284544
1733248149778 -0.038907162845134735 18317312
1733248194279 -0.033097706735134125 18350080
1733248237476 -0.01179409958422184 18382848
1733248282490 0.01149075198918581 18400000
1733248334018 -0.041780985891819 18448384
1733248377420 -0.026733746752142906 18481152
1733248420960 -0.011627896688878536 18513920
1733248465234 -0.011949202977120876 18546688
1733248507430 -0.021602436900138855 18560000
1733248559983 -0.013355037197470665 18612224
1733248604091 -0.021936986595392227 18644992
1733248647622 0.17086590826511383 18677760
1733248692619 -0.005033363588154316 18710528
1733248732172 -0.052592262625694275 18720000
1733248788195 -0.0442781038582325 18776064
1733248831613 -0.037419695407152176 18808832
1733248875576 -0.04042372852563858 18841600
1733248918626 -0.03142194077372551 18874368
1733248958315 -0.028303688392043114 18880000
1733249017054 -0.03182237595319748 18939904
1733249061082 -0.019465068355202675 18972672
1733249104434 -0.06602054834365845 19005440
1733249148575 -0.0353974848985672 19038208
1733249184795 -0.05362115055322647 19040000
1733249241971 -0.05794499069452286 19103744
1733249286965 -0.04347525164484978 19136512
1733249329022 -0.03159947693347931 19169280
1733249377864 -0.03681967034935951 19200000
1733249422031 -0.03597483038902283 19234816
1733249466546 -0.014428827911615372 19267584
1733249508859 -0.021016597747802734 19300352
1733249552547 -0.04907367005944252 19333120
1733249602694 -0.020681414753198624 19360000
1733249651647 -0.03221413120627403 19398656
1733249694915 -0.027631850913167 19431424
1733249741149 -0.02735568955540657 19464192
1733249784739 -0.05254378169775009 19496960
1733249832081 -0.01827647164463997 19520000
1733249881031 -0.03592273220419884 19562496
1733249925429 -0.036612968891859055 19595264
1733249969503 -0.028299447149038315 19628032
1733250013920 -0.03603892773389816 19660800
1733250056765 -0.015528219752013683 19680000
1733250108303 -0.014597482047975063 19726336
1733250152616 -0.02349805273115635 19759104
1733250194823 0.010607246309518814 19791872
1733250238730 -0.0007758315186947584 19824640
1733250281985 -0.059933166950941086 19840000
1733250335992 -0.04995938390493393 19890176
1733250379098 -0.04302626848220825 19922944
1733250423436 -0.024815669283270836 19955712
1733250466782 0.07037971913814545 19988480
1733250509374 -0.003829360706731677 20000000
1733250563220 -0.05242651700973511 20054016
1733250607694 -0.04296024888753891 20086784
1733250651827 -0.06271038949489594 20119552
1733250696355 -0.037221942096948624 20152320
1733250735087 -0.038997553288936615 20160000
1733250790281 -0.0288363229483366 20217856
1733250833866 -0.05931810662150383 20250624
1733250875929 -0.035090506076812744 20283392
1733250919201 0.013306143693625927 20316160
1733250956500 -0.019999666139483452 20320000
1733251016025 -0.03979663550853729 20381696
1733251059340 -0.01944366842508316 20414464
1733251104632 -0.02331104874610901 20447232
1733251156451 -0.0419316329061985 20480000
1733251201230 -0.045778997242450714 20512768
1733251244101 -0.01705130562186241 20545536
1733251289118 -0.03448333591222763 20578304
1733251333380 -0.05604521557688713 20611072
1733251383424 -0.029083019122481346 20640000
1733251429654 -0.02568187564611435 20676608
1733251472818 0.015822654590010643 20709376
1733251518137 -0.02338244952261448 20742144
1733251560857 -0.021056504920125008 20774912
1733251608910 -0.0487406887114048 20800000
1733251657491 -0.05021664500236511 20840448
1733251701439 -0.023653827607631683 20873216
1733251746797 -0.02924061380326748 20905984
1733251791192 -0.03479818254709244 20938752
1733251834962 -0.025631830096244812 20960000
1733251885870 -0.034636177122592926 21004288
1733251929158 -0.021414199844002724 21037056
1733251972817 -0.04933817312121391 21069824
1733252015647 -0.0697254091501236 21102592
1733252058937 -0.01581631973385811 21120000
1733252110893 -0.04586193338036537 21168128
1733252153394 -0.027670618146657944 21200896
1733252197700 -0.030802063643932343 21233664
1733252240523 -0.03903627395629883 21266432
1733252282857 -0.009222651831805706 21280000
1733252336892 -0.035128165036439896 21331968
1733252381149 -0.03107517585158348 21364736
1733252423259 -0.05161074548959732 21397504
1733252468057 -0.05184894800186157 21430272
1733252506850 -0.0359063521027565 21440000
1733252562873 -0.05311933159828186 21495808
1733252605742 -0.028072338551282883 21528576
1733252648937 0.056562185287475586 21561344
1733252693844 -0.047908034175634384 21594112
1733252731264 -0.060444433242082596 21600000
1733252787115 -0.0316975861787796 21659648
1733252826781 -0.04347928613424301 21692416
1733252869207 -0.009261541068553925 21725184
1733252909821 -0.030387548729777336 21757952
1733252946061 -0.03759396821260452 21760000
1733253000520 -0.031791072338819504 21823488
1733253042276 -0.03061949647963047 21856256
1733253082512 -0.0335959754884243 21889024
1733253131606 0.06612010300159454 21920000
1733253173794 -0.05107322335243225 21954560
1733253215557 -0.021080292761325836 21987328
1733253256919 -0.02886088378727436 22020096
1733253298948 0.010812666267156601 22052864
1733253344007 -0.019172443076968193 22080000
1733253386916 -0.028528371825814247 22118400
1733253428083 0.5811425447463989 22151168
1733253468150 -0.038382139056921005 22183936
1733253508962 -0.07884500920772552 22216704
1733253551967 -0.025249239057302475 22240000
1733253596876 -0.029618244618177414 22282240
1733253637198 -0.06313974410295486 22315008
1733253678287 -0.014310535974800587 22347776
1733253718889 -0.030826380476355553 22380544
1733253760873 -0.03546425327658653 22400000
1733253806734 -0.01983201876282692 22446080
1733253848139 -0.002170134335756302 22478848
1733253888261 -0.03729685768485069 22511616
1733253929975 -0.016608307138085365 22544384
1733253969571 -0.056779131293296814 22560000
1733254018890 -0.012084893882274628 22609920
1733254058629 -0.04128311946988106 22642688
1733254099201 -0.014487932436168194 22675456
1733254139164 -0.003933778032660484 22708224
1733254179151 -0.04617992788553238 22720000
1733254229279 -0.03601094335317612 22773760
1733254271269 -0.02649317868053913 22806528
1733254311384 -0.027363451197743416 22839296
1733254352796 -0.025175731629133224 22872064
1733254389635 -0.03703521937131882 22880000
1733254440950 -0.02967459335923195 22937600
1733254483113 -0.023581629619002342 22970368
1733254524510 0.040562935173511505 23003136
1733254566007 -0.03304756432771683 23035904
1733254601559 -0.02962695248425007 23040000
1733254654860 0.21399375796318054 23101440
1733254695295 -0.05274312570691109 23134208
1733254737099 -0.03830648213624954 23166976
1733254777893 -0.03914589062333107 23199744
1733254812103 -0.01602129638195038 23200000
1733254867359 -0.010804797522723675 23265280
1733254907774 -0.05162866786122322 23298048
1733254951468 -0.033616647124290466 23330816
1733254997030 -0.0446690209209919 23360000
1733255041421 -0.022307757288217545 23396352
1733255082679 -0.0064402357675135136 23429120
1733255125470 0.034380145370960236 23461888
1733255166718 -0.051288530230522156 23494656
1733255211711 -0.029965510591864586 23520000
1733255258397 -0.018958881497383118 23560192
1733255299481 -0.010445546358823776 23592960
1733255343154 -0.07952219247817993 23625728
1733255384159 -0.06486339122056961 23658496
1733255429437 0.036158379167318344 23680000
1733255475940 -0.046581435948610306 23724032
1733255517807 -0.03976382315158844 23756800
1733255560258 -0.03875000402331352 23789568
1733255601186 -0.04550200328230858 23822336
1733255644411 -0.03877811133861542 23840000
1733255695954 -0.0521724671125412 23887872
1733255738537 -0.02310982532799244 23920640
1733255778899 -0.0346161313354969 23953408
1733255821103 -0.06842745095491409 23986176
1733255861818 -0.0383395180106163 24000000
1733255911304 -0.006204133853316307 24051712
1733255953974 -0.03906551003456116 24084480
1733255994843 -0.00592938344925642 24117248
1733256037764 -0.02454230934381485 24150016
1733256075751 0.003682475769892335 24160000
1733256128280 -0.0695660263299942 24215552
1733256169106 -0.04705633968114853 24248320
1733256210597 0.10929294675588608 24281088
1733256251828 -0.05401695892214775 24313856
1733256288443 -0.034135039895772934 24320000
1733256347097 -0.027008038014173508 24379392
1733256387292 -0.005898659583181143 24412160
1733256430429 -0.024316607043147087 24444928
1733256471005 -0.05363951623439789 24477696
1733256505608 -0.004784697666764259 24480000
1733256561293 -0.016035864129662514 24543232
1733256603733 -0.026373224332928658 24576000
1733256646067 -0.04393073916435242 24608768
1733256693466 -0.07717752456665039 24640000
1733256738294 -0.06777246296405792 24674304
1733256778325 -0.01707308553159237 24707072
1733256820238 -0.06056151166558266 24739840
1733256860810 -0.07243609428405762 24772608
1733256907455 -0.006753086112439632 24800000
1733256951476 -0.031431201845407486 24838144
1733256993483 -0.007577653508633375 24870912
1733257039118 -0.029972676187753677 24903680
1733257080006 -0.05508274957537651 24936448
1733257126610 -0.008620389737188816 24960000
1733257171453 -0.020555049180984497 25001984
1733257214364 -0.02498803287744522 25034752
1733257254935 -0.022898685187101364 25067520
1733257296727 -0.0341203473508358 25100288
1733257340509 -0.03366263210773468 25120000
1733257387452 -0.06695620715618134 25165824
1733257432127 -0.05241123586893082 25198592
1733257472229 -0.0371917188167572 25231360
1733257514909 -0.07273747026920319 25264128
1733257555636 -0.05371852591633797 25280000
1733257606129 0.012353158555924892 25329664
1733257647251 -0.05961509048938751 25362432
1733257689981 0.06319181621074677 25395200
1733257732443 -0.02319936454296112 25427968
1733257771974 -0.0035720367450267076 25440000
1733257826300 -0.02241384983062744 25493504
1733257866880 -0.021955953910946846 25526272
1733257909650 0.03798530995845795 25559040
1733257950768 -0.04663935303688049 25591808
1733257988857 -0.059797074645757675 25600000
1733258041930 -0.043420035392045975 25657344
1733258083458 -0.04969824478030205 25690112
1733258127045 -0.06146351620554924 25722880
1733258167223 -0.05743199586868286 25755648
1733258204132 -0.06620928645133972 25760000
1733258258015 -0.04532651975750923 25821184
1733258300595 -0.02756899781525135 25853952
1733258341399 -0.018154963850975037 25886720
1733258382788 -0.04095613211393356 25919488
1733258418577 -0.03890468180179596 25920000
1733258472870 -0.03147824481129646 25985024
1733258516597 -0.04308644309639931 26017792
1733258558183 -0.02468542568385601 26050560
1733258607474 -0.05326016619801521 26080000
1733258649462 -0.07012414932250977 26116096
1733258692039 -0.029197953641414642 26148864
1733258732553 0.03684134781360626 26181632
1733258774982 -0.03494562953710556 26214400
1733258824580 -0.03697682172060013 26240000
1733258873174 0.023380933329463005 26279936
1733258915053 -0.04825993999838829 26312704
1733258958279 -0.02476666495203972 26345472
1733259003685 -0.03529158979654312 26378240
1733259049915 -0.010461295023560524 26400000
1733259100796 -0.05300455540418625 26443776
1733259145128 -0.019450495019555092 26476544
1733259190257 -0.049630239605903625 26509312
1733259234344 -0.0214491356164217 26542080
1733259279181 -0.061185844242572784 26560000
1733259329394 -0.02704782411456108 26607616
1733259373145 -0.07126138359308243 26640384
1733259419131 -0.02770077809691429 26673152
1733259466365 -0.04405311867594719 26705920
1733259509031 -0.02654181607067585 26720000
1733259562970 -0.01980871893465519 26771456
1733259607990 -0.004033352714031935 26804224
1733259650278 -0.028926411643624306 26836992
1733259695055 -0.02640979178249836 26869760
1733259734681 0.031014639884233475 26880000
1733259789541 -0.04686344042420387 26935296
1733259833633 -0.03117125667631626 26968064
1733259877312 -0.0010479228803887963 27000832
1733259922751 -0.006358742248266935 27033600
1733259961740 -0.014869588427245617 27040000
1733260019137 -0.02789888344705105 27099136
1733260061850 -0.04275539889931679 27131904
1733260108982 -0.0553276464343071 27164672
1733260150962 -0.05190454050898552 27197440
1733260188865 -0.02837945893406868 27200000
1733260248206 -0.006500016897916794 27262976
1733260293499 -0.02845700830221176 27295744
1733260340923 -0.027117425575852394 27328512
1733260389910 -0.04664287716150284 27360000
1733260436639 0.003978353459388018 27394048
1733260478452 -0.008465271443128586 27426816
1733260524482 -0.016240529716014862 27459584
1733260566739 -0.04838503152132034 27492352
1733260617224 0.0720798447728157 27520000
1733260662817 -0.03135666251182556 27557888
1733260706570 -0.0565798319876194 27590656
1733260750600 -0.019786788150668144 27623424
1733260793071 -0.02225561812520027 27656192
1733260842615 -0.04086461663246155 27680000
1733260887311 -0.028214367106556892 27721728
1733260933430 -0.051395200192928314 27754496
1733260977167 -0.03843456506729126 27787264
1733261024211 -0.011058718897402287 27820032
1733261069540 -0.035512421280145645 27840000
1733261123587 -0.03755713626742363 27885568
1733261168011 1.2046410120092332e-05 27918336
1733261214006 -0.02972930110991001 27951104
1733261258579 -0.06581944227218628 27983872
1733261303397 -0.06164425238966942 28000000
1733261359277 -0.031356021761894226 28049408
1733261403068 0.02547144517302513 28082176
1733261451614 -0.01990072801709175 28114944
1733261495351 -0.052012570202350616 28147712
1733261539285 -0.05439708009362221 28160000
1733261594161 -0.05775975435972214 28213248
1733261638420 -0.023857751861214638 28246016
1733261683744 -0.05527680739760399 28278784
1733261728823 -0.04169747233390808 28311552
1733261772269 -0.04034110903739929 28320000
1733261828378 -0.033088378608226776 28377088
1733261873423 -0.055043917149305344 28409856
1733261918088 -0.05075928568840027 28442624
1733261963731 -0.018480457365512848 28475392
1733262002652 -0.015795890241861343 28480000
1733262064009 -0.030818946659564972 28540928
1733262107888 -0.038026511669158936 28573696
1733262154474 -0.026746263727545738 28606464
1733262198248 0.03915872052311897 28639232
1733262235571 -0.04564023017883301 28640000
1733262296683 -0.0462326779961586 28704768
1733262341737 -0.036421678960323334 28737536
1733262387778 -0.041761890053749084 28770304
1733262437649 -0.06116972118616104 28800000
1733262487109 -0.05976443737745285 28835840
1733262531224 -0.04454946517944336 28868608
1733262577290 -0.02394692413508892 28901376
1733262622353 -0.03024435043334961 28934144
1733262672464 -0.05761003494262695 28960000
1733262721266 0.008677689358592033 28999680
1733262765422 -0.04344435781240463 29032448
1733262811725 -0.04578709229826927 29065216
1733262856878 -0.029265614226460457 29097984
1733262908972 -0.025942742824554443 29120000
1733262959532 -0.0060959914699196815 29163520
1733263005594 0.00553608313202858 29196288
1733263049023 -0.04611468315124512 29229056
1733263095102 -0.04576164856553078 29261824
1733263139714 -0.04048572853207588 29280000
1733263192098 -0.05731136351823807 29327360
1733263236068 -0.057768695056438446 29360128
1733263280664 -0.04048177972435951 29392896
1733263326234 -0.055072687566280365 29425664
1733263369796 0.004722420126199722 29440000
1733263424455 -0.030182020738720894 29491200
1733263469608 -0.024635089561343193 29523968
1733263515712 -0.05834629014134407 29556736
1733263558471 -0.01998155377805233 29589504
1733263600412 -0.007233168464154005 29600000
1733263655427 -0.0570216178894043 29655040
1733263704191 -0.02240016683936119 29687808
1733263748209 -0.06692953407764435 29720576
1733263793198 -0.047328121960163116 29753344
1733263832901 -0.040523137897253036 29760000
1733263889462 -0.018350113183259964 29818880
1733263936014 -0.002912780037149787 29851648
1733263979946 -0.013764318078756332 29884416
1733264025397 -0.009164515882730484 29917184
1733264062512 -0.06617225706577301 29920000
1733264122702 -0.04702973738312721 29982720
1733264167365 -0.028037456795573235 30015488
1733264212494 -0.038101229816675186 30048256
1733264263546 -0.008337059989571571 30080000
1733264309591 -0.018185637891292572 30113792
1733264353468 0.012766753323376179 30146560
1733264398464 0.005310197826474905 30179328
1733264443201 -0.024960998445749283 30212096
1733264492348 -0.051740922033786774 30240000
1733264540035 -0.010708953253924847 30277632
1733264583707 0.008373875170946121 30310400
1733264629388 -0.041264940053224564 30343168
1733264672800 -0.037963517010211945 30375936
1733264721001 -0.02027815766632557 30400000
1733264767786 -0.02117583528161049 30441472
1733264811957 -0.005314371082931757 30474240
1733264856103 -0.03914013132452965 30507008
1733264898364 0.06255403906106949 30539776
1733264945906 -0.022747883573174477 30560000
1733264996647 -0.00738159753382206 30605312
1733265041359 -0.03667421638965607 30638080
1733265086513 -0.03880724310874939 30670848
1733265129368 -0.06560934334993362 30703616
1733265175456 -0.05975048243999481 30720000
1733265229698 -0.04112334921956062 30769152
1733265273485 7.04853082424961e-05 30801920
1733265317894 -0.033348448574543 30834688
1733265361826 -0.020104942843317986 30867456
1733265403489 -0.04965349659323692 30880000
1733265458774 -0.014869891107082367 30932992
1733265505136 -0.04065439850091934 30965760
1733265548554 -0.0347466841340065 30998528
1733265595086 -0.06734779477119446 31031296
1733265633554 -0.03458229824900627 31040000
1733265689788 -0.03754482418298721 31096832
1733265733318 -0.017357898876070976 31129600
1733265776096 -0.06735876202583313 31162368
1733265822388 -0.014357753098011017 31195136
1733265859847 -0.03395094349980354 31200000
1733265912104 0.01673222705721855 31260672
1733265951633 -0.04185541719198227 31293440
1733265988277 0.03562866896390915 31326208
1733266028498 -0.04221401736140251 31358976
1733266060612 -0.032022617757320404 31360000
1733266112197 -0.055367883294820786 31424512
1733266151212 -0.021048450842499733 31457280
1733266188697 -0.031109245494008064 31490048
1733266234621 -0.08610928803682327 31520000
1733266274826 -0.01399907935410738 31555584
1733266313014 -0.019979888573288918 31588352
1733266351630 -0.05054173246026039 31621120
1733266390194 -0.04368158057332039 31653888
1733266432630 -0.024199247360229492 31680000
1733266474495 -0.05139314383268356 31719424
1733266512938 -0.015588716603815556 31752192
1733266550556 -0.03956897556781769 31784960
1733266590838 -0.03026202879846096 31817728
1733266630009 -0.07536787539720535 31840000
1733266674146 -0.01602783612906933 31883264
1733266712541 -0.0035885870456695557 31916032
1733266749133 -0.06639742851257324 31948800
1733266789405 0.021242408081889153 31981568
1733266827461 -0.012582214549183846 32000000
1733266871707 -0.025001291185617447 32047104
1733266912477 -0.003105388255789876 32079872
1733266948485 -0.026257021352648735 32112640
1733266989007 -0.03397384658455849 32145408
1733267025938 -0.06011088564991951 32160000
