1733223280367 -0.050966216004871966 65536
1733223321255 -0.05565702407143362 98304
1733223361377 -0.05679668564871463 131072
1733223406577 -0.055969959309913976 160000
1733223447755 -0.05370053786036806 196608
1733223486149 -0.0562515568886738 229376
1733223526875 -0.057397553956252526 262144
1733223565650 -0.05975615074567031 294912
1733223607896 -0.05900108591304161 320000
1733223649218 -0.05189209492123155 360448
1733223687082 -0.054514007787247465 393216
1733223725852 -0.06191178425442558 425984
1733223764067 -0.03679196384109673 458752
1733223804847 -0.05049834288652164 480000
1733223847286 -0.05885845357111066 524288
1733223884834 -0.06135440944476613 557056
1733223923952 -0.060248243190653736 589824
1733223962596 -0.06173375398084317 622592
1733224001148 -0.05647191681346157 640000
1733224044548 -0.03446699729834109 688128
1733224082941 -0.05405081115482062 720896
1733224121368 -0.0533080722964769 753664
1733224160302 -0.043737742117832566 786432
1733224197891 -0.05938903589376423 800000
1733224244353 -0.06079022535632248 851968
1733224283089 -0.05633964065159489 884736
1733224321677 -0.05208045881581711 917504
1733224360069 -0.056511233373157665 950272
1733224395865 -0.06003537555297953 960000
1733224444019 -0.04389408012643799 1015808
1733224482741 -0.04540822764479344 1048576
1733224521955 -0.0336039331529264 1081344
1733224561493 -0.05621733522416435 1114112
1733224596550 -0.027974397698062602 1120000
1733224646643 -0.04209351715549019 1179648
1733224686283 -0.05679142990429682 1212416
1733224725673 -0.05629284639398975 1245184
1733224764834 -0.05998363079943374 1277952
1733224798158 -0.052717688887742045 1280000
1733224850842 -0.049616735836480075 1343488
1733224890222 -0.05096142606353169 1376256
1733224929857 -0.056707068165133025 1409024
1733224976042 -0.05387569963545502 1440000
1733225016977 -0.02566795269422073 1474560
1733225057199 -0.030024426599834442 1507328
1733225096771 -0.05308979809351513 1540096
1733225136290 -0.050414240915756636 1572864
1733225180952 -0.034519955385940194 1600000
1733225222617 -0.032965327248143696 1638400
1733225262605 -0.04927323114898172 1671168
1733225302098 -0.047840135736987574 1703936
1733225343449 -0.03429851269279425 1736704
1733225386161 -0.037628424823924436 1760000
1733225429507 -0.02814094252371433 1802240
1733225468430 -0.03434102469254867 1835008
1733225507928 -0.037442393491937766 1867776
1733225547823 -0.021670284686911144 1900544
1733225588844 -0.0414990158778437 1920000
1733225633273 -0.031715494910531564 1966080
1733225672903 -0.03338531453316591 1998848
1733225712094 -0.03961221112078874 2031616
1733225751433 -0.021044337447892757 2064384
1733225790415 -0.027792279327240977 2080000
1733225837213 -0.0370044440653146 2129920
1733225876952 -0.033986534801283594 2162688
1733225916107 -0.03248167365873087 2195456
1733225955654 -0.026756607105403417 2228224
1733225992566 -0.04060254567984885 2240000
1733226040411 -0.028379168102947005 2293760
1733226079976 -0.028101509561474815 2326528
1733226119839 -0.021409223415753333 2359296
1733226158953 -0.028287071992372147 2392064
1733226195437 -0.024822506930581766 2400000
1733226246675 -0.027030995227323728 2457600
1733226286582 -0.02998510030724901 2490368
1733226326720 -0.03617385272868887 2523136
1733226366942 -0.01740938894279225 2555904
1733226401117 -0.02243279170877486 2560000
1733226452950 -0.024619375376300923 2621440
1733226492208 -0.024204758322662202 2654208
1733226531601 -0.032584047799105065 2686976
1733226571150 -0.021276549080403127 2719744
1733226604256 -0.020369352892316783 2720000
1733226657358 -0.023315877940012796 2785280
1733226696613 -0.026558830781436883 2818048
1733226735635 -0.025166489969512894 2850816
1733226780088 -0.024493745597692396 2880000
1733226820743 -0.022698574295827712 2916352
1733226860002 -0.019092154699910678 2949120
1733226899312 -0.023558546731669593 2981888
1733226938401 -0.0268822786693363 3014656
1733226981596 -0.027848412568346248 3040000
1733227024375 -0.022532816300088142 3080192
1733227063739 -0.02366987582247475 3112960
1733227103186 -0.02230361266269938 3145728
1733227142425 -0.021720335247596267 3178496
1733227183301 -0.021151183258757554 3200000
1733227228179 -0.02090420326117055 3244032
1733227267584 -0.024358319753127945 3276800
1733227306889 -0.02427371853902969 3309568
1733227346260 -0.021716371893876384 3342336
1733227386195 -0.022641357223096747 3360000
1733227432531 -0.023812016765668888 3407872
1733227472300 -0.024853048792465415 3440640
1733227511670 -0.021446666857173113 3473408
1733227550985 -0.021246467758282962 3506176
1733227589452 -0.01823536457688988 3520000
1733227636720 -0.023080542184857222 3571712
1733227677177 -0.023989038523336604 3604480
1733227716663 -0.02397807705763171 3637248
1733227756213 -0.02276820655017673 3670016
1733227793076 -0.018525665790980382 3680000
1733227842229 -0.02743310746272982 3735552
1733227881772 -0.02141378546443775 3768320
1733227922122 -0.021798021956533374 3801088
1733227961627 -0.031646984469171004 3833856
1733227996784 -0.020184008157787047 3840000
1733228047095 -0.01836880957275753 3899392
1733228086161 -0.024029565442128843 3932160
1733228125193 -0.021236939801542575 3964928
1733228164522 -0.01894533939894245 3997696
1733228197841 -0.02302957268357204 4000000
1733228249613 -0.019415159241020774 4063232
1733228289469 -0.016844514301396885 4096000
1733228328862 -0.022241960530914186 4128768
1733228373861 -0.028736810471741592 4160000
1733228414142 -0.02255757687802884 4194304
1733228453342 -0.015610568185411466 4227072
1733228492390 -0.01981892316725862 4259840
1733228531536 -0.017484678902064843 4292608
1733228575654 -0.020194981824647584 4320000
1733228617669 -0.025243549909191643 4358144
1733228656541 -0.020800856719768036 4390912
1733228695905 -0.020118635578955945 4423680
1733228735855 -0.025399591269945176 4456448
1733228779145 -0.01736119857656604 4480000
1733228823231 -0.021532054838689873 4521984
1733228863002 -0.017587268906686403 4554752
1733228903062 -0.017850757072204716 4587520
1733228943084 -0.021449650567763 4620288
1733228984589 -0.017813670247517167 4640000
1733229030218 -0.01957452728199769 4685824
1733229069894 -0.0221687825244544 4718592
1733229109837 -0.022790225084690974 4751360
1733229150842 -0.018195526252316085 4784128
1733229190889 -0.022658301722913166 4800000
1733229237859 -0.020535325703326633 4849664
1733229277410 -0.01636236902248811 4882432
1733229316986 -0.015365384310052832 4915200
1733229357870 -0.015309798872044667 4947968
1733229396570 -0.016589996702134614 4960000
1733229445236 -0.02058363692133298 5013504
1733229484083 -0.017282966937909806 5046272
1733229523189 -0.01804913326677706 5079040
1733229564280 -0.01817021807053152 5111808
1733229601215 -0.01652995666700008 5120000
1733229650868 -0.017788437167382654 5177344
1733229690232 -0.018531734386851895 5210112
1733229729071 -0.017423160175053454 5242880
1733229769035 -0.02163360172310149 5275648
1733229804082 -0.015526200203180452 5280000
1733229856393 -0.016759073863181585 5341184
1733229896118 -0.014497958135393674 5373952
1733229936269 -0.02002932935292847 5406720
1733229976821 -0.023609379820868526 5439488
1733230010438 -0.01955408244677983 5440000
1733230065022 -0.016854304159198818 5505024
1733230105407 -0.019434400903810455 5537792
1733230146130 -0.0179879861047084 5570560
1733230192346 -0.020170156649942327 5600000
1733230235150 -0.022555258852423776 5636096
1733230277269 -0.017504845351777477 5668864
1733230327540 -0.016878367218328093 5701632
1733230368729 -0.015822089280572983 5734400
1733230416531 -0.01932202838293051 5760000
1733230461320 -0.017034903496619336 5799936
1733230502190 -0.01925885407728174 5832704
1733230542462 -0.017089148174591173 5865472
1733230583358 -0.02121470069589577 5898240
1733230626201 -0.020466915549900478 5920000
1733230674320 -0.012748511287577457 5963776
1733230715836 -0.017419617279995237 5996544
1733230757878 -0.017505308564000188 6029312
1733230798059 -0.017850921545186794 6062080
1733230840426 -0.017290770409863397 6080000
1733230889072 -0.02039661169142164 6127616
1733230930648 -0.019644081047022154 6160384
1733230974044 -0.017835655895078163 6193152
1733231022070 -0.02128657140788164 6225920
1733231062531 -0.018160577449862103 6240000
1733231114607 -0.021607931896483024 6291456
1733231159062 -0.017730606476675348 6324224
1733231203328 -0.014316717723704641 6356992
1733231248015 -0.017768102928130247 6389760
1733231288573 -0.020282492918408935 6400000
1733231345174 -0.01688448974000494 6455296
1733231388355 -0.02036937118396054 6488064
1733231432825 -0.02122046724198299 6520832
1733231478616 -0.01809260384945901 6553600
1733231516446 -0.01446981591509484 6560000
1733231575143 -0.01873650286972861 6619136
1733231618437 -0.016823101996283184 6651904
1733231662129 -0.01812786349041744 6684672
1733231708066 -0.017936807377259355 6717440
1733231744293 -0.018997803318188743 6720000
1733231804424 -0.02058950664115855 6782976
1733231849264 -0.017390109329699043 6815744
1733231893588 -0.017355319066200536 6848512
1733231945403 -0.016969614458975 6880000
1733231988610 -0.01577955081897926 6914048
1733232033932 -0.020211003932581663 6946816
1733232079111 -0.013732299354865063 6979584
1733232123250 -0.009637594609603183 7012352
1733232172276 -0.012664779225599433 7040000
1733232221299 -0.01829236154624141 7077888
1733232265171 -0.011670982564373844 7110656
1733232308745 -0.01965470762543191 7143424
1733232352435 -0.013421356274466233 7176192
1733232398870 -0.01566688675304704 7200000
1733232449689 -0.013105036451929664 7241728
1733232494202 -0.013236278395197587 7274496
1733232537563 -0.01461252685785439 7307264
1733232583138 -0.01691175393591493 7340032
1733232628275 -0.015158370572737567 7360000
1733232679105 -0.015267993172278694 7405568
1733232720707 -0.015294769714932955 7438336
1733232765911 -0.018170082364554217 7471104
1733232812373 -0.016278446340459142 7503872
1733232853959 -0.012875020939441128 7520000
1733232903754 -0.015095238074593453 7569408
1733232949282 -0.015434893898577684 7602176
1733232994243 -0.01575502064799821 7634944
1733233037764 -0.0126403438761713 7667712
1733233079897 -0.013733985551425576 7680000
1733233135420 -0.014421784532646597 7733248
1733233179399 -0.01187063996883353 7766016
1733233222414 -0.012490090872074689 7798784
1733233268041 -0.01504063138361289 7831552
1733233309037 -0.014729582170048161 7840000
1733233370167 -0.016289661797418375 7897088
1733233413900 -0.01790200972520779 7929856
1733233459404 -0.01613522612497036 7962624
1733233506765 -0.018445334699526937 7995392
1733233544983 -0.016687709166126295 8000000
1733233605257 -0.01899980724294892 8060928
1733233649857 -0.016076284158225464 8093696
1733233696182 -0.01830442852201486 8126464
1733233742406 -0.01358344673457168 8159232
1733233779381 -0.01753490885851079 8160000
1733233841834 -0.015080464681523154 8224768
1733233887266 -0.015587471413618914 8257536
1733233932420 -0.00495350816474911 8290304
1733233984634 -0.014376374113646761 8320000
1733234031954 -0.02016433660412531 8355840
1733234078194 -0.014899454572991999 8388608
1733234123713 -0.01448467324903504 8421376
1733234168193 -0.018408089712784202 8454144
1733234217948 -0.01674335245581915 8480000
1733234266843 -0.017277576913443227 8519680
1733234313430 -0.01194401168602326 8552448
1733234358300 -0.010375680842389556 8585216
1733234402666 -0.012198101780745674 8617984
1733234450496 -0.016515905507708338 8640000
1733234501919 -0.016005411596120213 8683520
1733234546899 -0.013506450918202972 8716288
1733234590673 -0.015373774645604498 8749056
1733234635440 -0.018386219992476072 8781824
1733234683059 -0.014179059434388819 8800000
1733234736477 -0.014492056117092034 8847360
1733234782339 -0.01544664683992778 8880128
1733234826213 -0.016606639894621366 8912896
1733234870873 -0.017830494935492425 8945664
1733234916431 -0.011972506846268516 8960000
1733234972002 -0.01769052364079471 9011200
1733235018589 -0.011906561778368996 9043968
1733235063008 -0.013017321060101495 9076736
1733235109947 -0.010673900852407315 9109504
1733235154059 -0.00858679747784663 9120000
1733235210677 -0.01585450398217745 9175040
1733235257839 -0.01935772364533932 9207808
1733235302410 -0.016209878732774997 9240576
1733235347599 -0.015712202660984075 9273344
1733235389037 -0.009342092864085317 9280000
1733235448672 -0.015062254117253815 9338880
1733235496270 -0.01609662357673187 9371648
1733235541083 -0.015035818682190439 9404416
1733235585847 -0.013428930527152261 9437184
1733235626270 -0.01555062429551981 9440000
1733235687218 -0.014020741616917576 9502720
1733235734508 -0.014101549873294062 9535488
1733235778080 -0.014588552076475025 9568256
1733235830436 -0.01426577347631337 9600000
1733235876973 -0.01892738507364129 9633792
1733235921973 -0.011638675867152415 9666560
1733235968788 -0.014822503966479416 9699328
1733236012787 -0.014966415272670019 9732096
1733236064323 -0.014999353775647251 9760000
1733236111351 -0.012760790963602631 9797632
1733236156004 -0.010605639099412655 9830400
1733236201922 -0.015896898390610658 9863168
1733236247903 -0.011582897170114848 9895936
1733236297513 -0.016477835713067178 9920000
1733236347558 -0.015188437252072617 9961472
1733236392686 -0.00406487881512021 9994240
1733236439980 -0.014119401825792011 10027008
1733236484726 -0.015336677085815608 10059776
1733236531432 -0.014131786023654058 10080000
1733236583381 -0.00455284143197332 10125312
1733236628781 -0.012302658794021681 10158080
1733236676306 -0.013652254991507106 10190848
1733236720296 -0.015698631881809887 10223616
1733236764256 -0.012597441778711981 10240000
1733236819923 -0.013340315812070003 10289152
1733236864686 -0.015174641614771644 10321920
1733236911528 -0.009208766935716994 10354688
1733236956404 -0.01264964177166803 10387456
1733237001345 -0.009978424511359663 10400000
1733237055977 -0.011742411115824325 10452992
1733237100921 -0.01375619537197963 10485760
1733237145493 -0.006229480441379565 10518528
1733237192240 -0.018835929085571478 10551296
1733237232639 -0.017477233174531648 10560000
1733237289928 -0.020432758245533478 10616832
1733237335128 -0.01144367802380657 10649600
1733237381778 -0.013897900477013536 10682368
1733237428109 -0.01451075077192172 10715136
1733237467841 -0.020283145719076856 10720000
1733237526335 -0.015258138322178639 10780672
1733237569704 -0.01391276483116144 10813440
1733237615525 -0.014898317270171902 10846208
1733237660760 -0.017077861878669866 10878976
1733237698161 -0.016471143177295745 10880000
1733237760248 -0.015602384145108773 10944512
1733237805608 -0.010863002237044839 10977280
1733237849170 -0.008678545282964478 11010048
1733237901291 -0.011046192637661535 11040000
1733237947152 -0.014535339930671399 11075584
1733237991323 -0.016103457207236715 11108352
1733238035874 -0.012376154962475993 11141120
1733238082188 -0.017898559325408313 11173888
1733238132171 -0.010255252158322037 11200000
1733238182318 -0.005946558122832357 11239424
1733238227145 -0.00644250090672358 11272192
1733238274073 -0.016794074442623243 11304960
1733238318279 -0.011414880870324851 11337728
1733238367311 -0.012307752952074225 11360000
1733238420365 -0.011491453341284341 11403264
1733238468681 -0.017608021604519308 11436032
1733238514230 -0.012747121502843583 11468800
1733238562637 -0.015796378137724786 11501568
1733238607849 -0.009962738549381811 11520000
1733238661930 -0.015879745013103276 11567104
1733238705129 -0.00947276631029581 11599872
1733238751740 -0.011853958184383373 11632640
1733238794529 -0.018142010834753818 11665408
1733238840281 -0.015003976172306466 11680000
1733238894648 -0.009367387882571165 11730944
1733238940878 -0.014311395410891237 11763712
1733238983700 -0.009355106524594703 11796480
1733239031876 -0.015049314573025186 11829248
1733239072287 -0.012685634198078333 11840000
1733239131280 -0.011668582010838691 11894784
1733239176051 0.008586112854629846 11927552
1733239221947 -0.012138834294910339 11960320
1733239265537 -0.013307193260015993 11993088
1733239308606 -0.010259576766270585 12000000
1733239363303 -0.016203375493626028 12058624
1733239407917 -0.006458645080397218 12091392
1733239452628 -0.01275169779174803 12124160
1733239497197 -0.012739012690099116 12156928
1733239534342 -0.005310188912903868 12160000
1733239594088 0.011143578571568469 12222464
1733239639439 -0.019406502033916695 12255232
1733239682852 -0.011657883365364797 12288000
1733239736045 -0.010170570109698929 12320000
1733239779632 -0.01310926497744731 12353536
1733239824543 -0.012980191417568676 12386304
1733239868742 -0.00019665467016238836 12419072
1733239912870 -0.006795028304031803 12451840
1733239963438 -0.008267653873156177 12480000
1733240009800 -0.004060601784703977 12517376
1733240054304 -0.01466751362343075 12550144
1733240097324 -0.01400767401412395 12582912
1733240142494 -0.008786264800221488 12615680
1733240189667 -0.0102993112819604 12640000
1733240238959 -0.009136167082715474 12681216
1733240282852 -0.01790796799891723 12713984
1733240329180 -0.008093031246266947 12746752
1733240372397 -0.015390976245180354 12779520
1733240419522 -0.008015131332399505 12800000
1733240468214 -0.006062994156422974 12845056
1733240513635 -0.015675253951303602 12877824
1733240557530 -0.004912189250990196 12910592
1733240603775 -0.008463361387111946 12943360
1733240647879 -0.011284404188461394 12960000
1733240700682 -0.013501558570351336 13008896
1733240745409 -0.008242199227424862 13041664
1733240790406 -0.01563937022593791 13074432
1733240834630 -0.011869640272743709 13107200
1733240880279 -0.013931237209294522 13120000
1733240934989 -0.011115079177614007 13172736
1733240978352 -0.010957660646829482 13205504
1733241022978 -0.008744840336453308 13238272
1733241067252 -0.011811127256100918 13271040
1733241107890 -0.013770675025216405 13280000
1733241163463 -0.008965691337039061 13336576
1733241208182 -0.01407354226462303 13369344
1733241251969 -0.006515871654960393 13402112
1733241295248 -0.007663877144000253 13434880
1733241334370 0.009327975776727726 13440000
1733241390480 -0.010616829196294475 13500416
1733241435965 -0.011612715730234414 13533184
1733241478920 -0.013553102770720216 13565952
1733241523867 -0.009633259121005721 13598720
1733241559253 -0.011336756824402983 13600000
1733241619689 -0.01850198203146647 13664256
1733241663881 -0.016963139948256867 13697024
1733241710471 -0.007561071283680576 13729792
1733241760240 -0.015634212574957472 13760000
1733241806849 -0.010571918546770576 13795328
1733241850261 -0.012548915235561254 13828096
1733241896365 -0.0030458905074198126 13860864
1733241940456 0.00972465687384556 13893632
1733241990546 -0.00781680381176102 13920000
1733242038461 -0.011932636330340075 13959168
1733242082777 -0.013669825711440353 13991936
1733242126844 -0.008128783101074077 14024704
1733242172512 -0.013081025754081566 14057472
1733242220062 -0.016073893966245124 14080000
1733242270743 -0.015145398910726726 14123008
1733242315819 -0.012349565929912387 14155776
1733242361171 -0.007022252351839597 14188544
1733242407175 -0.010791114304493022 14221312
1733242452587 -0.012529495034948468 14240000
1733242504235 -0.012427364013592523 14286848
1733242548647 -0.01339917779159805 14319616
1733242592968 -0.008757421988821078 14352384
1733242637555 -0.009702831411095758 14385152
1733242680670 -0.005838095311264624 14400000
1733242733999 -0.008153907032283313 14450688
1733242776804 -0.012571904011053903 14483456
1733242822013 -0.017472934568309027 14516224
1733242865866 -0.007453685697964829 14548992
1733242910502 -0.01061352773526778 14560000
1733242965837 -0.006978966484086868 14614528
1733243013056 -0.008665923949456556 14647296
1733243057522 -0.014849323552135729 14680064
1733243102442 -0.009548121567308953 14712832
1733243141102 -0.011613887533519574 14720000
1733243198902 -0.014317635145539498 14778368
1733243244289 -0.007524203873549596 14811136
1733243288353 -0.012774220609810528 14843904
1733243333297 -0.012733307835492268 14876672
1733243374202 -0.006568053151386266 14880000
1733243433636 -0.010670475954191261 14942208
1733243477263 -0.011745807988290835 14974976
1733243523310 -0.011440854264537847 15007744
1733243573811 -0.013535132438096297 15040000
1733243619158 -0.012682869088712323 15073280
1733243662871 -0.012634379289147546 15106048
1733243708298 -0.012289054645179931 15138816
1733243752332 -0.016699501963842067 15171584
1733243802276 -0.018360984433115846 15200000
1733243848139 -0.00899252507795154 15237120
1733243892682 -0.016484771404134336 15269888
1733243937336 -0.01216958701073736 15302656
1733243981689 -0.009540240591843486 15335424
1733244030871 -0.006031890186432065 15360000
1733244079806 -0.012767208396599016 15400960
1733244125817 -0.015485086112926183 15433728
1733244169524 -0.018295970181929987 15466496
1733244214938 -0.0025681180999299613 15499264
1733244261528 -0.009026908308942438 15520000
1733244312950 -0.013111024684576478 15564800
1733244357934 -0.01035728280648982 15597568
1733244401374 -0.0014898565615226289 15630336
1733244445197 -0.006198543837967918 15663104
1733244490226 -0.01536913479380928 15680000
1733244541732 -0.004647298041413705 15728640
1733244585389 -0.013809337107977626 15761408
1733244630826 -0.010505022907364037 15794176
1733244674821 -0.014439121279201573 15826944
1733244719548 -0.0122594984036823 15840000
1733244773244 -0.017010239926662507 15892480
1733244818821 -0.011010052115807412 15925248
1733244862983 -0.009228471388848903 15958016
1733244908628 -0.013439503003405661 15990784
1733244949709 -0.006671437758723186 16000000
1733245006184 -0.005167690979260442 16056320
1733245049539 -0.014642428438878596 16089088
1733245093323 -0.010281223863648848 16121856
1733245137410 -0.014473507650336614 16154624
1733245174895 -0.01332579539496237 16160000
1733245235844 -0.007255311758990501 16220160
1733245279249 0.04179637525221551 16252928
1733245325886 -0.014193798985434113 16285696
1733245369402 -0.01478609922457963 16318464
1733245408183 -0.006418444199448458 16320000
1733245465499 -0.011290138153685802 16384000
1733245508920 -0.013405004220328465 16416768
1733245553677 -0.009398017490457277 16449536
1733245603951 -0.010196260161569626 16480000
1733245650514 -0.01969795998634254 16515072
1733245695849 -0.009369263792427774 16547840
1733245740945 -0.00037216656289729144 16580608
1733245784685 -0.010269278301495887 16613376
1733245835226 -0.010705370408118142 16640000
1733245881513 -0.0056422564099648295 16678912
1733245926505 -0.007496869115152549 16711680
1733245969928 -0.014989770184206464 16744448
1733246014190 -0.009786678625096102 16777216
1733246061628 -0.012107174440825475 16800000
1733246111958 -0.009305067932541534 16842752
1733246155053 -0.01392161869246138 16875520
1733246198681 -0.009956310980601301 16908288
1733246243860 -0.020033876771685756 16941056
1733246286610 -0.01297595175974493 16960000
1733246335537 -0.016033109418526693 17006592
1733246378074 -0.00798515798205699 17039360
1733246421512 -0.015362343164656522 17072128
1733246464305 -0.0057981886071274856 17104896
1733246508374 -0.013970288223492843 17120000
1733246559239 -0.00912062585964577 17170432
1733246603600 -0.012818078854934356 17203200
1733246646574 -0.009910733739161515 17235968
1733246690573 -0.018559584382410323 17268736
1733246730815 -0.007938891745970978 17280000
1733246788173 -0.008087639691711956 17334272
1733246831746 -0.018638214816178333 17367040
1733246876049 -0.007611703705538275 17399808
1733246920470 -0.011177484389986603 17432576
1733246959892 -0.011958793504254573 17440000
1733247015093 -0.015347131482803889 17498112
1733247059359 -0.013135761591320261 17530880
1733247102711 -0.0037416443972915657 17563648
1733247148109 -0.010178926083972329 17596416
1733247185557 -0.013030260171603913 17600000
1733247244456 -0.01054476030974456 17661952
1733247287898 -0.002388931320865595 17694720
1733247330822 -0.007277668115284542 17727488
1733247383074 -0.010508412185640737 17760000
1733247425576 -0.011515110734671907 17793024
1733247468986 -0.004974816911499147 17825792
1733247511903 -0.007327671729831309 17858560
1733247555908 -0.004201811489133433 17891328
1733247602535 -0.01881719917837472 17920000
1733247648282 -0.014023572274868456 17956864
1733247692904 -0.010683242028903805 17989632
1733247736782 -0.005936570452263368 18022400
1733247779636 -0.014103615607882602 18055168
1733247829626 -0.012710277466158004 18080000
1733247875981 -0.01869462111262692 18120704
1733247920815 -0.015652332830711657 18153472
1733247964199 -0.008768994501633643 18186240
1733248009373 -0.005994619177613458 18219008
1733248054393 -0.005347545136646659 18240000
1733248106379 -0.010921813480263155 18284544
1733248149820 -0.017816726331057 18317312
1733248194313 -0.013141069877747213 18350080
1733248237536 -0.014046393743683439 18382848
1733248282586 -0.009612864131759125 18400000
1733248334071 -0.010137346895157861 18448384
1733248377469 -0.01873990738440625 18481152
1733248421002 -0.009879552938105007 18513920
1733248465277 -0.015686915382161715 18546688
1733248507489 -0.010980955755940158 18560000
1733248560020 -0.01935132006472031 18612224
1733248604129 -0.011132535596789239 18644992
1733248647659 -0.012037488592295632 18677760
1733248692827 0.0012182106228465273 18710528
1733248732218 -0.007885120062201167 18720000
1733248788236 -0.012397462301805717 18776064
1733248831662 -0.003973399175572467 18808832
1733248875606 -0.010962503491782627 18841600
1733248918696 -0.007056166658458096 18874368
1733248958360 -0.009999546216704402 18880000
1733249017179 -0.011109519746514706 18939904
1733249061130 -0.011789142585143964 18972672
1733249104515 -0.012297486783700151 19005440
1733249148641 -0.00590826390946404 19038208
1733249184875 0.002577578674072356 19040000
1733249242065 -0.012307146785690292 19103744
1733249287013 -0.005109380028670785 19136512
1733249329055 -0.005680784019227758 19169280
1733249377906 -0.012438667631113277 19200000
1733249422245 -0.014088315067101575 19234816
1733249466578 -0.009088145178384365 19267584
1733249508891 0.0005460325867716164 19300352
1733249552765 -0.022331712050140597 19333120
1733249602736 -0.015651353391581323 19360000
1733249651706 -0.015874089094154442 19398656
1733249694958 -0.020810749039992516 19431424
1733249741299 -0.008058409259660948 19464192
1733249784799 -0.024180121839299316 19496960
1733249832114 -0.006740596800318599 19520000
1733249881063 -0.016928559751204376 19562496
1733249925470 -0.01694016188689602 19595264
1733249969603 -0.007814709954959653 19628032
1733250014001 -0.01648258457310021 19660800
1733250056844 -0.01582278050282184 19680000
1733250108344 -0.013016739037357183 19726336
1733250152735 -0.00991533616779634 19759104
1733250194882 -0.016247304390844874 19791872
1733250238770 -0.016383923413081904 19824640
1733250282023 -0.0235607766629073 19840000
1733250336042 -0.016644948256953285 19890176
1733250379172 -0.010910968450184555 19922944
1733250423480 -0.017333805814109836 19955712
1733250466865 -0.018384029339790685 19988480
1733250509433 -0.014439892273207989 20000000
1733250563276 -0.02261275041414592 20054016
1733250607756 -0.011870503952218314 20086784
1733250651874 -0.016947733909364614 20119552
1733250696413 -0.006955851671500568 20152320
1733250735126 -0.01107769966640717 20160000
1733250790358 -0.01358427182710784 20217856
1733250833896 -0.020400974006656726 20250624
1733250876011 -0.01844790247189394 20283392
1733250919247 -0.013430711544515361 20316160
1733250956566 -0.016610099137119506 20320000
1733251016084 -0.005513861447616364 20381696
1733251059398 -0.012081372710986216 20414464
1733251104683 -0.01121321138091389 20447232
1733251156542 -0.019513695934278985 20480000
1733251201347 -0.01681771790708808 20512768
1733251244177 -0.011861278905735162 20545536
1733251289191 -0.01968083722586016 20578304
1733251333433 -0.02540593391195216 20611072
1733251383476 -0.018749269284739967 20640000
1733251429738 -0.02313947152028959 20676608
1733251472898 -0.012371113868198336 20709376
1733251518196 -0.022710149371073386 20742144
1733251560898 -0.017124330001047385 20774912
1733251609006 -0.0128197803154535 20800000
1733251657528 -0.02321810655007539 20840448
1733251701482 -0.011218031657358551 20873216
1733251746830 -0.020929423167058304 20905984
1733251791230 -0.022884396027438924 20938752
1733251834996 -0.008454638172906925 20960000
1733251885940 -0.010104810489610826 21004288
1733251929246 -0.011118108526056858 21037056
1733251972847 -0.017921104405536424 21069824
1733252015706 -0.011248717713169754 21102592
1733252059086 -0.009388311598650034 21120000
1733252110942 -0.015626160467400042 21168128
1733252153457 -0.013684225829501883 21200896
1733252197813 -0.011656332730944996 21233664
1733252240556 -0.012004025870146507 21266432
1733252282898 -0.00632127766028816 21280000
1733252336931 -0.01230639190941929 21331968
1733252381176 -0.022011131832186948 21364736
1733252423301 -0.008609526564691805 21397504
1733252468092 -0.023446709388304045 21430272
1733252506881 -0.014192140968862076 21440000
1733252562906 -0.019569843327280977 21495808
1733252605769 -0.019200195082112258 21528576
1733252648991 -0.010440152879664311 21561344
1733252693878 -0.008293273596746076 21594112
1733252731293 -0.023548213970138933 21600000
1733252787160 -0.01859890096679919 21659648
1733252826987 -0.01621366791221135 21692416
1733252869245 -0.012089995006090249 21725184
1733252909866 -0.023831466007118253 21757952
1733252946099 -0.012317526738888774 21760000
1733253000570 -0.024942530994303526 21823488
1733253042313 -0.022262358185275843 21856256
1733253082538 -0.017759010868087444 21889024
1733253131639 -0.015075913855571343 21920000
1733253173837 -0.011642704591622532 21954560
1733253215606 -0.010978954490246906 21987328
1733253256955 -0.01505188400519728 22020096
1733253298983 -0.02016779009363745 22052864
1733253344037 -0.021733737830800237 22080000
1733253386991 -0.017094161548038757 22118400
1733253428126 -0.0044743018141161885 22151168
1733253468221 -0.012232518351686395 22183936
1733253509007 -0.015053748871423522 22216704
1733253551986 -0.011506933837824817 22240000
1733253596907 -0.02124103690375705 22282240
1733253637256 -0.011504728133127173 22315008
1733253678323 -0.023995787651824686 22347776
1733253718932 -0.014164014801554003 22380544
1733253760910 -0.01618214990337492 22400000
1733253806764 -0.013757060533237109 22446080
1733253848178 -0.016183847076172243 22478848
1733253888361 -0.024696420148438848 22511616
1733253930036 -0.01830368390228614 22544384
1733253969674 -0.008877024008916124 22560000
1733254018930 -0.003909864127695073 22609920
1733254058692 -0.014714945984087536 22642688
1733254099225 -0.011577477990044827 22675456
1733254139197 -0.008687454338098633 22708224
1733254179185 -0.01659346354963418 22720000
1733254229371 -0.014980931011791654 22773760
1733254271360 -0.016967696026767953 22806528
1733254311429 -0.006153502725146609 22839296
1733254352827 -0.013156201094830067 22872064
1733254389658 -0.006428297119259696 22880000
1733254441002 -0.006875761648575463 22937600
1733254483158 -0.010768747043357507 22970368
1733254524644 -0.019938165259782183 23003136
1733254566048 -0.014852158869189225 23035904
1733254601608 0.022505269225530356 23040000
1733254654924 -0.007785390415688198 23101440
1733254695335 -0.009403636238675971 23134208
1733254737149 -0.01186637648938813 23166976
1733254777944 -0.022595753190807956 23199744
1733254812134 -0.010071644318259132 23200000
1733254867393 -0.018829485872493022 23265280
1733254907856 -0.014799208109343454 23298048
1733254951546 -0.009030571925882214 23330816
1733254997056 -0.017599152074717496 23360000
1733255041509 -0.010928971347743755 23396352
1733255082731 -0.02059520559428165 23429120
1733255125518 -0.00708247752133957 23461888
1733255166793 -0.021283087408301073 23494656
1733255211735 -0.016444842130704275 23520000
1733255258422 -0.014040486431326826 23560192
1733255299615 -0.015704603204039814 23592960
1733255343190 -0.019252941836907667 23625728
1733255384206 -0.015355173716147873 23658496
1733255429509 -0.020951512904503033 23680000
1733255476052 -0.019181707306915995 23724032
1733255517890 -0.007826266729136933 23756800
1733255560305 -0.012417913040212624 23789568
1733255601246 -0.023274698259638172 23822336
1733255644470 -0.014378003433512277 23840000
1733255696005 -0.020054698428725714 23887872
1733255738564 -0.007356385565321944 23920640
1733255778934 -0.004183953441372523 23953408
1733255821149 -0.01894827636047012 23986176
1733255861857 -0.013797769828443052 24000000
1733255911349 -0.02365226383053596 24051712
1733255954001 -0.020099544363029055 24084480
1733255994885 -0.01326117999788039 24117248
1733256037827 -0.005126609156013729 24150016
1733256075821 -0.016018632412715304 24160000
1733256128380 -0.00836548441807281 24215552
1733256169147 -0.0038537076803663696 24248320
1733256210646 -0.007733730012387241 24281088
1733256251930 -0.009006149749757242 24313856
1733256288532 -0.0189222748470911 24320000
1733256347181 -0.01857630195490856 24379392
1733256387329 -0.008906745505885282 24412160
1733256430504 -0.012630614974932541 24444928
1733256471056 -0.015288397245080887 24477696
1733256505657 -0.018604672367428066 24480000
1733256561342 -0.01819796562749616 24543232
1733256603796 -0.013446746053637071 24576000
1733256646113 -0.015408656503313977 24608768
1733256693502 -0.016282047401364252 24640000
1733256738314 -0.015117183434108483 24674304
1733256778361 0.09696279021109148 24707072
1733256820312 -0.025288944771023125 24739840
1733256860838 -0.023543169175331967 24772608
1733256907483 -0.017219208042570246 24800000
1733256951518 -0.011514138781126348 24838144
1733256993547 -0.014834351692093151 24870912
1733257039154 -0.017292519971351793 24903680
1733257080042 -0.020165981596733218 24936448
1733257126656 -0.014733977093010253 24960000
1733257171607 -0.012085852530117337 25001984
1733257214405 -0.02260766797571705 25034752
1733257255026 -0.011035449696350952 25067520
1733257296760 -0.018395144227224592 25100288
1733257340591 -0.015568409744219025 25120000
1733257387492 -0.02448937707345067 25165824
1733257432162 -0.022185752308132578 25198592
1733257472259 -0.0275340758357288 25231360
1733257514968 -0.025632943858181535 25264128
1733257555668 -0.023748743890428158 25280000
1733257606232 -0.030885137270297493 25329664
1733257647301 -0.019835023759242176 25362432
1733257690039 -0.019461078524182086 25395200
1733257732499 -0.014427032845742361 25427968
1733257772006 -0.02260346516370646 25440000
1733257826341 -0.023791546498023307 25493504
1733257866913 -0.0262192335504551 25526272
1733257909675 -0.019224770460004946 25559040
1733257950797 -0.024086786745010615 25591808
1733257988887 -0.021768793887758875 25600000
1733258041963 -0.027031679471951973 25657344
1733258083493 -0.02815545518710678 25690112
1733258127076 -0.01745351802323967 25722880
1733258167290 -0.01671729108306863 25755648
1733258204162 -0.020846860105712038 25760000
1733258258046 -0.01946737489820407 25821184
1733258300650 -0.00862658637415734 25853952
1733258341430 -0.01305247686493658 25886720
1733258382818 -0.024377679330200408 25919488
1733258418684 -0.014806274463148838 25920000
1733258472931 -0.021624910016953436 25985024
1733258516639 -0.023665999277045557 26017792
1733258558227 -0.011593069557966374 26050560
1733258607504 -0.012926399429011326 26080000
1733258649502 -0.0063814258224169865 26116096
1733258692102 -0.005591630646085833 26148864
1733258732623 -0.014204327864763399 26181632
1733258775039 -0.00848777223252455 26214400
1733258825471 -0.009587010969426046 26240000
1733258873246 -0.01912630592489677 26279936
1733258915105 -0.013059016786746725 26312704
1733258958343 -0.015655718587413502 26345472
1733259003721 -0.019996136970326005 26378240
1733259049941 -0.025222694413696446 26400000
1733259100833 -0.021538827522044814 26443776
1733259145267 -0.02082460790652476 26476544
1733259190341 -0.02340539862980222 26509312
1733259234431 -0.025834901295183954 26542080
1733259279209 -0.023753219246941626 26560000
1733259329470 -0.019503100313693268 26607616
1733259373229 -0.024297510835094727 26640384
1733259421180 -0.024103838798396282 26673152
1733259466466 -0.025388762330021564 26705920
1733259509152 -0.01611788697287011 26720000
1733259563002 -0.00757831739708763 26771456
1733259608022 -0.018755911028199533 26804224
1733259650312 -0.0024468719566584697 26836992
1733259695146 -0.01649920901832047 26869760
1733259734761 -0.010312925254947914 26880000
1733259789613 -0.0038689141405484407 26935296
1733259833674 -0.015890827591636025 26968064
1733259877351 -0.008558075755865957 27000832
1733259922873 -0.014498633070388678 27033600
1733259961766 -0.019567091122348758 27040000
1733260019166 -0.013164608976831004 27099136
1733260061879 -0.02043786976619231 27131904
1733260109007 -0.014749119552857338 27164672
1733260150986 -0.014431740707277641 27197440
1733260188953 -0.01967846765876402 27200000
1733260248337 -0.012140978480329068 27262976
1733260293583 -0.017031665785793848 27295744
1733260341001 -0.012722330562110074 27328512
1733260389977 -0.020012660409565796 27360000
1733260436672 0.060492577844161136 27394048
1733260478501 -0.017153635545014367 27426816
1733260524585 -0.017527012982827727 27459584
1733260566830 -0.017436575271631227 27492352
1733260617346 -0.006128461349953795 27520000
1733260662850 -0.013492683497975121 27557888
1733260706681 -0.02766063695880803 27590656
1733260750634 -0.0192792943810673 27623424
1733260793099 -0.014134561381933964 27656192
1733260842661 -0.008993278925754567 27680000
1733260887338 -0.02379115589392313 27721728
1733260933466 -0.022985122731097363 27754496
1733260977210 -0.021851978887207225 27787264
1733261024240 -0.025783158108697534 27820032
1733261069602 -0.020978092793848192 27840000
1733261123650 -0.009924778979188887 27885568
1733261168071 -0.01734825470191481 27918336
1733261214057 -0.020452639792051742 27951104
1733261258632 -0.008853993969921703 27983872
1733261303420 -0.01981171510542481 28000000
1733261359312 -0.027838391640898408 28049408
1733261403166 -0.014842051628374976 28082176
1733261451653 -0.007654227200100649 28114944
1733261495439 -0.008981863032340697 28147712
1733261539328 -0.018871964910931637 28160000
1733261594196 -0.016405394574167075 28213248
1733261638528 -0.018781557282954962 28246016
1733261683773 -0.01957588421410037 28278784
1733261728851 -0.01975468117670971 28311552
1733261772297 -0.011607140973205787 28320000
1733261828406 -0.016392339668846033 28377088
1733261873451 -0.02028730381910009 28409856
1733261918126 -0.021694023803138406 28442624
1733261963758 -0.011656515310937721 28475392
1733262002689 -0.02566758236227997 28480000
1733262064039 -0.016464342111066798 28540928
1733262107918 -0.02056344936577261 28573696
1733262154496 -0.024858097575679493 28606464
1733262198343 -0.019800645454051847 28639232
1733262235629 -0.014386695733128363 28640000
1733262296723 -0.019275756985143742 28704768
1733262341769 -0.013773079669704202 28737536
1733262387814 -0.02591248001585882 28770304
1733262437746 -0.021230087393314535 28800000
1733262487171 -0.018029525032397943 28835840
1733262531265 -0.022147709220553223 28868608
1733262577336 -0.020400116159476057 28901376
1733262622445 -0.023603715964236473 28934144
1733262672510 -0.026115464503300247 28960000
1733262721322 -0.01530265611725099 28999680
1733262765449 -0.020534046519742333 29032448
1733262811753 -0.01155043576072785 29065216
1733262856907 -0.023999274181414877 29097984
1733262908999 -0.013122966002993054 29120000
1733262959576 -0.01754001039364539 29163520
1733263005623 -0.020821791347270847 29196288
1733263049044 -0.02150047346704014 29229056
1733263095140 -0.023824389075002728 29261824
1733263139752 -0.020625719355939508 29280000
1733263192137 -0.022847185228874876 29327360
1733263236100 -0.027474287910536077 29360128
1733263280722 -0.024162193792426477 29392896
1733263326261 -0.021387258143886357 29425664
1733263369823 -0.015818598588293754 29440000
1733263424482 -0.00463680557495536 29491200
1733263469667 -0.020086778174163555 29523968
1733263515739 -0.027183814229829295 29556736
1733263558501 -0.0246131551077724 29589504
1733263600439 -0.012481216221431168 29600000
1733263655467 -0.025126410830307578 29655040
1733263704218 -0.012549491767049403 29687808
1733263748267 -0.024850327320018552 29720576
1733263793243 -0.024618758723454447 29753344
1733263832976 -0.01746989929549727 29760000
1733263889501 -0.019409216305211884 29818880
1733263936053 -0.004696864271477352 29851648
1733263979996 0.002163314204585731 29884416
1733264025428 -0.02010155449947888 29917184
1733264062594 -0.017160591975743954 29920000
1733264122734 -0.012476018886241036 29982720
1733264167400 -0.01798651153615083 30015488
1733264212559 -0.00898076692435552 30048256
1733264263580 -0.020435181293760252 30080000
1733264309616 -0.013882993844003978 30113792
1733264353495 -0.017663118689279146 30146560
1733264398500 -0.015443577026417188 30179328
1733264443237 -0.013286932971004717 30212096
1733264492379 -0.02446572210915292 30240000
1733264540074 -0.01601289742309291 30277632
1733264583754 -0.01721356901780382 30310400
1733264629553 -0.011502081214734972 30343168
1733264672839 -0.023970406853459282 30375936
1733264721067 -0.012405150544191201 30400000
1733264767842 -0.012711059903631394 30441472
1733264811989 -0.018314985277174855 30474240
1733264856135 -0.023148800905755707 30507008
1733264898418 -0.011970339602771673 30539776
1733264945978 -0.021606790151918177 30560000
1733264996674 -0.018103127606923407 30605312
1733265041401 -0.019882950910232466 30638080
1733265086540 -0.023582602707574552 30670848
1733265129394 -0.01647780436753692 30703616
1733265175513 -0.02500875526288837 30720000
1733265229731 -0.026401979826368917 30769152
1733265273518 -0.017948551988411054 30801920
1733265317925 -0.007382525496404923 30834688
1733265361884 -0.01836889749756665 30867456
1733265403523 -0.021291835388774417 30880000
1733265458816 -0.005022483927564281 30932992
1733265505178 -0.00913449280471923 30965760
1733265548623 -0.005569105672020669 30998528
1733265595127 -0.012242080297028224 31031296
1733265633631 -0.009842094676105261 31040000
1733265689826 -0.005577208802719724 31096832
1733265733355 -0.007944551607033645 31129600
1733265776149 -0.022287030856796265 31162368
1733265822430 -0.008446592841494294 31195136
1733265859903 -0.016139498181155433 31200000
1733265912132 -0.024196076336284022 31260672
1733265951752 -0.020090757524803847 31293440
1733265988342 -0.011391268327724902 31326208
1733266028571 -0.011906135413028096 31358976
1733266060749 -0.006330911730401567 31360000
1733266112225 -0.020591564095639114 31424512
1733266151273 -0.007998434231183182 31457280
1733266188727 -0.013194382764345392 31490048
1733266234702 -0.023373953038321814 31520000
1733266274852 -0.024576555789190026 31555584
1733266313041 -0.019198471738445733 31588352
1733266351735 -0.014566719426278496 31621120
1733266390244 -0.020351722798932315 31653888
1733266432672 -0.021218540876225232 31680000
1733266474529 -0.008855617577808061 31719424
1733266512970 -0.014417557853153084 31752192
1733266550600 -0.013830771348239068 31784960
1733266590872 -0.015942778406633808 31817728
1733266630077 -0.026313241110528907 31840000
1733266674169 -0.021691092019409552 31883264
1733266712632 -0.010527602232571098 31916032
1733266749195 -0.014124542027866482 31948800
1733266789443 -0.01102539336047812 31981568
1733266827491 -0.00939115715891603 32000000
1733266871769 -0.016642075406980438 32047104
1733266912549 -0.017838670135529356 32079872
1733266948546 -0.0156431017135219 32112640
1733266989035 -0.013150005488864736 32145408
1733267025994 -0.01486277412934669 32160000
