1733223280416 0.022574559285203577 65536
1733223321463 0.004338230051007486 98304
1733223361427 0.0008615981651672655 131072
1733223406590 0.00020351699941230096 160000
1733223447811 6.247192519275302e-05 196608
1733223486188 2.4167944433628465e-05 229376
1733223527048 1.670748389317467e-05 262144
1733223565662 1.3000081911407335e-05 294912
1733223607917 5.948629722363208e-05 320000
1733223649230 1.9217383537561972e-05 360448
1733223687127 1.8599361632087864e-05 393216
1733223725874 2.7128165553680362e-05 425984
1733223764128 0.00022952457140981152 458752
1733223804894 6.0834215911320656e-05 480000
1733223847325 1.3730304445580544e-05 524288
1733223884856 1.0659069968221857e-05 557056
1733223924002 4.302603055785781e-05 589824
1733223962617 8.788908654988603e-06 622592
1733224001165 6.957751910006139e-05 640000
1733224044568 0.00016224212771049907 688128
1733224082967 2.7041041408804033e-05 720896
1733224121381 9.145587666692379e-05 753664
1733224160335 6.397352817106849e-05 786432
1733224197942 1.104090412513692e-05 800000
1733224244389 1.012138894358472e-05 851968
1733224283108 6.86465727842478e-05 884736
1733224321708 2.283158020777165e-05 917504
1733224360144 1.1053102213054444e-05 950272
1733224395900 4.5159122490456836e-05 960000
1733224444073 7.628230603646813e-05 1015808
1733224482804 8.693753375395019e-05 1048576
1733224522014 0.00015099717841513539 1081344
1733224561583 2.5327128529717414e-05 1114112
1733224596564 0.000367136799827783 1120000
1733224646836 7.021810051570654e-05 1179648
1733224686338 1.248723110087724e-05 1212416
1733224725718 9.125854962599433e-06 1245184
1733224764855 8.045854455929202e-06 1277952
1733224798231 0.00010563720115874808 1280000
1733224850860 3.586815502982787e-05 1343488
1733224890240 1.3225949829021033e-05 1376256
1733224929911 2.5518379849565066e-05 1409024
1733224976098 2.5487131304169352e-05 1440000
1733225017038 0.00039701412743129436 1474560
1733225057272 0.00021317267027640697 1507328
1733225096800 1.4633876814773572e-05 1540096
1733225136317 4.842300911231945e-05 1572864
1733225180987 0.00010814972050949833 1600000
1733225222654 0.0001613121862268585 1638400
1733225262679 1.1092218003438958e-05 1671168
1733225302148 3.0760768691928676e-05 1703936
1733225343583 0.0001682825363826801 1736704
1733225386234 6.68140063373901e-05 1760000
1733225429525 0.00013561260366570237 1802240
1733225468456 3.224691874206265e-05 1835008
1733225507987 6.28873916481254e-05 1867776
1733225547883 0.0002660968737075109 1900544
1733225588870 6.718489722414844e-05 1920000
1733225633357 4.829064800930816e-05 1966080
1733225672978 2.154707053723115e-05 1998848
1733225712157 9.53407805189599e-05 2031616
1733225751475 0.00012413302685141404 2064384
1733225790447 0.00018920368771668805 2080000
1733225837244 2.7040127945032744e-05 2129920
1733225876986 7.07941556960634e-05 2162688
1733225916136 0.0001602726264354537 2195456
1733225955668 0.00028096625164297784 2228224
1733225992582 4.350537522714859e-05 2240000
1733226040437 0.0001106045847688364 2293760
1733226080038 0.0001796090945194173 2326528
1733226119873 0.0002868177770152691 2359296
1733226158968 0.0001602412809489806 2392064
1733226195489 0.0002520982078642042 2400000
1733226246744 0.00018279576952213717 2457600
1733226286646 0.00013818358864119417 2490368
1733226326737 4.8950271158698655e-05 2523136
1733226366999 0.00036125386189116425 2555904
1733226401135 0.0005124059994786378 2560000
1733226452962 0.0002316346678042258 2621440
1733226492224 0.00038190157406212675 2654208
1733226531682 0.00010682145840648082 2686976
1733226571221 0.00021302175315964788 2719744
1733226604290 0.0004328959559498635 2720000
1733226657371 0.00025667024640334545 2785280
1733226696673 0.00017551130981781072 2818048
1733226735696 0.00016265571384295187 2850816
1733226780111 0.00011702833278945946 2880000
1733226820766 0.00014456787353465118 2916352
1733226860097 0.0002566549794480011 2949120
1733226899345 0.00014893214505953267 2981888
1733226938499 0.00013543725204536727 3014656
1733226981612 0.0003786988166927685 3040000
1733227024392 0.00027208269931362495 3080192
1733227063770 0.00027503088298201915 3112960
1733227103203 0.00023961224886592802 3145728
1733227142466 0.00021589026078139284 3178496
1733227183322 0.00023688526957812427 3200000
1733227228280 0.0003275411420141872 3244032
1733227267637 0.00046682452040744946 3276800
1733227306917 0.00031928585335698755 3309568
1733227346281 0.0004122983501805955 3342336
1733227386215 0.00044141309824503595 3360000
1733227432557 0.00035208349318729406 3407872
1733227472321 0.0001743402398969529 3440640
1733227511722 0.0006071422590538056 3473408
1733227551002 0.0003331880204772375 3506176
1733227589474 0.0003280861729415108 3520000
1733227636808 0.00030739916583941704 3571712
1733227677200 0.0004973999376197469 3604480
1733227716693 0.0002775063234471631 3637248
1733227756228 0.0002797953158657052 3670016
1733227793092 0.00032255221207373453 3680000
1733227842262 9.373938761179091e-05 3735552
1733227881805 0.0002883075103840227 3768320
1733227922139 0.00016212035618665688 3801088
1733227961668 3.898244979523291e-05 3833856
1733227996802 0.00026031568819098185 3840000
1733228047113 0.00047416192363041175 3899392
1733228086185 0.0002370298104922064 3932160
1733228125233 0.000151868534795474 3964928
1733228164543 0.00048066961422557066 3997696
1733228197889 0.0002222246685079643 4000000
1733228249640 0.0004749419714315195 4063232
1733228289510 0.0006513109632331649 4096000
1733228328884 0.0005707864583111899 4128768
1733228373873 0.00028476173007385697 4160000
1733228414160 0.00021786673557553372 4194304
1733228453359 0.0002889198566695228 4227072
1733228492426 0.00024205389243463492 4259840
1733228531554 0.0005918325480630315 4292608
1733228575712 0.0004535346635314852 4320000
1733228617688 0.0002583885204729519 4358144
1733228656558 0.00042206587018576156 4390912
1733228695924 0.00040402743535876694 4423680
1733228735922 0.00030973503186579874 4456448
1733228779209 0.0005235177859503892 4480000
1733228823291 0.00019838655557320451 4521984
1733228863026 0.0004934550477635913 4554752
1733228903082 0.0003706684479523936 4587520
1733228943168 0.00034945599205915556 4620288
1733228984622 0.00031884895875062825 4640000
1733229030229 0.00037545368665679033 4685824
1733229069909 0.0005161788722425342 4718592
1733229109857 0.00021830378226876944 4751360
1733229150992 0.00049689001366513 4784128
1733229190901 0.000339395440434398 4800000
1733229237871 0.0003306252236324525 4849664
1733229277426 0.00025779038332460755 4882432
1733229317015 0.0002243730254739784 4915200
1733229358016 0.0003853508544148898 4947968
1733229396602 0.0004470980660896906 4960000
1733229445254 0.00043622886914773673 5013504
1733229484124 0.0006357988846066754 5046272
1733229523199 0.0004563972544431749 5079040
1733229564426 0.00033064724469262786 5111808
1733229601232 0.0009950278121857892 5120000
1733229650897 0.00040795345596507105 5177344
1733229690244 0.0003115199137005753 5210112
1733229729113 0.0003302955201446078 5242880
1733229769096 0.00028910238342167994 5275648
1733229804134 0.0006251194612208799 5280000
1733229856405 0.0004871513573952768 5341184
1733229896153 0.0005002992640214643 5373952
1733229936330 0.0008616930490862984 5406720
1733229976935 0.00040443724649072974 5439488
1733230010485 0.00039176600812989014 5440000
1733230065039 0.0009676240422923143 5505024
1733230105435 0.0006594805501661582 5537792
1733230146187 0.00048344290449455765 5570560
1733230192403 0.0004114240649663259 5600000
1733230235221 0.00034092129945255677 5636096
1733230277393 0.00028429750001159884 5668864
1733230328449 0.00044382642559082086 5701632
1733230368769 0.00044615963594978324 5734400
1733230416598 0.0003934365596974132 5760000
1733230461476 0.00043059801950988684 5799936
1733230502232 0.0006022897397304661 5832704
1733230542541 0.0003991090107496653 5865472
1733230583422 0.0008074896930319042 5898240
1733230626406 0.0006409993552376036 5920000
1733230674408 0.0004064451266960312 5963776
1733230715888 0.0005292930243295579 5996544
1733230757938 0.0002306708590813056 6029312
1733230798157 0.0007054677590432768 6062080
1733230840508 0.0006314056496430354 6080000
1733230889143 0.00023751239354092847 6127616
1733230930726 0.0005001220050467658 6160384
1733230974099 0.0005619364775000691 6193152
1733231022881 0.0001518080952978007 6225920
1733231062610 0.0003869894530059703 6240000
1733231114695 0.00015758637773477524 6291456
1733231159178 0.00021220701510316076 6324224
1733231203393 0.0005558648402786304 6356992
1733231248095 0.0006568533043477487 6389760
1733231288661 0.0006299602035621632 6400000
1733231345230 0.000456682705476652 6455296
1733231388430 0.0005970920303630222 6488064
1733231432995 0.0003413753544728948 6520832
1733231478701 0.0002820776258447566 6553600
1733231516497 0.0006782413402692811 6560000
1733231575249 0.000627567877744184 6619136
1733231618486 0.0004656602986390368 6651904
1733231662230 0.000378699719484743 6684672
1733231708119 0.0007228484400917168 6717440
1733231744402 0.0004085918967198232 6720000
1733231804582 0.0004339067719367762 6782976
1733231849280 0.0005028376788255961 6815744
1733231893635 0.00032359224333688985 6848512
1733231945428 0.0005140112439057098 6880000
1733231988681 0.0005395804542288829 6914048
1733232033961 0.00043419676311327036 6946816
1733232079173 0.0006540266188232114 6979584
1733232123308 0.00019715498574717215 7012352
1733232172319 0.0004532247500836029 7040000
1733232221479 0.0005778573529558351 7077888
1733232265246 0.0004105002339014341 7110656
1733232308790 0.00011427281860068028 7143424
1733232352499 0.00042044905264586595 7176192
1733232398945 0.000546607131011645 7200000
1733232449739 0.0002718403276335657 7241728
1733232494216 0.0005701301974326611 7274496
1733232537579 0.0005290140178065173 7307264
1733232583155 0.0005793134375462472 7340032
1733232628395 0.0009191349711757723 7360000
1733232679128 0.0006136350539963864 7405568
1733232720792 0.0005390962980110992 7438336
1733232765961 0.00028390347944249326 7471104
1733232812391 0.00037455228896074997 7503872
1733232853973 0.0005532199841258745 7520000
1733232903823 0.0002806160457049289 7569408
1733232949305 0.0002999615487966345 7602176
1733232994276 0.0003660170937091589 7634944
1733233037780 0.00038110179919672584 7667712
1733233079918 0.0007732255410652477 7680000
1733233135441 0.0009750857293229665 7733248
1733233179536 0.000503492145723028 7766016
1733233222497 0.0004330062112298805 7798784
1733233268057 0.00034646110845497623 7831552
1733233309107 0.0004130802645739173 7840000
1733233370312 0.0005388964493485027 7897088
1733233413920 0.00038820891679538507 7929856
1733233459450 0.0005946611780159649 7962624
1733233506782 0.0003673512169421134 7995392
1733233545000 0.00011781109277348989 8000000
1733233605283 0.0002548535092869564 8060928
1733233649917 0.0002704461705376193 8093696
1733233696310 0.0008164327432975682 8126464
1733233742482 0.0009043179442973504 8159232
1733233779397 0.00015238134137691707 8160000
1733233841906 0.0003418343053287476 8224768
1733233887278 0.0002971677439943754 8257536
1733233932475 0.0004725298034433667 8290304
1733233984665 0.0004619145476823405 8320000
1733234032013 0.000302318739275842 8355840
1733234078251 0.0003114890150824223 8388608
1733234123791 0.00045692066533220554 8421376
1733234168230 0.00014714099227228772 8454144
1733234217983 0.0003216171058355588 8480000
1733234266906 0.0002298690103589518 8519680
1733234313476 0.00039110138655509277 8552448
1733234358330 0.00037891566495149573 8585216
1733234402702 0.0005050068580740863 8617984
1733234450579 0.0004392240362753874 8640000
1733234501937 0.00032607060065319436 8683520
1733234546936 0.0004133736588463499 8716288
1733234590695 0.0003405099306088788 8749056
1733234635457 0.00033028252448716875 8781824
1733234683077 0.0005436770028613757 8800000
1733234736495 0.0005511195373435029 8847360
1733234782357 0.0003836940897803842 8880128
1733234826270 0.000286668281084701 8912896
1733234870894 0.0004991546243710232 8945664
1733234916482 0.000539589170608501 8960000
1733234972049 0.00020572392782125526 9011200
1733235018628 0.0003556628667188422 9043968
1733235063074 0.0003469702415398679 9076736
1733235110099 0.0008690819610862377 9109504
1733235154077 0.00048019473937555013 9120000
1733235210704 0.0005873841099411248 9175040
1733235257969 0.0008422273961508963 9207808
1733235302499 0.00044514280430445473 9240576
1733235347644 0.00041669187005517473 9273344
1733235389199 0.00039871292855344633 9280000
1733235448710 0.000721277519760477 9338880
1733235496288 0.0002283531188477461 9371648
1733235541130 0.00031589625422774327 9404416
1733235585881 0.00038793144132038827 9437184
1733235626422 0.00027014002578100714 9440000
1733235687243 0.0005460718543409904 9502720
1733235734532 0.00035642071817383326 9535488
1733235778095 0.0002998918658809746 9568256
1733235830455 0.000528667497015034 9600000
1733235877062 0.00032662597996750974 9633792
1733235922010 0.0004055108605138802 9666560
1733235968828 0.00023916643672570182 9699328
1733236012853 0.00028068084710395345 9732096
1733236064376 0.0005197214225084679 9760000
1733236111368 0.0003470480674923282 9797632
1733236156077 0.00029305375542216795 9830400
1733236202028 0.0004227569063409931 9863168
1733236248030 0.0003615965113652919 9895936
1733236297536 0.0005066447486864689 9920000
1733236347592 0.0003861559053364161 9961472
1733236392715 0.00038566990187463015 9994240
1733236439996 0.00018537723281442098 10027008
1733236484750 0.000232657256436708 10059776
1733236531503 0.0005580854886799269 10080000
1733236583397 0.0004179421067659117 10125312
1733236628801 0.00047006363340944545 10158080
1733236676321 0.0003863261189421152 10190848
1733236720328 0.0002060941162583374 10223616
1733236764297 0.00018262835454190273 10240000
1733236820006 0.00028067594804812577 10289152
1733236864772 0.0002903914295916632 10321920
1733236911560 0.00028649844918851033 10354688
1733236956435 0.00045990273548810465 10387456
1733237001387 0.00026262863643786714 10400000
1733237056005 0.000520606280174385 10452992
1733237100960 0.00018542242057708602 10485760
1733237145539 0.0003582407655354336 10518528
1733237192401 0.00036477401598480343 10551296
1733237232704 0.0001764883009528706 10560000
1733237289947 8.131532521220564e-05 10616832
1733237335168 0.00022947536067978723 10649600
1733237381905 0.00030620117817434787 10682368
1733237428271 0.00033336937940826595 10715136
1733237467868 0.0002234032557009158 10720000
1733237526357 0.00036758156132701283 10780672
1733237569746 0.0003583776126839577 10813440
1733237615538 0.0003641092984618233 10846208
1733237660813 0.00030164987649281547 10878976
1733237698282 0.00021335494674670218 10880000
1733237760281 0.0002812410985652658 10944512
1733237805636 0.00038646448746084696 10977280
1733237849231 0.0003383753325738148 11010048
1733237901366 0.00024144469188311924 11040000
1733237947232 0.0003063178400972255 11075584
1733237991341 0.0002741784639376021 11108352
1733238036005 0.0002665799568453142 11141120
1733238082352 0.00035404236891878327 11173888
1733238132327 0.00037554833749560147 11200000
1733238182338 0.00031512815868826036 11239424
1733238227158 0.00028656322771052344 11272192
1733238274201 0.000447169805015557 11304960
1733238318300 0.00012027362401370034 11337728
1733238367434 0.0003019232346896272 11360000
1733238420515 0.000300406983063084 11403264
1733238468805 0.000140409658781393 11436032
1733238514250 0.0004981814698010511 11468800
1733238562765 0.00031497444045813783 11501568
1733238607868 0.0002934320151529946 11520000
1733238661945 0.00042443611621834076 11567104
1733238705146 0.00026241033112757163 11599872
1733238751779 0.0004799553816261959 11632640
1733238794702 0.00015174101223853765 11665408
1733238840303 0.0002471858479592637 11680000
1733238894663 0.00034523414651124187 11730944
1733238941011 0.00047705834674500737 11763712
1733238983735 0.00030508354027039 11796480
1733239032040 0.0007901827851550802 11829248
1733239072308 0.0003665877987032662 11840000
1733239131346 0.0004191728345510626 11894784
1733239176171 0.00022781890832601626 11927552
1733239221981 0.00024363632555663984 11960320
1733239265944 0.00047236628637739033 11993088
1733239308665 0.0004222414605631108 12000000
1733239363335 0.00018535633975843568 12058624
1733239408002 0.0004248715862433361 12091392
1733239452683 0.0002407383047728917 12124160
1733239497237 0.00030216955793118674 12156928
1733239534376 0.00033787502542268475 12160000
1733239594110 0.00022048484424286308 12222464
1733239639456 2.935049806478407e-05 12255232
1733239682873 0.000157981423833764 12288000
1733239736062 0.00018410214556439098 12320000
1733239779654 0.00034781652548514507 12353536
1733239824611 0.00022214258535688814 12386304
1733239868758 0.0002587409343892677 12419072
1733239912887 0.0006564464225166766 12451840
1733239963456 0.00018593902316081933 12480000
1733240009826 0.0004878248852407729 12517376
1733240054352 0.000316741304028767 12550144
1733240097344 0.0002807319790142371 12582912
1733240142568 0.00032569532267305855 12615680
1733240189684 0.0002576291319673629 12640000
1733240238978 0.0004961781383451935 12681216
1733240282874 0.0003836306806915601 12713984
1733240329236 0.0001806503748748911 12746752
1733240372444 0.00017786905244341345 12779520
1733240419535 0.00032876926737066545 12800000
1733240468230 0.00013515347463604054 12845056
1733240513659 2.8503385345590714e-05 12877824
1733240557547 0.00015895891595596456 12910592
1733240603803 0.00038642630685519207 12943360
1733240647903 0.00020164578594121795 12960000
1733240700740 0.00044478059188997056 13008896
1733240745427 0.00023068593910955393 13041664
1733240790423 0.0002007524232094271 13074432
1733240834651 0.00014128566905931007 13107200
1733240880317 0.00015049317792590334 13120000
1733240935032 0.00029755791004792975 13172736
1733240978379 0.00027660963886936283 13205504
1733241023031 0.0004690982155007628 13238272
1733241067293 0.0005842489212419366 13271040
1733241107907 0.00020619315003433947 13280000
1733241163493 0.00033708333617670226 13336576
1733241208231 0.0002835058148953129 13369344
1733241252058 0.00027770190628948475 13402112
1733241295265 0.0006047112354984563 13434880
1733241334412 0.00040306689825950757 13440000
1733241390572 0.0007221725154746839 13500416
1733241435989 0.0002540894929996096 13533184
1733241478935 0.0004427179417080485 13565952
1733241523901 0.0002867440987868175 13598720
1733241559299 0.00017422417582284576 13600000
1733241619810 3.798670404959736e-05 13664256
1733241663937 4.540314501715326e-05 13697024
1733241710617 0.0005304966429608537 13729792
1733241760266 9.130972196249587e-05 13760000
1733241806867 0.0003050593364682053 13795328
1733241850339 0.00015157135795127453 13828096
1733241896456 0.0002470606113733842 13860864
1733241940528 0.00021097081668770558 13893632
1733241990608 0.0001868335139239008 13920000
1733242038546 0.0005149742344157992 13959168
1733242082797 0.000236843792837238 13991936
1733242126899 0.0003188612785446354 14024704
1733242172563 0.00024318554760558442 14057472
1733242220075 5.0614153064421076e-05 14080000
1733242270760 6.117761553148249e-05 14123008
1733242315848 0.00019550349954096103 14155776
1733242361185 0.0005485316276169439 14188544
1733242407214 0.0001095306192348211 14221312
1733242452609 0.0002500597597101084 14240000
1733242504273 0.00036881242799113867 14286848
1733242548747 0.0001452622377713819 14319616
1733242593026 0.00011581451746986993 14352384
1733242637573 0.0002320395304482803 14385152
1733242680686 0.00037946386456977343 14400000
1733242734012 0.00020152709159559912 14450688
1733242776825 0.00023905410904148105 14483456
1733242822053 0.00018456109209372685 14516224
1733242865910 0.00030080152564666563 14548992
1733242910545 0.0002823463486175015 14560000
1733242965855 0.0003695952252642298 14614528
1733243013066 0.0003883745325327315 14647296
1733243057579 0.00035671092539428794 14680064
1733243102483 0.0002547650145093283 14712832
1733243141139 0.0002291907741689192 14720000
1733243198922 0.0001074740266618246 14778368
1733243244310 0.00022464158229534847 14811136
1733243288373 0.0001969158402583604 14843904
1733243333310 0.00029011436762198527 14876672
1733243374239 0.0002440095933805675 14880000
1733243433656 0.00035537750200016484 14942208
1733243477319 0.00036178627250009753 14974976
1733243523332 0.0002465745423426258 15007744
1733243573867 0.00015491614235015882 15040000
1733243619171 6.524423061768925e-05 15073280
1733243662884 7.347125086225592e-05 15106048
1733243708322 0.00010924105234970672 15138816
1733243752349 0.00010352295404796319 15171584
1733243802308 1.9483061167457905e-05 15200000
1733243848182 0.0002520873883125496 15237120
1733243892736 0.0002434105298815048 15269888
1733243937357 0.00015233504429202905 15302656
1733243981718 0.00010274643762315794 15335424
1733244030912 0.00018134837548593462 15360000
1733244079823 0.00013337360077158021 15400960
1733244125838 0.00010979314646273331 15433728
1733244169542 0.0001666705684819858 15466496
1733244214995 0.00019003426964727676 15499264
1733244261695 0.00016775697866646677 15520000
1733244313037 0.0002497169333546045 15564800
1733244357956 0.00017428124756860842 15597568
1733244401421 0.000629437535764632 15630336
1733244445215 7.560623520606047e-05 15663104
1733244490315 0.0004015373356657026 15680000
1733244541746 0.0002302022422513539 15728640
1733244585405 6.282210910004692e-05 15761408
1733244630842 0.0001330410446424124 15794176
1733244674838 0.00014108983953671218 15826944
1733244719567 9.11114122073231e-05 15840000
1733244773273 1.659150236189566e-05 15892480
1733244818838 9.52567321818476e-05 15925248
1733244862998 0.00011591614275336947 15958016
1733244908647 9.345547510608565e-05 15990784
1733244949726 0.0003863085134179767 16000000
1733245006324 0.00034389178677420864 16056320
1733245049562 0.0002131588098487569 16089088
1733245093361 0.0004121133483125261 16121856
1733245137429 0.00016594115057819714 16154624
1733245174913 0.0001333952948924244 16160000
1733245235862 0.00018900010952085377 16220160
1733245279321 0.0002363612692853012 16252928
1733245325903 0.0002556560896135762 16285696
1733245369416 0.00011202394793674575 16318464
1733245408226 0.0002544939587038164 16320000
1733245465514 9.71859415666132e-05 16384000
1733245508935 8.901918404529141e-05 16416768
1733245553689 0.00031882345385763066 16449536
1733245603966 0.0001540756696021939 16480000
1733245650528 2.1203832777072494e-05 16515072
1733245696004 0.00011127112615653135 16547840
1733245740960 0.00018429367746202184 16580608
1733245784746 0.00032557842249960613 16613376
1733245835242 0.00030174810177907574 16640000
1733245881529 0.0005351116701147074 16678912
1733245926558 0.000147730136319546 16711680
1733245969946 3.7800731167159096e-05 16744448
1733246014226 0.000133527782344367 16777216
1733246061645 0.00016278908368332344 16800000
1733246112016 8.137153021305909e-05 16842752
1733246155116 4.1764635974461674e-05 16875520
1733246198699 0.00016424069804914508 16908288
1733246243910 1.697159333201581e-05 16941056
1733246286632 8.320601807274564e-05 16960000
1733246335552 7.238989318825162e-05 17006592
1733246378105 9.71013060131254e-05 17039360
1733246421534 5.163264748473395e-05 17072128
1733246464391 0.0002313518870167508 17104896
1733246508406 0.00018661713546119785 17120000
1733246559274 0.00012459823673660608 17170432
1733246603618 0.00010652503106178823 17203200
1733246646677 0.00011943156045124415 17235968
1733246690608 2.3262322097161726e-05 17268736
1733246730833 0.00012138648688917453 17280000
1733246788306 0.0004944429781094106 17334272
1733246831804 3.0290567735158368e-05 17367040
1733246876064 0.0001905699508936598 17399808
1733246920501 9.408170138545114e-05 17432576
1733246959942 9.380936913769844e-05 17440000
1733247015116 7.279778680331361e-05 17498112
1733247059383 0.0005479166540249825 17530880
1733247102737 0.0003072946588266845 17563648
1733247148129 0.00023318976543592606 17596416
1733247185576 0.00016479446147263933 17600000
1733247244481 4.190751528146963e-05 17661952
1733247287957 0.0001918406649263904 17694720
1733247330839 0.00022536037393221519 17727488
1733247383100 6.171172771064492e-05 17760000
1733247425630 5.3219261002945825e-05 17793024
1733247469004 0.0002424852826852897 17825792
1733247511939 0.0001913426399054341 17858560
1733247555957 0.0001205886161104619 17891328
1733247602555 2.0881028085995012e-05 17920000
1733247648331 2.871121063775517e-05 17956864
1733247693026 7.100266942771105e-05 17989632
1733247736856 0.00035855968843452325 18022400
1733247779678 4.4749849128911114e-05 18055168
1733247829680 0.0003721990825353405 18080000
1733247876042 5.13028088529266e-05 18120704
1733247920843 2.72319361933393e-05 18153472
1733247964221 0.00018404420648734376 18186240
1733248009412 0.0002733692333595883 18219008
1733248054442 0.0002295321356753699 18240000
1733248106436 0.0003219035890660527 18284544
1733248149873 2.7977842457893587e-05 18317312
1733248194343 6.988854829905743e-05 18350080
1733248237600 5.0315592989580435e-05 18382848
1733248282644 8.797177633304009e-05 18400000
1733248334130 0.00011493131163990977 18448384
1733248377504 1.0952198293023851e-05 18481152
1733248421122 8.362617661907822e-05 18513920
1733248465335 9.857914890539776e-05 18546688
1733248507550 0.0001484198026567185 18560000
1733248560087 0.00019295682275397575 18612224
1733248604176 0.0004636374174585622 18644992
1733248647713 0.00023695940460823905 18677760
1733248692862 0.000494560995561355 18710528
1733248732268 0.0003186690530342151 18720000
1733248788276 4.440346406988649e-05 18776064
1733248831729 0.00020975006167118783 18808832
1733248875623 0.000188653679505979 18841600
1733248918761 0.00014062933176444136 18874368
1733248958375 0.0003190888841535067 18880000
1733249017226 8.089384588121362e-05 18939904
1733249061193 4.415913559711049e-05 18972672
1733249104569 9.533584611549628e-05 19005440
1733249148703 0.00012130892245811875 19038208
1733249184933 0.00010281755355978639 19040000
1733249242136 5.620964218129298e-05 19103744
1733249287045 2.3900017293421173e-05 19136512
1733249329109 4.448692694849488e-05 19169280
1733249377954 0.00010424909748029121 19200000
1733249422317 0.0001338278201253651 19234816
1733249466591 8.690884693222101e-05 19267584
1733249508916 4.226727818457121e-05 19300352
1733249552809 1.3252937057040004e-05 19333120
1733249602792 6.980886462081282e-05 19360000
1733249651759 4.728114905757641e-05 19398656
1733249695010 1.9553759643353708e-05 19431424
1733249741340 3.689875063024317e-05 19464192
1733249784848 5.949726958509593e-06 19496960
1733249832151 8.105655914715237e-05 19520000
1733249881113 9.915131544924183e-06 19562496
1733249925545 0.00012591741028162852 19595264
1733249969669 0.0001503226475030095 19628032
1733250014044 4.926096077699782e-05 19660800
1733250056894 7.638476136491157e-05 19680000
1733250108457 0.0002300032240683092 19726336
1733250152826 0.0001139224303151165 19759104
1733250194949 1.5142704561044162e-05 19791872
1733250238812 4.667353683182052e-05 19824640
1733250282109 6.613402136901314e-06 19840000
1733250336063 4.8051993909303815e-05 19890176
1733250379231 2.1288343689918054e-05 19922944
1733250423515 3.308464048811244e-05 19955712
1733250466937 3.341637582483514e-05 19988480
1733250509466 6.010273636704033e-05 20000000
1733250563326 2.2935744835228532e-05 20054016
1733250607841 0.00016054717761286862 20086784
1733250651905 0.00018157768911967188 20119552
1733250696464 6.719765808302914e-05 20152320
1733250735178 0.00014426686977540016 20160000
1733250790407 6.687388374251312e-05 20217856
1733250833970 9.768910541496645e-06 20250624
1733250876060 3.062126527457743e-05 20283392
1733250919310 0.00010108957810577302 20316160
1733250956634 6.020549007555998e-05 20320000
1733251016155 0.00010419095125827616 20381696
1733251059432 6.68091681846894e-05 20414464
1733251104735 4.0491101718442835e-05 20447232
1733251156626 4.9875526207654455e-05 20480000
1733251201416 1.1848163079652974e-05 20512768
1733251244202 3.9412712918951434e-05 20545536
1733251289249 1.0878005524583845e-05 20578304
1733251333467 6.346263147349873e-06 20611072
1733251383533 0.00014972845996553686 20640000
1733251429806 7.301976724938264e-06 20676608
1733251473011 0.00025484038601971684 20709376
1733251518271 1.0066016617460427e-05 20742144
1733251560941 2.824332843468502e-05 20774912
1733251609048 4.2867640512311844e-05 20800000
1733251657572 2.462354694263702e-05 20840448
1733251701563 7.293449366213567e-05 20873216
1733251746904 4.179602487963674e-05 20905984
1733251791293 8.94974355643674e-05 20938752
1733251835039 0.00021229944677061407 20960000
1733251886008 0.0001892904859874034 21004288
1733251929292 2.5344768297697052e-05 21037056
1733251972863 5.010029672916083e-05 21069824
1733252015770 9.759521838507146e-05 21102592
1733252059126 2.7642742186606563e-05 21120000
1733252110965 6.731806611595114e-05 21168128
1733252153514 0.00013564089175575056 21200896
1733252197849 0.0003104722203391752 21233664
1733252240574 6.870554452308442e-05 21266432
1733252282939 0.00013135084529378727 21280000
1733252336954 7.899648914264646e-05 21331968
1733252381191 6.102668226537489e-06 21364736
1733252423318 8.345053711635852e-05 21397504
1733252468119 8.954328946514378e-06 21430272
1733252506905 4.571728882051263e-05 21440000
1733252562928 1.306439913533186e-05 21495808
1733252605803 3.8290025357745615e-05 21528576
1733252649090 0.00013980957748571665 21561344
1733252693895 3.4911284404848256e-05 21594112
1733252731318 7.861056499769425e-06 21600000
1733252787222 3.281307611082696e-05 21659648
1733252827022 4.452525202965907e-05 21692416
1733252869267 9.368869028218985e-05 21725184
1733252909916 8.805303538939046e-06 21757952
1733252946120 0.00011620770899751775 21760000
1733253000584 8.024124497829633e-06 21823488
1733253042358 9.362090768916254e-06 21856256
1733253082559 2.6146913092450764e-05 21889024
1733253131660 0.00019255324387466022 21920000
1733253173890 2.896734538424539e-05 21954560
1733253215618 0.0002009267056616748 21987328
1733253256970 8.728045808190644e-05 22020096
1733253299028 5.035692894069799e-05 22052864
1733253344054 1.9327284763559494e-05 22080000
1733253387086 5.646579600867563e-05 22118400
1733253428195 6.862315288714837e-05 22151168
1733253468256 0.00016255142445060767 22183936
1733253509043 4.7648615638229416e-05 22216704
1733253552013 0.00022877449724835187 22240000
1733253596925 2.0350961030191072e-05 22282240
1733253637308 7.045426621502538e-05 22315008
1733253678352 3.664002313964465e-05 22347776
1733253718977 6.266464845394726e-05 22380544
1733253760922 5.1237627819000764e-05 22400000
1733253806798 8.28546382710571e-05 22446080
1733253848189 0.00021174099763218157 22478848
1733253888423 2.4265695431646696e-05 22511616
1733253930094 0.000111425822205391 22544384
1733253969741 0.00012878376555210957 22560000
1733254018941 0.00024019714527843128 22609920
1733254058749 4.737474476287362e-05 22642688
1733254099243 0.00010384415874212794 22675456
1733254139233 5.591599287706473e-05 22708224
1733254179204 1.8264067819151465e-05 22720000
1733254229417 4.945284420767582e-05 22773760
1733254271403 0.00017902071329816137 22806528
1733254311450 0.00017362390663562267 22839296
1733254352839 7.078741093328179e-05 22872064
1733254389670 1.5328316390761375e-05 22880000
1733254441037 7.238886523820431e-05 22937600
1733254483217 0.0002316206868945625 22970368
1733254524684 0.0001140570656345874 23003136
1733254566106 3.894911729769301e-05 23035904
1733254601663 0.00022191342065622788 23040000
1733254655077 0.00024059615758611485 23101440
1733254695371 0.00014319740035275696 23134208
1733254737216 5.5836679253706835e-05 23166976
1733254777989 4.0152840407192694e-05 23199744
1733254812159 0.00011156781012244821 23200000
1733254867410 3.5331576680330826e-05 23265280
1733254907969 3.921017850738728e-05 23298048
1733254951634 0.00011262993980847291 23330816
1733254997091 6.246672652732155e-05 23360000
1733255041589 6.258316171684486e-05 23396352
1733255082790 4.180150243454639e-05 23429120
1733255125608 0.0002828389578483859 23461888
1733255166930 1.5601199944181852e-05 23494656
1733255211753 2.4831735128671983e-05 23520000
1733255258434 0.00012095776819465165 23560192
1733255299687 8.935984330148417e-05 23592960
1733255343208 9.878310644436671e-05 23625728
1733255384272 8.831061693272967e-05 23658496
1733255429555 0.00012859460680475499 23680000
1733255476130 3.410417137784671e-05 23724032
1733255517908 0.0002537372796472148 23756800
1733255560325 0.00014024006215042074 23789568
1733255601276 7.455394154753936e-06 23822336
1733255644520 0.00012169466956951647 23840000
1733255696064 4.3028664464861424e-05 23887872
1733255738583 0.00031104120461133977 23920640
1733255778955 0.00010025439268961378 23953408
1733255821205 0.00011849156837202557 23986176
1733255861874 5.949547258109478e-05 24000000
1733255911403 1.0329487018589933e-05 24051712
1733255954035 3.432902082144418e-05 24084480
1733255994935 0.0001623217745080452 24117248
1733256037924 0.0001487987404228952 24150016
1733256075867 5.91792167518479e-05 24160000
1733256128430 0.0001933550922937899 24215552
1733256169183 0.0002601129536225821 24248320
1733256210670 0.00010528787873672618 24281088
1733256252007 9.479709130485458e-05 24313856
1733256288581 4.5742681576865785e-05 24320000
1733256347241 4.1886001390789575e-05 24379392
1733256387345 6.999847501120149e-05 24412160
1733256430582 0.00011498707856091305 24444928
1733256471104 1.3841665840541584e-05 24477696
1733256505678 1.225025176004868e-05 24480000
1733256561411 0.00011287409235309909 24543232
1733256603879 2.936011838237107e-05 24576000
1733256646130 5.931986804990075e-05 24608768
1733256693526 3.283880632365399e-05 24640000
1733256738345 3.71630105857168e-05 24674304
1733256778376 4.838247964599196e-05 24707072
1733256820368 8.351316575949674e-06 24739840
1733256860853 2.8615390146302654e-05 24772608
1733256907498 5.844601667428506e-05 24800000
1733256951535 7.058713493542922e-05 24838144
1733256993607 3.078969129857168e-05 24870912
1733257039195 1.651370618122039e-05 24903680
1733257080058 2.1419138285183603e-05 24936448
1733257126669 8.016016290312566e-05 24960000
1733257171632 8.198345635914705e-05 25001984
1733257214426 6.523105676271568e-05 25034752
1733257255070 0.00018674553396609285 25067520
1733257296797 2.227405127163129e-05 25100288
1733257340635 1.741633686497268e-05 25120000
1733257387504 9.260913200892507e-06 25165824
1733257432191 1.279448726237975e-05 25198592
1733257472279 9.829773346037296e-06 25231360
1733257514992 1.8488691960738545e-05 25264128
1733257555682 1.4144765942358806e-05 25280000
1733257606269 7.617670057302739e-06 25329664
1733257647349 5.513706222624037e-05 25362432
1733257690087 4.204233072644392e-05 25395200
1733257732550 0.00016591215102721436 25427968
1733257772028 3.368387109189408e-05 25440000
1733257826373 1.1028576423322e-05 25493504
1733257866937 7.557043225359106e-06 25526272
1733257909725 4.077419112649139e-05 25559040
1733257950839 1.076758290595725e-05 25591808
1733257988902 3.5485339907870286e-05 25600000
1733258041985 7.0404093958975625e-06 25657344
1733258083543 6.859489335570013e-06 25690112
1733258127105 5.2885443526362595e-05 25722880
1733258167327 2.6079737453077458e-05 25755648
1733258204175 3.86278783334415e-05 25760000
1733258258073 0.00011927774073673403 25821184
1733258300683 0.00020843127401695138 25853952
1733258341489 2.975370858765425e-05 25886720
1733258382834 6.83135990423911e-05 25919488
1733258418749 0.0003306439910094161 25920000
1733258473001 1.2076201446087343e-05 25985024
1733258516673 8.898898384971377e-05 26017792
1733258558285 0.0001732271194645585 26050560
1733258607521 0.0002794121904437175 26080000
1733258649552 8.611765195549736e-05 26116096
1733258692169 0.0003370918946220103 26148864
1733258732644 2.2487131670756445e-05 26181632
1733258775099 8.28657052929005e-05 26214400
1733258825899 0.00011262743531397224 26240000
1733258873288 2.07832108026218e-05 26279936
1733258915169 0.00011054428683460182 26312704
1733258958416 3.807749747217759e-05 26345472
1733259003746 1.808146881592254e-05 26378240
1733259049987 3.263158446152881e-05 26400000
1733259100869 8.826977699650795e-05 26443776
1733259145348 1.2229177701550409e-05 26476544
1733259190380 4.452546718411998e-05 26509312
1733259234484 8.497219079262042e-06 26542080
1733259279234 9.234385912088029e-06 26560000
1733259329505 1.4095117039225613e-05 26607616
1733259373278 7.5531168914122485e-06 26640384
1733259421582 2.8030438939852243e-05 26673152
1733259466518 5.0226359581961866e-05 26705920
1733259509246 0.00014535288951578185 26720000
1733259563020 0.00023905942610252806 26771456
1733259608040 0.00019876963384930503 26804224
1733259650329 2.423625182543798e-05 26836992
1733259695175 1.9803263520634662e-05 26869760
1733259734836 4.878113985467003e-05 26880000
1733259789652 4.908796681354355e-05 26935296
1733259833706 3.635790751600476e-05 26968064
1733259877430 0.00017862811707595184 27000832
1733259922930 8.26913207926605e-05 27033600
1733259961783 1.844500433737517e-05 27040000
1733260019183 0.0001887513768337179 27099136
1733260061896 0.00012220874123173298 27131904
1733260109025 3.0246375470754926e-05 27164672
1733260151005 1.2024233807217399e-05 27197440
1733260188997 7.606422296504433e-05 27200000
1733260248446 0.00010776309869338085 27262976
1733260293635 7.5172522022382e-05 27295744
1733260341061 0.00018755478921641532 27328512
1733260389996 0.00012316674445221886 27360000
1733260436690 0.00020116347276306624 27394048
1733260478558 9.828009229911894e-05 27426816
1733260524637 2.955270240436736e-05 27459584
1733260566915 1.4194549285218016e-05 27492352
1733260617365 0.00013619908915709633 27520000
1733260662867 0.00012863037456997128 27557888
1733260706768 7.0628853288901e-06 27590656
1733260750651 5.738817536252716e-05 27623424
1733260793116 0.00026168598005482657 27656192
1733260842710 3.609336080349079e-05 27680000
1733260887356 7.728270220241917e-06 27721728
1733260933505 9.622240885387435e-06 27754496
1733260977231 5.978026995860919e-05 27787264
1733261024260 7.518885640755979e-06 27820032
1733261069704 1.3087141478917986e-05 27840000
1733261123670 0.00010082410761014238 27885568
1733261168118 1.0278234196214875e-05 27918336
1733261214115 3.969630206402952e-05 27951104
1733261258648 0.00010893351879869284 27983872
1733261303444 0.00020243144131303347 28000000
1733261359333 5.104929428034754e-06 28049408
1733261403281 3.677357593894204e-05 28082176
1733261451677 7.919763598931428e-05 28114944
1733261495629 2.7704302473585686e-05 28147712
1733261539344 0.00010895708768370316 28160000
1733261594211 0.0002606749688249366 28213248
1733261638598 3.678766073107464e-05 28246016
1733261683791 0.00020480149478362407 28278784
1733261728873 1.8810464530893967e-05 28311552
1733261772317 3.5673202453190275e-05 28320000
1733261828420 2.9786624285810247e-05 28377088
1733261873465 9.489798591433284e-06 28409856
1733261918216 2.3983472668265283e-05 28442624
1733261963773 0.000103473776914631 28475392
1733262002704 6.248442757184058e-05 28480000
1733262064074 1.6933219811532395e-05 28540928
1733262107969 7.031771560606081e-06 28573696
1733262154511 3.173949877157689e-05 28606464
1733262198416 6.474130121186805e-05 28639232
1733262235674 6.710871704400656e-05 28640000
1733262296774 0.00013448461903172725 28704768
1733262341783 0.00019087279307892225 28737536
1733262387878 6.736690717978888e-06 28770304
1733262437820 9.479269853107652e-06 28800000
1733262487208 5.5377378179455317e-05 28835840
1733262531287 4.756394490325055e-05 28868608
1733262577349 1.5795669543305913e-05 28901376
1733262622475 8.183335747224962e-06 28934144
1733262672571 1.240334260657061e-05 28960000
1733262721342 0.00012079555595470026 28999680
1733262765471 2.2731314136048564e-05 29032448
1733262811767 3.8020974529384685e-05 29065216
1733262856952 8.83424871349625e-06 29097984
1733262909029 2.161590102520705e-05 29120000
1733262959608 8.078971867179208e-05 29163520
1733263005664 0.00021249973055934568 29196288
1733263049076 3.0194325707544322e-05 29229056
1733263095154 7.70706347972272e-06 29261824
1733263139784 1.7873839813353777e-05 29280000
1733263192158 1.0677553869609114e-05 29327360
1733263236123 7.872189632374126e-06 29360128
1733263280783 2.5296598334112463e-05 29392896
1733263326279 7.151247113278414e-05 29425664
1733263369842 0.00021896347627989866 29440000
1733263424495 0.0001371382290494383 29491200
1733263469747 1.4190024114779653e-05 29523968
1733263515759 6.8735989023904764e-06 29556736
1733263558516 2.248422589745669e-05 29589504
1733263600454 0.00019635089594247646 29600000
1733263655486 6.597802362606764e-06 29655040
1733263704233 3.928909370820577e-05 29687808
1733263748296 6.617056667213017e-06 29720576
1733263793267 1.984586765531038e-05 29753344
1733263833039 0.00018615350301866008 29760000
1733263889515 4.7249769200430335e-05 29818880
1733263936108 8.809866168257852e-05 29851648
1733263980027 0.00011465865102702199 29884416
1733264025443 1.4726148277599549e-05 29917184
1733264062612 5.3476139748986906e-05 29920000
1733264122758 0.0003906806045835154 29982720
1733264167481 0.00016071957859923325 30015488
1733264212613 3.450357395218262e-05 30048256
1733264263597 0.00013912606589435716 30080000
1733264309633 7.99081424776693e-05 30113792
1733264353510 0.00014484371228140613 30146560
1733264398534 7.292687933857511e-05 30179328
1733264443259 5.737349467638264e-05 30212096
1733264492404 6.004134990302834e-05 30240000
1733264540107 0.0001804861362998844 30277632
1733264583796 0.00022823868101942146 30310400
1733264629621 0.00015184445301184014 30343168
1733264672876 8.744766931229053e-05 30375936
1733264721141 0.00010061769955649336 30400000
1733264767863 0.0002150300207163225 30441472
1733264812015 2.0210780385032655e-05 30474240
1733264856160 6.374697321365197e-05 30507008
1733264898441 8.136177796117528e-05 30539776
1733264946012 2.1514875565897817e-05 30560000
1733264996687 1.4107550198583229e-05 30605312
1733265041466 6.167497343608774e-05 30638080
1733265086553 9.399623740280472e-06 30670848
1733265129408 2.845382267261387e-05 30703616
1733265175559 1.2388581820110822e-05 30720000
1733265229746 1.2534669427832768e-05 30769152
1733265273538 6.230624037354416e-05 30801920
1733265317941 0.0004015285405953195 30834688
1733265361925 0.00020282881752052838 30867456
1733265403541 0.00010433803780313111 30880000
1733265458833 0.00015634795981573913 30932992
1733265505225 6.067193598318088e-05 30965760
1733265548639 0.00024761849586263374 30998528
1733265595151 0.00011064681663096599 31031296
1733265633691 6.967220279079367e-05 31040000
1733265689873 8.833356544901694e-05 31096832
1733265733378 0.00015008239047641369 31129600
1733265776207 2.073016725906429e-05 31162368
1733265822444 0.00019928336583314722 31195136
1733265859958 0.00010500611166006646 31200000
1733265912152 9.80498883668135e-06 31260672
1733265951782 6.286939323750796e-05 31293440
1733265988394 0.00011032494862897035 31326208
1733266028611 0.00020753170104250706 31358976
1733266060863 0.0003929810831482916 31360000
1733266112274 0.00023365525889627037 31424512
1733266151354 2.4181462089578608e-05 31457280
1733266188741 0.00011792457370581876 31490048
1733266234727 7.791637996290567e-06 31520000
1733266274874 2.392650051278311e-05 31555584
1733266313066 3.2378598560778295e-05 31588352
1733266351752 0.00012481188793040944 31621120
1733266390278 3.84206314023805e-05 31653888
1733266432732 9.773477012697818e-06 31680000
1733266474585 0.00021172296717747452 31719424
1733266512995 2.1926188973220295e-05 31752192
1733266550620 7.170969772039016e-05 31784960
1733266590909 3.504568726921953e-05 31817728
1733266630145 3.1595385518123906e-05 31840000
1733266674185 3.333219098898832e-05 31883264
1733266712683 0.00029827987852302227 31916032
1733266749276 0.00010553240418325061 31948800
1733266789469 0.00018640399584737288 31981568
1733266827508 0.00020646802734152202 32000000
1733266871840 6.085351992901611e-05 32047104
1733266912584 2.533225199338185e-05 32079872
1733266948587 4.677592208937043e-05 32112640
1733266989054 3.080752424615696e-05 32145408
1733267026060 4.369669046899727e-05 32160000
