1733222306886 0.2 32768
1733222310038 0.2 49152
1733222313302 0.2 65536
1733222317189 0.2 80000
1733222320660 0.2 98304
1733222323924 0.2 114688
1733222327237 0.2 131072
1733222330845 0.2 147456
1733222334077 0.2 160000
1733222337524 0.2 180224
1733222340820 0.2 196608
1733222344167 0.2 212992
1733222347396 0.2 229376
1733222350459 0.2 240000
1733222354081 0.2 262144
1733222357542 0.2 278528
1733222360873 0.2 294912
1733222364044 0.2 311296
1733222366985 0.2 320000
1733222370820 0.2 344064
1733222374032 0.2 360448
1733222377236 0.2 376832
1733222380712 0.2 393216
1733222383864 0.2 400000
1733222387796 0.2 425984
1733222391236 0.2 442368
1733222394448 0.2 458752
1733222397640 0.2 475136
1733222400455 0.2 480000
1733222404443 0.2 507904
1733222407990 0.2 524288
1733222411222 0.2 540672
1733222414440 0.2 557056
1733222417000 0.2 560000
1733222421258 0.2 589824
1733222424477 0.2 606208
1733222427692 0.2 622592
1733222430874 0.2 638976
1733222433324 0.2 640000
1733222438040 0.2 671744
1733222441488 0.2 688128
1733222444698 0.2 704512
1733222448049 0.2 720000
1733222451314 0.2 737280
1733222454538 0.2 753664
1733222457735 0.2 770048
1733222460967 0.2 786432
1733222464227 0.2 800000
1733222467699 0.2 819200
1733222471252 0.2 835584
1733222474492 0.2 851968
1733222477811 0.2 868352
1733222481096 0.2 880000
1733222484702 0.2 901120
1733222487937 0.2 917504
1733222491588 0.2 933888
1733222494856 0.2 950272
1733222497875 0.2 960000
1733222501782 0.2 983040
1733222505020 0.2 999424
1733222508289 0.2 1015808
1733222511525 0.2 1032192
1733222514408 0.2 1040000
1733222518221 0.2 1064960
1733222521468 0.2 1081344
1733222524701 0.2 1097728
1733222527931 0.2 1114112
1733222530684 0.2 1120000
1733222534610 0.2 1146880
1733222537867 0.2 1163264
1733222541103 0.2 1179648
1733222544341 0.2 1196032
1733222546975 0.2 1200000
1733222551085 0.2 1228800
