1733222306885 0.116766357421875 32768
1733222310037 0.1062255859375 49152
1733222313302 0.13499755859375 65536
1733222317188 0.11854248046875 80000
1733222320659 0.126544189453125 98304
1733222323924 0.13516845703125 114688
1733222327237 0.134912109375 131072
1733222330845 0.140283203125 147456
1733222334076 0.14964599609375 160000
1733222337523 0.153021240234375 180224
1733222340819 0.150067138671875 196608
1733222344167 0.1537109375 212992
1733222347395 0.159130859375 229376
1733222350459 0.155413818359375 240000
1733222354081 0.14931640625 262144
1733222357541 0.16119384765625 278528
1733222360873 0.156829833984375 294912
1733222364044 0.158038330078125 311296
1733222366985 0.164910888671875 320000
1733222370820 0.162548828125 344064
1733222374032 0.163616943359375 360448
1733222377236 0.158868408203125 376832
1733222380712 0.168695068359375 393216
1733222383864 0.152337646484375 400000
1733222387796 0.162347412109375 425984
1733222391236 0.1740234375 442368
1733222394448 0.16866455078125 458752
1733222397640 0.171148681640625 475136
1733222400454 0.16041259765625 480000
1733222404442 0.164813232421875 507904
1733222407989 0.163995361328125 524288
1733222411221 0.165496826171875 540672
1733222414440 0.162457275390625 557056
1733222417000 0.164984130859375 560000
1733222421257 0.161126708984375 589824
1733222424476 0.15933837890625 606208
1733222427691 0.14920654296875 622592
1733222430873 0.154779052734375 638976
1733222433324 0.15684814453125 640000
1733222438040 0.15982666015625 671744
1733222441488 0.157958984375 688128
1733222444698 0.150494384765625 704512
1733222448048 0.16610107421875 720000
1733222451314 0.15718994140625 737280
1733222454538 0.155560302734375 753664
1733222457734 0.15968017578125 770048
1733222460967 0.1485107421875 786432
1733222464226 0.15367431640625 800000
1733222467699 0.15625 819200
1733222471252 0.156549072265625 835584
1733222474491 0.152191162109375 851968
1733222477811 0.156146240234375 868352
1733222481096 0.1512939453125 880000
1733222484702 0.15347900390625 901120
1733222487937 0.149951171875 917504
1733222491588 0.15491943359375 933888
1733222494855 0.153924560546875 950272
1733222497874 0.14844970703125 960000
1733222501781 0.140625 983040
1733222505020 0.144256591796875 999424
1733222508289 0.146527099609375 1015808
1733222511524 0.139837646484375 1032192
1733222514407 0.14998779296875 1040000
1733222518221 0.1442626953125 1064960
1733222521468 0.14990234375 1081344
1733222524701 0.152545166015625 1097728
1733222527930 0.15330810546875 1114112
1733222530684 0.137384033203125 1120000
1733222534610 0.145849609375 1146880
1733222537867 0.142901611328125 1163264
1733222541102 0.14129638671875 1179648
1733222544341 0.152947998046875 1196032
1733222546975 0.147222900390625 1200000
1733222551085 0.14619140625 1228800
