1733222306886 -2.734254665579647 32768
1733222310038 -2.6006963100284337 49152
1733222313303 -2.649072379153222 65536
1733222317189 -2.6689239311032 80000
1733222320660 -2.6646475598216055 98304
1733222323925 -2.6369906085543335 114688
1733222327238 -2.5875260436907412 131072
1733222330846 -2.603091636672616 147456
1733222334077 -2.618754851538688 160000
1733222337524 -2.5496607847511767 180224
1733222340820 -2.4839939326047897 196608
1733222344168 -2.4785688996315 212992
1733222347396 -2.452675402816385 229376
1733222350459 -2.4520393265411258 240000
1733222354081 -2.4269816375337543 262144
1733222357542 -2.342459978489205 278528
1733222360873 -2.2964353810530156 294912
1733222364045 -2.3016274468041957 311296
1733222366986 -2.19623304316774 320000
1733222370820 -2.18953721774742 344064
1733222374033 -2.051641123695299 360448
1733222377236 -2.0350877387914807 376832
1733222380712 -1.9328232736792414 393216
1733222383864 -1.9460313306655734 400000
1733222387797 -1.894825510820374 425984
1733222391237 -1.8322377292439342 442368
1733222394449 -1.7867360648233443 458752
1733222397641 -1.7919061929918825 475136
1733222400455 -1.6285220597404986 480000
1733222404443 -1.6521311489399522 507904
1733222407990 -1.5611009361222385 524288
1733222411222 -1.4957079702056943 540672
1733222414440 -1.5552136026322843 557056
1733222417001 -1.4916507203131915 560000
1733222421258 -1.412270235316828 589824
1733222424477 -1.4015560755506158 606208
1733222427692 -1.3475407293532045 622592
1733222430874 -1.295148579031229 638976
1733222433325 -1.2617204289883375 640000
1733222438041 -1.257460265350528 671744
1733222441489 -1.2178888780763373 688128
1733222444698 -1.202617512200959 704512
1733222448049 -1.199029814498499 720000
1733222451314 -1.1592699465574696 737280
1733222454539 -1.1288774055195971 753664
1733222457735 -1.0834225568454712 770048
1733222460967 -1.0860953437164427 786432
1733222464227 -1.0647899937815963 800000
1733222467699 -1.0641764177475124 819200
1733222471252 -1.0623654382769019 835584
1733222474492 -1.0429567789891734 851968
1733222477811 -1.0006657163845376 868352
1733222481097 -0.9656958233099431 880000
1733222484703 -0.9892609089845792 901120
1733222487938 -0.9732112208148465 917504
1733222491589 -0.9498582004802302 933888
1733222494856 -0.9316310517722741 950272
1733222497875 -0.931684135994874 960000
1733222501782 -0.8847927790367975 983040
1733222505020 -0.8907792100217193 999424
1733222508289 -0.8773025987669826 1015808
1733222511525 -0.8941442977869883 1032192
1733222514408 -0.9218460729345679 1040000
1733222518222 -0.8860833821585402 1064960
1733222521469 -0.8544297694927081 1081344
1733222524701 -0.846159373014234 1097728
1733222527931 -0.8532678211340681 1114112
1733222530684 -0.7912503524217754 1120000
1733222534610 -0.8244296796154231 1146880
1733222537868 -0.8057507856981829 1163264
1733222541103 -0.792682012997102 1179648
1733222544342 -0.8175471822265535 1196032
1733222546975 -0.7974811224034056 1200000
1733222551085 -0.8089596464531497 1228800
