1733222306887 0.0003 32768
1733222310039 0.0003 49152
1733222313303 0.0003 65536
1733222317190 0.0003 80000
1733222320661 0.0003 98304
1733222323925 0.0003 114688
1733222327238 0.0003 131072
1733222330847 0.0003 147456
1733222334078 0.0003 160000
1733222337525 0.0003 180224
1733222340821 0.0003 196608
1733222344168 0.0003 212992
1733222347397 0.0003 229376
1733222350460 0.0003 240000
1733222354082 0.0003 262144
1733222357543 0.0003 278528
1733222360874 0.0003 294912
1733222364045 0.0003 311296
1733222366987 0.0003 320000
1733222370821 0.0003 344064
1733222374033 0.0003 360448
1733222377237 0.0003 376832
1733222380713 0.0003 393216
1733222383865 0.0003 400000
1733222387797 0.0003 425984
1733222391237 0.0003 442368
1733222394449 0.0003 458752
1733222397642 0.0003 475136
1733222400456 0.0003 480000
1733222404444 0.0003 507904
1733222407991 0.0003 524288
1733222411223 0.0003 540672
1733222414441 0.0003 557056
1733222417002 0.0003 560000
1733222421259 0.0003 589824
1733222424478 0.0003 606208
1733222427693 0.0003 622592
1733222430875 0.0003 638976
1733222433326 0.0003 640000
1733222438041 0.0003 671744
1733222441489 0.0003 688128
1733222444699 0.0003 704512
1733222448050 0.0003 720000
1733222451315 0.0003 737280
1733222454539 0.0003 753664
1733222457736 0.0003 770048
1733222460968 0.0003 786432
1733222464228 0.0003 800000
1733222467700 0.0003 819200
1733222471253 0.0003 835584
1733222474493 0.0003 851968
1733222477812 0.0003 868352
1733222481098 0.0003 880000
1733222484703 0.0003 901120
1733222487938 0.0003 917504
1733222491589 0.0003 933888
1733222494857 0.0003 950272
1733222497876 0.0003 960000
1733222501783 0.0003 983040
1733222505021 0.0003 999424
1733222508290 0.0003 1015808
1733222511526 0.0003 1032192
1733222514409 0.0003 1040000
1733222518222 0.0003 1064960
1733222521469 0.0003 1081344
1733222524702 0.0003 1097728
1733222527932 0.0003 1114112
1733222530685 0.0003 1120000
1733222534611 0.0003 1146880
1733222537869 0.0003 1163264
1733222541104 0.0003 1179648
1733222544342 0.0003 1196032
1733222546976 0.0003 1200000
1733222551086 0.0003 1228800
