1733222306887 0.0111808180809021 32768
1733222310039 -0.003159468062222004 49152
1733222313304 -0.06174825131893158 65536
1733222317191 -0.013820597901940346 80000
1733222320661 -0.008678860031068325 98304
1733222323926 -0.01494353823363781 114688
1733222327239 -0.01393684558570385 131072
1733222330847 -0.023736055940389633 147456
1733222334078 -0.030978593975305557 160000
1733222337525 -0.015017837285995483 180224
1733222340821 -0.032324302941560745 196608
1733222344169 -0.045100994408130646 212992
1733222347397 -0.02568058855831623 229376
1733222350460 -0.00595618924126029 240000
1733222354083 -0.03880001977086067 262144
1733222357543 -0.03434579446911812 278528
1733222360874 -0.016551407054066658 294912
1733222364046 -0.05070628598332405 311296
1733222366987 -0.022296207025647163 320000
1733222370821 -0.04247830808162689 344064
1733222374034 -0.02908402867615223 360448
1733222377238 -0.03553541377186775 376832
1733222380714 -0.05390632152557373 393216
1733222383866 -0.05488405004143715 400000
1733222387798 -0.023146621882915497 425984
1733222391238 -0.015102537348866463 442368
1733222394450 -0.03476686403155327 458752
1733222397642 -0.04344114288687706 475136
1733222400456 -0.046192776411771774 480000
1733222404444 -0.04247092083096504 507904
1733222407991 -0.019209982827305794 524288
1733222411223 -0.028552092611789703 540672
1733222414442 -0.005185773130506277 557056
1733222417002 -0.013978301547467709 560000
1733222421259 -0.03465450182557106 589824
1733222424478 -0.04012538120150566 606208
1733222427693 -0.03590603545308113 622592
1733222430875 -0.05031169205904007 638976
1733222433326 -0.03779387101531029 640000
1733222438042 -0.03255811333656311 671744
1733222441490 -0.03117699921131134 688128
1733222444700 -0.030508290976285934 704512
1733222448050 -0.05198204517364502 720000
1733222451316 -0.028102939948439598 737280
1733222454540 -0.010548976249992847 753664
1733222457736 -0.05307232216000557 770048
1733222460969 -0.025402722880244255 786432
1733222464228 -0.03999539837241173 800000
1733222467701 -0.030847156420350075 819200
1733222471254 -0.02512277290225029 835584
1733222474493 -0.030552078038454056 851968
1733222477813 -0.02592450939118862 868352
1733222481098 -0.018377635627985 880000
1733222484704 -0.042928583920001984 901120
1733222487939 -0.038797855377197266 917504
1733222491590 -0.026718785986304283 933888
1733222494857 -0.008865876123309135 950272
1733222497876 -0.00960035901516676 960000
1733222501783 -0.008378633297979832 983040
1733222505022 -0.024839449673891068 999424
1733222508290 -0.037545010447502136 1015808
1733222511526 -0.02083272859454155 1032192
1733222514409 -0.03766418993473053 1040000
1733222518223 0.003987016621977091 1064960
1733222521470 -0.0092435572296381 1081344
1733222524703 0.0023953926283866167 1097728
1733222527932 -0.03543708100914955 1114112
1733222530686 -0.004807344637811184 1120000
1733222534612 -0.015376267023384571 1146880
1733222537869 -0.005084591917693615 1163264
1733222541104 -0.004018536303192377 1179648
1733222544343 -0.05241738259792328 1196032
1733222546977 -0.028362253680825233 1200000
1733222551087 -0.044992342591285706 1228800
