1733222306888 10.0 32768
1733222310040 20.0 49152
1733222313304 30.0 65536
1733222317191 40.0 80000
1733222320661 50.0 98304
1733222323926 60.0 114688
1733222327239 70.0 131072
1733222330847 80.0 147456
1733222334078 90.0 160000
1733222337525 100.0 180224
1733222340822 110.0 196608
1733222344169 120.0 212992
1733222347397 130.0 229376
1733222350461 140.0 240000
1733222354083 150.0 262144
1733222357543 160.0 278528
1733222360875 170.0 294912
1733222364046 180.0 311296
1733222366987 190.0 320000
1733222370822 200.0 344064
1733222374034 210.0 360448
1733222377238 220.0 376832
1733222380714 230.0 393216
1733222383866 240.0 400000
1733222387798 250.0 425984
1733222391238 260.0 442368
1733222394450 270.0 458752
1733222397642 280.0 475136
1733222400457 290.0 480000
1733222404444 300.0 507904
1733222407991 310.0 524288
1733222411224 320.0 540672
1733222414442 330.0 557056
1733222417002 340.0 560000
1733222421259 350.0 589824
1733222424479 360.0 606208
1733222427694 370.0 622592
1733222430876 380.0 638976
1733222433326 390.0 640000
1733222438042 400.0 671744
1733222441490 410.0 688128
1733222444700 420.0 704512
1733222448051 430.0 720000
1733222451316 440.0 737280
1733222454540 450.0 753664
1733222457736 460.0 770048
1733222460969 470.0 786432
1733222464229 480.0 800000
1733222467701 490.0 819200
1733222471254 500.0 835584
1733222474494 510.0 851968
1733222477813 520.0 868352
1733222481098 530.0 880000
1733222484704 540.0 901120
1733222487939 550.0 917504
1733222491590 560.0 933888
1733222494857 570.0 950272
1733222497877 580.0 960000
1733222501784 590.0 983040
1733222505022 600.0 999424
1733222508291 610.0 1015808
1733222511527 620.0 1032192
1733222514409 630.0 1040000
1733222518223 640.0 1064960
1733222521470 650.0 1081344
1733222524703 660.0 1097728
1733222527932 670.0 1114112
1733222530686 680.0 1120000
1733222534612 690.0 1146880
1733222537869 700.0 1163264
1733222541105 710.0 1179648
1733222544343 720.0 1196032
1733222546977 730.0 1200000
1733222551087 740.0 1228800
