1733222306888 -0.0186686780072705 32768
1733222310040 -0.01757277016467924 49152
1733222313304 -0.020500422151962995 65536
1733222317192 -0.018447566062241093 80000
1733222320662 -0.01957716786137098 98304
1733222323927 -0.02079290258279798 114688
1733222327240 -0.02261290634796751 131072
1733222330848 -0.022527114638705825 147456
1733222334079 -0.024227511607386988 160000
1733222337526 -0.02338975256334379 180224
1733222340822 -0.02377332300384296 196608
1733222344170 -0.02461108364395841 212992
1733222347398 -0.0255958498209111 229376
1733222350461 -0.02359159221978189 240000
1733222354083 -0.023661642307160946 262144
1733222357544 -0.02543195550724704 278528
1733222360875 -0.025322722308646916 294912
1733222364047 -0.024265785033185237 311296
1733222366988 -0.026639189599336532 320000
1733222370822 -0.025776967917954606 344064
1733222374034 -0.02541692818294905 360448
1733222377238 -0.024985771479987307 376832
1733222380714 -0.02543270940059301 393216
1733222383866 -0.025061730854940834 400000
1733222387798 -0.024692153910018534 425984
1733222391238 -0.025278528209491925 442368
1733222394450 -0.025975238727551187 458752
1733222397643 -0.02631694938036162 475136
1733222400457 -0.02560822706000181 480000
1733222404445 -0.024829986726126664 507904
1733222407992 -0.02461777197295305 524288
1733222411224 -0.025398823831892514 540672
1733222414442 -0.025231875915233105 557056
1733222417003 -0.024957940085823794 560000
1733222421260 -0.02292491162479564 589824
1733222424479 -0.02366178125021179 606208
1733222427694 -0.022644427581508354 622592
1733222430876 -0.023646953500792732 638976
1733222433327 -0.023063786704005905 640000
1733222438042 -0.022283224909006093 671744
1733222441490 -0.022518204084462923 688128
1733222444700 -0.020486702771449927 704512
1733222448051 -0.02336572433296169 720000
1733222451316 -0.020868597928983944 737280
1733222454540 -0.021048003993564636 753664
1733222457737 -0.02247940663546615 770048
1733222460969 -0.020245437328776462 786432
1733222464229 -0.02010515657466385 800000
1733222467701 -0.020646657418910763 819200
1733222471254 -0.02058387404504174 835584
1733222474494 -0.019810139715900732 851968
1733222477813 -0.0208611410265803 868352
1733222481099 -0.019164102033391826 880000
1733222484705 -0.019337423606157245 901120
1733222487939 -0.019010563395022474 917504
1733222491590 -0.019262405751851473 933888
1733222494858 -0.0196697292677527 950272
1733222497877 -0.01837273699056823 960000
1733222501784 -0.016767316410005152 983040
1733222505022 -0.016499571770100373 999424
1733222508291 -0.017679551983019338 1015808
1733222511527 -0.017245722519965055 1032192
1733222514410 -0.017593243848841665 1040000
1733222518223 -0.017511209507210877 1064960
1733222521471 -0.018754800088754565 1081344
1733222524703 -0.01874894789270911 1097728
1733222527933 -0.01807476565327306 1114112
1733222530686 -0.01669742693184162 1120000
1733222534612 -0.0166963450725234 1146880
1733222537870 -0.016314638093626856 1163264
1733222541105 -0.016154101564916347 1179648
1733222544343 -0.017731200005800928 1196032
1733222546977 -0.017679384074108385 1200000
1733222551087 -0.01612645002678619 1228800
