1731660390792 -3.7275079608894885 65536
1731660411640 -3.708958764746785 98304
1731660433009 -3.691778981219977 131072
1731660454721 -3.6761928081978112 160000
1731660479144 -3.657257128925994 196608
1731660500427 -3.6407693770714102 229376
1731660521966 -3.623759432695806 262144
1731660543837 -3.603010264178738 294912
1731660564718 -3.5847809470724314 320000
1731660588776 -3.5678952715359626 360448
1731660610588 -3.5486281184013935 393216
1731660632683 -3.5251461303792895 425984
1731660654894 -3.5060550139751285 458752
1731660675256 -3.478473237063736 480000
1731660701156 -3.449596342584118 524288
1731660722308 -3.421454498777166 557056
1731660744202 -3.3884356294292957 589824
1731660766091 -3.3622115217149258 622592
1731660786107 -3.32735510985367 640000
1731660812264 -3.294386488152668 688128
1731660835051 -3.2580650681164114 720896
1731660857562 -3.215394723042846 753664
1731660879549 -3.171943013416603 786432
1731660898855 -3.1364323002286256 800000
1731660926386 -3.102157307462767 851968
1731660949455 -3.0570410527754577 884736
1731660971839 -3.01031335699372 917504
1731660994483 -2.9676800585351883 950272
1731661013346 -2.924890244519338 960000
1731661041346 -2.867870888998732 1015808
1731661063522 -2.8084243226330727 1048576
1731661086582 -2.76059106355533 1081344
1731661108796 -2.7087877503130584 1114112
1731661126200 -2.646381091140211 1120000
1731661154964 -2.5997125688008964 1179648
1731661176762 -2.553754638787359 1212416
1731661198536 -2.525873733824119 1245184
1731661223661 -2.4761104403529317 1277952
1731661240615 -2.4199026665650307 1280000
1731661268541 -2.35652394881472 1343488
1731661292036 -2.314917988376692 1376256
1731661315036 -2.2725620625540612 1409024
1731661337990 -2.2336533971363677 1440000
1731661361874 -2.2105593224288898 1474560
1731661383625 -2.16486509735696 1507328
1731661405144 -2.098840762884356 1540096
1731661426380 -2.074152188678272 1572864
1731661447229 -2.0496466011041776 1600000
1731661470563 -2.046053951396607 1638400
1731661492288 -1.977422090107575 1671168
1731661513451 -1.9551116222748532 1703936
1731661534056 -1.9193853727076202 1736704
1731661553923 -1.9237988931825385 1760000
1731661577536 -1.8646658674348147 1802240
1731661599465 -1.840283280215226 1835008
1731661621041 -1.8308401413960382 1867776
1731661642490 -1.7807103462750091 1900544
1731661662075 -1.7745167843066156 1920000
1731661687082 -1.747064682445489 1966080
1731661708497 -1.7092610080493613 1998848
1731661729406 -1.693289177189581 2031616
1731661750583 -1.6783209020039067 2064384
1731661768912 -1.6441634597023949 2080000
1731661794329 -1.626204945682548 2129920
1731661815305 -1.6026033703237772 2162688
1731661836140 -1.5815570136765018 2195456
1731661857181 -1.5524435503408314 2228224
1731661875042 -1.5240488749695942 2240000
1731661900017 -1.519167836313136 2293760
1731661921387 -1.4937661484815181 2326528
1731661944008 -1.4699278098065407 2359296
1731661966187 -1.4559554400853814 2392064
1731661984116 -1.4246783966198564 2400000
1731662011865 -1.4055753158638253 2457600
1731662033731 -1.3889322359114886 2490368
1731662055602 -1.3534457730595022 2523136
1731662076989 -1.3473020270466805 2555904
1731662094545 -1.3412283221958206 2560000
1731662125133 -1.317559663299471 2621440
1731662147083 -1.3046487376326694 2654208
1731662169829 -1.281359094986692 2686976
1731662192274 -1.2769025572109967 2719744
1731662208863 -1.2567518342053519 2720000
1731662239163 -1.2437620819546282 2785280
1731662260514 -1.2243380993022583 2818048
1731662282472 -1.2053441924857906 2850816
1731662304836 -1.1920258945203386 2880000
1731662328127 -1.181333358178381 2916352
1731662350372 -1.172008067846764 2949120
1731662371830 -1.1540359305567107 2981888
1731662393439 -1.1501050029648467 3014656
1731662413952 -1.1312317153788172 3040000
1731662437205 -1.1279794139554724 3080192
1731662459227 -1.1141408508410677 3112960
1731662480824 -1.0973221049178392 3145728
1731662503611 -1.0966830423101783 3178496
1731662524553 -1.08601344183553 3200000
1731662549263 -1.0835733036859891 3244032
1731662571087 -1.071475939778611 3276800
1731662594300 -1.0538755205110646 3309568
1731662616745 -1.0514361105277203 3342336
1731662635795 -1.032573549670633 3360000
1731662661936 -1.0261656713788398 3407872
1731662684702 -1.0191107444348746 3440640
1731662706015 -1.0151205922476947 3473408
1731662726610 -1.0036553984391503 3506176
1731662743704 -1.0015055313822814 3520000
1731662768695 -0.9878793943789788 3571712
1731662791101 -0.9848155989660882 3604480
1731662812962 -0.9737069283262827 3637248
1731662835984 -0.9710472035571002 3670016
1731662854447 -0.974749198986683 3680000
1731662882079 -0.9638009048299864 3735552
1731662903937 -0.9543410141952335 3768320
1731662925002 -0.9535662564099766 3801088
1731662947043 -0.9336751744500361 3833856
1731662963762 -0.9179627750068903 3840000
1731662991098 -0.9253633038257248 3899392
1731663012110 -0.9242195475264452 3932160
1731663032293 -0.912635165231768 3964928
1731663053784 -0.9046693860786036 3997696
1731663069384 -0.8963015114655718 4000000
1731663097641 -0.8957702156738379 4063232
1731663118572 -0.8925499442615547 4096000
1731663140302 -0.8906213056412525 4128768
1731663162361 -0.8824740170268341 4160000
1731663185117 -0.8821056076441891 4194304
1731663206876 -0.8774215407320298 4227072
1731663229023 -0.8640681308344937 4259840
1731663250865 -0.8636480023385957 4292608
1731663271986 -0.8636243905639276 4320000
1731663295832 -0.8497841471806169 4358144
1731663317948 -0.8470603492110967 4390912
1731663340024 -0.8483293863828294 4423680
1731663361788 -0.8424977416056209 4456448
1731663382337 -0.8406064763548784 4480000
1731663406670 -0.8333266742178239 4521984
1731663428114 -0.838458932575304 4554752
1731663449983 -0.8240595001727342 4587520
1731663472666 -0.8202999116270803 4620288
1731663492985 -0.8214628442772665 4640000
1731663519077 -0.8217723882291466 4685824
1731663540593 -0.8001835200819187 4718592
1731663562836 -0.8072122337645851 4751360
1731663584267 -0.8051053723786026 4784128
1731663602906 -0.7922969941981137 4800000
1731663629718 -0.7929610016290098 4849664
1731663652936 -0.7837460184469819 4882432
1731663674732 -0.7871580122620798 4915200
1731663696486 -0.7778292447561398 4947968
1731663715338 -0.7730169409536757 4960000
1731663742534 -0.7749824260710738 5013504
1731663765673 -0.7656908222474158 5046272
1731663788384 -0.7614411481656134 5079040
1731663810897 -0.7536996110226027 5111808
1731663828377 -0.7539900300267618 5120000
1731663855560 -0.747926853253739 5177344
1731663879848 -0.740252465341473 5210112
1731663901837 -0.7358942788792774 5242880
1731663924235 -0.731600507244002 5275648
1731663941543 -0.7297766835312359 5280000
1731663970282 -0.7233404688769951 5341184
1731663992535 -0.7188389494549483 5373952
1731664015286 -0.7113253550371155 5406720
1731664037967 -0.7081431998929475 5439488
1731664053683 -0.7069085001479835 5440000
1731664082961 -0.7052292947308161 5505024
1731664106176 -0.7086379965709056 5537792
1731664127994 -0.6933964911790099 5570560
1731664148895 -0.6945829904288985 5600000
1731664172725 -0.6899156350933481 5636096
1731664194330 -0.688273012713762 5668864
1731664215630 -0.6862401628284716 5701632
1731664237366 -0.6837281557440292 5734400
1731664258093 -0.6857714213372674 5760000
1731664282850 -0.6745516204973683 5799936
1731664306316 -0.6709059431275819 5832704
1731664327803 -0.6777309455676004 5865472
1731664349137 -0.6680562747409567 5898240
1731664368915 -0.6737932405783795 5920000
1731664393186 -0.6644579983549193 5963776
1731664414682 -0.6554076111293398 5996544
1731664434943 -0.6614272932463792 6029312
1731664456143 -0.6570276860671583 6062080
1731664475513 -0.6505352549778763 6080000
1731664500648 -0.6410745558852795 6127616
1731664522177 -0.6464588254282717 6160384
1731664544150 -0.6391754920710809 6193152
1731664565989 -0.6390681512188167 6225920
1731664584086 -0.6327681967115495 6240000
1731664609340 -0.630641042307252 6291456
1731664631169 -0.6275107376161031 6324224
1731664653177 -0.6184873802703805 6356992
1731664674869 -0.6227897013246547 6389760
1731664692227 -0.6157555575366132 6400000
1731664720268 -0.6089172497624531 6455296
1731664742963 -0.6118416055513081 6488064
1731664765410 -0.6049587460409385 6520832
1731664787662 -0.5983009987161495 6553600
1731664804068 -0.5977956192917191 6560000
1731664833756 -0.5948010548832826 6619136
1731664857584 -0.5922018420998938 6651904
1731664879431 -0.5922916709154379 6684672
1731664901936 -0.588679532718379 6717440
1731664918513 -0.592898846231401 6720000
1731664948743 -0.5879857373714913 6782976
1731664970695 -0.584138731850544 6815744
1731664992201 -0.5810537136800121 6848512
1731665014510 -0.5757848274428398 6880000
1731665038501 -0.5684465746744536 6914048
1731665061321 -0.5745536802045536 6946816
1731665083395 -0.566597134474432 6979584
1731665105193 -0.5614501193922479 7012352
1731665126709 -0.5551189546997193 7040000
1731665151795 -0.5542861989815719 7077888
1731665173757 -0.551347696268931 7110656
1731665194868 -0.5523096014861949 7143424
1731665216355 -0.5482308506383561 7176192
1731665236645 -0.5426068469125311 7200000
1731665262670 -0.5398492414911743 7241728
1731665285740 -0.5395133848825935 7274496
1731665307995 -0.5375715691887308 7307264
1731665329955 -0.5318362549180164 7340032
1731665350080 -0.5238625567581039 7360000
1731665375999 -0.5337270929536316 7405568
1731665398119 -0.5285743679676671 7438336
1731665420009 -0.5187574058305472 7471104
1731665441784 -0.5202410572033841 7503872
1731665459997 -0.5127453443128616 7520000
1731665484779 -0.5117011350055691 7569408
1731665505706 -0.507597069547046 7602176
1731665526466 -0.5025522420590278 7634944
1731665547824 -0.50383662043605 7667712
1731665567227 -0.5019968094362411 7680000
1731665594737 -0.49762476681498813 7733248
1731665616092 -0.5037553767091595 7766016
1731665638112 -0.4983254081744235 7798784
1731665660894 -0.48846426652162334 7831552
1731665678289 -0.4821415385405999 7840000
1731665705880 -0.4803883436950855 7897088
1731665727485 -0.4777683284424711 7929856
1731665749303 -0.4827135803352576 7962624
1731665770864 -0.4730251569999382 7995392
1731665786439 -0.4740196433791425 8000000
1731665812815 -0.4740808482805733 8060928
1731665834890 -0.4632786489732098 8093696
1731665857552 -0.45981886274530553 8126464
1731665879303 -0.4574702045181766 8159232
1731665894675 -0.4646581458626315 8160000
1731665923723 -0.46421128665679134 8224768
1731665945321 -0.4603856572066434 8257536
1731665966850 -0.4616454119270202 8290304
1731665987832 -0.4519907413457986 8320000
1731666010927 -0.44547741172718813 8355840
1731666032914 -0.4478070290060714 8388608
1731666055215 -0.44905573955620637 8421376
1731666076805 -0.4384184650785755 8454144
1731666098148 -0.43919678555685093 8480000
1731666122023 -0.4381049614166841 8519680
1731666143807 -0.43516095298691654 8552448
1731666165701 -0.4379768372455146 8585216
1731666187729 -0.4313100855855737 8617984
1731666208151 -0.4296980315062683 8640000
1731666232606 -0.4299101044482086 8683520
1731666254617 -0.4194350792065961 8716288
1731666276269 -0.4200099699664861 8749056
1731666299630 -0.4195038694510004 8781824
1731666318704 -0.4219571078720037 8800000
1731666344185 -0.418721391633153 8847360
1731666365920 -0.4095500689058099 8880128
1731666387730 -0.4050809029489756 8912896
1731666410344 -0.40575489051698244 8945664
1731666428761 -0.40476141999242826 8960000
1731666456020 -0.4028160351124825 9011200
1731666478232 -0.39582046737486964 9043968
1731666499803 -0.4038547374191694 9076736
1731666521109 -0.4022440843167715 9109504
1731666538414 -0.39695041567028966 9120000
1731666566288 -0.4022573886380997 9175040
1731666588327 -0.4008425374777289 9207808
1731666610545 -0.3984914318629308 9240576
1731666632527 -0.3948124772548908 9273344
1731666649099 -0.38919273029023316 9280000
1731666677316 -0.38661137236631476 9338880
1731666699621 -0.390666262677405 9371648
1731666721982 -0.38676172939594833 9404416
1731666745281 -0.38060183855413926 9437184
1731666760588 -0.3865611066255951 9440000
1731666790296 -0.3761653495283099 9502720
1731666812283 -0.3740128187171649 9535488
1731666835143 -0.37602459340414496 9568256
1731666857602 -0.369958873395808 9600000
1731666880942 -0.3742672970634885 9633792
1731666903082 -0.37027645567723083 9666560
1731666925064 -0.37609067094454074 9699328
1731666946439 -0.36886211776873096 9732096
1731666966661 -0.3631163608370116 9760000
1731666988568 -0.3741337159444811 9797632
1731667009265 -0.3673321351525374 9830400
1731667031612 -0.3617233128403313 9863168
1731667053946 -0.3636155904678162 9895936
1731667074740 -0.36364237521775067 9920000
1731667100116 -0.35741990136157253 9961472
1731667123509 -0.36016269568935966 9994240
1731667145814 -0.35520764664106536 10027008
1731667168468 -0.3587747861805838 10059776
1731667188532 -0.35692558175942396 10080000
1731667214295 -0.3578349133313168 10125312
1731667236344 -0.35229842730623206 10158080
1731667257639 -0.3601946647482691 10190848
1731667278429 -0.35630359515489546 10223616
1731667296391 -0.34919202653109094 10240000
1731667321911 -0.34898488312901466 10289152
1731667343999 -0.3515586728026392 10321920
1731667365800 -0.3443359475233592 10354688
1731667387902 -0.3471552605740726 10387456
1731667406734 -0.34432378954661547 10400000
1731667434888 -0.3469475402467651 10452992
1731667457991 -0.345695512968814 10485760
1731667480746 -0.3433395230822498 10518528
1731667502820 -0.34565750469919293 10551296
1731667520217 -0.33798905881412794 10560000
1731667549088 -0.3414472949632909 10616832
1731667571806 -0.3443077568663284 10649600
1731667594306 -0.34065163544146343 10682368
1731667617006 -0.34189249578048475 10715136
1731667633185 -0.3368266446603229 10720000
1731667661599 -0.3381825066462625 10780672
1731667683707 -0.3326069209200796 10813440
1731667705292 -0.33367133768915663 10846208
1731667727502 -0.33562521369894965 10878976
1731667743149 -0.3348097550566308 10880000
1731667774047 -0.3301021899358602 10944512
1731667795649 -0.3312398279143963 10977280
1731667817292 -0.33329820579092484 11010048
1731667839234 -0.33200335555011407 11040000
1731667862448 -0.32317658461688553 11075584
1731667885301 -0.32381025125214363 11108352
1731667907168 -0.32904304724943356 11141120
1731667929251 -0.3269511631777277 11173888
1731667949771 -0.3241005959338509 11200000
1731667973068 -0.33151132763305213 11239424
1731667995881 -0.3209276692126878 11272192
1731668018241 -0.3256797139911214 11304960
1731668040709 -0.3215051490318729 11337728
1731668060814 -0.32228283102740535 11360000
1731668085921 -0.31980572877509983 11403264
1731668107914 -0.31717065458651633 11436032
1731668130557 -0.3247796301613562 11468800
1731668152026 -0.31559539200097786 11501568
1731668172205 -0.31132270505768245 11520000
1731668198278 -0.3177511693123961 11567104
1731668220092 -0.30795870373840445 11599872
1731668243299 -0.31566265853180087 11632640
1731668266392 -0.30596651581290646 11665408
1731668284968 -0.3116574714076705 11680000
1731668313064 -0.30672610487090424 11730944
1731668335609 -0.3098837727913633 11763712
1731668357890 -0.3087208839133382 11796480
1731668380648 -0.30577100202208385 11829248
1731668399074 -0.3053121950884815 11840000
1731668427442 -0.3015450468257768 11894784
1731668448703 -0.30211553591652773 11927552
1731668470129 -0.3037548226187937 11960320
1731668490873 -0.3034138261253247 11993088
1731668506516 -0.30130598417890725 12000000
1731668533856 -0.30362674020580016 12058624
1731668556205 -0.3005334961635526 12091392
1731668578601 -0.2921582391805714 12124160
1731668600722 -0.30228339312016034 12156928
1731668616515 -0.29706894628470765 12160000
1731668647436 -0.2960493091784883 12222464
1731668670272 -0.29141847956343553 12255232
1731668693027 -0.2972194474947173 12288000
1731668715102 -0.29218967315973715 12320000
1731668737350 -0.2941682878037682 12353536
1731668759029 -0.29973868511151525 12386304
1731668779988 -0.29614569448749534 12419072
1731668801462 -0.2897054819011828 12451840
1731668822059 -0.2894950141373556 12480000
1731668846072 -0.29401582296704876 12517376
1731668871522 -0.29522319505631456 12550144
1731668894625 -0.2875434122164734 12582912
1731668917247 -0.29375412469962614 12615680
1731668938605 -0.28837174965883605 12640000
1731668963543 -0.2923392179363873 12681216
1731668985534 -0.2930386786814779 12713984
1731669008885 -0.29613100076967386 12746752
1731669032261 -0.29034947988402565 12779520
1731669052794 -0.29241816415451466 12800000
1731669079455 -0.29467474194825627 12845056
1731669102950 -0.28415982856822664 12877824
1731669125443 -0.28411262489971706 12910592
1731669147966 -0.28414012843277303 12943360
1731669169321 -0.2860077687015291 12960000
1731669198197 -0.2849223542114487 13008896
1731669220336 -0.287355884880526 13041664
1731669243073 -0.2815778473741375 13074432
1731669265422 -0.28623883693944663 13107200
1731669284275 -0.2826261386508122 13120000
1731669312833 -0.28535382404515985 13172736
1731669335774 -0.2817589977465104 13205504
1731669358793 -0.28339712967863306 13238272
1731669382014 -0.28381160149001516 13271040
1731669399806 -0.2809465789643582 13280000
1731669427836 -0.27422623096499593 13336576
1731669449953 -0.27858478032576384 13369344
1731669472453 -0.279325532054645 13402112
1731669495357 -0.2750608148489846 13434880
1731669512718 -0.2744641062410665 13440000
1731669543179 -0.2764056005427847 13500416
1731669565705 -0.2731170647428371 13533184
1731669588231 -0.2733245506242383 13565952
1731669611212 -0.27270406897296195 13598720
1731669627840 -0.27628041528514585 13600000
1731669658973 -0.2738404508883832 13664256
1731669681932 -0.28126557429495735 13697024
1731669705324 -0.27473492592107507 13729792
1731669727561 -0.27519994383910673 13760000
1731669752000 -0.27538055629411246 13795328
1731669775793 -0.2692521885066526 13828096
1731669798697 -0.2670901301375125 13860864
1731669822368 -0.26196756011631805 13893632
1731669844703 -0.2689083576871781 13920000
1731669869966 -0.25991794634028337 13959168
1731669891601 -0.26642454985703806 13991936
1731669912339 -0.2626524316743598 14024704
1731669933178 -0.2626768693109625 14057472
1731669951956 -0.2646223133211606 14080000
1731669975055 -0.2701414568786277 14123008
1731669995827 -0.27327873483882287 14155776
1731670017001 -0.26495639238273727 14188544
1731670040856 -0.2687037706375122 14221312
1731670059282 -0.26377839176275303 14240000
1731670083084 -0.263035839839722 14286848
1731670104136 -0.2654223074699985 14319616
1731670125175 -0.268486311021843 14352384
1731670146267 -0.2612240658112569 14385152
1731670163722 -0.2584027916789637 14400000
1731670188925 -0.25988232485688056 14450688
1731670209781 -0.25932589616713814 14483456
1731670230509 -0.26076245056028713 14516224
1731670251353 -0.26236472120217513 14548992
1731670268496 -0.2617048640997382 14560000
1731670294441 -0.2589561588567449 14614528
1731670315415 -0.2585847661073785 14647296
1731670336131 -0.25908637473912677 14680064
1731670356637 -0.2603483662067447 14712832
1731670372515 -0.2615011072077323 14720000
1731670398583 -0.26147927672573135 14778368
1731670419173 -0.26016176993143747 14811136
1731670439894 -0.2576757472037571 14843904
1731670460482 -0.2650681605358841 14876672
1731670475434 -0.2621752551582176 14880000
1731670502226 -0.26112223156669645 14942208
1731670523312 -0.2570234739148873 14974976
1731670543853 -0.2578167328625568 15007744
1731670564939 -0.25386490602395495 15040000
1731670587341 -0.26335304040403573 15073280
1731670608158 -0.2605093799182214 15106048
1731670628897 -0.25756615040882025 15138816
1731670649522 -0.2640334308685851 15171584
1731670669614 -0.26200884928548474 15200000
1731670691429 -0.2597017834166763 15237120
1731670712060 -0.2620128497859696 15269888
1731670732679 -0.2655620925448602 15302656
1731670753247 -0.26416932413703764 15335424
1731670772372 -0.26003913703025316 15360000
1731670794911 -0.2595499592891429 15400960
1731670815436 -0.2558662025228841 15433728
1731670835945 -0.25089743015705607 15466496
1731670856277 -0.24596661042014603 15499264
1731670874243 -0.24911870501819067 15520000
1731670897083 -0.24956673620617947 15564800
1731670917331 -0.2507454163933289 15597568
1731670937474 -0.24696253331640036 15630336
1731670957988 -0.24966687848937 15663104
1731670975567 -0.24826579679793212 15680000
1731670999072 -0.25287143750610996 15728640
1731671018950 -0.24866314874816453 15761408
1731671039233 -0.25467269160144496 15794176
1731671059614 -0.24812847352586687 15826944
1731671076434 -0.2470286892101285 15840000
1731671100153 -0.24837629022076727 15892480
1731671120007 -0.24353542274911888 15925248
1731671140341 -0.2495330084930174 15958016
1731671160462 -0.24664442477660486 15990784
1731671176376 -0.24370264713070355 16000000
1731671201202 -0.24740215637721122 16056320
1731671221564 -0.23651500328123803 16089088
1731671241650 -0.24172346498671687 16121856
1731671261964 -0.2397204697437701 16154624
1731671277789 -0.24202665617631283 16160000
1731671304221 -0.23849869368423243 16220160
1731671324732 -0.23728243869991275 16252928
1731671345419 -0.24069420498999533 16285696
1731671366136 -0.23717512024741155 16318464
1731671380654 -0.23718893847981234 16320000
1731671407807 -0.2399620255411719 16384000
1731671428088 -0.24178570622607368 16416768
1731671448416 -0.24057733063673367 16449536
1731671469152 -0.2430714696587529 16480000
1731671490176 -0.24145079419686227 16515072
1731671510691 -0.23527758023119533 16547840
1731671531294 -0.23995716968202033 16580608
1731671551428 -0.23645101420988796 16613376
1731671570551 -0.230924436103669 16640000
1731671592413 -0.24377778264024527 16678912
1731671612736 -0.24648925897927257 16711680
1731671633231 -0.24661085299012483 16744448
1731671653833 -0.24543881164427148 16777216
1731671672803 -0.24269689421489601 16800000
1731671695621 -0.2380554100003792 16842752
1731671716228 -0.23952181045897306 16875520
1731671736755 -0.24143551491579274 16908288
1731671757272 -0.2396940422797343 16941056
1731671775267 -0.23966672682436183 16960000
1731671798582 -0.23944174331409157 17006592
1731671818588 -0.23750474764965473 17039360
1731671839065 -0.24208483908878406 17072128
1731671859634 -0.24294560816197192 17104896
1731671877125 -0.23878773867618291 17120000
1731671901321 -0.23768512203678255 17170432
1731671921216 -0.23546001563663593 17203200
1731671941493 -0.2362663947045803 17235968
1731671962091 -0.23381085664586862 17268736
1731671978459 -0.2321419030544348 17280000
1731672002784 -0.2346352961831144 17334272
1731672023029 -0.23884800565865588 17367040
1731672043274 -0.23668290045752655 17399808
1731672063542 -0.2361758421684499 17432576
1731672079319 -0.23242768807249375 17440000
1731672104543 -0.22436208668514154 17498112
1731672124900 -0.2239785421290435 17530880
1731672144888 -0.22535766039945884 17563648
1731672165322 -0.22138837205566234 17596416
1731672180218 -0.22521951865928713 17600000
1731672205956 -0.22933212658390403 17661952
1731672226059 -0.22755615930364 17694720
1731672245940 -0.24239804516691948 17727488
1731672266568 -0.23463236832176335 17760000
1731672286963 -0.2338814925358747 17793024
1731672307019 -0.22676369226246607 17825792
1731672327601 -0.23306894320558058 17858560
1731672348386 -0.22700860570184886 17891328
1731672368042 -0.22557819431094686 17920000
1731672389421 -0.2298468976150616 17956864
1731672409887 -0.2257239287282573 17989632
1731672430161 -0.23453025943163083 18022400
1731672451164 -0.2297957618793589 18055168
1731672470623 -0.23429966564144705 18080000
1731672493129 -0.22888411453168372 18120704
1731672513468 -0.24277452550304587 18153472
1731672533879 -0.23113805532775586 18186240
1731672553991 -0.22999106129427674 18219008
1731672573194 -0.2299960879885475 18240000
1731672596445 -0.2251671094316407 18284544
1731672617232 -0.22876816100033465 18317312
1731672637120 -0.2249312774540158 18350080
1731672657839 -0.2206254220654955 18382848
1731672675927 -0.22082952152559301 18400000
1731672699638 -0.2231005229463335 18448384
1731672719826 -0.22353086274524686 18481152
1731672740193 -0.23034270409843885 18513920
1731672760155 -0.22134092779888306 18546688
1731672777160 -0.22284864999819548 18560000
1731672802117 -0.22825922884512692 18612224
1731672822645 -0.2301258693478303 18644992
1731672842857 -0.2239260720743914 18677760
1731672863295 -0.22646313108853064 18710528
1731672879762 -0.2274626649610582 18720000
1731672905139 -0.2300551865599118 18776064
1731672925613 -0.22756441113742767 18808832
1731672946385 -0.22538032687443774 18841600
1731672966472 -0.23098492007993626 18874368
1731672981963 -0.2319819338459638 18880000
1731673008387 -0.23061168402200566 18939904
1731673029204 -0.22804012523411074 18972672
1731673050304 -0.22372846425860188 19005440
1731673071233 -0.2319699575615232 19038208
1731673085956 -0.2243427830428118 19040000
1731673113306 -0.2334250065861852 19103744
1731673133928 -0.22917938833707013 19136512
1731673154807 -0.22596771896351128 19169280
1731673174959 -0.2302562655211659 19200000
1731673196220 -0.22410461877298077 19234816
1731673217025 -0.22284750681574222 19267584
1731673237498 -0.22475958942522994 19300352
1731673257906 -0.2235880013104179 19333120
1731673278153 -0.22553905292006676 19360000
1731673299854 -0.23093520464462927 19398656
1731673319996 -0.2236573835121817 19431424
1731673340821 -0.22425158597907285 19464192
1731673361103 -0.22566194593091496 19496960
1731673379948 -0.2211343030066928 19520000
1731673402581 -0.21517547539697263 19562496
1731673423051 -0.22482680657267337 19595264
1731673442838 -0.21791377217014088 19628032
1731673463161 -0.21818707685597474 19660800
1731673481397 -0.21941615570249268 19680000
1731673504401 -0.21963370577286695 19726336
1731673524556 -0.2212480832124129 19759104
1731673544780 -0.22200340761628468 19791872
1731673565298 -0.21939953716355376 19824640
1731673583027 -0.21838469493523008 19840000
1731673608057 -0.2176373826121562 19890176
1731673629820 -0.2183719589622342 19922944
1731673650182 -0.2155238924562582 19955712
1731673670432 -0.21601481807301753 19988480
1731673687151 -0.21607301700132667 20000000
1731673711419 -0.22084595166088547 20054016
1731673732705 -0.22156978920684195 20086784
1731673755541 -0.21607035915658343 20119552
1731673776053 -0.2227914663089905 20152320
1731673792053 -0.22420290342415683 20160000
1731673817556 -0.22779076938168147 20217856
1731673837749 -0.22674677487957523 20250624
1731673858418 -0.22431672686652745 20283392
1731673878912 -0.21759156140615232 20316160
1731673894184 -0.2202427032025298 20320000
1731673920433 -0.21845177956565748 20381696
1731673941202 -0.22266281121555948 20414464
1731673961657 -0.22076691563124767 20447232
1731673982452 -0.221344121718721 20480000
1731674003071 -0.2222521284566028 20512768
1731674023521 -0.22317175567877712 20545536
1731674043688 -0.22078409262176138 20578304
1731674064285 -0.21722146685933694 20611072
1731674084163 -0.2119285594992107 20640000
1731674105377 -0.21111997328989673 20676608
1731674126159 -0.2145051484418218 20709376
1731674146476 -0.21595037507504458 20742144
1731674167102 -0.21262243914388818 20774912
1731674185805 -0.20885957561986288 20800000
1731674207657 -0.20630613728135358 20840448
1731674227668 -0.2055333733180305 20873216
1731674247796 -0.2080186994120595 20905984
1731674268146 -0.20760650937154423 20938752
1731674286541 -0.2112361358857015 20960000
1731674309044 -0.20305917599034728 21004288
1731674329472 -0.20755527868604987 21037056
1731674349550 -0.21042307015304687 21069824
1731674369489 -0.2096390940670972 21102592
1731674386996 -0.2095645013367175 21120000
1731674410467 -0.216457112194621 21168128
1731674430959 -0.21804412520432379 21200896
1731674451256 -0.21417622339795345 21233664
1731674472316 -0.219211802422069 21266432
1731674489150 -0.21437105125805828 21280000
1731674513484 -0.21690483873535413 21331968
1731674533851 -0.2155596268741647 21364736
1731674553739 -0.2155474881423288 21397504
1731674574077 -0.2137725037522614 21430272
1731674590413 -0.21637946265982463 21440000
1731674615598 -0.21954100831935647 21495808
1731674636724 -0.2124865439691348 21528576
1731674657753 -0.20729470563819632 21561344
1731674677756 -0.21922677516704425 21594112
1731674694035 -0.20953998035402038 21600000
1731674720377 -0.20734675938874716 21659648
1731674740952 -0.2100555041790358 21692416
1731674761607 -0.21132669753424124 21725184
1731674782043 -0.2055441861943109 21757952
1731674796643 -0.20901343704754255 21760000
1731674823136 -0.21235602209490026 21823488
1731674843863 -0.20992639246105682 21856256
1731674864893 -0.2076465453064884 21889024
1731674886164 -0.209649065011763 21920000
1731674907196 -0.2120179348959937 21954560
1731674927716 -0.21124648364930182 21987328
1731674947988 -0.2132736291983747 22020096
1731674968510 -0.21346671752835392 22052864
1731674988193 -0.219764331074839 22080000
1731675009596 -0.20919952212279896 22118400
1731675029936 -0.21352073907764862 22151168
1731675049985 -0.21046105547138722 22183936
1731675070483 -0.21183168788411422 22216704
1731675089203 -0.21412260025099386 22240000
1731675111684 -0.21428993598383386 22282240
1731675132003 -0.21199099610821576 22315008
1731675152420 -0.21379732074710772 22347776
1731675172884 -0.2125241519926931 22380544
1731675190815 -0.2143940155467135 22400000
1731675214072 -0.21283339344954583 22446080
1731675235015 -0.2073032085361774 22478848
1731675255134 -0.20759018664393808 22511616
1731675275296 -0.20535862491815352 22544384
1731675292440 -0.20735451985819964 22560000
1731675317584 -0.20808888158062472 22609920
1731675338178 -0.20643804860155796 22642688
1731675358436 -0.20626896799803945 22675456
1731675379176 -0.20296202545287087 22708224
1731675395687 -0.2056348751008045 22720000
1731675420229 -0.20553812906582608 22773760
1731675440872 -0.20558557265030686 22806528
1731675461160 -0.2073311346131959 22839296
1731675481657 -0.2043010000117647 22872064
1731675499094 -0.20671490350650856 22880000
1731675525671 -0.20647570853470826 22937600
1731675546205 -0.20487039797735634 22970368
1731675566411 -0.20845333031611518 23003136
1731675586963 -0.20926664774888196 23035904
1731675601987 -0.20177664432412712 23040000
1731675628314 -0.20948278807481985 23101440
1731675648883 -0.20609878634422785 23134208
1731675669680 -0.20603511635854374 23166976
1731675691195 -0.20397865428822115 23199744
1731675705495 -0.20068645977880806 23200000
1731675732293 -0.19966863688459852 23265280
1731675752812 -0.20404154097195715 23298048
1731675772991 -0.20189628289081157 23330816
1731675792626 -0.20262901059031718 23360000
1731675813789 -0.19912675449013478 23396352
1731675833996 -0.20368335070670582 23429120
1731675854360 -0.20742215071077225 23461888
1731675873746 -0.22065343985450453 23494656
1731675892956 -0.27114209989231314 23520000
1731675914235 -0.280838690220844 23560192
1731675934257 -0.27142057801684133 23592960
1731675954625 -0.2356334499985678 23625728
1731675975021 -0.22820203674054937 23658496
1731675993603 -0.22666212055046345 23680000
1731676016559 -0.216419037275773 23724032
1731676037099 -0.2143461153813405 23756800
1731676057099 -0.21033880766044605 23789568
1731676077219 -0.20867706514691237 23822336
1731676094856 -0.21260688443871914 23840000
1731676118286 -0.20652501777367432 23887872
1731676138673 -0.20329163590213284 23920640
1731676158922 -0.20741277078923304 23953408
1731676179138 -0.2096244216823834 23986176
1731676196274 -0.21060015636467141 24000000
1731676220258 -0.2085171615006402 24051712
1731676240474 -0.20512957007886143 24084480
1731676260969 -0.2063616991712479 24117248
1731676281771 -0.20661736674519487 24150016
1731676298008 -0.21654905545292422 24160000
1731676322790 -0.2142087067841203 24215552
1731676342678 -0.2108006592054153 24248320
1731676363140 -0.2155835574871162 24281088
1731676383233 -0.2184608103489154 24313856
1731676398805 -0.21277327111602062 24320000
1731676425108 -0.21076892643468453 24379392
1731676445569 -0.20903861377883004 24412160
1731676466435 -0.20878394356841454 24444928
1731676487483 -0.20670339691569098 24477696
1731676502359 -0.2012280416180147 24480000
1731676529458 -0.20796014504303456 24543232
1731676550405 -0.20483207485085586 24576000
1731676570983 -0.2020056525725522 24608768
1731676592038 -0.2011423568619648 24640000
1731676613832 -0.2053517268053838 24674304
1731676634254 -0.20242908893851563 24707072
1731676654790 -0.19976021672773642 24739840
1731676675287 -0.20390537368803052 24772608
1731676695213 -0.20254072139505297 24800000
1731676717098 -0.19998033612646396 24838144
1731676737402 -0.20356744573800825 24870912
1731676757780 -0.20439564370317384 24903680
1731676777747 -0.2135095546458615 24936448
1731676796742 -0.25244682892807757 24960000
1731676819724 -0.22332589513680431 25001984
1731676840009 -0.20938943907094654 25034752
1731676860291 -0.19805461877112976 25067520
1731676881073 -0.19769059030950303 25100288
1731676899493 -0.19838815721595893 25120000
1731676923307 -0.1966505313772359 25165824
1731676944051 -0.1974469980428694 25198592
1731676964790 -0.20150367416063092 25231360
1731676985380 -0.19902781465352745 25264128
1731677002926 -0.20307839411252643 25280000
1731677027514 -0.19472571249643805 25329664
1731677047625 -0.19306018462812063 25362432
1731677068236 -0.20241618853615365 25395200
1731677088241 -0.19912513213348576 25427968
1731677105117 -0.19258754079637583 25440000
1731677130069 -0.19538657201919704 25493504
1731677150288 -0.19346439719520275 25526272
1731677171042 -0.19774556209886213 25559040
1731677191345 -0.1938370892967214 25591808
1731677207524 -0.21671712522365852 25600000
1731677232265 -0.2871161988034146 25657344
1731677252601 -0.2628426925133681 25690112
1731677272645 -0.22333896644267953 25722880
1731677293907 -0.22377085764019283 25755648
1731677309036 -0.2238184762871242 25760000
1731677335245 -0.20672555591445416 25821184
1731677355774 -0.2031029326666612 25853952
1731677376167 -0.20798304470663426 25886720
1731677397227 -0.20375084880070063 25919488
1731677411846 -0.2037354347863584 25920000
1731677438395 -0.20374145133828278 25985024
1731677459275 -0.2009208686708007 26017792
1731677479841 -0.20272188844101038 26050560
1731677499707 -0.1926216465450125 26080000
1731677521177 -0.19896823080489412 26116096
1731677542149 -0.19419942682434338 26148864
1731677562511 -0.19123671674460638 26181632
1731677582812 -0.19479529242671562 26214400
1731677602100 -0.1949416831601411 26240000
1731677624389 -0.19437018467724557 26279936
1731677644819 -0.19770265789702535 26312704
1731677665240 -0.1979498952641734 26345472
1731677685447 -0.19735466895072024 26378240
1731677704117 -0.1950261299221893 26400000
1731677727029 -0.1993350478776847 26443776
1731677748135 -0.2030309593625134 26476544
1731677768864 -0.1934966964981868 26509312
1731677789118 -0.1893112582489266 26542080
1731677807005 -0.18600655179616296 26560000
1731677830668 -0.1896650400623912 26607616
1731677851828 -0.18693579922401113 26640384
1731677873153 -0.18865355146990623 26673152
1731677893970 -0.18243577672546962 26705920
1731677911242 -0.185482524226245 26720000
1731677935658 -0.18678160023118834 26771456
1731677956357 -0.19348094791930634 26804224
1731677976962 -0.19112121913785812 26836992
1731677997509 -0.19120034074294381 26869760
1731678014001 -0.19126028586470056 26880000
1731678038622 -0.19222719396057072 26935296
1731678059453 -0.1879315346479416 26968064
1731678079714 -0.19362601848260966 27000832
1731678100083 -0.19095927830057918 27033600
1731678115534 -0.1916781904976233 27040000
1731678141205 -0.19436595339648194 27099136
1731678161825 -0.1962752279578126 27131904
1731678181867 -0.1905695016743266 27164672
1731678201855 -0.1908595428132685 27197440
1731678216690 -0.19093544129282236 27200000
1731678242573 -0.18699402912752702 27262976
1731678263175 -0.18544237975002034 27295744
1731678283869 -0.18823513622191967 27328512
1731678304241 -0.18876583125093022 27360000
1731678325706 -0.18734402503760067 27394048
1731678346221 -0.1943730493847397 27426816
1731678367208 -0.20432004958565814 27459584
1731678387518 -0.19483496150060092 27492352
1731678407549 -0.18874180707935012 27520000
1731678429613 -0.1875201117785764 27557888
1731678450587 -0.1905662164965179 27590656
1731678471609 -0.18789104042371035 27623424
1731678492872 -0.188972693393589 27656192
1731678512357 -0.18938584134884878 27680000
1731678535232 -0.18480435318488161 27721728
1731678555724 -0.1907513019774342 27754496
1731678576451 -0.19289130799588747 27787264
1731678597245 -0.1957049332675524 27820032
1731678615508 -0.19437977559864522 27840000
1731678638180 -0.19160550775559387 27885568
1731678658982 -0.188254912380944 27918336
1731678679061 -0.1933643600103096 27951104
1731678699490 -0.1891339020061423 27983872
1731678716862 -0.18844957323890413 28000000
1731678741268 -0.18661264955590012 28049408
1731678761948 -0.18691011761693516 28082176
1731678782914 -0.1919005044386722 28114944
1731678803327 -0.1855673067184398 28147712
1731678819679 -0.18469808541267413 28160000
1731678844421 -0.18444853027758654 28213248
1731678865167 -0.18814516206184634 28246016
1731678885416 -0.18909198791661766 28278784
1731678907420 -0.1895868520179647 28311552
1731678925358 -0.1857666241689003 28320000
1731678951888 -0.18287122187321075 28377088
1731678973454 -0.18283782137441448 28409856
1731678994638 -0.1870876076252898 28442624
1731679015676 -0.18689709766040324 28475392
1731679032920 -0.18081918442330788 28480000
1731679062164 -0.18044995978998485 28540928
1731679082709 -0.18038901216641534 28573696
1731679105857 -0.18073518536111804 28606464
1731679126770 -0.1794870897443616 28639232
1731679141172 -0.180884069899912 28640000
1731679169051 -0.17674570574890822 28704768
1731679188853 -0.19628213031974157 28737536
1731679209800 -0.2445113004563609 28770304
1731679230587 -0.24148817732784664 28800000
1731679251451 -0.23676620886690217 28835840
1731679271920 -0.2128801538638072 28868608
1731679293149 -0.22305446575628593 28901376
1731679313825 -0.21632906140148406 28934144
1731679336050 -0.18887218738673256 28960000
1731679358847 -0.1865824047010392 28999680
1731679381803 -0.18579621035896707 29032448
1731679402051 -0.18512876266613604 29065216
1731679422764 -0.19371838960796595 29097984
1731679441777 -0.1889459228143096 29120000
1731679465065 -0.19795940722833621 29163520
1731679485753 -0.19158727905305567 29196288
1731679506315 -0.1908636936088442 29229056
1731679526650 -0.18295862544182456 29261824
1731679544536 -0.18120773309492505 29280000
1731679568254 -0.18293803224805744 29327360
1731679589114 -0.18618147957749898 29360128
1731679609687 -0.18405181427660863 29392896
1731679629788 -0.18110965274681803 29425664
1731679648015 -0.18229686094346106 29440000
1731679673957 -0.1864772895598435 29491200
1731679695460 -0.18810137802356622 29523968
1731679716022 -0.1864506334750331 29556736
1731679736506 -0.1884683629992651 29589504
1731679753358 -0.18702200385305331 29600000
1731679778577 -0.18102787339594215 29655040
1731679799007 -0.18217469104274642 29687808
1731679819386 -0.17885050628101454 29720576
1731679839779 -0.17774365860095714 29753344
1731679855330 -0.17797926772473147 29760000
1731679881420 -0.1768617236506543 29818880
1731679901631 -0.17910539691074517 29851648
1731679922203 -0.1751872446926427 29884416
1731679942612 -0.16847735869378083 29917184
1731679957549 -0.17090340442809976 29920000
1731679985432 -0.17485219358932227 29982720
1731680005983 -0.17170117380737793 30015488
1731680026352 -0.17544350941025186 30048256
1731680046962 -0.17431323519267608 30080000
1731680067898 -0.1803282598135411 30113792
1731680088342 -0.17345336700673214 30146560
1731680109256 -0.1774853401540895 30179328
1731680129783 -0.1810884969047038 30212096
1731680149517 -0.1767103124599089 30240000
1731680171306 -0.1749970356162521 30277632
1731680192191 -0.17326795647095422 30310400
1731680212505 -0.17774742288456763 30343168
1731680233165 -0.17380600559117737 30375936
1731680252041 -0.17639824479047092 30400000
1731680274303 -0.17714496551197953 30441472
1731680294460 -0.17785500170721208 30474240
1731680315421 -0.1795161319198087 30507008
1731680336089 -0.1801092077032081 30539776
1731680354414 -0.18281698309438071 30560000
1731680377600 -0.17995766404492314 30605312
1731680397867 -0.1776840211066883 30638080
1731680418038 -0.1827742044610204 30670848
1731680438580 -0.1756533155508805 30703616
1731680456453 -0.17682624353619758 30720000
1731680480460 -0.1759228567534592 30769152
1731680500907 -0.17789563275728143 30801920
1731680520941 -0.17826409568806412 30834688
1731680541587 -0.1755311489541782 30867456
1731680558278 -0.1752080450503854 30880000
1731680586057 -0.17955060556851093 30932992
1731680607748 -0.17371356824805845 30965760
1731680628109 -0.17539968985438464 30998528
1731680648701 -0.16835890096990624 31031296
1731680666268 -0.16931005575606833 31040000
1731680692682 -0.17263541377178626 31096832
1731680712958 -0.17365122703267843 31129600
1731680734131 -0.17143381608038907 31162368
1731680755220 -0.1808770533723873 31195136
1731680770787 -0.17370820319192717 31200000
1731680798132 -0.17567068897624266 31260672
1731680819110 -0.18090458357546596 31293440
1731680839586 -0.18928661932004615 31326208
1731680860108 -0.18091005992464487 31358976
1731680874211 -0.1781833035609452 31360000
1731680900571 -0.17956269301794237 31424512
1731680920795 -0.17517903144907904 31457280
1731680941113 -0.17332261409319472 31490048
1731680961639 -0.17349066141541697 31520000
1731680983577 -0.17872640490095365 31555584
1731681005065 -0.17613455448008608 31588352
1731681026065 -0.1776353565757745 31621120
1731681046713 -0.17540131715068127 31653888
1731681066129 -0.1743815356931009 31680000
1731681088239 -0.1752477308997186 31719424
1731681109399 -0.1779758256772766 31752192
1731681129816 -0.17915083879197483 31784960
1731681150064 -0.17248930138666765 31817728
1731681168644 -0.1743013603205327 31840000
1731681191063 -0.17667888252035482 31883264
1731681212064 -0.17558556315052556 31916032
1731681232377 -0.1778014680952765 31948800
1731681252842 -0.18404895092971857 31981568
1731681270665 -0.18164826727588662 32000000
1731681295926 -0.1783689957781462 32047104
1731681317208 -0.1818374224458239 32079872
1731681337579 -0.17736675958585693 32112640
1731681358717 -0.1764756132157345 32145408
1731681376213 -0.1696152350763441 32160000
