1731660390870 -1.7895004749298096 65536
1731660411657 -1.5799612998962402 98304
1731660433198 -0.45732545852661133 131072
1731660454792 0.13427287340164185 160000
1731660479342 0.27821290493011475 196608
1731660500449 0.2721408009529114 229376
1731660522110 0.31917107105255127 262144
1731660543907 0.3001340627670288 294912
1731660564808 0.3488278388977051 320000
1731660588944 0.2992980480194092 360448
1731660610614 0.3645511865615845 393216
1731660632831 0.3477068543434143 425984
1731660654956 0.3292284607887268 458752
1731660675402 0.34566205739974976 480000
1731660701213 0.36864495277404785 524288
1731660722436 0.3240468502044678 557056
1731660744229 0.4295262098312378 589824
1731660766240 0.3204144239425659 622592
1731660786150 0.42108720541000366 640000
1731660812427 0.46564096212387085 688128
1731660835224 0.3624180555343628 720896
1731660857645 0.38944709300994873 753664
1731660879598 0.45445716381073 786432
1731660899251 0.4301765561103821 800000
1731660926436 0.4899197816848755 851968
1731660949646 0.4831428527832031 884736
1731660971898 0.469221830368042 917504
1731660994645 0.3944542407989502 950272
1731661013435 0.3744776248931885 960000
1731661041514 0.33784735202789307 1015808
1731661063652 0.16185802221298218 1048576
1731661086788 0.24754595756530762 1081344
1731661108848 0.07254248857498169 1114112
1731661126409 0.11702263355255127 1120000
1731661155068 0.1062515377998352 1179648
1731661176819 0.051227569580078125 1212416
1731661198585 0.11049270629882812 1245184
1731661223883 0.15834194421768188 1277952
1731661240650 0.12960577011108398 1280000
1731661268622 0.16033422946929932 1343488
1731661292220 0.33110374212265015 1376256
1731661315132 0.3660222291946411 1409024
1731661338317 0.3673725724220276 1440000
1731661361935 0.36498206853866577 1474560
1731661383673 0.47784990072250366 1507328
1731661405213 0.46915894746780396 1540096
1731661426396 0.5143401324748993 1572864
1731661447328 0.5453278124332428 1600000
1731661470604 0.549757182598114 1638400
1731661492333 0.5396368205547333 1671168
1731661513502 0.5578355193138123 1703936
1731661534077 0.5484610497951508 1736704
1731661553984 0.5407433807849884 1760000
1731661577720 0.5268680453300476 1802240
1731661599548 0.558561772108078 1835008
1731661621070 0.5210405886173248 1867776
1731661642524 0.5729441046714783 1900544
1731661662132 0.540212094783783 1920000
1731661687110 0.5549374520778656 1966080
1731661708540 0.5553457140922546 1998848
1731661729447 0.5447866320610046 2031616
1731661750638 0.5640663504600525 2064384
1731661768965 0.5533186495304108 2080000
1731661794383 0.5353643894195557 2129920
1731661815339 0.5425567030906677 2162688
1731661836167 0.4976918697357178 2195456
1731661857245 0.5556766092777252 2228224
1731661875090 0.5434771776199341 2240000
1731661900058 0.5392516553401947 2293760
1731661921439 0.5437081754207611 2326528
1731661944141 0.5266648232936859 2359296
1731661966276 0.5639979243278503 2392064
1731661984187 0.5503331124782562 2400000
1731662011907 0.5442143678665161 2457600
1731662033771 0.5468326807022095 2490368
1731662055650 0.5400612056255341 2523136
1731662077068 0.5306921303272247 2555904
1731662094724 0.5515356361865997 2560000
1731662125198 0.5678145289421082 2621440
1731662147249 0.5430906116962433 2654208
1731662169998 0.5372943878173828 2686976
1731662192355 0.5462298691272736 2719744
1731662208963 0.5430299937725067 2720000
1731662239248 0.5494688451290131 2785280
1731662260572 0.5191095769405365 2818048
1731662282533 0.5415881872177124 2850816
1731662304879 0.5411146283149719 2880000
1731662328199 0.5343197286128998 2916352
1731662350424 0.5228295028209686 2949120
1731662371888 0.517009824514389 2981888
1731662393482 0.5488643646240234 3014656
1731662413976 0.5337469577789307 3040000
1731662437276 0.5161668062210083 3080192
1731662459324 0.5334479212760925 3112960
1731662480875 0.5163928270339966 3145728
1731662503770 0.5430877208709717 3178496
1731662524594 0.5191752910614014 3200000
1731662549325 0.5521422624588013 3244032
1731662571176 0.5495186448097229 3276800
1731662594452 0.5245830118656158 3309568
1731662616776 0.5277777910232544 3342336
1731662635858 0.5312832295894623 3360000
1731662662011 0.5488473773002625 3407872
1731662684743 0.5317190587520599 3440640
1731662706041 0.5384232401847839 3473408
1731662726630 0.5525825917720795 3506176
1731662743721 0.49621856212615967 3520000
1731662768977 0.5527492463588715 3571712
1731662791221 0.5553523004055023 3604480
1731662813009 0.5380980670452118 3637248
1731662836112 0.49299710988998413 3670016
1731662854474 0.5205389261245728 3680000
1731662882134 0.513938844203949 3735552
1731662904000 0.5257412493228912 3768320
1731662925028 0.5506695806980133 3801088
1731662947099 0.5124154984951019 3833856
1731662963796 0.5461767613887787 3840000
1731662991123 0.5071269273757935 3899392
1731663012161 0.5314057171344757 3932160
1731663032310 0.5443403124809265 3964928
1731663053806 0.5197657644748688 3997696
1731663069421 0.5288762450218201 4000000
1731663097689 0.5132794678211212 4063232
1731663118605 0.5284040868282318 4096000
1731663140373 0.514415830373764 4128768
1731663162490 0.5451967716217041 4160000
1731663185179 0.535384863615036 4194304
1731663206907 0.5376591384410858 4227072
1731663229098 0.5400587022304535 4259840
1731663250902 0.5272816121578217 4292608
1731663272006 0.5713085830211639 4320000
1731663295886 0.5690142214298248 4358144
1731663318012 0.5177481472492218 4390912
1731663340075 0.5463429093360901 4423680
1731663361896 0.5200847387313843 4456448
1731663382392 0.5091232657432556 4480000
1731663406735 0.5520130097866058 4521984
1731663428187 0.5201908051967621 4554752
1731663450050 0.5082791447639465 4587520
1731663472742 0.5289163887500763 4620288
1731663493081 0.4871681332588196 4640000
1731663519123 0.5118003785610199 4685824
1731663540687 0.50345578789711 4718592
1731663562877 0.4985218644142151 4751360
1731663584303 0.5387768149375916 4784128
1731663602932 0.5189655423164368 4800000
1731663630054 0.4803715944290161 4849664
1731663653022 0.582151472568512 4882432
1731663674757 0.5186416208744049 4915200
1731663696528 0.5168395638465881 4947968
1731663715365 0.4947352409362793 4960000
1731663742687 0.5017520785331726 5013504
1731663765709 0.5023414492607117 5046272
1731663788560 0.5046085715293884 5079040
1731663810970 0.5346056222915649 5111808
1731663828420 0.5379946827888489 5120000
1731663855616 0.5049982964992523 5177344
1731663879899 0.5291995406150818 5210112
1731663901874 0.539366751909256 5242880
1731663924373 0.48447394371032715 5275648
1731663941586 0.5109689831733704 5280000
1731663970311 0.4999051094055176 5341184
1731663992669 0.5292684137821198 5373952
1731664015349 0.5344721674919128 5406720
1731664038033 0.5450171530246735 5439488
1731664053716 0.5088517963886261 5440000
1731664083145 0.5436856150627136 5505024
1731664106237 0.5215215682983398 5537792
1731664128016 0.5538175106048584 5570560
1731664148923 0.530468076467514 5600000
1731664172858 0.5198420286178589 5636096
1731664194387 0.4708980321884155 5668864
1731664215648 0.4882298707962036 5701632
1731664237391 0.48639005422592163 5734400
1731664258120 0.4796695113182068 5760000
1731664282987 0.5230035781860352 5799936
1731664306359 0.5189771950244904 5832704
1731664327830 0.5221195816993713 5865472
1731664349182 0.5349394679069519 5898240
1731664368947 0.5062396228313446 5920000
1731664393243 0.4983782172203064 5963776
1731664414752 0.5472066402435303 5996544
1731664434960 0.5189037919044495 6029312
1731664456190 0.5571166574954987 6062080
1731664475540 0.5338422358036041 6080000
1731664500674 0.49315547943115234 6127616
1731664522240 0.5437886118888855 6160384
1731664544184 0.5290109217166901 6193152
1731664566029 0.5217851996421814 6225920
1731664584152 0.544396698474884 6240000
1731664609362 0.5579601526260376 6291456
1731664631231 0.5315954685211182 6324224
1731664653206 0.538378119468689 6356992
1731664674930 0.5074746012687683 6389760
1731664692311 0.5251548588275909 6400000
1731664720297 0.5423923134803772 6455296
1731664743150 0.5708900094032288 6488064
1731664765497 0.5889660120010376 6520832
1731664787670 0.5428893566131592 6553600
1731664804139 0.5852837860584259 6560000
1731664833944 0.5281064212322235 6619136
1731664857611 0.512965977191925 6651904
1731664879474 0.5590554177761078 6684672
1731664902008 0.5009858906269073 6717440
1731664918647 0.5050751864910126 6720000
1731664948805 0.5621259808540344 6782976
1731664970761 0.5248096287250519 6815744
1731664992242 0.5183360576629639 6848512
1731665014631 0.5410035252571106 6880000
1731665038672 0.501287192106247 6914048
1731665061353 0.536243200302124 6946816
1731665083436 0.5116237998008728 6979584
1731665105216 0.4844249486923218 7012352
1731665126787 0.48454564809799194 7040000
1731665151823 0.48980551958084106 7077888
1731665173771 0.5588545501232147 7110656
1731665194903 0.5328085422515869 7143424
1731665216401 0.528711199760437 7176192
1731665236715 0.5599734783172607 7200000
1731665262833 0.5570764243602753 7241728
1731665285767 0.5328807532787323 7274496
1731665308041 0.5235267281532288 7307264
1731665329991 0.560629278421402 7340032
1731665350141 0.5398703217506409 7360000
1731665376025 0.541793704032898 7405568
1731665398188 0.5444724261760712 7438336
1731665420072 0.593514084815979 7471104
1731665441831 0.5463844835758209 7503872
1731665460040 0.5372229218482971 7520000
1731665484821 0.5379973649978638 7569408
1731665505732 0.5623131692409515 7602176
1731665526522 0.5430707633495331 7634944
1731665547860 0.48849737644195557 7667712
1731665567257 0.5459749102592468 7680000
1731665594826 0.5318885445594788 7733248
1731665616118 0.5322838425636292 7766016
1731665638162 0.5164663791656494 7798784
1731665660916 0.585424154996872 7831552
1731665678322 0.6072782278060913 7840000
1731665705922 0.5500158369541168 7897088
1731665727573 0.5493494868278503 7929856
1731665749359 0.5746364891529083 7962624
1731665770937 0.6066299676895142 7995392
1731665786480 0.5549087524414062 8000000
1731665812836 0.5824420154094696 8060928
1731665834940 0.5419401228427887 8093696
1731665857575 0.5683625638484955 8126464
1731665879353 0.5362395644187927 8159232
1731665894728 0.5402600467205048 8160000
1731665923767 0.593704879283905 8224768
1731665945343 0.5967215895652771 8257536
1731665966884 0.5780629217624664 8290304
1731665987858 0.6052506864070892 8320000
1731666010955 0.6016316115856171 8355840
1731666032967 0.5807251334190369 8388608
1731666055242 0.5536722838878632 8421376
1731666076850 0.5926903784275055 8454144
1731666098206 0.6010672152042389 8480000
1731666122106 0.5903343558311462 8519680
1731666143839 0.5653635263442993 8552448
1731666165718 0.5979920923709869 8585216
1731666187757 0.599131315946579 8617984
1731666208198 0.623215913772583 8640000
1731666232636 0.5935190618038177 8683520
1731666254657 0.6229833960533142 8716288
1731666276459 0.6294842660427094 8749056
1731666299656 0.6554653942584991 8781824
1731666318770 0.6423010230064392 8800000
1731666344227 0.6292931139469147 8847360
1731666365955 0.6248311698436737 8880128
1731666387771 0.6037729680538177 8912896
1731666410373 0.5776076018810272 8945664
1731666428789 0.6446878910064697 8960000
1731666456053 0.6461583077907562 9011200
1731666478412 0.7012782990932465 9043968
1731666499853 0.6182499825954437 9076736
1731666521144 0.6108777821063995 9109504
1731666538460 0.6160624027252197 9120000
1731666566393 0.6469530165195465 9175040
1731666588353 0.6553163528442383 9207808
1731666610586 0.6483706831932068 9240576
1731666632551 0.6234606504440308 9273344
1731666649143 0.6112735867500305 9280000
1731666677352 0.6364130079746246 9338880
1731666699701 0.6263687908649445 9371648
1731666722062 0.6046643257141113 9404416
1731666745315 0.6023038029670715 9437184
1731666760602 0.6209776997566223 9440000
1731666790332 0.6244078874588013 9502720
1731666812355 0.6873869895935059 9535488
1731666835166 0.620491236448288 9568256
1731666857634 0.6573003828525543 9600000
1731666880980 0.6321511566638947 9633792
1731666903127 0.652012974023819 9666560
1731666925097 0.5736128389835358 9699328
1731666946459 0.595305860042572 9732096
1731666966725 0.6445051431655884 9760000
1731666988588 0.6195782423019409 9797632
1731667009275 0.6285362839698792 9830400
1731667031638 0.6587922871112823 9863168
1731667053981 0.6566995680332184 9895936
1731667074764 0.6689775288105011 9920000
1731667100274 0.6673246920108795 9961472
1731667123574 0.6579859554767609 9994240
1731667145849 0.677727609872818 10027008
1731667168532 0.6080601215362549 10059776
1731667188576 0.6501160562038422 10080000
1731667214323 0.6470712423324585 10125312
1731667236409 0.6499620378017426 10158080
1731667257680 0.6100112199783325 10190848
1731667278469 0.6737901866436005 10223616
1731667296419 0.5820392370223999 10240000
1731667321958 0.6668524444103241 10289152
1731667344041 0.6297909319400787 10321920
1731667365853 0.6545246243476868 10354688
1731667387924 0.6916959285736084 10387456
1731667406778 0.667167454957962 10400000
1731667435221 0.6633456647396088 10452992
1731667458062 0.6958299279212952 10485760
1731667480767 0.6200961768627167 10518528
1731667502859 0.65005162358284 10551296
1731667520265 0.6929076910018921 10560000
1731667549116 0.7033278942108154 10616832
1731667571837 0.6497607529163361 10649600
1731667594343 0.7299244701862335 10682368
1731667617030 0.6140086352825165 10715136
1731667633255 0.6097502410411835 10720000
1731667661648 0.6536405086517334 10780672
1731667683860 0.7065217792987823 10813440
1731667705338 0.6796920597553253 10846208
1731667727558 0.6970916986465454 10878976
1731667743199 0.7154044508934021 10880000
1731667774075 0.721805214881897 10944512
1731667795694 0.6443394124507904 10977280
1731667817357 0.6737736463546753 11010048
1731667839290 0.6686652898788452 11040000
1731667862495 0.6636519134044647 11075584
1731667885338 0.730760008096695 11108352
1731667907180 0.6749605536460876 11141120
1731667929282 0.6786397993564606 11173888
1731667949824 0.6691690683364868 11200000
1731667973117 0.6875143647193909 11239424
1731667995913 0.7169214189052582 11272192
1731668018273 0.6893810033798218 11304960
1731668040769 0.6790954768657684 11337728
1731668060864 0.6937239766120911 11360000
1731668085941 0.6692748069763184 11403264
1731668107945 0.7113254964351654 11436032
1731668130587 0.7206568121910095 11468800
1731668152097 0.7361862063407898 11501568
1731668172244 0.7087244093418121 11520000
1731668198308 0.6952646374702454 11567104
1731668220150 0.758587658405304 11599872
1731668243348 0.7286792397499084 11632640
1731668266451 0.7680122405290604 11665408
1731668285070 0.7065271437168121 11680000
1731668313091 0.7163514494895935 11730944
1731668335634 0.7114218175411224 11763712
1731668357927 0.7230153679847717 11796480
1731668380710 0.6870830655097961 11829248
1731668399097 0.6984051465988159 11840000
1731668427455 0.695409506559372 11894784
1731668448725 0.6400018930435181 11927552
1731668470154 0.7866415083408356 11960320
1731668490901 0.7432758510112762 11993088
1731668506562 0.7291087508201599 12000000
1731668533889 0.7055777311325073 12058624
1731668556232 0.6977395415306091 12091392
1731668578722 0.6938862800598145 12124160
1731668600773 0.7070275545120239 12156928
1731668616562 0.6885046660900116 12160000
1731668647463 0.6901661455631256 12222464
1731668670362 0.725862979888916 12255232
1731668693080 0.711827278137207 12288000
1731668715139 0.7487839460372925 12320000
1731668737377 0.7217736542224884 12353536
1731668759073 0.7495507001876831 12386304
1731668780017 0.7155621349811554 12419072
1731668801573 0.67324098944664 12451840
1731668822094 0.6994472742080688 12480000
1731668846351 0.740692675113678 12517376
1731668871834 0.6452764272689819 12550144
1731668894696 0.7548919916152954 12582912
1731668917368 0.7314225733280182 12615680
1731668938678 0.7456699907779694 12640000
1731668963590 0.6878519952297211 12681216
1731668985640 0.7167992293834686 12713984
1731669008957 0.7306773364543915 12746752
1731669032345 0.7316162884235382 12779520
1731669052869 0.7371070683002472 12800000
1731669079577 0.6930742263793945 12845056
1731669103014 0.6983014643192291 12877824
1731669125499 0.7702826857566833 12910592
1731669148132 0.7750114947557449 12943360
1731669169567 0.7096090018749237 12960000
1731669198246 0.7469149529933929 13008896
1731669220397 0.7152039110660553 13041664
1731669243133 0.7528250813484192 13074432
1731669265503 0.7307466864585876 13107200
1731669284310 0.7851434648036957 13120000
1731669312909 0.6609748005867004 13172736
1731669335858 0.7472000420093536 13205504
1731669358842 0.7822160869836807 13238272
1731669382145 0.7590457648038864 13271040
1731669399851 0.7777374386787415 13280000
1731669427900 0.7698218375444412 13336576
1731669450055 0.8183099031448364 13369344
1731669472816 0.7261025905609131 13402112
1731669495435 0.8001776039600372 13434880
1731669512819 0.7070411741733551 13440000
1731669543271 0.7473360300064087 13500416
1731669565794 0.7236331403255463 13533184
1731669588372 0.7359279990196228 13565952
1731669611514 0.7383600771427155 13598720
1731669627989 0.7243087589740753 13600000
1731669659050 0.7509589195251465 13664256
1731669682062 0.7078424990177155 13697024
1731669705372 0.7325522005558014 13729792
1731669727622 0.7583197951316833 13760000
1731669752088 0.748160719871521 13795328
1731669775910 0.7434865534305573 13828096
1731669798894 0.7068325281143188 13860864
1731669822566 0.7427361309528351 13893632
1731669844781 0.7353664636611938 13920000
1731669870046 0.7475068271160126 13959168
1731669891641 0.7746571004390717 13991936
1731669912379 0.7722810357809067 14024704
1731669933273 0.707403153181076 14057472
1731669951974 0.7007174789905548 14080000
1731669975114 0.8110679388046265 14123008
1731669995868 0.7375514805316925 14155776
1731670017113 0.7446396946907043 14188544
1731670040936 0.7230480313301086 14221312
1731670059319 0.6898312568664551 14240000
1731670083121 0.7624141126871109 14286848
1731670104186 0.7780694365501404 14319616
1731670125205 0.7480088174343109 14352384
1731670146363 0.7254270315170288 14385152
1731670163760 0.7697745263576508 14400000
1731670188958 0.7370969653129578 14450688
1731670209829 0.7001926004886627 14483456
1731670230576 0.7078351378440857 14516224
1731670251412 0.7588523775339127 14548992
1731670268616 0.8058561384677887 14560000
1731670294473 0.7263979911804199 14614528
1731670315464 0.8280034214258194 14647296
1731670336155 0.7871287018060684 14680064
1731670356683 0.7935324609279633 14712832
1731670372560 0.7567958682775497 14720000
1731670398658 0.7820504903793335 14778368
1731670419232 0.7991945594549179 14811136
1731670439933 0.7719190120697021 14843904
1731670460499 0.7699399888515472 14876672
1731670475467 0.7688841074705124 14880000
1731670502297 0.7970275729894638 14942208
1731670523352 0.7494692206382751 14974976
1731670543922 0.7293662428855896 15007744
1731670565012 0.7597914040088654 15040000
1731670587385 0.7429216802120209 15073280
1731670608178 0.7976155132055283 15106048
1731670628938 0.7326658666133881 15138816
1731670649573 0.7887293845415115 15171584
1731670669632 0.7742390334606171 15200000
1731670691450 0.6491366624832153 15237120
1731670712096 0.7883560806512833 15269888
1731670732701 0.7710140347480774 15302656
1731670753291 0.7426510751247406 15335424
1731670772390 0.7551351636648178 15360000
1731670794927 0.6619225144386292 15400960
1731670815513 0.7448866069316864 15433728
1731670835968 0.752364918589592 15466496
1731670856294 0.7991553992033005 15499264
1731670874260 0.7845495790243149 15520000
1731670897111 0.7886201441287994 15564800
1731670917379 0.6999485790729523 15597568
1731670937485 0.8021089732646942 15630336
1731670958033 0.774948850274086 15663104
1731670975600 0.7720793634653091 15680000
1731670999089 0.760756254196167 15728640
1731671018970 0.7338991463184357 15761408
1731671039255 0.6705571115016937 15794176
1731671059634 0.7456088364124298 15826944
1731671076460 0.7581125348806381 15840000
1731671100172 0.8288043439388275 15892480
1731671120024 0.7836044579744339 15925248
1731671140352 0.757959321141243 15958016
1731671160552 0.7372456789016724 15990784
1731671176414 0.7676072865724564 16000000
1731671201219 0.7708188593387604 16056320
1731671221580 0.7581261694431305 16089088
1731671241683 0.7137832045555115 16121856
1731671261985 0.7689810544252396 16154624
1731671277806 0.7469759583473206 16160000
1731671304238 0.7473672330379486 16220160
1731671324748 0.774420902132988 16252928
1731671345464 0.767949253320694 16285696
1731671366153 0.7390254139900208 16318464
1731671380688 0.7943038940429688 16320000
1731671407884 0.7470170855522156 16384000
1731671428105 0.7500535398721695 16416768
1731671448437 0.7330675721168518 16449536
1731671469168 0.7021186053752899 16480000
1731671490199 0.7341167330741882 16515072
1731671510721 0.7614289671182632 16547840
1731671531316 0.7548172324895859 16580608
1731671551456 0.7897543907165527 16613376
1731671570576 0.7931032031774521 16640000
1731671592428 0.772963359951973 16678912
1731671612761 0.7340185642242432 16711680
1731671633255 0.7155868113040924 16744448
1731671653863 0.7583287954330444 16777216
1731671672834 0.7332387566566467 16800000
1731671695644 0.7568026781082153 16842752
1731671716242 0.7935964912176132 16875520
1731671736772 0.734072208404541 16908288
1731671757318 0.7056860625743866 16941056
1731671775274 0.7159480452537537 16960000
1731671798622 0.730849415063858 17006592
1731671818618 0.7157478630542755 17039360
1731671839088 0.7130753993988037 17072128
1731671859677 0.6699143946170807 17104896
1731671877188 0.7434714436531067 17120000
1731671901339 0.7442435622215271 17170432
1731671921224 0.724001556634903 17203200
1731671941507 0.7769037038087845 17235968
1731671962106 0.7394390106201172 17268736
1731671978475 0.7273586392402649 17280000
1731672002817 0.7331871688365936 17334272
1731672023083 0.7149441242218018 17367040
1731672043290 0.7122180461883545 17399808
1731672063560 0.7600026875734329 17432576
1731672079329 0.7512100487947464 17440000
1731672104569 0.8228196501731873 17498112
1731672124909 0.7830095440149307 17530880
1731672144982 0.7584897875785828 17563648
1731672165350 0.7977507263422012 17596416
1731672180234 0.7799431532621384 17600000
1731672205970 0.7544005960226059 17661952
1731672226099 0.7290204465389252 17694720
1731672245960 0.7357803881168365 17727488
1731672266576 0.7906243354082108 17760000
1731672286979 0.7830376923084259 17793024
1731672307032 0.7947392165660858 17825792
1731672327641 0.7424061596393585 17858560
1731672348407 0.7509692460298538 17891328
1731672368065 0.7782106995582581 17920000
1731672389456 0.7843512296676636 17956864
1731672409928 0.8014184832572937 17989632
1731672430261 0.6941434144973755 18022400
1731672451216 0.7538006752729416 18055168
1731672470662 0.7150122821331024 18080000
1731672493181 0.7794567495584488 18120704
1731672513485 0.7362299263477325 18153472
1731672533895 0.7696343511343002 18186240
1731672554012 0.7521693110466003 18219008
1731672573219 0.7693563997745514 18240000
1731672596489 0.785391315817833 18284544
1731672617274 0.7674008756875992 18317312
1731672637161 0.756395012140274 18350080
1731672657884 0.7501532286405563 18382848
1731672675954 0.7477689385414124 18400000
1731672699655 0.7970050275325775 18448384
1731672719866 0.8357589989900589 18481152
1731672740210 0.7429210841655731 18513920
1731672760169 0.7694106698036194 18546688
1731672777232 0.7476369440555573 18560000
1731672802139 0.7164634168148041 18612224
1731672822658 0.6741904020309448 18644992
1731672842881 0.7425209879875183 18677760
1731672863350 0.7771701365709305 18710528
1731672879779 0.7789041548967361 18720000
1731672905154 0.7063854932785034 18776064
1731672925635 0.7378635108470917 18808832
1731672946435 0.6953421831130981 18841600
1731672966498 0.7237018644809723 18874368
1731672981987 0.7566257417201996 18880000
1731673008412 0.7518878281116486 18939904
1731673029222 0.7794594168663025 18972672
1731673050341 0.8074108213186264 19005440
1731673071280 0.7082670331001282 19038208
1731673085993 0.7421171367168427 19040000
1731673113322 0.7064198553562164 19103744
1731673133953 0.7236056625843048 19136512
1731673154827 0.7624098360538483 19169280
1731673175009 0.6847260594367981 19200000
1731673196265 0.7325348556041718 19234816
1731673217040 0.7639393955469131 19267584
1731673237540 0.7498975992202759 19300352
1731673257942 0.7470581531524658 19333120
1731673278181 0.7432889938354492 19360000
1731673299880 0.6690286099910736 19398656
1731673320032 0.7161217033863068 19431424
1731673340875 0.734673023223877 19464192
1731673361112 0.7502716481685638 19496960
1731673379957 0.7571577727794647 19520000
1731673402636 0.762102872133255 19562496
1731673423061 0.69588303565979 19595264
1731673442847 0.6923532485961914 19628032
1731673463227 0.7125908732414246 19660800
1731673481410 0.7619035094976425 19680000
1731673504420 0.7357260882854462 19726336
1731673524565 0.7610820531845093 19759104
1731673544792 0.7610115855932236 19791872
1731673565324 0.7491241097450256 19824640
1731673583054 0.7539798617362976 19840000
1731673608208 0.681106299161911 19890176
1731673629866 0.6925804018974304 19922944
1731673650197 0.777340441942215 19955712
1731673670457 0.6441579163074493 19988480
1731673687165 0.6707682311534882 20000000
1731673711427 0.7679269313812256 20054016
1731673732825 0.7736310511827469 20086784
1731673755564 0.7803999185562134 20119552
1731673776082 0.7150790393352509 20152320
1731673792070 0.7561878114938736 20160000
1731673817565 0.7535568475723267 20217856
1731673837766 0.670149028301239 20250624
1731673858468 0.7792731821537018 20283392
1731673878931 0.7968976944684982 20316160
1731673894239 0.7421753406524658 20320000
1731673920456 0.7851478457450867 20381696
1731673941223 0.75132155418396 20414464
1731673961677 0.7255429923534393 20447232
1731673982469 0.7185757756233215 20480000
1731674003092 0.7632510662078857 20512768
1731674023550 0.7340843975543976 20545536
1731674043739 0.706408679485321 20578304
1731674064312 0.715441107749939 20611072
1731674084185 0.7330320179462433 20640000
1731674105393 0.7761111408472061 20676608
1731674126180 0.7293247580528259 20709376
1731674146492 0.6781504154205322 20742144
1731674167119 0.7190165221691132 20774912
1731674185813 0.7094048857688904 20800000
1731674207672 0.7231548130512238 20840448
1731674227676 0.7701280266046524 20873216
1731674247810 0.7272240817546844 20905984
1731674268179 0.750204861164093 20938752
1731674286550 0.7453765273094177 20960000
1731674309061 0.8320853561162949 21004288
1731674329491 0.7523851692676544 21037056
1731674349566 0.7855965346097946 21069824
1731674369502 0.7436937987804413 21102592
1731674387032 0.7829308658838272 21120000
1731674410483 0.795780673623085 21168128
1731674430975 0.8115948140621185 21200896
1731674451269 0.7915970087051392 21233664
1731674472330 0.7202180922031403 21266432
1731674489168 0.7393154799938202 21280000
1731674513508 0.7441364526748657 21331968
1731674533863 0.7554850876331329 21364736
1731674553773 0.801272988319397 21397504
1731674574143 0.7655684500932693 21430272
1731674590422 0.8022955358028412 21440000
1731674615606 0.7068560719490051 21495808
1731674636859 0.7469013333320618 21528576
1731674657811 0.8097621500492096 21561344
1731674677780 0.7388877868652344 21594112
1731674694063 0.755853921175003 21600000
1731674720391 0.7677429765462875 21659648
1731674740972 0.7281132340431213 21692416
1731674761624 0.7374627590179443 21725184
1731674782056 0.7639266401529312 21757952
1731674796664 0.7916725426912308 21760000
1731674823171 0.7742809504270554 21823488
1731674843878 0.7535179853439331 21856256
1731674864958 0.7385652959346771 21889024
1731674886184 0.7852674722671509 21920000
1731674907233 0.813354879617691 21954560
1731674927731 0.805231437087059 21987328
1731674948031 0.7482499182224274 22020096
1731674968524 0.7573148757219315 22052864
1731674988211 0.7073548436164856 22080000
1731675009622 0.7541471719741821 22118400
1731675029974 0.7617267370223999 22151168
1731675050010 0.7770872116088867 22183936
1731675070503 0.7488118410110474 22216704
1731675089229 0.7834025025367737 22240000
1731675111703 0.7576931715011597 22282240
1731675132032 0.7405984997749329 22315008
1731675152514 0.7805293649435043 22347776
1731675172907 0.7371751070022583 22380544
1731675190837 0.7375622987747192 22400000
1731675214119 0.7752939164638519 22446080
1731675235074 0.7171095907688141 22478848
1731675255174 0.7540463507175446 22511616
1731675275304 0.8007370233535767 22544384
1731675292472 0.7582446038722992 22560000
1731675317609 0.751854807138443 22609920
1731675338196 0.7746783792972565 22642688
1731675358447 0.6891259849071503 22675456
1731675379199 0.7518987953662872 22708224
1731675395704 0.7674337476491928 22720000
1731675420250 0.7376867830753326 22773760
1731675440901 0.7730715870857239 22806528
1731675461185 0.7748375833034515 22839296
1731675481738 0.7734754383563995 22872064
1731675499153 0.847793847322464 22880000
1731675525692 0.7376061379909515 22937600
1731675546220 0.7867058217525482 22970368
1731675566422 0.7721730172634125 23003136
1731675586983 0.7630626112222672 23035904
1731675601995 0.7939299046993256 23040000
1731675628333 0.693407267332077 23101440
1731675648912 0.7412689328193665 23134208
1731675669708 0.8078882247209549 23166976
1731675691214 0.7820126712322235 23199744
1731675705516 0.7978461235761642 23200000
1731675732313 0.80289526283741 23265280
1731675752834 0.6975470781326294 23298048
1731675773013 0.7286639213562012 23330816
1731675792651 0.7586552202701569 23360000
1731675813836 0.7916631698608398 23396352
1731675834042 0.782345175743103 23429120
1731675854391 0.6894088089466095 23461888
1731675873760 0.7829462885856628 23494656
1731675893003 0.5373860001564026 23520000
1731675914249 0.5733631551265717 23560192
1731675934271 0.5705327391624451 23592960
1731675954671 0.629336953163147 23625728
1731675975047 0.7258039116859436 23658496
1731675993613 0.7018235623836517 23680000
1731676016628 0.6765846312046051 23724032
1731676037107 0.73117595911026 23756800
1731676057121 0.7426075041294098 23789568
1731676077242 0.8154682666063309 23822336
1731676094873 0.7424204051494598 23840000
1731676118320 0.7137619256973267 23887872
1731676138694 0.7682291865348816 23920640
1731676158931 0.7560027837753296 23953408
1731676179164 0.7060962915420532 23986176
1731676196305 0.7440707981586456 24000000
1731676220279 0.6853117644786835 24051712
1731676240482 0.658781111240387 24084480
1731676261103 0.6981698572635651 24117248
1731676281793 0.7351438701152802 24150016
1731676298053 0.714404284954071 24160000
1731676322810 0.7927467823028564 24215552
1731676342719 0.7352253496646881 24248320
1731676363154 0.7811271548271179 24281088
1731676383250 0.7635427415370941 24313856
1731676398813 0.769020289182663 24320000
1731676425132 0.7510899901390076 24379392
1731676445594 0.7144913971424103 24412160
1731676466477 0.7188041508197784 24444928
1731676487506 0.7302006781101227 24477696
1731676502391 0.7983154058456421 24480000
1731676529507 0.78708116710186 24543232
1731676550430 0.772822231054306 24576000
1731676571007 0.7498457133769989 24608768
1731676592109 0.783966913819313 24640000
1731676613844 0.7579558789730072 24674304
1731676634275 0.7407949864864349 24707072
1731676654803 0.7112017869949341 24739840
1731676675321 0.7881486117839813 24772608
1731676695241 0.7668789476156235 24800000
1731676717116 0.7751930505037308 24838144
1731676737420 0.7589792609214783 24870912
1731676757856 0.7497233152389526 24903680
1731676777758 0.7701269537210464 24936448
1731676796752 0.5566890835762024 24960000
1731676819756 0.614624410867691 25001984
1731676840022 0.7015717327594757 25034752
1731676860306 0.7266113460063934 25067520
1731676881116 0.7711925059556961 25100288
1731676899517 0.7382551729679108 25120000
1731676923327 0.7551921904087067 25165824
1731676944069 0.72173210978508 25198592
1731676964813 0.7347021400928497 25231360
1731676985401 0.7795447558164597 25264128
1731677002954 0.6969191431999207 25280000
1731677027527 0.7446747720241547 25329664
1731677047651 0.6922993063926697 25362432
1731677068258 0.759529247879982 25395200
1731677088261 0.7502833604812622 25427968
1731677105143 0.7721932381391525 25440000
1731677130086 0.7950965017080307 25493504
1731677150307 0.8244961202144623 25526272
1731677171060 0.7838451415300369 25559040
1731677191353 0.782439261674881 25591808
1731677207558 0.7822071760892868 25600000
1731677232285 0.6176031529903412 25657344
1731677252618 0.6381140053272247 25690112
1731677272654 0.6661117374897003 25722880
1731677293924 0.7031837105751038 25755648
1731677309043 0.7197889983654022 25760000
1731677335270 0.7251929342746735 25821184
1731677355789 0.7473223805427551 25853952
1731677376191 0.7500032335519791 25886720
1731677397292 0.7568924129009247 25919488
1731677411865 0.8021682351827621 25920000
1731677438431 0.7143915891647339 25985024
1731677459330 0.7287071049213409 26017792
1731677479889 0.7107993960380554 26050560
1731677499720 0.7587626725435257 26080000
1731677521202 0.7160211801528931 26116096
1731677542190 0.7046996653079987 26148864
1731677562523 0.7291966676712036 26181632
1731677582826 0.7533408105373383 26214400
1731677602119 0.7655156999826431 26240000
1731677624414 0.737676739692688 26279936
1731677644827 0.7849613726139069 26312704
1731677665261 0.7997366786003113 26345472
1731677685472 0.702696681022644 26378240
1731677704155 0.7198189496994019 26400000
1731677727046 0.8370326608419418 26443776
1731677748192 0.7483435571193695 26476544
1731677768892 0.7105803489685059 26509312
1731677789134 0.733057826757431 26542080
1731677807030 0.7802088260650635 26560000
1731677830682 0.795223131775856 26607616
1731677851951 0.7455846965312958 26640384
1731677873178 0.7245401442050934 26673152
1731677893986 0.8081374168395996 26705920
1731677911256 0.781766727566719 26720000
1731677935677 0.7646583467721939 26771456
1731677956380 0.8153184205293655 26804224
1731677976995 0.8259903341531754 26836992
1731677997535 0.802611380815506 26869760
1731678014047 0.7913296073675156 26880000
1731678038656 0.7763913869857788 26935296
1731678059568 0.7966481745243073 26968064
1731678079744 0.7444532811641693 27000832
1731678100091 0.7798354029655457 27033600
1731678115556 0.7869677394628525 27040000
1731678141246 0.7853854447603226 27099136
1731678161846 0.7688124626874924 27131904
1731678181882 0.8076492249965668 27164672
1731678201871 0.7889920324087143 27197440
1731678216702 0.7739372104406357 27200000
1731678242588 0.7696775048971176 27262976
1731678263208 0.7318979799747467 27295744
1731678283889 0.7332296073436737 27328512
1731678304290 0.7550088763237 27360000
1731678325721 0.7943767309188843 27394048
1731678346240 0.7741923183202744 27426816
1731678367238 0.7162818610668182 27459584
1731678387534 0.7855011522769928 27492352
1731678407572 0.7418680191040039 27520000
1731678429645 0.7134174704551697 27557888
1731678450619 0.7666347622871399 27590656
1731678471660 0.7999733239412308 27623424
1731678492922 0.7306981384754181 27656192
1731678512379 0.7177051901817322 27680000
1731678535265 0.7523287981748581 27721728
1731678555748 0.7754977941513062 27754496
1731678576473 0.7947875410318375 27787264
1731678597264 0.78342305123806 27820032
1731678615528 0.7290774285793304 27840000
1731678638195 0.7554810047149658 27885568
1731678659037 0.7648188173770905 27918336
1731678679069 0.7854992300271988 27951104
1731678699509 0.7804679572582245 27983872
1731678716889 0.7588218599557877 28000000
1731678741302 0.8358112573623657 28049408
1731678761972 0.828635036945343 28082176
1731678782941 0.7300849258899689 28114944
1731678803341 0.7589232176542282 28147712
1731678819702 0.7070237398147583 28160000
1731678844446 0.7641742527484894 28213248
1731678865200 0.721595972776413 28246016
1731678885429 0.8046260923147202 28278784
1731678907584 0.7259130775928497 28311552
1731678925411 0.7708190530538559 28320000
1731678951945 0.7445163428783417 28377088
1731678973494 0.7544075101613998 28409856
1731678994681 0.7904430478811264 28442624
1731679015719 0.7355939745903015 28475392
1731679033325 0.7639652341604233 28480000
1731679062202 0.7528601586818695 28540928
1731679082736 0.7461856603622437 28573696
1731679105880 0.7707002013921738 28606464
1731679126787 0.7374709844589233 28639232
1731679141199 0.7578804790973663 28640000
1731679169083 0.6949294805526733 28704768
1731679188878 0.7841555029153824 28737536
1731679209880 0.5113904476165771 28770304
1731679230604 0.6300261914730072 28800000
1731679251593 0.6438125371932983 28835840
1731679271959 0.6484638154506683 28868608
1731679293173 0.7315005660057068 28901376
1731679313839 0.6951316893100739 28934144
1731679336065 0.7565607279539108 28960000
1731679358871 0.6855727434158325 28999680
1731679381823 0.8001885861158371 29032448
1731679402084 0.8188985139131546 29065216
1731679422802 0.7123509049415588 29097984
1731679441820 0.7241797745227814 29120000
1731679465092 0.6315284967422485 29163520
1731679485777 0.737477570772171 29196288
1731679506328 0.6963641941547394 29229056
1731679526683 0.7831016480922699 29261824
1731679544627 0.7866432964801788 29280000
1731679568279 0.7253139615058899 29327360
1731679589178 0.7492486834526062 29360128
1731679609713 0.7322074174880981 29392896
1731679629854 0.791037917137146 29425664
1731679648040 0.7407546639442444 29440000
1731679674075 0.7550244182348251 29491200
1731679695469 0.7312013804912567 29523968
1731679716050 0.7460943162441254 29556736
1731679736539 0.7608483135700226 29589504
1731679753378 0.7497317492961884 29600000
1731679778609 0.7390741407871246 29655040
1731679799032 0.8033076971769333 29687808
1731679819409 0.765581950545311 29720576
1731679839809 0.7824598699808121 29753344
1731679855348 0.8003983348608017 29760000
1731679881452 0.7711347192525864 29818880
1731679901645 0.7579393088817596 29851648
1731679922229 0.7749661207199097 29884416
1731679942647 0.7332218885421753 29917184
1731679957557 0.7972762286663055 29920000
1731679985456 0.7905880063772202 29982720
1731680006004 0.8128639161586761 30015488
1731680026369 0.7716014832258224 30048256
1731680046993 0.7509397864341736 30080000
1731680067920 0.7529178112745285 30113792
1731680088351 0.8187881410121918 30146560
1731680109296 0.7732930034399033 30179328
1731680129845 0.7366470992565155 30212096
1731680149526 0.7688921242952347 30240000
1731680171347 0.7383609116077423 30277632
1731680192208 0.7698424160480499 30310400
1731680212517 0.7156173288822174 30343168
1731680233244 0.7928713411092758 30375936
1731680252102 0.7899628281593323 30400000
1731680274328 0.7511422485113144 30441472
1731680294499 0.7655046582221985 30474240
1731680315461 0.7705145180225372 30507008
1731680336101 0.7685715705156326 30539776
1731680354440 0.757235512137413 30560000
1731680377620 0.7690424025058746 30605312
1731680397905 0.7916347235441208 30638080
1731680418052 0.7844839245080948 30670848
1731680438625 0.7328216433525085 30703616
1731680456496 0.65306356549263 30720000
1731680480498 0.7280528247356415 30769152
1731680500926 0.7397776246070862 30801920
1731680520957 0.767457589507103 30834688
1731680541607 0.7457615435123444 30867456
1731680558303 0.7889155000448227 30880000
1731680586083 0.7328670024871826 30932992
1731680607765 0.761125773191452 30965760
1731680628154 0.7396672964096069 30998528
1731680648730 0.7769031822681427 31031296
1731680666374 0.8181289583444595 31040000
1731680692706 0.7411018908023834 31096832
1731680712977 0.7466256320476532 31129600
1731680734181 0.7774293273687363 31162368
1731680755332 0.7150134146213531 31195136
1731680770938 0.7818211913108826 31200000
1731680798214 0.7412785589694977 31260672
1731680819135 0.7798501253128052 31293440
1731680839628 0.8156849145889282 31326208
1731680860128 0.7818978577852249 31358976
1731680874225 0.8227647244930267 31360000
1731680900635 0.7300044894218445 31424512
1731680920811 0.7990130335092545 31457280
1731680941130 0.7382955551147461 31490048
1731680961678 0.8136426508426666 31520000
1731680983712 0.7606142610311508 31555584
1731681005243 0.7619452327489853 31588352
1731681026081 0.7204039990901947 31621120
1731681046743 0.7809677124023438 31653888
1731681066162 0.7508203089237213 31680000
1731681088279 0.7694804221391678 31719424
1731681109413 0.8079858869314194 31752192
1731681129841 0.7185757458209991 31784960
1731681150091 0.7585163414478302 31817728
1731681168663 0.7996373027563095 31840000
1731681191106 0.7515629827976227 31883264
1731681212113 0.815275177359581 31916032
1731681232432 0.8323827981948853 31948800
1731681252898 0.8050900399684906 31981568
1731681270719 0.8113827109336853 32000000
1731681295945 0.7718846797943115 32047104
1731681317236 0.7067609429359436 32079872
1731681337602 0.7539431750774384 32112640
1731681358772 0.7595110684633255 32145408
1731681376226 0.7757620364427567 32160000
