1731660390943 0.0003 65536
1731660411679 0.0003 98304
1731660433396 0.0003 131072
1731660454850 0.0003 160000
1731660479489 0.0003 196608
1731660500480 0.0003 229376
1731660522258 0.0003 262144
1731660543944 0.0003 294912
1731660564858 0.0003 320000
1731660589125 0.0003 360448
1731660610634 0.0003 393216
1731660632994 0.0003 425984
1731660654990 0.0003 458752
1731660675572 0.0003 480000
1731660701268 0.0003 524288
1731660722558 0.0003 557056
1731660744258 0.0003 589824
1731660766438 0.0003 622592
1731660786227 0.0003 640000
1731660812599 0.0003 688128
1731660835374 0.0003 720896
1731660857736 0.0003 753664
1731660879647 0.0003 786432
1731660899431 0.0003 800000
1731660926489 0.0003 851968
1731660949814 0.0003 884736
1731660971927 0.0003 917504
1731660994819 0.0003 950272
1731661013526 0.0003 960000
1731661041697 0.0003 1015808
1731661063773 0.0003 1048576
1731661087112 0.0003 1081344
1731661108881 0.0003 1114112
1731661126574 0.0003 1120000
1731661155126 0.0003 1179648
1731661176891 0.0003 1212416
1731661198617 0.0003 1245184
1731661224063 0.0003 1277952
1731661240751 0.0003 1280000
1731661268701 0.0003 1343488
1731661292408 0.0003 1376256
1731661315166 0.0003 1409024
1731661338510 0.0003 1440000
1731661361970 0.0003 1474560
1731661383710 0.0003 1507328
1731661405278 0.0003 1540096
1731661426420 0.0003 1572864
1731661447415 0.0003 1600000
1731661470676 0.0003 1638400
1731661492364 0.0003 1671168
1731661513525 0.0003 1703936
1731661534101 0.0003 1736704
1731661554039 0.0003 1760000
1731661577750 0.0003 1802240
1731661599643 0.0003 1835008
1731661621117 0.0003 1867776
1731661642567 0.0003 1900544
1731661662185 0.0003 1920000
1731661687176 0.0003 1966080
1731661708562 0.0003 1998848
1731661729519 0.0003 2031616
1731661750734 0.0003 2064384
1731661768991 0.0003 2080000
1731661794453 0.0003 2129920
1731661815424 0.0003 2162688
1731661836201 0.0003 2195456
1731661857306 0.0003 2228224
1731661875126 0.0003 2240000
1731661900093 0.0003 2293760
1731661921476 0.0003 2326528
1731661944298 0.0003 2359296
1731661966310 0.0003 2392064
1731661984248 0.0003 2400000
1731662011999 0.0003 2457600
1731662033893 0.0003 2490368
1731662055723 0.0003 2523136
1731662077183 0.0003 2555904
1731662094959 0.0003 2560000
1731662125279 0.0003 2621440
1731662147304 0.0003 2654208
1731662170179 0.0003 2686976
1731662192386 0.0003 2719744
1731662209035 0.0003 2720000
1731662239352 0.0003 2785280
1731662260630 0.0003 2818048
1731662282590 0.0003 2850816
1731662304961 0.0003 2880000
1731662328227 0.0003 2916352
1731662350477 0.0003 2949120
1731662371957 0.0003 2981888
1731662393522 0.0003 3014656
1731662414021 0.0003 3040000
1731662437344 0.0003 3080192
1731662459362 0.0003 3112960
1731662480922 0.0003 3145728
1731662503919 0.0003 3178496
1731662524642 0.0003 3200000
1731662549383 0.0003 3244032
1731662571223 0.0003 3276800
1731662594640 0.0003 3309568
1731662616825 0.0003 3342336
1731662635894 0.0003 3360000
1731662662502 0.0003 3407872
1731662684802 0.0003 3440640
1731662706082 0.0003 3473408
1731662726646 0.0003 3506176
1731662743752 0.0003 3520000
1731662769035 0.0003 3571712
1731662791381 0.0003 3604480
1731662813051 0.0003 3637248
1731662836249 0.0003 3670016
1731662854493 0.0003 3680000
1731662882192 0.0003 3735552
1731662904065 0.0003 3768320
1731662925070 0.0003 3801088
1731662947165 0.0003 3833856
1731662963829 0.0003 3840000
1731662991165 0.0003 3899392
1731663012209 0.0003 3932160
1731663032332 0.0003 3964928
1731663053826 0.0003 3997696
1731663069452 0.0003 4000000
1731663097778 0.0003 4063232
1731663118639 0.0003 4096000
1731663140436 0.0003 4128768
1731663162575 0.0003 4160000
1731663185207 0.0003 4194304
1731663206938 0.0003 4227072
1731663229136 0.0003 4259840
1731663250925 0.0003 4292608
1731663272023 0.0003 4320000
1731663295920 0.0003 4358144
1731663318056 0.0003 4390912
1731663340128 0.0003 4423680
1731663361966 0.0003 4456448
1731663382451 0.0003 4480000
1731663406780 0.0003 4521984
1731663428219 0.0003 4554752
1731663450089 0.0003 4587520
1731663472855 0.0003 4620288
1731663493113 0.0003 4640000
1731663519159 0.0003 4685824
1731663540726 0.0003 4718592
1731663562914 0.0003 4751360
1731663584350 0.0003 4784128
1731663602954 0.0003 4800000
1731663630210 0.0003 4849664
1731663653063 0.0003 4882432
1731663674788 0.0003 4915200
1731663696574 0.0003 4947968
1731663715416 0.0003 4960000
1731663742840 0.0003 5013504
1731663765731 0.0003 5046272
1731663788714 0.0003 5079040
1731663811018 0.0003 5111808
1731663828491 0.0003 5120000
1731663855670 0.0003 5177344
1731663879939 0.0003 5210112
1731663901941 0.0003 5242880
1731663924527 0.0003 5275648
1731663941617 0.0003 5280000
1731663970337 0.0003 5341184
1731663992748 0.0003 5373952
1731664015418 0.0003 5406720
1731664038087 0.0003 5439488
1731664053738 0.0003 5440000
1731664083316 0.0003 5505024
1731664106287 0.0003 5537792
1731664128034 0.0003 5570560
1731664148988 0.0003 5600000
1731664173019 0.0003 5636096
1731664194431 0.0003 5668864
1731664215672 0.0003 5701632
1731664237421 0.0003 5734400
1731664258152 0.0003 5760000
1731664283153 0.0003 5799936
1731664306386 0.0003 5832704
1731664327861 0.0003 5865472
1731664349237 0.0003 5898240
1731664369009 0.0003 5920000
1731664393299 0.0003 5963776
1731664414809 0.0003 5996544
1731664434977 0.0003 6029312
1731664456272 0.0003 6062080
1731664475569 0.0003 6080000
1731664500694 0.0003 6127616
1731664522300 0.0003 6160384
1731664544224 0.0003 6193152
1731664566062 0.0003 6225920
1731664584214 0.0003 6240000
1731664609380 0.0003 6291456
1731664631307 0.0003 6324224
1731664653234 0.0003 6356992
1731664674988 0.0003 6389760
1731664692411 0.0003 6400000
1731664720323 0.0003 6455296
1731664743199 0.0003 6488064
1731664765629 0.0003 6520832
1731664787679 0.0003 6553600
1731664804178 0.0003 6560000
1731664834129 0.0003 6619136
1731664857655 0.0003 6651904
1731664879524 0.0003 6684672
1731664902085 0.0003 6717440
1731664918811 0.0003 6720000
1731664948848 0.0003 6782976
1731664970822 0.0003 6815744
1731664992316 0.0003 6848512
1731665014689 0.0003 6880000
1731665038858 0.0003 6914048
1731665061387 0.0003 6946816
1731665083531 0.0003 6979584
1731665105276 0.0003 7012352
1731665126830 0.0003 7040000
1731665151855 0.0003 7077888
1731665173788 0.0003 7110656
1731665194940 0.0003 7143424
1731665216432 0.0003 7176192
1731665236780 0.0003 7200000
1731665262997 0.0003 7241728
1731665285805 0.0003 7274496
1731665308061 0.0003 7307264
1731665330028 0.0003 7340032
1731665350194 0.0003 7360000
1731665376080 0.0003 7405568
1731665398225 0.0003 7438336
1731665420101 0.0003 7471104
1731665441851 0.0003 7503872
1731665460104 0.0003 7520000
1731665484855 0.0003 7569408
1731665505756 0.0003 7602176
1731665526541 0.0003 7634944
1731665547910 0.0003 7667712
1731665567292 0.0003 7680000
1731665594873 0.0003 7733248
1731665616177 0.0003 7766016
1731665638193 0.0003 7798784
1731665660935 0.0003 7831552
1731665678395 0.0003 7840000
1731665705950 0.0003 7897088
1731665727604 0.0003 7929856
1731665749385 0.0003 7962624
1731665770982 0.0003 7995392
1731665786514 0.0003 8000000
1731665812848 0.0003 8060928
1731665834971 0.0003 8093696
1731665857601 0.0003 8126464
1731665879388 0.0003 8159232
1731665894766 0.0003 8160000
1731665923804 0.0003 8224768
1731665945388 0.0003 8257536
1731665966926 0.0003 8290304
1731665987941 0.0003 8320000
1731666010993 0.0003 8355840
1731666033057 0.0003 8388608
1731666055305 0.0003 8421376
1731666076900 0.0003 8454144
1731666098285 0.0003 8480000
1731666122190 0.0003 8519680
1731666143878 0.0003 8552448
1731666165759 0.0003 8585216
1731666187780 0.0003 8617984
1731666208247 0.0003 8640000
1731666232668 0.0003 8683520
1731666254691 0.0003 8716288
1731666276531 0.0003 8749056
1731666299693 0.0003 8781824
1731666318808 0.0003 8800000
1731666344252 0.0003 8847360
1731666365978 0.0003 8880128
1731666387805 0.0003 8912896
1731666410415 0.0003 8945664
1731666428834 0.0003 8960000
1731666456077 0.0003 9011200
1731666478534 0.0003 9043968
1731666499911 0.0003 9076736
1731666521172 0.0003 9109504
1731666538499 0.0003 9120000
1731666566588 0.0003 9175040
1731666588390 0.0003 9207808
1731666610628 0.0003 9240576
1731666632577 0.0003 9273344
1731666649158 0.0003 9280000
1731666677411 0.0003 9338880
1731666699792 0.0003 9371648
1731666722103 0.0003 9404416
1731666745339 0.0003 9437184
1731666760609 0.0003 9440000
1731666790388 0.0003 9502720
1731666812432 0.0003 9535488
1731666835229 0.0003 9568256
1731666857682 0.0003 9600000
1731666881022 0.0003 9633792
1731666903170 0.0003 9666560
1731666925188 0.0003 9699328
1731666946506 0.0003 9732096
1731666966801 0.0003 9760000
1731666988612 0.0003 9797632
1731667009289 0.0003 9830400
1731667031683 0.0003 9863168
1731667054023 0.0003 9895936
1731667074795 0.0003 9920000
1731667100424 0.0003 9961472
1731667123620 0.0003 9994240
1731667145880 0.0003 10027008
1731667168606 0.0003 10059776
1731667188637 0.0003 10080000
1731667214362 0.0003 10125312
1731667236457 0.0003 10158080
1731667257717 0.0003 10190848
1731667278487 0.0003 10223616
1731667296441 0.0003 10240000
1731667321995 0.0003 10289152
1731667344072 0.0003 10321920
1731667365964 0.0003 10354688
1731667388002 0.0003 10387456
1731667406836 0.0003 10400000
1731667435380 0.0003 10452992
1731667458116 0.0003 10485760
1731667480789 0.0003 10518528
1731667502928 0.0003 10551296
1731667520301 0.0003 10560000
1731667549169 0.0003 10616832
1731667571866 0.0003 10649600
1731667594381 0.0003 10682368
1731667617051 0.0003 10715136
1731667633307 0.0003 10720000
1731667661687 0.0003 10780672
1731667683896 0.0003 10813440
1731667705380 0.0003 10846208
1731667727634 0.0003 10878976
1731667743230 0.0003 10880000
1731667774105 0.0003 10944512
1731667795723 0.0003 10977280
1731667817398 0.0003 11010048
1731667839343 0.0003 11040000
1731667862550 0.0003 11075584
1731667885370 0.0003 11108352
1731667907203 0.0003 11141120
1731667929313 0.0003 11173888
1731667949858 0.0003 11200000
1731667973186 0.0003 11239424
1731667995946 0.0003 11272192
1731668018312 0.0003 11304960
1731668040818 0.0003 11337728
1731668060907 0.0003 11360000
1731668085964 0.0003 11403264
1731668107977 0.0003 11436032
1731668130614 0.0003 11468800
1731668152156 0.0003 11501568
1731668172276 0.0003 11520000
1731668198352 0.0003 11567104
1731668220209 0.0003 11599872
1731668243395 0.0003 11632640
1731668266507 0.0003 11665408
1731668285146 0.0003 11680000
1731668313133 0.0003 11730944
1731668335690 0.0003 11763712
1731668357955 0.0003 11796480
1731668380757 0.0003 11829248
1731668399120 0.0003 11840000
1731668427467 0.0003 11894784
1731668448746 0.0003 11927552
1731668470181 0.0003 11960320
1731668490923 0.0003 11993088
1731668506582 0.0003 12000000
1731668533934 0.0003 12058624
1731668556323 0.0003 12091392
1731668578755 0.0003 12124160
1731668600815 0.0003 12156928
1731668616584 0.0003 12160000
1731668647483 0.0003 12222464
1731668670392 0.0003 12255232
1731668693153 0.0003 12288000
1731668715170 0.0003 12320000
1731668737410 0.0003 12353536
1731668759101 0.0003 12386304
1731668780053 0.0003 12419072
1731668801643 0.0003 12451840
1731668822175 0.0003 12480000
1731668846477 0.0003 12517376
1731668871951 0.0003 12550144
1731668894803 0.0003 12582912
1731668917508 0.0003 12615680
1731668938798 0.0003 12640000
1731668963678 0.0003 12681216
1731668985714 0.0003 12713984
1731669009239 0.0003 12746752
1731669032416 0.0003 12779520
1731669052944 0.0003 12800000
1731669079633 0.0003 12845056
1731669103067 0.0003 12877824
1731669125687 0.0003 12910592
1731669148254 0.0003 12943360
1731669169754 0.0003 12960000
1731669198324 0.0003 13008896
1731669220479 0.0003 13041664
1731669243270 0.0003 13074432
1731669265661 0.0003 13107200
1731669284404 0.0003 13120000
1731669313016 0.0003 13172736
1731669335950 0.0003 13205504
1731669358881 0.0003 13238272
1731669382224 0.0003 13271040
1731669399934 0.0003 13280000
1731669427954 0.0003 13336576
1731669450202 0.0003 13369344
1731669472952 0.0003 13402112
1731669495474 0.0003 13434880
1731669512958 0.0003 13440000
1731669543333 0.0003 13500416
1731669565870 0.0003 13533184
1731669588432 0.0003 13565952
1731669611610 0.0003 13598720
1731669628057 0.0003 13600000
1731669659121 0.0003 13664256
1731669682130 0.0003 13697024
1731669705437 0.0003 13729792
1731669727679 0.0003 13760000
1731669752196 0.0003 13795328
1731669775937 0.0003 13828096
1731669799025 0.0003 13860864
1731669822737 0.0003 13893632
1731669844995 0.0003 13920000
1731669870191 0.0003 13959168
1731669891705 0.0003 13991936
1731669912447 0.0003 14024704
1731669933347 0.0003 14057472
1731669952014 0.0003 14080000
1731669975177 0.0003 14123008
1731669996023 0.0003 14155776
1731670017172 0.0003 14188544
1731670040996 0.0003 14221312
1731670059367 0.0003 14240000
1731670083172 0.0003 14286848
1731670104229 0.0003 14319616
1731670125281 0.0003 14352384
1731670146400 0.0003 14385152
1731670163792 0.0003 14400000
1731670188979 0.0003 14450688
1731670209895 0.0003 14483456
1731670230632 0.0003 14516224
1731670251474 0.0003 14548992
1731670268680 0.0003 14560000
1731670294557 0.0003 14614528
1731670315585 0.0003 14647296
1731670336226 0.0003 14680064
1731670356766 0.0003 14712832
1731670372598 0.0003 14720000
1731670398694 0.0003 14778368
1731670419259 0.0003 14811136
1731670439974 0.0003 14843904
1731670460510 0.0003 14876672
1731670475527 0.0003 14880000
1731670502328 0.0003 14942208
1731670523378 0.0003 14974976
1731670544211 0.0003 15007744
1731670566002 0.0003 15040000
1731670587427 0.0003 15073280
1731670608197 0.0003 15106048
1731670629000 0.0003 15138816
1731670649682 0.0003 15171584
1731670669674 0.0003 15200000
1731670691470 0.0003 15237120
1731670712145 0.0003 15269888
1731670732732 0.0003 15302656
1731670753312 0.0003 15335424
1731670772415 0.0003 15360000
1731670794959 0.0003 15400960
1731670815550 0.0003 15433728
1731670835988 0.0003 15466496
1731670856311 0.0003 15499264
1731670874283 0.0003 15520000
1731670897130 0.0003 15564800
1731670917398 0.0003 15597568
1731670937497 0.0003 15630336
1731670958053 0.0003 15663104
1731670975620 0.0003 15680000
1731670999110 0.0003 15728640
1731671019012 0.0003 15761408
1731671039273 0.0003 15794176
1731671059654 0.0003 15826944
1731671076507 0.0003 15840000
1731671100189 0.0003 15892480
1731671120041 0.0003 15925248
1731671140361 0.0003 15958016
1731671160582 0.0003 15990784
1731671176462 0.0003 16000000
1731671201236 0.0003 16056320
1731671221596 0.0003 16089088
1731671241699 0.0003 16121856
1731671262010 0.0003 16154624
1731671277937 0.0003 16160000
1731671304274 0.0003 16220160
1731671324774 0.0003 16252928
1731671345514 0.0003 16285696
1731671366173 0.0003 16318464
1731671380721 0.0003 16320000
1731671407914 0.0003 16384000
1731671428121 0.0003 16416768
1731671448488 0.0003 16449536
1731671469185 0.0003 16480000
1731671490228 0.0003 16515072
1731671510745 0.0003 16547840
1731671531337 0.0003 16580608
1731671551470 0.0003 16613376
1731671570597 0.0003 16640000
1731671592445 0.0003 16678912
1731671612778 0.0003 16711680
1731671633275 0.0003 16744448
1731671653889 0.0003 16777216
1731671672860 0.0003 16800000
1731671695667 0.0003 16842752
1731671716267 0.0003 16875520
1731671736790 0.0003 16908288
1731671757347 0.0003 16941056
1731671775283 0.0003 16960000
1731671798651 0.0003 17006592
1731671818647 0.0003 17039360
1731671839098 0.0003 17072128
1731671859708 0.0003 17104896
1731671877253 0.0003 17120000
1731671901353 0.0003 17170432
1731671921232 0.0003 17203200
1731671941518 0.0003 17235968
1731671962132 0.0003 17268736
1731671978484 0.0003 17280000
1731672002842 0.0003 17334272
1731672023119 0.0003 17367040
1731672043300 0.0003 17399808
1731672063576 0.0003 17432576
1731672079344 0.0003 17440000
1731672104589 0.0003 17498112
1731672124932 0.0003 17530880
1731672145027 0.0003 17563648
1731672165377 0.0003 17596416
1731672180244 0.0003 17600000
1731672206008 0.0003 17661952
1731672226119 0.0003 17694720
1731672245994 0.0003 17727488
1731672266585 0.0003 17760000
1731672286996 0.0003 17793024
1731672307044 0.0003 17825792
1731672327666 0.0003 17858560
1731672348420 0.0003 17891328
1731672368088 0.0003 17920000
1731672389499 0.0003 17956864
1731672409957 0.0003 17989632
1731672430296 0.0003 18022400
1731672451298 0.0003 18055168
1731672470686 0.0003 18080000
1731672493204 0.0003 18120704
1731672513573 0.0003 18153472
1731672533919 0.0003 18186240
1731672554045 0.0003 18219008
1731672573249 0.0003 18240000
1731672596529 0.0003 18284544
1731672617295 0.0003 18317312
1731672637179 0.0003 18350080
1731672657901 0.0003 18382848
1731672676001 0.0003 18400000
1731672699692 0.0003 18448384
1731672719883 0.0003 18481152
1731672740239 0.0003 18513920
1731672760183 0.0003 18546688
1731672777301 0.0003 18560000
1731672802191 0.0003 18612224
1731672822674 0.0003 18644992
1731672842895 0.0003 18677760
1731672863522 0.0003 18710528
1731672879801 0.0003 18720000
1731672905172 0.0003 18776064
1731672925680 0.0003 18808832
1731672946460 0.0003 18841600
1731672966562 0.0003 18874368
1731672982007 0.0003 18880000
1731673008429 0.0003 18939904
1731673029242 0.0003 18972672
1731673050368 0.0003 19005440
1731673071300 0.0003 19038208
1731673086027 0.0003 19040000
1731673113360 0.0003 19103744
1731673133978 0.0003 19136512
1731673154867 0.0003 19169280
1731673175029 0.0003 19200000
1731673196369 0.0003 19234816
1731673217054 0.0003 19267584
1731673237584 0.0003 19300352
1731673257960 0.0003 19333120
1731673278212 0.0003 19360000
1731673299895 0.0003 19398656
1731673320083 0.0003 19431424
1731673340884 0.0003 19464192
1731673361154 0.0003 19496960
1731673379971 0.0003 19520000
1731673402677 0.0003 19562496
1731673423076 0.0003 19595264
1731673442855 0.0003 19628032
1731673463281 0.0003 19660800
1731673481426 0.0003 19680000
1731673504429 0.0003 19726336
1731673524573 0.0003 19759104
1731673544800 0.0003 19791872
1731673565370 0.0003 19824640
1731673583081 0.0003 19840000
1731673608381 0.0003 19890176
1731673629886 0.0003 19922944
1731673650233 0.0003 19955712
1731673670482 0.0003 19988480
1731673687192 0.0003 20000000
1731673711439 0.0003 20054016
1731673732969 0.0003 20086784
1731673755574 0.0003 20119552
1731673776101 0.0003 20152320
1731673792101 0.0003 20160000
1731673817573 0.0003 20217856
1731673837776 0.0003 20250624
1731673858501 0.0003 20283392
1731673878971 0.0003 20316160
1731673894284 0.0003 20320000
1731673920479 0.0003 20381696
1731673941276 0.0003 20414464
1731673961707 0.0003 20447232
1731673982485 0.0003 20480000
1731674003107 0.0003 20512768
1731674023572 0.0003 20545536
1731674043763 0.0003 20578304
1731674064324 0.0003 20611072
1731674084206 0.0003 20640000
1731674105560 0.0003 20676608
1731674126194 0.0003 20709376
1731674146515 0.0003 20742144
1731674167133 0.0003 20774912
1731674185822 0.0003 20800000
1731674207682 0.0003 20840448
1731674227684 0.0003 20873216
1731674247820 0.0003 20905984
1731674268255 0.0003 20938752
1731674286559 0.0003 20960000
1731674309087 0.0003 21004288
1731674329562 0.0003 21037056
1731674349597 0.0003 21069824
1731674369517 0.0003 21102592
1731674387050 0.0003 21120000
1731674410489 0.0003 21168128
1731674430992 0.0003 21200896
1731674451284 0.0003 21233664
1731674472347 0.0003 21266432
1731674489185 0.0003 21280000
1731674513579 0.0003 21331968
1731674533871 0.0003 21364736
1731674553782 0.0003 21397504
1731674574189 0.0003 21430272
1731674590437 0.0003 21440000
1731674615615 0.0003 21495808
1731674636990 0.0003 21528576
1731674657893 0.0003 21561344
1731674677833 0.0003 21594112
1731674694088 0.0003 21600000
1731674720410 0.0003 21659648
1731674740998 0.0003 21692416
1731674761682 0.0003 21725184
1731674782068 0.0003 21757952
1731674796677 0.0003 21760000
1731674823269 0.0003 21823488
1731674843915 0.0003 21856256
1731674865024 0.0003 21889024
1731674886205 0.0003 21920000
1731674907249 0.0003 21954560
1731674927744 0.0003 21987328
1731674948078 0.0003 22020096
1731674968538 0.0003 22052864
1731674988254 0.0003 22080000
1731675009641 0.0003 22118400
1731675030009 0.0003 22151168
1731675050036 0.0003 22183936
1731675070522 0.0003 22216704
1731675089257 0.0003 22240000
1731675111735 0.0003 22282240
1731675132047 0.0003 22315008
1731675152540 0.0003 22347776
1731675172918 0.0003 22380544
1731675190863 0.0003 22400000
1731675214158 0.0003 22446080
1731675235114 0.0003 22478848
1731675255197 0.0003 22511616
1731675275312 0.0003 22544384
1731675292486 0.0003 22560000
1731675317628 0.0003 22609920
1731675338213 0.0003 22642688
1731675358467 0.0003 22675456
1731675379233 0.0003 22708224
1731675395731 0.0003 22720000
1731675420263 0.0003 22773760
1731675440941 0.0003 22806528
1731675461200 0.0003 22839296
1731675481798 0.0003 22872064
1731675499192 0.0003 22880000
1731675525711 0.0003 22937600
1731675546234 0.0003 22970368
1731675566436 0.0003 23003136
1731675586997 0.0003 23035904
1731675602003 0.0003 23040000
1731675628360 0.0003 23101440
1731675648929 0.0003 23134208
1731675669737 0.0003 23166976
1731675691231 0.0003 23199744
1731675705533 0.0003 23200000
1731675732350 0.0003 23265280
1731675752860 0.0003 23298048
1731675773036 0.0003 23330816
1731675792673 0.0003 23360000
1731675813869 0.0003 23396352
1731675834087 0.0003 23429120
1731675854402 0.0003 23461888
1731675873771 0.0003 23494656
1731675893024 0.0003 23520000
1731675914265 0.0003 23560192
1731675934285 0.0003 23592960
1731675954706 0.0003 23625728
1731675975091 0.0003 23658496
1731675993628 0.0003 23680000
1731676016647 0.0003 23724032
1731676037115 0.0003 23756800
1731676057146 0.0003 23789568
1731676077265 0.0003 23822336
1731676094882 0.0003 23840000
1731676118342 0.0003 23887872
1731676138716 0.0003 23920640
1731676158943 0.0003 23953408
1731676179191 0.0003 23986176
1731676196318 0.0003 24000000
1731676220322 0.0003 24051712
1731676240490 0.0003 24084480
1731676261160 0.0003 24117248
1731676281812 0.0003 24150016
1731676298074 0.0003 24160000
1731676322827 0.0003 24215552
1731676342779 0.0003 24248320
1731676363164 0.0003 24281088
1731676383276 0.0003 24313856
1731676398821 0.0003 24320000
1731676425158 0.0003 24379392
1731676445619 0.0003 24412160
1731676466519 0.0003 24444928
1731676487532 0.0003 24477696
1731676502416 0.0003 24480000
1731676529562 0.0003 24543232
1731676550461 0.0003 24576000
1731676571050 0.0003 24608768
1731676592160 0.0003 24640000
1731676613856 0.0003 24674304
1731676634296 0.0003 24707072
1731676654819 0.0003 24739840
1731676675362 0.0003 24772608
1731676695263 0.0003 24800000
1731676717132 0.0003 24838144
1731676737434 0.0003 24870912
1731676757870 0.0003 24903680
1731676777772 0.0003 24936448
1731676796768 0.0003 24960000
1731676819770 0.0003 25001984
1731676840031 0.0003 25034752
1731676860322 0.0003 25067520
1731676881133 0.0003 25100288
1731676899549 0.0003 25120000
1731676923344 0.0003 25165824
1731676944084 0.0003 25198592
1731676964834 0.0003 25231360
1731676985414 0.0003 25264128
1731677002985 0.0003 25280000
1731677027537 0.0003 25329664
1731677047688 0.0003 25362432
1731677068275 0.0003 25395200
1731677088285 0.0003 25427968
1731677105166 0.0003 25440000
1731677130098 0.0003 25493504
1731677150326 0.0003 25526272
1731677171077 0.0003 25559040
1731677191364 0.0003 25591808
1731677207588 0.0003 25600000
1731677232294 0.0003 25657344
1731677252665 0.0003 25690112
1731677272666 0.0003 25722880
1731677293947 0.0003 25755648
1731677309056 0.0003 25760000
1731677335332 0.0003 25821184
1731677355810 0.0003 25853952
1731677376312 0.0003 25886720
1731677397381 0.0003 25919488
1731677411880 0.0003 25920000
1731677438455 0.0003 25985024
1731677459363 0.0003 26017792
1731677479901 0.0003 26050560
1731677499732 0.0003 26080000
1731677521227 0.0003 26116096
1731677542207 0.0003 26148864
1731677562536 0.0003 26181632
1731677582843 0.0003 26214400
1731677602137 0.0003 26240000
1731677624435 0.0003 26279936
1731677644835 0.0003 26312704
1731677665297 0.0003 26345472
1731677685514 0.0003 26378240
1731677704177 0.0003 26400000
1731677727070 0.0003 26443776
1731677748213 0.0003 26476544
1731677768918 0.0003 26509312
1731677789151 0.0003 26542080
1731677807048 0.0003 26560000
1731677830691 0.0003 26607616
1731677852124 0.0003 26640384
1731677873192 0.0003 26673152
1731677894003 0.0003 26705920
1731677911267 0.0003 26720000
1731677935697 0.0003 26771456
1731677956420 0.0003 26804224
1731677977028 0.0003 26836992
1731677997569 0.0003 26869760
1731678014059 0.0003 26880000
1731678038684 0.0003 26935296
1731678059589 0.0003 26968064
1731678079776 0.0003 27000832
1731678100107 0.0003 27033600
1731678115581 0.0003 27040000
1731678141271 0.0003 27099136
1731678161856 0.0003 27131904
1731678181892 0.0003 27164672
1731678201904 0.0003 27197440
1731678216715 0.0003 27200000
1731678242611 0.0003 27262976
1731678263253 0.0003 27295744
1731678283916 0.0003 27328512
1731678304310 0.0003 27360000
1731678325743 0.0003 27394048
1731678346265 0.0003 27426816
1731678367269 0.0003 27459584
1731678387558 0.0003 27492352
1731678407589 0.0003 27520000
1731678429693 0.0003 27557888
1731678450691 0.0003 27590656
1731678471704 0.0003 27623424
1731678492956 0.0003 27656192
1731678512401 0.0003 27680000
1731678535304 0.0003 27721728
1731678555772 0.0003 27754496
1731678576526 0.0003 27787264
1731678597310 0.0003 27820032
1731678615541 0.0003 27840000
1731678638206 0.0003 27885568
1731678659056 0.0003 27918336
1731678679078 0.0003 27951104
1731678699522 0.0003 27983872
1731678716919 0.0003 28000000
1731678741317 0.0003 28049408
1731678762047 0.0003 28082176
1731678782970 0.0003 28114944
1731678803351 0.0003 28147712
1731678819714 0.0003 28160000
1731678844481 0.0003 28213248
1731678865214 0.0003 28246016
1731678885448 0.0003 28278784
1731678907739 0.0003 28311552
1731678925512 0.0003 28320000
1731678951976 0.0003 28377088
1731678973554 0.0003 28409856
1731678994720 0.0003 28442624
1731679015782 0.0003 28475392
1731679033428 0.0003 28480000
1731679062232 0.0003 28540928
1731679082765 0.0003 28573696
1731679105950 0.0003 28606464
1731679126803 0.0003 28639232
1731679141247 0.0003 28640000
1731679169139 0.0003 28704768
1731679188959 0.0003 28737536
1731679209981 0.0003 28770304
1731679230619 0.0003 28800000
1731679251765 0.0003 28835840
1731679272246 0.0003 28868608
1731679293190 0.0003 28901376
1731679313850 0.0003 28934144
1731679336102 0.0003 28960000
1731679358891 0.0003 28999680
1731679381843 0.0003 29032448
1731679402121 0.0003 29065216
1731679422835 0.0003 29097984
1731679441870 0.0003 29120000
1731679465111 0.0003 29163520
1731679485797 0.0003 29196288
1731679506345 0.0003 29229056
1731679526700 0.0003 29261824
1731679544645 0.0003 29280000
1731679568298 0.0003 29327360
1731679589209 0.0003 29360128
1731679609736 0.0003 29392896
1731679629940 0.0003 29425664
1731679648049 0.0003 29440000
1731679674198 0.0003 29491200
1731679695477 0.0003 29523968
1731679716075 0.0003 29556736
1731679736574 0.0003 29589504
1731679753394 0.0003 29600000
1731679778636 0.0003 29655040
1731679799058 0.0003 29687808
1731679819422 0.0003 29720576
1731679839843 0.0003 29753344
1731679855362 0.0003 29760000
1731679881478 0.0003 29818880
1731679901675 0.0003 29851648
1731679922244 0.0003 29884416
1731679942671 0.0003 29917184
1731679957587 0.0003 29920000
1731679985464 0.0003 29982720
1731680006017 0.0003 30015488
1731680026382 0.0003 30048256
1731680047062 0.0003 30080000
1731680067942 0.0003 30113792
1731680088359 0.0003 30146560
1731680109342 0.0003 30179328
1731680129876 0.0003 30212096
1731680149534 0.0003 30240000
1731680171403 0.0003 30277632
1731680192249 0.0003 30310400
1731680212532 0.0003 30343168
1731680233257 0.0003 30375936
1731680252146 0.0003 30400000
1731680274342 0.0003 30441472
1731680294543 0.0003 30474240
1731680315493 0.0003 30507008
1731680336115 0.0003 30539776
1731680354465 0.0003 30560000
1731680377644 0.0003 30605312
1731680397925 0.0003 30638080
1731680418060 0.0003 30670848
1731680438649 0.0003 30703616
1731680456535 0.0003 30720000
1731680480526 0.0003 30769152
1731680500952 0.0003 30801920
1731680520978 0.0003 30834688
1731680541627 0.0003 30867456
1731680558329 0.0003 30880000
1731680586102 0.0003 30932992
1731680607781 0.0003 30965760
1731680628175 0.0003 30998528
1731680648770 0.0003 31031296
1731680666439 0.0003 31040000
1731680692724 0.0003 31096832
1731680713003 0.0003 31129600
1731680734226 0.0003 31162368
1731680755387 0.0003 31195136
1731680771024 0.0003 31200000
1731680798251 0.0003 31260672
1731680819174 0.0003 31293440
1731680839670 0.0003 31326208
1731680860148 0.0003 31358976
1731680874232 0.0003 31360000
1731680900656 0.0003 31424512
1731680920827 0.0003 31457280
1731680941146 0.0003 31490048
1731680961691 0.0003 31520000
1731680983829 0.0003 31555584
1731681005383 0.0003 31588352
1731681026090 0.0003 31621120
1731681046761 0.0003 31653888
1731681066193 0.0003 31680000
1731681088330 0.0003 31719424
1731681109424 0.0003 31752192
1731681129891 0.0003 31784960
1731681150110 0.0003 31817728
1731681168685 0.0003 31840000
1731681191127 0.0003 31883264
1731681212140 0.0003 31916032
1731681232457 0.0003 31948800
1731681252956 0.0003 31981568
1731681270737 0.0003 32000000
1731681296099 0.0003 32047104
1731681317295 0.0003 32079872
1731681337645 0.0003 32112640
1731681358799 0.0003 32145408
1731681376241 0.0003 32160000
