1731660391054 10.0 65536
1731660411723 20.0 98304
1731660433641 30.0 131072
1731660454974 40.0 160000
1731660479975 50.0 196608
1731660500535 60.0 229376
1731660522597 70.0 262144
1731660544035 80.0 294912
1731660564986 90.0 320000
1731660589474 100.0 360448
1731660610663 110.0 393216
1731660633303 120.0 425984
1731660655051 130.0 458752
1731660675979 140.0 480000
1731660701375 150.0 524288
1731660722831 160.0 557056
1731660744301 170.0 589824
1731660766787 180.0 622592
1731660786348 190.0 640000
1731660812956 200.0 688128
1731660835741 210.0 720896
1731660857838 220.0 753664
1731660879760 230.0 786432
1731660899707 240.0 800000
1731660926667 250.0 851968
1731660950224 260.0 884736
1731660972046 270.0 917504
1731660995118 280.0 950272
1731661013775 290.0 960000
1731661042063 300.0 1015808
1731661063992 310.0 1048576
1731661087432 320.0 1081344
1731661108929 330.0 1114112
1731661126939 340.0 1120000
1731661155258 350.0 1179648
1731661177033 360.0 1212416
1731661198670 370.0 1245184
1731661224454 380.0 1277952
1731661240910 390.0 1280000
1731661268806 400.0 1343488
1731661292768 410.0 1376256
1731661315332 420.0 1409024
1731661338894 430.0 1440000
1731661362043 440.0 1474560
1731661383790 450.0 1507328
1731661405640 460.0 1540096
1731661426464 470.0 1572864
1731661447763 480.0 1600000
1731661470721 490.0 1638400
1731661492457 500.0 1671168
1731661513567 510.0 1703936
1731661534204 520.0 1736704
1731661554137 530.0 1760000
1731661577840 540.0 1802240
1731661599867 550.0 1835008
1731661621181 560.0 1867776
1731661642753 570.0 1900544
1731661662276 580.0 1920000
1731661687256 590.0 1966080
1731661708645 600.0 1998848
1731661729614 610.0 2031616
1731661750825 620.0 2064384
1731661769053 630.0 2080000
1731661794582 640.0 2129920
1731661815567 650.0 2162688
1731661836343 660.0 2195456
1731661857378 670.0 2228224
1731661875185 680.0 2240000
1731661900164 690.0 2293760
1731661921554 700.0 2326528
1731661944610 710.0 2359296
1731661966373 720.0 2392064
1731661984380 730.0 2400000
1731662012174 740.0 2457600
1731662034105 750.0 2490368
1731662055851 760.0 2523136
1731662077280 770.0 2555904
1731662095296 780.0 2560000
1731662125400 790.0 2621440
1731662147440 800.0 2654208
1731662170532 810.0 2686976
1731662192514 820.0 2719744
1731662209213 830.0 2720000
1731662239478 840.0 2785280
1731662260706 850.0 2818048
1731662282715 860.0 2850816
1731662305043 870.0 2880000
1731662328348 880.0 2916352
1731662350583 890.0 2949120
1731662372087 900.0 2981888
1731662393612 910.0 3014656
1731662414082 920.0 3040000
1731662437478 930.0 3080192
1731662459445 940.0 3112960
1731662481007 950.0 3145728
1731662504214 960.0 3178496
1731662524720 970.0 3200000
1731662549502 980.0 3244032
1731662571293 990.0 3276800
1731662594946 1000.0 3309568
1731662616921 1010.0 3342336
1731662636083 1020.0 3360000
1731662663036 1030.0 3407872
1731662684928 1040.0 3440640
1731662706182 1050.0 3473408
1731662726697 1060.0 3506176
1731662743818 1070.0 3520000
1731662769135 1080.0 3571712
1731662791485 1090.0 3604480
1731662813110 1100.0 3637248
1731662836514 1110.0 3670016
1731662854565 1120.0 3680000
1731662882325 1130.0 3735552
1731662904188 1140.0 3768320
1731662925193 1150.0 3801088
1731662947434 1160.0 3833856
1731662963900 1170.0 3840000
1731662991264 1180.0 3899392
1731663012302 1190.0 3932160
1731663032410 1200.0 3964928
1731663053865 1210.0 3997696
1731663069506 1220.0 4000000
1731663097851 1230.0 4063232
1731663118723 1240.0 4096000
1731663140565 1250.0 4128768
1731663162749 1260.0 4160000
1731663185289 1270.0 4194304
1731663206997 1280.0 4227072
1731663229228 1290.0 4259840
1731663250979 1300.0 4292608
1731663272086 1310.0 4320000
1731663295993 1320.0 4358144
1731663318167 1330.0 4390912
1731663340195 1340.0 4423680
1731663362076 1350.0 4456448
1731663382578 1360.0 4480000
1731663406875 1370.0 4521984
1731663428290 1380.0 4554752
1731663450194 1390.0 4587520
1731663473011 1400.0 4620288
1731663493211 1410.0 4640000
1731663519307 1420.0 4685824
1731663540889 1430.0 4718592
1731663562972 1440.0 4751360
1731663584425 1450.0 4784128
1731663602997 1460.0 4800000
1731663630510 1470.0 4849664
1731663653153 1480.0 4882432
1731663674856 1490.0 4915200
1731663696672 1500.0 4947968
1731663715468 1510.0 4960000
1731663743152 1520.0 5013504
1731663765794 1530.0 5046272
1731663789011 1540.0 5079040
1731663811109 1550.0 5111808
1731663828678 1560.0 5120000
1731663855780 1570.0 5177344
1731663880064 1580.0 5210112
1731663901995 1590.0 5242880
1731663924816 1600.0 5275648
1731663941709 1610.0 5280000
1731663970465 1620.0 5341184
1731663992882 1630.0 5373952
1731664015529 1640.0 5406720
1731664038368 1650.0 5439488
1731664053863 1660.0 5440000
1731664083768 1670.0 5505024
1731664106388 1680.0 5537792
1731664128068 1690.0 5570560
1731664149086 1700.0 5600000
1731664173300 1710.0 5636096
1731664194542 1720.0 5668864
1731664215735 1730.0 5701632
1731664237483 1740.0 5734400
1731664258228 1750.0 5760000
1731664283497 1760.0 5799936
1731664306455 1770.0 5832704
1731664327969 1780.0 5865472
1731664349367 1790.0 5898240
1731664369076 1800.0 5920000
1731664393384 1810.0 5963776
1731664414877 1820.0 5996544
1731664435010 1830.0 6029312
1731664456411 1840.0 6062080
1731664475623 1850.0 6080000
1731664500743 1860.0 6127616
1731664522393 1870.0 6160384
1731664544301 1880.0 6193152
1731664566129 1890.0 6225920
1731664584273 1900.0 6240000
1731664609423 1910.0 6291456
1731664631459 1920.0 6324224
1731664653303 1930.0 6356992
1731664675045 1940.0 6389760
1731664692624 1950.0 6400000
1731664720482 1960.0 6455296
1731664743350 1970.0 6488064
1731664765694 1980.0 6520832
1731664787695 1990.0 6553600
1731664804302 2000.0 6560000
1731664834568 2010.0 6619136
1731664857834 2020.0 6651904
1731664879634 2030.0 6684672
1731664902191 2040.0 6717440
1731664919139 2050.0 6720000
1731664948934 2060.0 6782976
1731664970947 2070.0 6815744
1731664992515 2080.0 6848512
1731665014802 2090.0 6880000
1731665039226 2100.0 6914048
1731665061476 2110.0 6946816
1731665083594 2120.0 6979584
1731665105359 2130.0 7012352
1731665126927 2140.0 7040000
1731665151946 2150.0 7077888
1731665173857 2160.0 7110656
1731665195011 2170.0 7143424
1731665216531 2180.0 7176192
1731665236862 2190.0 7200000
1731665263306 2200.0 7241728
1731665285885 2210.0 7274496
1731665308127 2220.0 7307264
1731665330095 2230.0 7340032
1731665350280 2240.0 7360000
1731665376142 2250.0 7405568
1731665398309 2260.0 7438336
1731665420167 2270.0 7471104
1731665441910 2280.0 7503872
1731665460201 2290.0 7520000
1731665484882 2300.0 7569408
1731665505812 2310.0 7602176
1731665526572 2320.0 7634944
1731665547977 2330.0 7667712
1731665567413 2340.0 7680000
1731665594962 2350.0 7733248
1731665616232 2360.0 7766016
1731665638291 2370.0 7798784
1731665660986 2380.0 7831552
1731665678490 2390.0 7840000
1731665706022 2400.0 7897088
1731665727703 2410.0 7929856
1731665749437 2420.0 7962624
1731665771025 2430.0 7995392
1731665786616 2440.0 8000000
1731665812889 2450.0 8060928
1731665835071 2460.0 8093696
1731665857662 2470.0 8126464
1731665879467 2480.0 8159232
1731665894829 2490.0 8160000
1731665923966 2500.0 8224768
1731665945511 2510.0 8257536
1731665967008 2520.0 8290304
1731665988082 2530.0 8320000
1731666011133 2540.0 8355840
1731666033122 2550.0 8388608
1731666055366 2560.0 8421376
1731666076965 2570.0 8454144
1731666098381 2580.0 8480000
1731666122312 2590.0 8519680
1731666143959 2600.0 8552448
1731666165802 2610.0 8585216
1731666187832 2620.0 8617984
1731666208345 2630.0 8640000
1731666232729 2640.0 8683520
1731666254773 2650.0 8716288
1731666276679 2660.0 8749056
1731666299779 2670.0 8781824
1731666318891 2680.0 8800000
1731666344352 2690.0 8847360
1731666366039 2700.0 8880128
1731666387907 2710.0 8912896
1731666410475 2720.0 8945664
1731666428922 2730.0 8960000
1731666456154 2740.0 9011200
1731666478588 2750.0 9043968
1731666500023 2760.0 9076736
1731666521202 2770.0 9109504
1731666538599 2780.0 9120000
1731666566686 2790.0 9175040
1731666588441 2800.0 9207808
1731666610685 2810.0 9240576
1731666632647 2820.0 9273344
1731666649206 2830.0 9280000
1731666677498 2840.0 9338880
1731666699981 2850.0 9371648
1731666722217 2860.0 9404416
1731666745398 2870.0 9437184
1731666760646 2880.0 9440000
1731666790517 2890.0 9502720
1731666812570 2900.0 9535488
1731666835390 2910.0 9568256
1731666857859 2920.0 9600000
1731666881124 2930.0 9633792
1731666903272 2940.0 9666560
1731666925325 2950.0 9699328
1731666946553 2960.0 9732096
1731666966879 2970.0 9760000
1731666988669 2980.0 9797632
1731667009323 2990.0 9830400
1731667031745 3000.0 9863168
1731667054095 3010.0 9895936
1731667074851 3020.0 9920000
1731667100699 3030.0 9961472
1731667123720 3040.0 9994240
1731667145938 3050.0 10027008
1731667168705 3060.0 10059776
1731667188746 3070.0 10080000
1731667214425 3080.0 10125312
1731667236528 3090.0 10158080
1731667257769 3100.0 10190848
1731667278590 3110.0 10223616
1731667296524 3120.0 10240000
1731667322045 3130.0 10289152
1731667344137 3140.0 10321920
1731667366100 3150.0 10354688
1731667388110 3160.0 10387456
1731667406931 3170.0 10400000
1731667435522 3180.0 10452992
1731667458207 3190.0 10485760
1731667480827 3200.0 10518528
1731667503061 3210.0 10551296
1731667520438 3220.0 10560000
1731667549285 3230.0 10616832
1731667571958 3240.0 10649600
1731667594501 3250.0 10682368
1731667617099 3260.0 10715136
1731667633368 3270.0 10720000
1731667661811 3280.0 10780672
1731667683961 3290.0 10813440
1731667705498 3300.0 10846208
1731667727783 3310.0 10878976
1731667743276 3320.0 10880000
1731667774215 3330.0 10944512
1731667795784 3340.0 10977280
1731667817487 3350.0 11010048
1731667839464 3360.0 11040000
1731667862665 3370.0 11075584
1731667885446 3380.0 11108352
1731667907247 3390.0 11141120
1731667929372 3400.0 11173888
1731667949945 3410.0 11200000
1731667973335 3420.0 11239424
1731667996025 3430.0 11272192
1731668018382 3440.0 11304960
1731668040928 3450.0 11337728
1731668061013 3460.0 11360000
1731668085996 3470.0 11403264
1731668108082 3480.0 11436032
1731668130661 3490.0 11468800
1731668152226 3500.0 11501568
1731668172375 3510.0 11520000
1731668198423 3520.0 11567104
1731668220312 3530.0 11599872
1731668243533 3540.0 11632640
1731668266647 3550.0 11665408
1731668285325 3560.0 11680000
1731668313247 3570.0 11730944
1731668335800 3580.0 11763712
1731668358024 3590.0 11796480
1731668381161 3600.0 11829248
1731668399158 3610.0 11840000
1731668427506 3620.0 11894784
1731668448801 3630.0 11927552
1731668470230 3640.0 11960320
1731668490998 3650.0 11993088
1731668506627 3660.0 12000000
1731668534107 3670.0 12058624
1731668556446 3680.0 12091392
1731668578876 3690.0 12124160
1731668600917 3700.0 12156928
1731668616646 3710.0 12160000
1731668647577 3720.0 12222464
1731668670457 3730.0 12255232
1731668693224 3740.0 12288000
1731668715237 3750.0 12320000
1731668737519 3760.0 12353536
1731668759200 3770.0 12386304
1731668780147 3780.0 12419072
1731668801802 3790.0 12451840
1731668822243 3800.0 12480000
1731668847666 3810.0 12517376
1731668872243 3820.0 12550144
1731668894960 3830.0 12582912
1731668917804 3840.0 12615680
1731668939012 3850.0 12640000
1731668963880 3860.0 12681216
1731668985902 3870.0 12713984
1731669009654 3880.0 12746752
1731669032607 3890.0 12779520
1731669053295 3900.0 12800000
1731669079828 3910.0 12845056
1731669103163 3920.0 12877824
1731669125831 3930.0 12910592
1731669148684 3940.0 12943360
1731669170250 3950.0 12960000
1731669198506 3960.0 13008896
1731669220691 3970.0 13041664
1731669243415 3980.0 13074432
1731669265783 3990.0 13107200
1731669284555 4000.0 13120000
1731669313241 4010.0 13172736
1731669336092 4020.0 13205504
1731669358989 4030.0 13238272
1731669382391 4040.0 13271040
1731669400041 4050.0 13280000
1731669428075 4060.0 13336576
1731669450308 4070.0 13369344
1731669473168 4080.0 13402112
1731669495698 4090.0 13434880
1731669513252 4100.0 13440000
1731669543480 4110.0 13500416
1731669566001 4120.0 13533184
1731669588571 4130.0 13565952
1731669611758 4140.0 13598720
1731669628230 4150.0 13600000
1731669659299 4160.0 13664256
1731669682235 4170.0 13697024
1731669705639 4180.0 13729792
1731669727835 4190.0 13760000
1731669752462 4200.0 13795328
1731669776087 4210.0 13828096
1731669799314 4220.0 13860864
1731669822938 4230.0 13893632
1731669845280 4240.0 13920000
1731669870558 4250.0 13959168
1731669891789 4260.0 13991936
1731669912583 4270.0 14024704
1731669933441 4280.0 14057472
1731669952106 4290.0 14080000
1731669975309 4300.0 14123008
1731669996141 4310.0 14155776
1731670017259 4320.0 14188544
1731670041105 4330.0 14221312
1731670059453 4340.0 14240000
1731670083277 4350.0 14286848
1731670104337 4360.0 14319616
1731670125435 4370.0 14352384
1731670146474 4380.0 14385152
1731670163836 4390.0 14400000
1731670189118 4400.0 14450688
1731670209976 4410.0 14483456
1731670230766 4420.0 14516224
1731670251626 4430.0 14548992
1731670268767 4440.0 14560000
1731670294630 4450.0 14614528
1731670315681 4460.0 14647296
1731670336289 4470.0 14680064
1731670356840 4480.0 14712832
1731670372677 4490.0 14720000
1731670398765 4500.0 14778368
1731670419421 4510.0 14811136
1731670440089 4520.0 14843904
1731670460558 4530.0 14876672
1731670475592 4540.0 14880000
1731670502414 4550.0 14942208
1731670523469 4560.0 14974976
1731670544332 4570.0 15007744
1731670566186 4580.0 15040000
1731670587527 4590.0 15073280
1731670608286 4600.0 15106048
1731670629064 4610.0 15138816
1731670649805 4620.0 15171584
1731670669753 4630.0 15200000
1731670691555 4640.0 15237120
1731670712204 4650.0 15269888
1731670732793 4660.0 15302656
1731670753368 4670.0 15335424
1731670772482 4680.0 15360000
1731670795018 4690.0 15400960
1731670815595 4700.0 15433728
1731670836048 4710.0 15466496
1731670856361 4720.0 15499264
1731670874404 4730.0 15520000
1731670897163 4740.0 15564800
1731670917465 4750.0 15597568
1731670937570 4760.0 15630336
1731670958088 4770.0 15663104
1731670975650 4780.0 15680000
1731670999139 4790.0 15728640
1731671019087 4800.0 15761408
1731671039339 4810.0 15794176
1731671059695 4820.0 15826944
1731671076554 4830.0 15840000
1731671100234 4840.0 15892480
1731671120075 4850.0 15925248
1731671140398 4860.0 15958016
1731671160617 4870.0 15990784
1731671176511 4880.0 16000000
1731671201293 4890.0 16056320
1731671221650 4900.0 16089088
1731671241749 4910.0 16121856
1731671262090 4920.0 16154624
1731671277997 4930.0 16160000
1731671304330 4940.0 16220160
1731671324837 4950.0 16252928
1731671345585 4960.0 16285696
1731671366219 4970.0 16318464
1731671380808 4980.0 16320000
1731671407961 4990.0 16384000
1731671428205 5000.0 16416768
1731671448555 5010.0 16449536
1731671469219 5020.0 16480000
1731671490269 5030.0 16515072
1731671510802 5040.0 16547840
1731671531376 5050.0 16580608
1731671551503 5060.0 16613376
1731671570647 5070.0 16640000
1731671592503 5080.0 16678912
1731671612811 5090.0 16711680
1731671633332 5100.0 16744448
1731671653986 5110.0 16777216
1731671672905 5120.0 16800000
1731671695712 5130.0 16842752
1731671716303 5140.0 16875520
1731671736836 5150.0 16908288
1731671757370 5160.0 16941056
1731671775323 5170.0 16960000
1731671798699 5180.0 17006592
1731671818726 5190.0 17039360
1731671839146 5200.0 17072128
1731671859739 5210.0 17104896
1731671877362 5220.0 17120000
1731671901396 5230.0 17170432
1731671921249 5240.0 17203200
1731671941552 5250.0 17235968
1731671962167 5260.0 17268736
1731671978501 5270.0 17280000
1731672002917 5280.0 17334272
1731672023145 5290.0 17367040
1731672043330 5300.0 17399808
1731672063609 5310.0 17432576
1731672079392 5320.0 17440000
1731672104695 5330.0 17498112
1731672124962 5340.0 17530880
1731672145044 5350.0 17563648
1731672165426 5360.0 17596416
1731672180273 5370.0 17600000
1731672206095 5380.0 17661952
1731672226164 5390.0 17694720
1731672246088 5400.0 17727488
1731672266618 5410.0 17760000
1731672287021 5420.0 17793024
1731672307141 5430.0 17825792
1731672327814 5440.0 17858560
1731672348463 5450.0 17891328
1731672368122 5460.0 17920000
1731672389545 5470.0 17956864
1731672409987 5480.0 17989632
1731672430412 5490.0 18022400
1731672451360 5500.0 18055168
1731672470761 5510.0 18080000
1731672493246 5520.0 18120704
1731672513612 5530.0 18153472
1731672533976 5540.0 18186240
1731672554088 5550.0 18219008
1731672573302 5560.0 18240000
1731672596598 5570.0 18284544
1731672617338 5580.0 18317312
1731672637243 5590.0 18350080
1731672657975 5600.0 18382848
1731672676050 5610.0 18400000
1731672699755 5620.0 18448384
1731672719941 5630.0 18481152
1731672740281 5640.0 18513920
1731672760213 5650.0 18546688
1731672777415 5660.0 18560000
1731672802264 5670.0 18612224
1731672822699 5680.0 18644992
1731672842914 5690.0 18677760
1731672863699 5700.0 18710528
1731672879866 5710.0 18720000
1731672905214 5720.0 18776064
1731672925743 5730.0 18808832
1731672946503 5740.0 18841600
1731672966606 5750.0 18874368
1731672982058 5760.0 18880000
1731673008467 5770.0 18939904
1731673029288 5780.0 18972672
1731673050479 5790.0 19005440
1731673071325 5800.0 19038208
1731673086051 5810.0 19040000
1731673113405 5820.0 19103744
1731673134025 5830.0 19136512
1731673154940 5840.0 19169280
1731673175097 5850.0 19200000
1731673196474 5860.0 19234816
1731673217079 5870.0 19267584
1731673237620 5880.0 19300352
1731673258032 5890.0 19333120
1731673278253 5900.0 19360000
1731673299929 5910.0 19398656
1731673320121 5920.0 19431424
1731673340909 5930.0 19464192
1731673361204 5940.0 19496960
1731673380046 5950.0 19520000
1731673402782 5960.0 19562496
1731673423162 5970.0 19595264
1731673442871 5980.0 19628032
1731673463323 5990.0 19660800
1731673481443 6000.0 19680000
1731673504445 6010.0 19726336
1731673524639 6020.0 19759104
1731673544825 6030.0 19791872
1731673565426 6040.0 19824640
1731673583131 6050.0 19840000
1731673608846 6060.0 19890176
1731673629934 6070.0 19922944
1731673650277 6080.0 19955712
1731673670557 6090.0 19988480
1731673687218 6100.0 20000000
1731673711461 6110.0 20054016
1731673733261 6120.0 20086784
1731673755590 6130.0 20119552
1731673776146 6140.0 20152320
1731673792156 6150.0 20160000
1731673817589 6160.0 20217856
1731673837812 6170.0 20250624
1731673858568 6180.0 20283392
1731673879006 6190.0 20316160
1731673894367 6200.0 20320000
1731673920519 6210.0 20381696
1731673941313 6220.0 20414464
1731673961732 6230.0 20447232
1731673982518 6240.0 20480000
1731674003150 6250.0 20512768
1731674023600 6260.0 20545536
1731674043798 6270.0 20578304
1731674064353 6280.0 20611072
1731674084304 6290.0 20640000
1731674105807 6300.0 20676608
1731674126232 6310.0 20709376
1731674146747 6320.0 20742144
1731674167169 6330.0 20774912
1731674185856 6340.0 20800000
1731674207713 6350.0 20840448
1731674227701 6360.0 20873216
1731674247845 6370.0 20905984
1731674268331 6380.0 20938752
1731674286575 6390.0 20960000
1731674309177 6400.0 21004288
1731674329604 6410.0 21037056
1731674349632 6420.0 21069824
1731674369534 6430.0 21102592
1731674387071 6440.0 21120000
1731674410522 6450.0 21168128
1731674431067 6460.0 21200896
1731674451308 6470.0 21233664
1731674472385 6480.0 21266432
1731674489267 6490.0 21280000
1731674513629 6500.0 21331968
1731674533970 6510.0 21364736
1731674553799 6520.0 21397504
1731674574268 6530.0 21430272
1731674590463 6540.0 21440000
1731674615635 6550.0 21495808
1731674637275 6560.0 21528576
1731674657941 6570.0 21561344
1731674677868 6580.0 21594112
1731674694138 6590.0 21600000
1731674720435 6600.0 21659648
1731674741055 6610.0 21692416
1731674761730 6620.0 21725184
1731674782100 6630.0 21757952
1731674796710 6640.0 21760000
1731674823320 6650.0 21823488
1731674843997 6660.0 21856256
1731674865142 6670.0 21889024
1731674886235 6680.0 21920000
1731674907281 6690.0 21954560
1731674927777 6700.0 21987328
1731674948133 6710.0 22020096
1731674968629 6720.0 22052864
1731674988331 6730.0 22080000
1731675009670 6740.0 22118400
1731675030064 6750.0 22151168
1731675050118 6760.0 22183936
1731675070596 6770.0 22216704
1731675089330 6780.0 22240000
1731675111777 6790.0 22282240
1731675132071 6800.0 22315008
1731675152573 6810.0 22347776
1731675172967 6820.0 22380544
1731675190956 6830.0 22400000
1731675214250 6840.0 22446080
1731675235132 6850.0 22478848
1731675255226 6860.0 22511616
1731675275329 6870.0 22544384
1731675292515 6880.0 22560000
1731675317659 6890.0 22609920
1731675338247 6900.0 22642688
1731675358503 6910.0 22675456
1731675379250 6920.0 22708224
1731675395800 6930.0 22720000
1731675420341 6940.0 22773760
1731675440992 6950.0 22806528
1731675461227 6960.0 22839296
1731675481855 6970.0 22872064
1731675499230 6980.0 22880000
1731675525749 6990.0 22937600
1731675546280 7000.0 22970368
1731675566503 7010.0 23003136
1731675587063 7020.0 23035904
1731675602025 7030.0 23040000
1731675628396 7040.0 23101440
1731675648974 7050.0 23134208
1731675669795 7060.0 23166976
1731675691274 7070.0 23199744
1731675705566 7080.0 23200000
1731675732395 7090.0 23265280
1731675752929 7100.0 23298048
1731675773099 7110.0 23330816
1731675792733 7120.0 23360000
1731675813922 7130.0 23396352
1731675834238 7140.0 23429120
1731675854427 7150.0 23461888
1731675873813 7160.0 23494656
1731675893058 7170.0 23520000
1731675914291 7180.0 23560192
1731675934322 7190.0 23592960
1731675954763 7200.0 23625728
1731675975159 7210.0 23658496
1731675993653 7220.0 23680000
1731676016674 7230.0 23724032
1731676037132 7240.0 23756800
1731676057208 7250.0 23789568
1731676077298 7260.0 23822336
1731676094902 7270.0 23840000
1731676118405 7280.0 23887872
1731676138781 7290.0 23920640
1731676158981 7300.0 23953408
1731676179233 7310.0 23986176
1731676196337 7320.0 24000000
1731676220371 7330.0 24051712
1731676240507 7340.0 24084480
1731676261193 7350.0 24117248
1731676281831 7360.0 24150016
1731676298099 7370.0 24160000
1731676322853 7380.0 24215552
1731676342854 7390.0 24248320
1731676363187 7400.0 24281088
1731676383309 7410.0 24313856
1731676398844 7420.0 24320000
1731676425234 7430.0 24379392
1731676445694 7440.0 24412160
1731676466638 7450.0 24444928
1731676487660 7460.0 24477696
1731676502471 7470.0 24480000
1731676529628 7480.0 24543232
1731676550517 7490.0 24576000
1731676571110 7500.0 24608768
1731676592314 7510.0 24640000
1731676613930 7520.0 24674304
1731676634336 7530.0 24707072
1731676654860 7540.0 24739840
1731676675399 7550.0 24772608
1731676695351 7560.0 24800000
1731676717170 7570.0 24838144
1731676737464 7580.0 24870912
1731676757899 7590.0 24903680
1731676777801 7600.0 24936448
1731676796804 7610.0 24960000
1731676819806 7620.0 25001984
1731676840060 7630.0 25034752
1731676860352 7640.0 25067520
1731676881163 7650.0 25100288
1731676899645 7660.0 25120000
1731676923370 7670.0 25165824
1731676944135 7680.0 25198592
1731676964857 7690.0 25231360
1731676985443 7700.0 25264128
1731677003230 7710.0 25280000
1731677027573 7720.0 25329664
1731677047734 7730.0 25362432
1731677068310 7740.0 25395200
1731677088326 7750.0 25427968
1731677105251 7760.0 25440000
1731677130130 7770.0 25493504
1731677150363 7780.0 25526272
1731677171110 7790.0 25559040
1731677191387 7800.0 25591808
1731677207647 7810.0 25600000
1731677232324 7820.0 25657344
1731677252743 7830.0 25690112
1731677272733 7840.0 25722880
1731677294010 7850.0 25755648
1731677309086 7860.0 25760000
1731677335380 7870.0 25821184
1731677355856 7880.0 25853952
1731677376351 7890.0 25886720
1731677397497 7900.0 25919488
1731677411907 7910.0 25920000
1731677438508 7920.0 25985024
1731677459442 7930.0 26017792
1731677479931 7940.0 26050560
1731677499774 7950.0 26080000
1731677521350 7960.0 26116096
1731677542250 7970.0 26148864
1731677562639 7980.0 26181632
1731677582990 7990.0 26214400
1731677602179 8000.0 26240000
1731677624502 8010.0 26279936
1731677644868 8020.0 26312704
1731677665427 8030.0 26345472
1731677685584 8040.0 26378240
1731677704288 8050.0 26400000
1731677727110 8060.0 26443776
1731677748336 8070.0 26476544
1731677768990 8080.0 26509312
1731677789190 8090.0 26542080
1731677807088 8100.0 26560000
1731677830723 8110.0 26607616
1731677852376 8120.0 26640384
1731677873228 8130.0 26673152
1731677894039 8140.0 26705920
1731677911301 8150.0 26720000
1731677935744 8160.0 26771456
1731677956503 8170.0 26804224
1731677977099 8180.0 26836992
1731677997704 8190.0 26869760
1731678014119 8200.0 26880000
1731678038733 8210.0 26935296
1731678059641 8220.0 26968064
1731678079797 8230.0 27000832
1731678100194 8240.0 27033600
1731678115643 8250.0 27040000
1731678141298 8260.0 27099136
1731678161898 8270.0 27131904
1731678181917 8280.0 27164672
1731678201948 8290.0 27197440
1731678216744 8300.0 27200000
1731678242668 8310.0 27262976
1731678263432 8320.0 27295744
1731678283967 8330.0 27328512
1731678304362 8340.0 27360000
1731678325784 8350.0 27394048
1731678346305 8360.0 27426816
1731678367382 8370.0 27459584
1731678387608 8380.0 27492352
1731678407620 8390.0 27520000
1731678429771 8400.0 27557888
1731678450803 8410.0 27590656
1731678471780 8420.0 27623424
1731678492998 8430.0 27656192
1731678512468 8440.0 27680000
1731678535370 8450.0 27721728
1731678555816 8460.0 27754496
1731678576583 8470.0 27787264
1731678597359 8480.0 27820032
1731678615571 8490.0 27840000
1731678638226 8500.0 27885568
1731678659090 8510.0 27918336
1731678679105 8520.0 27951104
1731678699539 8530.0 27983872
1731678716964 8540.0 28000000
1731678741343 8550.0 28049408
1731678762264 8560.0 28082176
1731678783028 8570.0 28114944
1731678803387 8580.0 28147712
1731678819739 8590.0 28160000
1731678844542 8600.0 28213248
1731678865258 8610.0 28246016
1731678885511 8620.0 28278784
1731678908062 8630.0 28311552
1731678925678 8640.0 28320000
1731678952079 8650.0 28377088
1731678973727 8660.0 28409856
1731678994859 8670.0 28442624
1731679015888 8680.0 28475392
1731679034347 8690.0 28480000
1731679062278 8700.0 28540928
1731679085109 8710.0 28573696
1731679106031 8720.0 28606464
1731679126836 8730.0 28639232
1731679141274 8740.0 28640000
1731679169183 8750.0 28704768
1731679189044 8760.0 28737536
1731679210131 8770.0 28770304
1731679230660 8780.0 28800000
1731679251819 8790.0 28835840
1731679272763 8800.0 28868608
1731679293223 8810.0 28901376
1731679313875 8820.0 28934144
1731679336170 8830.0 28960000
1731679358939 8840.0 28999680
1731679381885 8850.0 29032448
1731679402186 8860.0 29065216
1731679422893 8870.0 29097984
1731679441938 8880.0 29120000
1731679465190 8890.0 29163520
1731679485839 8900.0 29196288
1731679506380 8910.0 29229056
1731679526745 8920.0 29261824
1731679544662 8930.0 29280000
1731679568347 8940.0 29327360
1731679589303 8950.0 29360128
1731679609779 8960.0 29392896
1731679630045 8970.0 29425664
1731679648081 8980.0 29440000
1731679674643 8990.0 29491200
1731679695510 9000.0 29523968
1731679716151 9010.0 29556736
1731679736622 9020.0 29589504
1731679753450 9030.0 29600000
1731679778686 9040.0 29655040
1731679799112 9050.0 29687808
1731679819451 9060.0 29720576
1731679839874 9070.0 29753344
1731679855390 9080.0 29760000
1731679881517 9090.0 29818880
1731679901714 9100.0 29851648
1731679922296 9110.0 29884416
1731679942861 9120.0 29917184
1731679957625 9130.0 29920000
1731679985480 9140.0 29982720
1731680006062 9150.0 30015488
1731680026410 9160.0 30048256
1731680047096 9170.0 30080000
1731680067961 9180.0 30113792
1731680088376 9190.0 30146560
1731680109397 9200.0 30179328
1731680129913 9210.0 30212096
1731680149550 9220.0 30240000
1731680171469 9230.0 30277632
1731680192272 9240.0 30310400
1731680212595 9250.0 30343168
1731680233282 9260.0 30375936
1731680252187 9270.0 30400000
1731680274415 9280.0 30441472
1731680294626 9290.0 30474240
1731680315542 9300.0 30507008
1731680336140 9310.0 30539776
1731680354497 9320.0 30560000
1731680377706 9330.0 30605312
1731680397992 9340.0 30638080
1731680418077 9350.0 30670848
1731680438713 9360.0 30703616
1731680456653 9370.0 30720000
1731680480578 9380.0 30769152
1731680500994 9390.0 30801920
1731680521013 9400.0 30834688
1731680541683 9410.0 30867456
1731680558353 9420.0 30880000
1731680586157 9430.0 30932992
1731680607813 9440.0 30965760
1731680628273 9450.0 30998528
1731680648845 9460.0 31031296
1731680666617 9470.0 31040000
1731680692766 9480.0 31096832
1731680713098 9490.0 31129600
1731680734344 9500.0 31162368
1731680755442 9510.0 31195136
1731680771185 9520.0 31200000
1731680798328 9530.0 31260672
1731680819227 9540.0 31293440
1731680839735 9550.0 31326208
1731680860190 9560.0 31358976
1731680874254 9570.0 31360000
1731680900692 9580.0 31424512
1731680920869 9590.0 31457280
1731680941228 9600.0 31490048
1731680961741 9610.0 31520000
1731680984147 9620.0 31555584
1731681005465 9630.0 31588352
1731681026114 9640.0 31621120
1731681046803 9650.0 31653888
1731681066262 9660.0 31680000
1731681088435 9670.0 31719424
1731681109456 9680.0 31752192
1731681129940 9690.0 31784960
1731681150156 9700.0 31817728
1731681168715 9710.0 31840000
1731681191218 9720.0 31883264
1731681212177 9730.0 31916032
1731681232498 9740.0 31948800
1731681252993 9750.0 31981568
1731681270773 9760.0 32000000
1731681296408 9770.0 32047104
1731681317346 9780.0 32079872
1731681337702 9790.0 32112640
1731681358936 9800.0 32145408
1731681376262 9810.0 32160000
