1731660391099 -0.021153769061220372 65536
1731660411740 -0.02214886736610424 98304
1731660433785 -0.0212156121659973 131072
1731660455041 -0.022145292584218622 160000
1731660480163 -0.021684940613431535 196608
1731660500590 -0.023105279314950166 229376
1731660522753 -0.024352712548625276 262144
1731660544069 -0.024788733647437767 294912
1731660565085 -0.0235670277506415 320000
1731660589622 -0.02409747339988826 360448
1731660610684 -0.024868364277244835 393216
1731660633441 -0.025077027162160447 425984
1731660655088 -0.025744084117468445 458752
1731660676163 -0.02515647905447622 480000
1731660701400 -0.025391319666186973 524288
1731660722975 -0.025636405999875933 557056
1731660744334 -0.027053871559064645 589824
1731660766935 -0.027197150277561376 622592
1731660786465 -0.02693700749564414 640000
1731660813122 -0.0270545573965137 688128
1731660835951 -0.027484975789980125 720896
1731660857865 -0.027083661808455874 753664
1731660879797 -0.027582283207539148 786432
1731660899858 -0.027999143311762963 800000
1731660926780 -0.028086414404242532 851968
1731660950371 -0.02816658069996265 884736
1731660972094 -0.02836384565885055 917504
1731660995262 -0.02818037485608329 950272
1731661013877 -0.028106127486989863 960000
1731661042293 -0.0271336991975204 1015808
1731661064080 -0.02593638556136284 1048576
1731661087597 -0.02663410347381614 1081344
1731661108979 -0.02467918044083035 1114112
1731661127181 -0.024859383046623405 1120000
1731661155300 -0.023523386099623168 1179648
1731661177068 -0.023401205258369372 1212416
1731661198689 -0.019927275573672888 1245184
1731661224628 -0.020178093757067472 1277952
1731661240965 -0.019465276004916633 1280000
1731661268860 -0.018560718294770594 1343488
1731661292981 -0.018130122219463373 1376256
1731661315770 -0.020178236202832524 1409024
1731661339045 -0.020575637140245816 1440000
1731661362100 -0.02042772391282597 1474560
1731661383829 -0.02173570225813819 1507328
1731661405766 -0.022413949071687967 1540096
1731661426488 -0.023797002689070722 1572864
1731661447860 -0.023022160050049933 1600000
1731661470774 -0.02566640980635384 1638400
1731661492490 -0.024425664528826017 1671168
1731661513592 -0.025640914884570522 1703936
1731661534249 -0.025880599053562037 1736704
1731661554198 -0.0270157551970442 1760000
1731661577864 -0.0270956625850431 1802240
1731661599983 -0.027118844350752624 1835008
1731661621311 -0.029148416308453308 1867776
1731661642887 -0.02825888715005931 1900544
1731661662312 -0.027302815275811555 1920000
1731661687302 -0.026969250950014612 1966080
1731661708705 -0.026959750064224863 1998848
1731661729667 -0.02792286433186746 2031616
1731661750866 -0.02783956615976422 2064384
1731661769109 -0.028476549390688888 2080000
1731661794636 -0.028204930556285035 2129920
1731661815611 -0.027655743570085177 2162688
1731661836397 -0.027642490692414867 2195456
1731661857430 -0.027759180084558466 2228224
1731661875233 -0.0290050515627172 2240000
1731661900221 -0.027940433426192613 2293760
1731661921585 -0.028470324464478836 2326528
1731661944752 -0.028978849319855726 2359296
1731661966485 -0.02945384735648986 2392064
1731661984454 -0.02894567036319131 2400000
1731662012250 -0.02925328603332673 2457600
1731662034189 -0.0294018792531233 2490368
1731662055908 -0.029891963375621344 2523136
1731662077313 -0.029462873892225617 2555904
1731662095490 -0.030107316491216805 2560000
1731662125450 -0.029542789674314916 2621440
1731662147499 -0.029965670174578917 2654208
1731662170709 -0.030133923341008995 2686976
1731662192570 -0.029813621376115408 2719744
1731662209287 -0.029252221678143543 2720000
1731662239508 -0.029176183763775045 2785280
1731662260795 -0.028725913180323914 2818048
1731662282800 -0.02934875854521124 2850816
1731662305110 -0.03036736739973094 2880000
1731662328431 -0.030570012654379752 2916352
1731662350633 -0.029337220463457925 2949120
1731662372129 -0.02899662048268965 2981888
1731662393677 -0.028441928135862327 3014656
1731662414144 -0.028666298901634947 3040000
1731662437523 -0.029423521603575864 3080192
1731662459478 -0.029152166322273843 3112960
1731662481058 -0.029180921310580744 3145728
1731662504395 -0.029945150126286534 3178496
1731662524897 -0.028343520716134663 3200000
1731662549534 -0.028567293004925887 3244032
1731662571357 -0.0290616579626203 3276800
1731662595113 -0.028399911579890615 3309568
1731662616945 -0.028249210641365607 3342336
1731662636136 -0.02935640188261459 3360000
1731662663123 -0.029307161378937963 3407872
1731662684996 -0.02878311333415695 3440640
1731662706206 -0.02855722716381024 3473408
1731662726724 -0.027859660132889985 3506176
1731662743845 -0.028867767031351833 3520000
1731662769165 -0.028381518879223223 3571712
1731662791547 -0.026973239627591284 3604480
1731662813137 -0.02839438627497657 3637248
1731662836675 -0.028092243532228167 3670016
1731662854596 -0.02883216789796279 3680000
1731662882360 -0.028839217776749138 3735552
1731662904298 -0.028365250785964236 3768320
1731662925249 -0.027360648347121243 3801088
1731662947564 -0.028200963823383062 3833856
1731662963930 -0.028205606686879037 3840000
1731662991341 -0.028807341908611762 3899392
1731663012339 -0.029198728227675018 3932160
1731663032426 -0.029027248931424766 3964928
1731663053889 -0.02824843359685474 3997696
1731663069532 -0.027872510985889675 4000000
1731663097885 -0.027616982370773258 4063232
1731663118798 -0.02747890631098926 4096000
1731663140639 -0.026921368253624678 4128768
1731663162853 -0.02727231602802931 4160000
1731663185390 -0.028423447504201248 4194304
1731663207019 -0.027933727858703607 4227072
1731663229270 -0.02799406824410653 4259840
1731663251055 -0.027132198041363152 4292608
1731663272109 -0.027909323033145483 4320000
1731663296047 -0.02724254018530701 4358144
1731663318225 -0.02674340697558364 4390912
1731663340222 -0.02746212778311019 4423680
1731663362129 -0.027299330712958182 4456448
1731663382617 -0.02895749037202222 4480000
1731663406934 -0.025885028313814472 4521984
1731663428355 -0.026584951361201092 4554752
1731663450241 -0.027151930688478387 4587520
1731663473100 -0.027981106680363153 4620288
1731663493271 -0.02764792475732065 4640000
1731663519367 -0.027872057315198616 4685824
1731663540925 -0.02719314570622373 4718592
1731663563012 -0.026571013765124007 4751360
1731663584498 -0.028157611372216708 4784128
1731663603034 -0.027281442334151508 4800000
1731663630718 -0.0269146350119172 4849664
1731663653188 -0.026028248539569178 4882432
1731663674887 -0.026542766417856002 4915200
1731663696910 -0.027602498595365434 4947968
1731663715501 -0.026439010961030362 4960000
1731663743330 -0.028344054224908176 5013504
1731663765831 -0.025369261206560623 5046272
1731663789178 -0.02582651047505351 5079040
1731663811212 -0.027104560271811805 5111808
1731663828708 -0.026800944348815393 5120000
1731663855840 -0.026708543361041847 5177344
1731663880110 -0.02580325834303494 5210112
1731663902039 -0.026262439800120774 5242880
1731663924954 -0.026810716969384883 5275648
1731663941796 -0.025944331078835602 5280000
1731663970506 -0.026002530084315367 5341184
1731663992962 -0.025528050110733603 5373952
1731664015596 -0.026428948356397086 5406720
1731664038611 -0.02632295627900021 5439488
1731664053913 -0.026406383659696074 5440000
1731664083954 -0.02549486800944578 5505024
1731664106492 -0.026508760938395427 5537792
1731664128096 -0.026255365802308007 5570560
1731664149114 -0.026148223606719513 5600000
1731664173421 -0.024792606937216986 5636096
1731664194629 -0.02718794540814997 5668864
1731664215765 -0.025938803213102803 5701632
1731664237561 -0.024616465193321346 5734400
1731664258260 -0.02458335776623244 5760000
1731664283652 -0.02578456601668222 5799936
1731664306484 -0.02666384949525309 5832704
1731664328028 -0.02634046644184309 5865472
1731664349404 -0.02660725087234823 5898240
1731664369117 -0.027314748140497613 5920000
1731664393431 -0.025812833824465996 5963776
1731664414930 -0.026622988490771604 5996544
1731664435027 -0.025481162523465172 6029312
1731664456493 -0.025300909082989164 6062080
1731664475640 -0.025804760580331276 6080000
1731664500789 -0.025634128384763245 6127616
1731664522445 -0.02507780095443195 6160384
1731664544337 -0.025117721285278095 6193152
1731664566172 -0.02604268345839955 6225920
1731664584297 -0.02480776499219246 6240000
1731664609440 -0.026397843684026156 6291456
1731664631573 -0.023692401238577077 6324224
1731664653327 -0.022951313895919156 6356992
1731664675070 -0.0256273157954638 6389760
1731664692699 -0.025196420642714656 6400000
1731664720526 -0.02490526504789159 6455296
1731664743404 -0.025130893305367864 6488064
1731664765729 -0.025669915570779266 6520832
1731664787704 -0.023579712796663443 6553600
1731664804346 -0.024880227138191914 6560000
1731664834765 -0.025579956852971007 6619136
1731664857882 -0.02771218538637186 6651904
1731664879705 -0.02327805086833905 6684672
1731664902259 -0.02492489003998344 6717440
1731664919291 -0.0250295339177228 6720000
1731664949033 -0.024381640673436778 6782976
1731664971030 -0.026653396244046234 6815744
1731664992567 -0.023888815352574966 6848512
1731665014840 -0.02298067650735902 6880000
1731665039380 -0.02533177576506205 6914048
1731665061507 -0.024378759373985304 6946816
1731665083644 -0.023891642565263282 6979584
1731665105396 -0.025490451797440982 7012352
1731665126957 -0.024188317442440165 7040000
1731665151996 -0.026198173637612853 7077888
1731665173877 -0.023758780786192802 7110656
1731665195040 -0.026596097530284624 7143424
1731665216578 -0.022930404830822225 7176192
1731665236904 -0.023326444964504846 7200000
1731665263477 -0.025266805128921987 7241728
1731665285917 -0.023336525661079577 7274496
1731665308171 -0.02500552640112801 7307264
1731665330127 -0.025652479217296787 7340032
1731665350332 -0.02257320059848098 7360000
1731665376171 -0.025255431316873002 7405568
1731665398331 -0.022685387586398063 7438336
1731665420202 -0.02160378020657845 7471104
1731665441949 -0.024958350212796177 7503872
1731665460238 -0.02394073453456258 7520000
1731665484898 -0.025559792980948258 7569408
1731665505842 -0.023487114932731857 7602176
1731665526589 -0.022655423744242852 7634944
1731665548017 -0.026411791027112486 7667712
1731665567444 -0.024127367522487474 7680000
1731665595015 -0.023866024265862505 7733248
1731665616280 -0.026238575382058114 7766016
1731665638344 -0.023171284156069304 7798784
1731665661016 -0.024019301124508275 7831552
1731665678519 -0.024019741041138333 7840000
1731665706073 -0.024351006175902513 7897088
1731665727732 -0.02405682735047776 7929856
1731665749466 -0.02397361834405274 7962624
1731665771069 -0.02186428896304733 7995392
1731665786645 -0.023532189961474614 8000000
1731665812929 -0.02399239593214588 8060928
1731665835110 -0.022039686870584774 8093696
1731665857716 -0.023951594856043812 8126464
1731665879512 -0.023966806070438905 8159232
1731665894893 -0.021128320378011267 8160000
1731665924036 -0.023896770630744867 8224768
1731665945548 -0.02248938561506293 8257536
1731665967051 -0.022972590120411952 8290304
1731665988109 -0.022522130639390524 8320000
1731666011175 -0.021610200352824904 8355840
1731666033168 -0.021103090660562884 8388608
1731666055386 -0.025600387302893067 8421376
1731666077027 -0.023664805233966035 8454144
1731666098412 -0.022541715241959536 8480000
1731666122392 -0.023452082627136404 8519680
1731666143993 -0.0229487402387349 8552448
1731666165826 -0.020257058036349918 8585216
1731666187849 -0.023466307450598835 8617984
1731666208399 -0.021903431020859898 8640000
1731666232766 -0.02087925834066482 8683520
1731666254821 -0.021506000990166287 8716288
1731666276749 -0.022380517503552255 8749056
1731666299828 -0.02225573681350852 8781824
1731666318941 -0.022418305151677486 8800000
1731666344385 -0.024643854930923227 8847360
1731666366071 -0.02349661756347814 8880128
1731666387953 -0.021488022488347268 8912896
1731666410498 -0.022423431599872857 8945664
1731666428950 -0.020244997692770994 8960000
1731666456188 -0.021673612226823024 9011200
1731666478613 -0.0198446921574714 9043968
1731666500089 -0.021166971977936554 9076736
1731666521235 -0.02043509883974366 9109504
1731666538662 -0.02281909745502162 9120000
1731666566746 -0.023725291472419485 9175040
1731666588465 -0.022476245625841784 9207808
1731666610716 -0.023909741451439002 9240576
1731666632669 -0.020882378405485725 9273344
1731666649244 -0.022308097387622183 9280000
1731666677528 -0.02139120445017397 9338880
1731666700103 -0.02123179346103825 9371648
1731666722268 -0.02141360526898097 9404416
1731666745431 -0.01884238088659913 9437184
1731666760661 -0.022785062018215285 9440000
1731666790607 -0.022979210949461048 9502720
1731666812636 -0.0188108185339388 9535488
1731666835426 -0.019866705433059906 9568256
1731666857902 -0.022931040757885057 9600000
1731666881153 -0.024684686446448723 9633792
1731666903327 -0.020428215295260087 9666560
1731666925356 -0.020867162429431117 9699328
1731666946587 -0.021567991177016667 9732096
1731666966953 -0.02164865592840215 9760000
1731666988695 -0.023388357471503696 9797632
1731667009345 -0.021708525849908254 9830400
1731667031772 -0.021385647523720762 9863168
1731667054139 -0.02132719763130808 9895936
1731667074903 -0.0221813941499704 9920000
1731667100860 -0.020379586220997226 9961472
1731667123785 -0.022110053953247187 9994240
1731667145966 -0.02170579319990793 10027008
1731667168786 -0.020128492987896606 10059776
1731667188825 -0.020216852676298913 10080000
1731667214482 -0.02097759024873085 10125312
1731667236555 -0.021220266048658232 10158080
1731667257804 -0.022420886904706096 10190848
1731667278636 -0.02262251512970579 10223616
1731667296544 -0.02358797346382744 10240000
1731667322090 -0.02073075513144431 10289152
1731667344185 -0.020995083843308747 10321920
1731667366160 -0.02066284848081068 10354688
1731667388139 -0.021943367337735255 10387456
1731667406978 -0.022292010889441372 10400000
1731667435599 -0.021974134548281656 10452992
1731667458254 -0.021393793272704898 10485760
1731667480851 -0.02035713295927053 10518528
1731667503106 -0.020567599019159388 10551296
1731667520521 -0.017603295716389765 10560000
1731667549340 -0.01837738739548058 10616832
1731667571985 -0.021156859937218542 10649600
1731667594529 -0.020009996856606448 10682368
1731667617120 -0.021942430480976327 10715136
1731667633406 -0.019909395342415336 10720000
1731667661908 -0.01581103223943501 10780672
1731667683988 -0.017868256297060726 10813440
1731667705554 -0.018998734723209055 10846208
1731667727839 -0.020289972684622626 10878976
1731667743310 -0.019105062531298244 10880000
1731667774299 -0.019619742256782046 10944512
1731667795827 -0.02138311149024048 10977280
1731667817540 -0.019638381113827562 11010048
1731667839533 -0.019668544934256717 11040000
1731667862725 -0.0220278220353066 11075584
1731667885494 -0.01947400307883527 11108352
1731667907288 -0.021756656057596045 11141120
1731667929399 -0.021066754725688953 11173888
1731667949977 -0.020406456913724468 11200000
1731667973364 -0.021259083013410417 11239424
1731667996063 -0.01892617148791942 11272192
1731668018431 -0.019997532596880772 11304960
1731668040994 -0.017243467007801883 11337728
1731668061068 -0.01787140237561289 11360000
1731668086021 -0.020348096706811702 11403264
1731668108126 -0.02007153852355259 11436032
1731668130687 -0.02040799085289109 11468800
1731668152285 -0.018527376998054023 11501568
1731668172422 -0.019265317153440265 11520000
1731668198472 -0.01907194507484746 11567104
1731668220359 -0.016470872739523655 11599872
1731668243580 -0.02139039923031305 11632640
1731668266695 -0.01885677086274882 11665408
1731668285437 -0.021330968024039977 11680000
1731668313321 -0.019758435724497758 11730944
1731668335838 -0.01997502501503732 11763712
1731668358088 -0.016370861871700983 11796480
1731668381206 -0.020027735245275836 11829248
1731668399186 -0.019419609220949496 11840000
1731668427533 -0.019373667588115494 11894784
1731668448822 -0.021618299447345633 11927552
1731668470262 -0.016317262011989443 11960320
1731668491041 -0.02330365962518499 11993088
1731668506830 -0.019610337238236752 12000000
1731668534163 -0.019706940183095868 12058624
1731668556487 -0.018187077371931083 12091392
1731668578902 -0.019644563850943087 12124160
1731668600965 -0.02095415635358222 12156928
1731668616671 -0.020594551608610345 12160000
1731668647642 -0.020562494920932296 12222464
1731668670493 -0.018829425631292907 12255232
1731668693262 -0.02141602047017841 12288000
1731668715275 -0.019142444265162338 12320000
1731668737546 -0.019286116408534327 12353536
1731668759404 -0.01759832945051585 12386304
1731668780178 -0.02004734904569432 12419072
1731668801905 -0.019560957798876188 12451840
1731668822277 -0.018479421297570298 12480000
1731668848299 -0.016592291801384818 12517376
1731668872381 -0.022660291010197398 12550144
1731668895029 -0.01757754703598948 12582912
1731668918001 -0.019778217469638548 12615680
1731668939051 -0.017702030088321406 12640000
1731668963957 -0.019498509743289105 12681216
1731668985987 -0.0197055076734614 12713984
1731669009749 -0.019626746970743625 12746752
1731669032651 -0.015342525797132111 12779520
1731669053388 -0.019483889649268348 12800000
1731669080340 -0.021384269367626985 12845056
1731669103205 -0.017709714996749427 12877824
1731669125897 -0.014570161916708457 12910592
1731669148757 -0.018978460902667395 12943360
1731669170467 -0.020955133984307393 12960000
1731669198603 -0.015343060117993445 13008896
1731669220783 -0.021164229619353138 13041664
1731669243545 -0.019112777424606976 13074432
1731669265887 -0.018775857937771433 13107200
1731669284627 -0.017866763246365734 13120000
1731669313278 -0.022826997151150864 13172736
1731669336152 -0.01451212766005483 13205504
1731669359222 0.0047829607192852565 13238272
1731669382475 -0.01810605701195982 13271040
1731669400080 -0.011818767094882787 13280000
1731669428306 -0.015484435976577515 13336576
1731669450381 -0.0163062569758722 13369344
1731669473275 -0.018622504940606178 13402112
1731669495763 -0.016376727181341266 13434880
1731669513417 -0.019951679586665706 13440000
1731669543568 -0.017620271619193772 13500416
1731669566036 -0.01923057975282063 13533184
1731669588623 -0.019156930792587446 13565952
1731669611903 -0.014866751433191893 13598720
1731669628378 -0.009118550885295918 13600000
1731669659381 -0.017466294584164644 13664256
1731669682264 -0.023495956187116463 13697024
1731669705679 -0.015413424985285928 13729792
1731669728048 -0.017072269259779206 13760000
1731669752645 -0.01835090468530325 13795328
1731669776129 -0.015357042478626681 13828096
1731669799406 -0.01868533466858935 13860864
1731669823021 -0.018317401292233627 13893632
1731669845409 -0.015329650642979687 13920000
1731669870666 -0.009416819254488474 13959168
1731669891919 -0.015220944440261518 13991936
1731669912625 -0.01631572110900379 14024704
1731669933502 -0.0182358372802355 14057472
1731669952166 -0.0191166657873282 14080000
1731669975332 -0.0162179583400075 14123008
1731669996168 -0.02078471421307313 14155776
1731670017278 -0.016762698159209322 14188544
1731670041163 -0.015275436302181334 14221312
1731670059478 -0.021201527297898794 14240000
1731670083354 -0.016597787103819428 14286848
1731670104402 -0.018443655282044346 14319616
1731670125485 -0.016405334841147125 14352384
1731670146511 -0.019628611928010287 14385152
1731670163862 -0.01909526701397226 14400000
1731670189208 -0.018003453483470367 14450688
1731670210054 -0.015400171749888614 14483456
1731670230784 -0.020705403199622198 14516224
1731670251718 -0.018063642139350123 14548992
1731670268837 -0.0175188231825814 14560000
1731670294667 -0.02110408696653394 14614528
1731670315723 -0.015152754618520703 14647296
1731670336307 -0.014834786203800831 14680064
1731670356879 -0.015184741510893218 14712832
1731670372707 -0.018178956178689986 14720000
1731670398810 -0.017935476861975986 14778368
1731670419461 -0.015695992998143993 14811136
1731670440139 -0.018416063518384363 14843904
1731670460626 -0.0154130954392258 14876672
1731670475709 -0.017357769081672813 14880000
1731670502450 -0.01566406368422122 14942208
1731670523512 -0.01450233957450564 14974976
1731670544393 -0.018139984249114605 15007744
1731670566239 -0.017478265972931693 15040000
1731670587569 -0.02229950988087239 15073280
1731670608341 -0.014599300605550525 15106048
1731670629110 -0.01663692564002304 15138816
1731670649852 -0.016492029022674614 15171584
1731670669786 -0.018248437456941248 15200000
1731670691583 -0.019747482748971378 15237120
1731670712245 -0.014890472482966289 15269888
1731670732816 -0.018308539690451653 15302656
1731670753445 -0.01800583426988851 15335424
1731670772516 -0.019247608615819443 15360000
1731670795067 -0.01977797904069121 15400960
1731670815615 -0.017103947830537435 15433728
1731670836066 -0.017616882618676756 15466496
1731670856377 -0.018906566602072416 15499264
1731670874445 -0.01704319725631649 15520000
1731670897180 -0.017575328041357353 15564800
1731670917482 -0.021493815201574763 15597568
1731670937719 -0.017505469821026055 15630336
1731670958145 -0.01931384666684153 15663104
1731670975684 -0.013633891148856492 15680000
1731670999159 -0.015697497563519392 15728640
1731671019129 -0.017528915466004946 15761408
1731671039368 -0.018545189150381704 15794176
1731671059713 -0.017234089317707913 15826944
1731671076568 -0.01653790193497571 15840000
1731671100268 -0.014971857603404715 15892480
1731671120119 -0.017376850984510382 15925248
1731671140425 -0.020075547900796666 15958016
1731671160634 -0.018023134268355535 15990784
1731671176540 -0.014648307499510339 16000000
1731671201312 -0.01806488397060093 16056320
1731671221675 -0.01837254686329288 16089088
1731671241782 -0.019747464173906337 16121856
1731671262124 -0.016644276243323475 16154624
1731671278030 -0.01877427409208394 16160000
1731671304351 -0.011041077077834416 16220160
1731671324855 -0.01780024300055629 16252928
1731671345621 -0.018527239684317465 16285696
1731671366263 -0.014280671067126605 16318464
1731671380840 -0.014685480422258479 16320000
1731671407982 -0.016964283669199175 16384000
1731671428254 -0.0169824395957221 16416768
1731671448594 -0.017561747041600028 16449536
1731671469239 -0.019548243911640385 16480000
1731671490292 -0.019380905886328036 16515072
1731671510826 -0.016561255036253896 16547840
1731671531399 -0.018278113436986133 16580608
1731671551520 -0.014758731193228413 16613376
1731671570677 -0.01939121151440304 16640000
1731671592530 -0.018322789331978128 16678912
1731671612860 -0.01760470169870132 16711680
1731671633387 -0.018413163339710083 16744448
1731671654015 -0.01717669800486874 16777216
1731671672921 -0.018230783052808876 16800000
1731671695728 -0.01825680435204049 16842752
1731671716321 -0.01624606474324537 16875520
1731671736848 -0.009548108281683199 16908288
1731671757386 -0.01835875457045404 16941056
1731671775350 -0.01692969706268741 16960000
1731671798730 -0.01834154420289451 17006592
1731671818765 -0.001616126192129741 17039360
1731671839206 -0.017289208893316754 17072128
1731671859781 -0.016666951518050154 17104896
1731671877375 -0.019359079402011047 17120000
1731671901404 -0.020886554128719582 17170432
1731671921257 -0.02116373526514508 17203200
1731671941577 -0.015756267249821578 17235968
1731671962188 -0.01516658150198964 17268736
1731671978509 -0.015758823455371385 17280000
1731672002950 -0.01781875639057944 17334272
1731672023153 -0.01921427606985162 17367040
1731672043383 -0.019332992435192865 17399808
1731672063618 -0.01802243433419335 17432576
1731672079479 -0.018090092653301325 17440000
1731672104718 -0.013339754482058198 17498112
1731672124975 -0.01366434107801524 17530880
1731672145058 -0.0193327357023918 17563648
1731672165448 -0.016019198510139176 17596416
1731672180284 -0.003900259452507271 17600000
1731672206124 -0.015315447976126962 17661952
1731672226194 -0.01542848376452639 17694720
1731672246102 -0.019923611455578794 17727488
1731672266633 -0.015150595689328838 17760000
1731672287033 -0.015332420699360227 17793024
1731672307229 -0.016631195598824887 17825792
1731672327932 -0.017447182386922576 17858560
1731672348484 -0.017176625929823785 17891328
1731672368146 -0.015430019693712892 17920000
1731672389567 -0.016011204779738365 17956864
1731672410004 -0.014522846078034491 17989632
1731672430480 -0.020582337322593958 18022400
1731672451388 -0.017092796297674795 18055168
1731672470778 -0.02117558686763914 18080000
1731672493273 -0.014953242746469187 18120704
1731672513636 -0.020289738261226375 18153472
1731672533986 -0.015627829152049345 18186240
1731672554165 -0.014704344104825396 18219008
1731672573329 -0.01798502455576454 18240000
1731672596633 -0.014554539104597097 18284544
1731672617381 -0.0185510820905165 18317312
1731672637268 -0.017084225191570112 18350080
1731672658055 -0.018605759058118565 18382848
1731672676087 -0.01592793128425001 18400000
1731672699820 -0.008616953050159281 18448384
1731672719974 -0.015191722225199555 18481152
1731672740296 -0.01979379027482082 18513920
1731672760229 -0.015927569239579498 18546688
1731672777450 -0.017382750011620374 18560000
1731672802296 -0.019787402978658976 18612224
1731672822712 -0.017273947617377418 18644992
1731672842926 -0.014008294928953547 18677760
1731672863791 -0.014482168857159649 18710528
1731672879904 -0.014874606789726385 18720000
1731672905264 -0.01939565979796498 18776064
1731672925785 -0.015873132866818195 18808832
1731672946527 -0.01897860968806526 18841600
1731672966677 -0.019887601884215657 18874368
1731672982113 -0.014530027856267225 18880000
1731673008488 -0.02084184414043193 18939904
1731673029307 -0.016686228911635227 18972672
1731673050501 -0.013917796198575161 19005440
1731673071338 -0.01905089961696831 19038208
1731673086071 -0.01722214196611276 19040000
1731673113430 -0.00787000087564138 19103744
1731673134049 -0.017104961136783458 19136512
1731673154956 -0.01671471572574319 19169280
1731673175194 -0.014512720150241876 19200000
1731673196549 -0.015556305571317352 19234816
1731673217092 -0.017694562998940455 19267584
1731673237632 -0.017539195369317896 19300352
1731673258056 -0.018155399962142837 19333120
1731673278301 -0.018207330078848828 19360000
1731673299944 -0.020399687811641344 19398656
1731673320150 -0.018746290515878172 19431424
1731673340924 -0.019410884045510102 19464192
1731673361218 -0.014433942090226992 19496960
1731673380098 -0.01689907154841421 19520000
1731673402798 -0.01754766307844875 19562496
1731673423186 -0.018584424064306403 19595264
1731673442880 -0.01879320854650359 19628032
1731673463365 -0.019162884097659115 19660800
1731673481452 -0.01659079934070178 19680000
1731673504454 -0.01575237639331135 19726336
1731673524656 -0.015781139885621086 19759104
1731673544850 -0.019379498205626077 19791872
1731673565468 -0.018489396473160013 19824640
1731673583155 -0.018147753919947718 19840000
1731673608973 -0.018050808014686483 19890176
1731673629956 -0.019987510584246592 19922944
1731673650303 -0.01844146338135033 19955712
1731673670597 -0.019568145712082697 19988480
1731673687235 -0.02144985312947938 20000000
1731673711469 -0.01870395439952972 20054016
1731673734258 -0.018673905449531958 20086784
1731673755598 -0.016363078667927765 20119552
1731673776172 -0.016158722892328115 20152320
1731673792173 -0.015134950724223018 20160000
1731673817598 -0.017886388198985515 20217856
1731673837837 -0.019817481501650035 20250624
1731673858601 -0.016237414927354622 20283392
1731673879076 -0.010611633089911265 20316160
1731673894384 -0.016849938988889333 20320000
1731673920635 -0.017538507539461533 20381696
1731673941334 -0.018717031412859342 20414464
1731673961747 -0.015836255760541464 20447232
1731673982531 -0.019468679274768873 20480000
1731674003173 -0.01784626682774615 20512768
1731674023621 -0.013021150916074475 20545536
1731674043809 -0.020931330916027946 20578304
1731674064369 -0.01612442785958592 20611072
1731674084323 -0.013852161582758527 20640000
1731674105828 -0.018124085134058988 20676608
1731674126244 -0.016178050514713504 20709376
1731674146808 -0.020147662475460494 20742144
1731674167190 -0.019615286202815697 20774912
1731674185886 -0.013282173773495743 20800000
1731674207723 -0.019066289548345595 20840448
1731674227720 -0.017367105068444744 20873216
1731674247853 -0.019584293036450616 20905984
1731674268346 -0.018793729541380345 20938752
1731674286584 -0.01959039392950217 20960000
1731674309185 -0.013098372428794391 21004288
1731674329620 -0.018894964466517193 21037056
1731674349641 -0.016833620633951794 21069824
1731674369550 -0.01859597152179049 21102592
1731674387079 -0.013207182751466462 21120000
1731674410540 -0.015487760306314158 21168128
1731674431084 -0.016926260994523545 21200896
1731674451319 -0.015142645278456258 21233664
1731674472413 -0.017386408344100344 21266432
1731674489317 -0.01827818756162287 21280000
1731674513663 -0.017600110908574607 21331968
1731674534022 -0.015408708095901603 21364736
1731674553807 -0.016050554245634886 21397504
1731674574285 -0.01253918591744423 21430272
1731674590489 -0.01618933516172092 21440000
1731674615648 -0.018512685826408415 21495808
1731674637409 -0.017245327659520627 21528576
1731674657961 -0.016282644973853167 21561344
1731674677897 -0.020891350957072063 21594112
1731674694168 -0.015622286131929286 21600000
1731674720449 -0.016629815196210984 21659648
1731674741078 -0.01945949486889731 21692416
1731674761742 -0.0096391147460281 21725184
1731674782121 -0.01794960329939386 21757952
1731674796729 -0.016740495830526926 21760000
1731674823349 -0.015425625424882128 21823488
1731674844018 -0.019269882279058948 21856256
1731674865262 -0.01723170178520377 21889024
1731674886252 -0.012942800805603838 21920000
1731674907300 -0.016463819253976907 21954560
1731674927798 -0.01723936571484046 21987328
1731674948146 -0.019892111223498432 22020096
1731674968643 -0.017020028041270053 22052864
1731674988346 -0.017718653102110692 22080000
1731675009681 -0.018551855477699063 22118400
1731675030085 -0.017810903968847925 22151168
1731675050141 -0.015478629013318822 22183936
1731675070613 -0.017354000376008115 22216704
1731675089358 -0.013121945714965477 22240000
1731675111789 -0.01797759475507519 22282240
1731675132084 -0.018874290424128047 22315008
1731675152588 -0.016545268076970387 22347776
1731675172984 -0.01811754168306834 22380544
1731675190973 -0.016501450881241907 22400000
1731675214296 -0.017010575192557553 22446080
1731675235140 -0.018765584828815917 22478848
1731675255235 -0.017380673086017852 22511616
1731675275337 -0.015154733226950157 22544384
1731675292536 -0.015382102673243025 22560000
1731675317683 -0.014897091261809691 22609920
1731675338272 -0.013662869073777983 22642688
1731675358519 -0.016350260573699416 22675456
1731675379258 -0.01672344374401291 22708224
1731675395844 -0.019182842774262097 22720000
1731675420362 -0.015851676319971374 22773760
1731675441040 -0.015525828613817794 22806528
1731675461463 -0.013625148271285071 22839296
1731675481881 -0.01596110120110552 22872064
1731675499284 -0.01143095222523698 22880000
1731675525760 -0.01689835515330742 22937600
1731675546295 -0.017797891771192554 22970368
1731675566514 -0.018336537892218986 23003136
1731675587193 -0.019110405380160955 23035904
1731675602037 -0.015797402072576006 23040000
1731675628413 -0.019533419891672565 23101440
1731675648995 -0.01880793625180104 23134208
1731675669807 -0.01495367591496688 23166976
1731675691295 -0.016894632163075584 23199744
1731675705580 -0.0172357943388306 23200000
1731675732419 0.013851500114481042 23265280
1731675752940 -0.02065664273090988 23298048
1731675773111 -0.018141706261030777 23330816
1731675792760 -0.018541552099804903 23360000
1731675813986 -0.015316132683710747 23396352
1731675834255 -0.016794650977908533 23429120
1731675854441 -0.016582648161011092 23461888
1731675873827 -0.01739863273899118 23494656
1731675893079 -0.022588807658485165 23520000
1731675914301 -0.019795447776050423 23560192
1731675934349 -0.01864600848984992 23592960
1731675954798 -0.014517833499076005 23625728
1731675975175 -0.015507535734423072 23658496
1731675993665 -0.019440382861421312 23680000
1731676016718 -0.02029839464662473 23724032
1731676037140 -0.018016888556257982 23756800
1731676057243 -0.015983360334485042 23789568
1731676077312 -0.014943520949418598 23822336
1731676094915 -0.020568538129418813 23840000
1731676118436 -0.01854517944602776 23887872
1731676138796 -0.016982111436345804 23920640
1731676158997 -0.017518039530159513 23953408
1731676179256 -0.020825623306200212 23986176
1731676196344 -0.019702623709736144 24000000
1731676220395 -0.020329155142212584 24051712
1731676240515 -0.01863489099491744 24084480
1731676261224 -0.01604452884787406 24117248
1731676281847 -0.015828899365033067 24150016
1731676298134 -0.017652282655399178 24160000
1731676322867 -0.014237255379475755 24215552
1731676342870 -0.016775921586418007 24248320
1731676363198 -0.016161938327650206 24281088
1731676383317 -0.01604990653324876 24313856
1731676398854 -0.004119766874032394 24320000
1731676425272 -0.016657491387059055 24379392
1731676445744 -0.017399795565188468 24412160
1731676466679 -0.01987790514108383 24444928
1731676487687 -0.017970230986111346 24477696
1731676502516 -0.011557174355175448 24480000
1731676529662 -0.017380298702096297 24543232
1731676550558 -0.015224842766929213 24576000
1731676571146 -0.016958566954281197 24608768
1731676592333 -0.01729196867131577 24640000
1731676613947 -0.01764841268013697 24674304
1731676634377 -0.01759078206958975 24707072
1731676654889 -0.01745628155454142 24739840
1731676675413 -0.01834570509954574 24772608
1731676695371 -0.013341138113219131 24800000
1731676717194 -0.01769658162061205 24838144
1731676737488 -0.019886310720676193 24870912
1731676757920 -0.011501020263176542 24903680
1731676777815 -0.011798774579301608 24936448
1731676796817 -0.02674324540125781 24960000
1731676819828 -0.01985268784742402 25001984
1731676840132 -0.02048570976830888 25034752
1731676860414 -0.01962622091805315 25067520
1731676881183 -0.015169330213029752 25100288
1731676899664 -0.017608552934598266 25120000
1731676923390 -0.01559824639002727 25165824
1731676944167 -0.018686304095422202 25198592
1731676964895 -0.016638631895102663 25231360
1731676985456 -0.013431675308993363 25264128
1731677003243 -0.017322220073583593 25280000
1731677027585 -0.016347424669061184 25329664
1731677047772 -0.019196120927540507 25362432
1731677068349 -0.012018481616439657 25395200
1731677088363 -0.012511529722269188 25427968
1731677105296 -0.017143761878242004 25440000
1731677130143 -0.014969260671023221 25493504
1731677150397 -0.016909759894952005 25526272
1731677171120 -0.016043035782149672 25559040
1731677191400 -0.017594142822008507 25591808
1731677207677 0.0026328811946427777 25600000
1731677232345 -0.020141588785372734 25657344
1731677252764 -0.022459067421777945 25690112
1731677272754 -0.020001251908615812 25722880
1731677294039 -0.012641036075092416 25755648
1731677309107 -0.017920818121501723 25760000
1731677335402 -0.017905774058681344 25821184
1731677355868 -0.015019840200193358 25853952
1731677376370 -0.017977987537915397 25886720
1731677397543 -0.018663317257346535 25919488
1731677411919 -0.01668269359004171 25920000
1731677438528 -0.020823428866310677 25985024
1731677459464 -0.011487303885360234 26017792
1731677479951 -0.017530993734044386 26050560
1731677499791 -0.01681500222989598 26080000
1731677521388 -0.017252287102439822 26116096
1731677542283 -0.018570345385433028 26148864
1731677562660 -0.01805991277301473 26181632
1731677583020 -0.01612643488656431 26214400
1731677602193 -0.01842334557995855 26240000
1731677624538 -0.019404774754411845 26279936
1731677644889 -0.01563364515179728 26312704
1731677665455 -0.017512549164121084 26345472
1731677685616 -0.017652481531558805 26378240
1731677704318 -0.018747243001735116 26400000
1731677727154 -0.013102157236880884 26443776
1731677748361 -0.019316561500636452 26476544
1731677769016 -0.018151762910588332 26509312
1731677789207 -0.015976148607478535 26542080
1731677807116 -0.01543432106009277 26560000
1731677830734 -0.016346521652508272 26607616
1731677852517 -0.01588299963436839 26640384
1731677873239 -0.02084381663999011 26673152
1731677894050 -0.016476481532981778 26705920
1731677911320 -0.014794213188542927 26720000
1731677935765 -0.017308823845746703 26771456
1731677956531 -0.01367320432316319 26804224
1731677977133 -0.01464437968134007 26836992
1731677997754 -0.014617029491296308 26869760
1731678014147 -0.01454950971742619 26880000
1731678038751 -0.009555412303609501 26935296
1731678059665 -0.008657998090143337 26968064
1731678079809 -0.021709327688176926 27000832
1731678100245 -0.013646024237868915 27033600
1731678115690 -0.018202598065909115 27040000
1731678141312 -0.014419901231894983 27099136
1731678161910 -0.014543102536799779 27131904
1731678181936 -0.01548878956318731 27164672
1731678201971 -0.014026250242841343 27197440
1731678216755 -0.017799224101781874 27200000
1731678242692 -0.014364544305601612 27262976
1731678263509 -0.015315007457184037 27295744
1731678283992 -0.018408656889096164 27328512
1731678304395 -0.016065134701648276 27360000
1731678325801 -0.01661246365608804 27394048
1731678346343 -0.014023758778330375 27426816
1731678367412 -0.021433065220230675 27459584
1731678387643 -0.013621247752712406 27492352
1731678407641 -0.01836175939397435 27520000
1731678429850 -0.017540738329580564 27557888
1731678450840 -0.017488596892917485 27590656
1731678471842 -0.01349356982846075 27623424
1731678493044 -0.017325314869594877 27656192
1731678512576 -0.019008945813584432 27680000
1731678535395 -0.016954294247625512 27721728
1731678555833 -0.01630024519656672 27754496
1731678576619 -0.01700564405714431 27787264
1731678597379 -0.019285624273425128 27820032
1731678615581 -0.01914265821656045 27840000
1731678638241 -0.01560411382088205 27885568
1731678659106 -0.01472904779639066 27918336
1731678679120 -0.017885219887239144 27951104
1731678699548 -0.017463525822176963 27983872
1731678716985 -0.017097472251316505 28000000
1731678741352 -0.01510817431826581 28049408
1731678762338 -0.013239035760148 28082176
1731678783053 -0.01788504472003751 28114944
1731678803402 -0.016682470720957097 28147712
1731678819752 -0.018549045109693907 28160000
1731678844597 -0.016304102823255562 28213248
1731678865275 -0.020066275108092668 28246016
1731678885533 -0.01415019168971412 28278784
1731678908218 -0.019361149536553057 28311552
1731678925733 -0.013171052622556089 28320000
1731678952117 -0.01812077628796942 28377088
1731678973796 -0.014470234869304478 28409856
1731678994968 -0.01589702058522562 28442624
1731679015931 -0.019406749564382153 28475392
1731679034373 -0.014942315840426091 28480000
1731679062303 -0.013867765888471694 28540928
1731679085157 -0.012589466203769462 28573696
1731679106052 -0.015094113687518984 28606464
1731679126844 -0.01919369086911047 28639232
1731679141295 -0.015821698060244672 28640000
1731679169220 -0.01765199113892777 28704768
1731679189052 -0.018506200155934495 28737536
1731679210168 -0.016244690936946426 28770304
1731679230674 -0.01841305689249566 28800000
1731679251843 -0.020910061402719293 28835840
1731679272793 -0.01545421041737427 28868608
1731679293240 -0.021406250313521013 28901376
1731679313889 -0.025617331651483256 28934144
1731679336235 -0.017932668496541737 28960000
1731679358959 -0.017625024986728022 28999680
1731679381904 -0.015545806004888618 29032448
1731679402227 -0.013335882041621972 29065216
1731679422908 -0.021124556283484707 29097984
1731679441975 -0.015862844599018898 29120000
1731679465315 -0.02348333266095324 29163520
1731679485864 -0.017957548407139257 29196288
1731679506407 -0.02008702331654604 29229056
1731679526759 -0.016187575770368313 29261824
1731679544670 -0.015650362186806887 29280000
1731679568356 -0.017925137523116065 29327360
1731679589337 -0.017649647214511788 29360128
1731679609801 -0.01461619792548845 29392896
1731679630099 -0.016282364943640458 29425664
1731679648103 -0.015769023649681913 29440000
1731679674789 -0.01880369690798034 29491200
1731679695519 -0.019024674515117114 29523968
1731679716175 -0.012242764430720855 29556736
1731679736652 -0.018140597067713315 29589504
1731679753483 -0.015381227194984604 29600000
1731679778701 -0.017340770317446186 29655040
1731679799129 -0.01683403168158293 29687808
1731679819468 -0.009616508199655982 29720576
1731679839910 -0.015868816538363716 29753344
1731679855409 -0.017934779638994768 29760000
1731679881541 -0.015592296028671626 29818880
1731679901737 -0.01921135738953126 29851648
1731679922308 -0.01630096312983369 29884416
1731679942911 -0.015879886768584584 29917184
1731679957646 -0.01606462393306174 29920000
1731679985489 -0.012258404707063164 29982720
1731680006098 -0.014524783160254628 30015488
1731680026422 -0.017635181381569963 30048256
1731680047113 -0.018683501737632467 30080000
1731680067976 0.00028862814901913224 30113792
1731680088384 -0.012665344622723751 30146560
1731680109426 -0.004558377969669891 30179328
1731680129923 -0.01749234576257095 30212096
1731680149559 -0.015257253660206516 30240000
1731680171484 -0.014707587782640984 30277632
1731680192285 -0.017054475443592308 30310400
1731680212655 -0.020697429828169335 30343168
1731680233294 -0.017045745412588076 30375936
1731680252215 -0.01707679226065011 30400000
1731680274442 -0.016046337467059857 30441472
1731680294708 -0.013622514496819348 30474240
1731680315563 -0.01688026314518538 30507008
1731680336151 -0.01828714731323089 30539776
1731680354556 -0.010164825088577346 30560000
1731680377727 -0.01726268433721998 30605312
1731680398017 -0.015004040467579216 30638080
1731680418085 -0.013371107923330783 30670848
1731680438734 -0.015528162998202788 30703616
1731680456746 -0.01593644928507274 30720000
1731680480607 -0.01732833152971125 30769152
1731680501020 -0.018547180647965435 30801920
1731680521065 -0.016870156571326334 30834688
1731680541691 -0.01886841037812701 30867456
1731680558376 -0.015963515267378624 30880000
1731680586179 -0.01821454988489677 30932992
1731680607829 -0.01679828663820899 30965760
1731680628321 -0.015032163758314709 30998528
1731680648895 -0.013267768318473826 31031296
1731680666656 -0.01581353287301681 31040000
1731680692781 -0.015284054236144585 31096832
1731680713647 -0.014342555693792747 31129600
1731680734384 -0.013388351012827116 31162368
1731680755470 -0.01996214263645015 31195136
1731680771342 -0.015419645566316831 31200000
1731680798520 -0.015791352519499924 31260672
1731680819255 -0.017659578098732708 31293440
1731680839764 -0.014321557010794095 31326208
1731680860209 -0.014285903232712371 31358976
1731680874266 -0.014861802193991025 31360000
1731680900739 -0.01674043104953853 31424512
1731680920886 -0.0014089636667449668 31457280
1731680941291 -0.017431463539440983 31490048
1731680961759 -0.015267308435613813 31520000
1731680984283 -0.015764641521400335 31555584
1731681005515 -0.019194962377287083 31588352
1731681026129 -0.0185447344784734 31621120
1731681046818 -0.01515600913446633 31653888
1731681066280 -0.013469448316345733 31680000
1731681088837 -0.015212763371710025 31719424
1731681109474 -0.012633980827285996 31752192
1731681129956 -0.008336814848962603 31784960
1731681150184 -0.0156285450791529 31817728
1731681168751 -0.011692514717515224 31840000
1731681191270 -0.015640270278208846 31883264
1731681212193 -0.014960129127439359 31916032
1731681232555 -0.011296804151334073 31948800
1731681253011 -0.016505420815292382 31981568
1731681270790 -0.014550146616375059 32000000
1731681296580 -0.015191830861999734 32047104
1731681317377 -0.01698426833340818 32079872
1731681337734 -0.01790203112030895 32112640
1731681358988 -0.015817156248431274 32145408
1731681376275 -0.011165550450687078 32160000
