1731660317317 5940.0 32768
1731660344955 1984.0 65536
1731660374363 1577.0 98304
1731660404275 1419.0 131072
1731660436005 1319.0 163840
1731660464484 1288.0 196608
1731660494445 1255.0 229376
1731660523509 1238.0 262144
1731660553647 1219.0 294912
1731660585660 1197.0 327680
1731660614439 1190.0 360448
1731660644245 1183.0 393216
1731660673860 1176.0 425984
1731660703368 1171.0 458752
1731660735905 1159.0 491520
1731660764561 1158.0 524288
1731660795066 1152.0 557056
1731660826091 1147.0 589824
1731660855229 1145.0 622592
1731660888579 1136.0 655360
1731660916961 1137.0 688128
1731660947448 1134.0 720896
1731660977895 1131.0 753664
1731661006305 1132.0 786432
1731661040989 1123.0 819200
1731661069350 1124.0 851968
1731661099549 1123.0 884736
1731661128809 1123.0 917504
1731661159045 1121.0 950272
1731661189885 1119.0 983040
1731661218444 1120.0 1015808
1731661251578 1115.0 1048576
1731661280252 1116.0 1081344
1731661310384 1115.0 1114112
1731661342622 1112.0 1146880
1731661371213 1113.0 1179648
1731661399787 1114.0 1212416
1731661428776 1114.0 1245184
1731661457573 1115.0 1277952
1731661488473 1114.0 1310720
1731661516888 1114.0 1343488
1731661545457 1115.0 1376256
1731661574117 1116.0 1409024
1731661604852 1114.0 1441792
1731661633297 1115.0 1474560
1731661661706 1116.0 1507328
1731661690739 1116.0 1540096
1731661719085 1117.0 1572864
1731661750603 1115.0 1605632
1731661779222 1116.0 1638400
1731661808404 1116.0 1671168
1731661837657 1116.0 1703936
1731661866283 1117.0 1736704
1731661897652 1115.0 1769472
1731661926066 1116.0 1802240
1731661954482 1117.0 1835008
1731661984700 1116.0 1867776
1731662013946 1116.0 1900544
1731662046130 1114.0 1933312
1731662074966 1115.0 1966080
1731662104289 1115.0 1998848
1731662135001 1114.0 2031616
1731662164149 1114.0 2064384
1731662197412 1112.0 2097152
1731662226720 1112.0 2129920
1731662256028 1112.0 2162688
1731662285271 1112.0 2195456
1731662314823 1112.0 2228224
1731662346100 1111.0 2260992
1731662374770 1112.0 2293760
1731662403761 1112.0 2326528
1731662432885 1112.0 2359296
1731662462309 1112.0 2392064
1731662493689 1111.0 2424832
1731662522569 1111.0 2457600
1731662552340 1111.0 2490368
1731662581089 1111.0 2523136
1731662609921 1112.0 2555904
1731662643551 1110.0 2588672
1731662672207 1110.0 2621440
1731662701186 1110.0 2654208
1731662730059 1111.0 2686976
1731662759556 1111.0 2719744
1731662791427 1110.0 2752512
1731662820347 1110.0 2785280
1731662849233 1110.0 2818048
1731662879624 1110.0 2850816
1731662911019 1109.0 2883584
1731662939414 1109.0 2916352
1731662968310 1110.0 2949120
1731662997387 1110.0 2981888
1731663026626 1110.0 3014656
1731663057572 1109.0 3047424
1731663085919 1110.0 3080192
1731663115374 1110.0 3112960
1731663144299 1110.0 3145728
1731663174058 1110.0 3178496
1731663205522 1109.0 3211264
1731663234256 1110.0 3244032
1731663263301 1110.0 3276800
1731663292256 1110.0 3309568
1731663321608 1110.0 3342336
1731663352774 1109.0 3375104
1731663381301 1110.0 3407872
1731663410916 1110.0 3440640
1731663440312 1110.0 3473408
1731663469822 1110.0 3506176
1731663501102 1109.0 3538944
1731663529570 1109.0 3571712
1731663558788 1110.0 3604480
1731663587779 1110.0 3637248
1731663617430 1110.0 3670016
1731663650746 1108.0 3702784
1731663679534 1109.0 3735552
1731663708183 1109.0 3768320
1731663737413 1109.0 3801088
1731663768039 1109.0 3833856
1731663800753 1108.0 3866624
1731663829962 1108.0 3899392
1731663858721 1108.0 3932160
1731663888129 1108.0 3964928
1731663917672 1108.0 3997696
1731663950653 1107.0 4030464
1731663979924 1107.0 4063232
1731664008754 1107.0 4096000
1731664038442 1107.0 4128768
1731664071851 1106.0 4161536
1731664100753 1106.0 4194304
1731664130335 1106.0 4227072
1731664159381 1107.0 4259840
1731664188493 1107.0 4292608
1731664220556 1106.0 4325376
1731664249259 1106.0 4358144
1731664278082 1107.0 4390912
1731664308614 1106.0 4423680
1731664337371 1107.0 4456448
1731664369063 1106.0 4489216
1731664397643 1106.0 4521984
1731664426352 1106.0 4554752
1731664455877 1106.0 4587520
1731664485525 1106.0 4620288
1731664516917 1106.0 4653056
1731664545806 1106.0 4685824
1731664574551 1106.0 4718592
1731664603692 1107.0 4751360
1731664632419 1107.0 4784128
1731664663392 1106.0 4816896
1731664692359 1107.0 4849664
1731664721895 1107.0 4882432
1731664750824 1107.0 4915200
1731664780334 1107.0 4947968
1731664811483 1106.0 4980736
1731664839818 1107.0 5013504
1731664870501 1106.0 5046272
1731664900232 1106.0 5079040
1731664930184 1106.0 5111808
1731664963151 1106.0 5144576
1731664992008 1106.0 5177344
1731665021525 1106.0 5210112
1731665051736 1106.0 5242880
1731665082426 1105.0 5275648
1731665114274 1105.0 5308416
1731665142998 1105.0 5341184
1731665171836 1105.0 5373952
1731665201465 1105.0 5406720
1731665230473 1105.0 5439488
1731665261435 1105.0 5472256
1731665290960 1105.0 5505024
1731665320915 1105.0 5537792
1731665349842 1105.0 5570560
1731665380555 1105.0 5603328
1731665409169 1105.0 5636096
1731665438202 1105.0 5668864
1731665467118 1105.0 5701632
1731665496053 1106.0 5734400
1731665527518 1105.0 5767168
1731665556099 1105.0 5799936
1731665584709 1106.0 5832704
1731665613558 1106.0 5865472
1731665642649 1106.0 5898240
1731665673548 1106.0 5931008
1731665701799 1106.0 5963776
1731665731077 1106.0 5996544
1731665760457 1106.0 6029312
1731665789381 1106.0 6062080
1731665819635 1106.0 6094848
1731665848191 1106.0 6127616
1731665877150 1106.0 6160384
1731665905808 1107.0 6193152
1731665934238 1107.0 6225920
1731665965566 1106.0 6258688
1731665994185 1107.0 6291456
1731666023249 1107.0 6324224
1731666052517 1107.0 6356992
1731666081323 1107.0 6389760
1731666111860 1107.0 6422528
1731666140307 1107.0 6455296
1731666169210 1107.0 6488064
1731666198426 1107.0 6520832
1731666227085 1107.0 6553600
1731666258085 1107.0 6586368
1731666286383 1107.0 6619136
1731666314980 1108.0 6651904
1731666344185 1108.0 6684672
1731666372949 1108.0 6717440
1731666403902 1108.0 6750208
1731666432373 1108.0 6782976
1731666461294 1108.0 6815744
1731666490191 1108.0 6848512
1731666520707 1108.0 6881280
1731666549611 1108.0 6914048
1731666578575 1108.0 6946816
1731666608008 1108.0 6979584
1731666637435 1108.0 7012352
1731666668100 1108.0 7045120
1731666696595 1108.0 7077888
1731666725954 1108.0 7110656
1731666755097 1108.0 7143424
1731666783921 1108.0 7176192
1731666814959 1108.0 7208960
1731666845157 1108.0 7241728
1731666874736 1108.0 7274496
1731666903636 1108.0 7307264
1731666932619 1108.0 7340032
1731666963756 1108.0 7372800
1731666992892 1108.0 7405568
1731667021865 1108.0 7438336
1731667051524 1108.0 7471104
1731667080579 1108.0 7503872
1731667112993 1108.0 7536640
1731667141779 1108.0 7569408
1731667170985 1108.0 7602176
1731667199901 1108.0 7634944
1731667229182 1108.0 7667712
1731667260545 1108.0 7700480
1731667289226 1108.0 7733248
1731667318141 1108.0 7766016
1731667347039 1108.0 7798784
1731667376498 1108.0 7831552
1731667408668 1108.0 7864320
1731667437479 1108.0 7897088
1731667466835 1108.0 7929856
1731667495823 1108.0 7962624
1731667524826 1108.0 7995392
1731667556642 1108.0 8028160
1731667585565 1108.0 8060928
1731667614617 1108.0 8093696
1731667643759 1108.0 8126464
1731667672899 1108.0 8159232
1731667704375 1108.0 8192000
1731667733217 1108.0 8224768
1731667762565 1108.0 8257536
1731667790938 1108.0 8290304
1731667821796 1108.0 8323072
1731667850415 1108.0 8355840
1731667879537 1108.0 8388608
1731667909894 1108.0 8421376
1731667938669 1108.0 8454144
1731667970261 1108.0 8486912
1731667999734 1108.0 8519680
1731668028927 1108.0 8552448
1731668057750 1108.0 8585216
1731668087177 1108.0 8617984
1731668118305 1108.0 8650752
1731668147503 1108.0 8683520
1731668176655 1108.0 8716288
1731668205865 1108.0 8749056
1731668234724 1108.0 8781824
1731668265846 1108.0 8814592
1731668294982 1108.0 8847360
1731668324199 1108.0 8880128
1731668355165 1108.0 8912896
1731668384832 1108.0 8945664
1731668416356 1107.0 8978432
1731668445714 1107.0 9011200
1731668474741 1107.0 9043968
1731668503929 1108.0 9076736
1731668534010 1107.0 9109504
1731668565321 1107.0 9142272
1731668594102 1107.0 9175040
1731668624419 1107.0 9207808
1731668654566 1107.0 9240576
1731668683650 1107.0 9273344
1731668714729 1107.0 9306112
1731668743947 1107.0 9338880
1731668772968 1107.0 9371648
1731668802784 1107.0 9404416
1731668833068 1107.0 9437184
1731668864932 1107.0 9469952
1731668893989 1107.0 9502720
1731668924019 1107.0 9535488
1731668953528 1107.0 9568256
1731668985609 1106.0 9601024
1731669014765 1106.0 9633792
1731669044611 1106.0 9666560
1731669075060 1106.0 9699328
1731669106926 1106.0 9732096
1731669141493 1105.0 9764864
1731669171116 1105.0 9797632
1731669203249 1105.0 9830400
1731669233943 1105.0 9863168
1731669264248 1105.0 9895936
1731669296436 1105.0 9928704
1731669325489 1105.0 9961472
1731669355104 1105.0 9994240
1731669385131 1105.0 10027008
1731669415224 1105.0 10059776
1731669447491 1104.0 10092544
1731669476612 1104.0 10125312
1731669506570 1104.0 10158080
1731669536729 1104.0 10190848
1731669567090 1104.0 10223616
1731669600301 1104.0 10256384
1731669630257 1104.0 10289152
1731669659862 1104.0 10321920
1731669689893 1104.0 10354688
1731669720120 1104.0 10387456
1731669752085 1103.0 10420224
1731669781745 1103.0 10452992
1731669811848 1103.0 10485760
1731669841863 1103.0 10518528
1731669872194 1103.0 10551296
1731669904138 1103.0 10584064
1731669933398 1103.0 10616832
1731669963940 1103.0 10649600
1731669993510 1103.0 10682368
1731670023344 1103.0 10715136
1731670055541 1103.0 10747904
1731670085112 1103.0 10780672
1731670114876 1103.0 10813440
1731670144877 1103.0 10846208
1731670175270 1102.0 10878976
1731670207447 1102.0 10911744
1731670236571 1102.0 10944512
1731670266419 1102.0 10977280
1731670296380 1102.0 11010048
1731670327874 1102.0 11042816
1731670357302 1102.0 11075584
1731670387592 1102.0 11108352
1731670417594 1102.0 11141120
1731670447623 1102.0 11173888
1731670478994 1102.0 11206656
1731670508244 1102.0 11239424
1731670538312 1102.0 11272192
1731670567911 1102.0 11304960
1731670598066 1102.0 11337728
1731670629630 1102.0 11370496
1731670658485 1102.0 11403264
1731670688854 1102.0 11436032
1731670718595 1102.0 11468800
1731670748535 1102.0 11501568
1731670779942 1101.0 11534336
1731670809389 1101.0 11567104
1731670839125 1101.0 11599872
1731670868909 1101.0 11632640
1731670898409 1101.0 11665408
1731670929515 1101.0 11698176
1731670958528 1101.0 11730944
1731670988477 1101.0 11763712
1731671017891 1101.0 11796480
1731671047807 1101.0 11829248
1731671078608 1101.0 11862016
1731671107974 1101.0 11894784
1731671137333 1101.0 11927552
1731671166947 1101.0 11960320
1731671196315 1101.0 11993088
1731671227539 1101.0 12025856
1731671256267 1101.0 12058624
1731671285498 1101.0 12091392
1731671315460 1101.0 12124160
1731671345082 1101.0 12156928
1731671376156 1101.0 12189696
1731671405115 1101.0 12222464
1731671434614 1101.0 12255232
1731671464440 1101.0 12288000
1731671495604 1101.0 12320768
1731671524665 1101.0 12353536
1731671553959 1101.0 12386304
1731671583492 1101.0 12419072
1731671612955 1101.0 12451840
1731671643530 1101.0 12484608
1731671672580 1101.0 12517376
1731671702380 1101.0 12550144
1731671731517 1101.0 12582912
1731671761297 1101.0 12615680
1731671792887 1101.0 12648448
1731671821564 1101.0 12681216
1731671850762 1101.0 12713984
1731671880186 1101.0 12746752
1731671909989 1101.0 12779520
1731671940903 1101.0 12812288
1731671969855 1101.0 12845056
1731671999015 1101.0 12877824
1731672029214 1101.0 12910592
1731672059870 1101.0 12943360
1731672090877 1101.0 12976128
1731672119931 1101.0 13008896
1731672148995 1101.0 13041664
1731672178259 1101.0 13074432
1731672207643 1101.0 13107200
1731672239152 1101.0 13139968
1731672268168 1101.0 13172736
1731672297488 1101.0 13205504
1731672327019 1101.0 13238272
1731672356234 1101.0 13271040
1731672387451 1101.0 13303808
1731672416431 1101.0 13336576
1731672445561 1101.0 13369344
1731672475041 1101.0 13402112
1731672505713 1101.0 13434880
1731672536545 1101.0 13467648
1731672565777 1101.0 13500416
1731672595216 1101.0 13533184
1731672624509 1101.0 13565952
1731672654156 1101.0 13598720
1731672685748 1101.0 13631488
1731672715083 1101.0 13664256
1731672744704 1101.0 13697024
1731672776568 1101.0 13729792
1731672807989 1101.0 13762560
1731672837259 1101.0 13795328
1731672866547 1101.0 13828096
1731672895597 1101.0 13860864
1731672925029 1101.0 13893632
1731672956495 1101.0 13926400
1731672985886 1101.0 13959168
1731673015369 1101.0 13991936
1731673044656 1101.0 14024704
1731673073696 1101.0 14057472
1731673104234 1101.0 14090240
1731673133602 1101.0 14123008
1731673163091 1101.0 14155776
1731673192603 1101.0 14188544
1731673222466 1101.0 14221312
1731673253784 1101.0 14254080
1731673283200 1101.0 14286848
1731673312955 1101.0 14319616
1731673342409 1101.0 14352384
1731673371589 1101.0 14385152
1731673402418 1101.0 14417920
1731673432299 1101.0 14450688
1731673462765 1101.0 14483456
1731673492789 1101.0 14516224
1731673522479 1101.0 14548992
1731673553103 1101.0 14581760
1731673582639 1101.0 14614528
1731673612694 1101.0 14647296
1731673643799 1101.0 14680064
1731673673119 1101.0 14712832
1731673703723 1101.0 14745600
1731673732790 1101.0 14778368
1731673765281 1100.0 14811136
1731673795437 1100.0 14843904
1731673825143 1100.0 14876672
1731673855746 1100.0 14909440
1731673884826 1100.0 14942208
1731673914003 1100.0 14974976
1731673943620 1100.0 15007744
1731673974999 1100.0 15040512
1731674003926 1100.0 15073280
1731674033424 1100.0 15106048
1731674063459 1100.0 15138816
1731674093414 1100.0 15171584
1731674124803 1100.0 15204352
1731674154099 1100.0 15237120
1731674183314 1100.0 15269888
1731674212620 1100.0 15302656
1731674242645 1100.0 15335424
1731674273796 1100.0 15368192
1731674303215 1100.0 15400960
1731674332867 1100.0 15433728
1731674362561 1100.0 15466496
1731674392058 1100.0 15499264
1731674423067 1100.0 15532032
1731674452225 1100.0 15564800
1731674481680 1100.0 15597568
1731674511289 1100.0 15630336
1731674541019 1100.0 15663104
1731674571917 1100.0 15695872
1731674601264 1100.0 15728640
1731674630656 1100.0 15761408
1731674660097 1100.0 15794176
1731674691763 1100.0 15826944
1731674722879 1100.0 15859712
1731674751957 1100.0 15892480
1731674781152 1100.0 15925248
1731674810543 1100.0 15958016
1731674840412 1100.0 15990784
1731674872047 1100.0 16023552
1731674901403 1100.0 16056320
1731674930862 1100.0 16089088
1731674960076 1100.0 16121856
1731674990157 1100.0 16154624
1731675020574 1100.0 16187392
1731675050585 1100.0 16220160
1731675079695 1100.0 16252928
1731675109064 1100.0 16285696
1731675138338 1100.0 16318464
1731675169127 1100.0 16351232
1731675198297 1100.0 16384000
1731675227393 1100.0 16416768
1731675256535 1100.0 16449536
1731675287311 1100.0 16482304
1731675317377 1100.0 16515072
1731675346170 1100.0 16547840
1731675375973 1100.0 16580608
1731675405019 1100.0 16613376
1731675435873 1100.0 16646144
1731675465318 1100.0 16678912
1731675495451 1100.0 16711680
1731675525365 1100.0 16744448
1731675555131 1100.0 16777216
1731675585822 1100.0 16809984
1731675614872 1100.0 16842752
1731675644213 1100.0 16875520
1731675673637 1100.0 16908288
1731675702509 1100.0 16941056
1731675733158 1100.0 16973824
1731675762528 1100.0 17006592
1731675792269 1100.0 17039360
1731675821615 1100.0 17072128
1731675851590 1100.0 17104896
1731675882308 1100.0 17137664
1731675911467 1100.0 17170432
1731675940858 1100.0 17203200
1731675970710 1100.0 17235968
1731676000744 1100.0 17268736
1731676032282 1100.0 17301504
1731676061207 1100.0 17334272
1731676091240 1100.0 17367040
1731676120452 1100.0 17399808
1731676149522 1100.0 17432576
1731676180007 1100.0 17465344
1731676209112 1100.0 17498112
1731676238392 1100.0 17530880
1731676268282 1100.0 17563648
1731676297786 1100.0 17596416
1731676329153 1100.0 17629184
1731676358278 1100.0 17661952
1731676386967 1100.0 17694720
1731676416748 1100.0 17727488
1731676448102 1100.0 17760256
1731676477214 1100.0 17793024
1731676507007 1100.0 17825792
1731676536389 1100.0 17858560
1731676565748 1100.0 17891328
1731676597436 1100.0 17924096
1731676626813 1100.0 17956864
1731676656308 1100.0 17989632
1731676686071 1100.0 18022400
1731676715746 1100.0 18055168
1731676747873 1100.0 18087936
1731676776818 1100.0 18120704
1731676806543 1100.0 18153472
1731676835959 1100.0 18186240
1731676865107 1100.0 18219008
1731676897652 1100.0 18251776
1731676927015 1100.0 18284544
1731676956315 1100.0 18317312
1731676985736 1100.0 18350080
1731677015390 1100.0 18382848
1731677046240 1100.0 18415616
1731677075179 1100.0 18448384
1731677104696 1100.0 18481152
1731677134544 1100.0 18513920
1731677163920 1100.0 18546688
1731677194502 1100.0 18579456
1731677223636 1100.0 18612224
1731677252977 1100.0 18644992
1731677281937 1100.0 18677760
1731677310919 1100.0 18710528
1731677341922 1100.0 18743296
1731677370791 1100.0 18776064
1731677400138 1100.0 18808832
1731677431434 1100.0 18841600
1731677461034 1100.0 18874368
1731677491690 1100.0 18907136
1731677520441 1100.0 18939904
1731677550040 1100.0 18972672
1731677580510 1100.0 19005440
1731677610534 1100.0 19038208
1731677641320 1100.0 19070976
1731677670366 1100.0 19103744
1731677699791 1100.0 19136512
1731677730667 1100.0 19169280
1731677761540 1100.0 19202048
1731677791325 1100.0 19234816
1731677821082 1100.0 19267584
1731677851191 1100.0 19300352
1731677882604 1100.0 19333120
1731677913814 1100.0 19365888
1731677943148 1100.0 19398656
1731677972723 1100.0 19431424
1731678002154 1100.0 19464192
1731678031210 1100.0 19496960
1731678062380 1100.0 19529728
1731678091830 1100.0 19562496
1731678121064 1100.0 19595264
1731678150826 1100.0 19628032
1731678180745 1100.0 19660800
1731678211596 1100.0 19693568
1731678240313 1100.0 19726336
1731678269615 1100.0 19759104
1731678299937 1100.0 19791872
1731678329807 1100.0 19824640
1731678361105 1100.0 19857408
1731678390402 1100.0 19890176
1731678420086 1100.0 19922944
1731678449779 1100.0 19955712
1731678479578 1100.0 19988480
1731678510695 1100.0 20021248
1731678539970 1100.0 20054016
1731678569431 1100.0 20086784
1731678599249 1100.0 20119552
1731678628960 1100.0 20152320
1731678659651 1100.0 20185088
1731678689942 1100.0 20217856
1731678722856 1099.0 20250624
1731678755302 1099.0 20283392
1731678787716 1099.0 20316160
1731678824794 1099.0 20348928
1731678855535 1099.0 20381696
1731678888809 1098.0 20414464
1731678923461 1098.0 20447232
1731678968294 1097.0 20480000
1731678998801 1097.0 20512768
1731679034609 1097.0 20545536
1731679065247 1097.0 20578304
1731679094801 1097.0 20611072
1731679126434 1097.0 20643840
1731679155727 1097.0 20676608
1731679184698 1097.0 20709376
1731679214364 1097.0 20742144
1731679244203 1097.0 20774912
1731679275704 1097.0 20807680
1731679305143 1097.0 20840448
1731679335127 1097.0 20873216
1731679367198 1097.0 20905984
1731679396771 1097.0 20938752
1731679427896 1097.0 20971520
1731679456922 1097.0 21004288
1731679486229 1097.0 21037056
1731679515996 1097.0 21069824
1731679545421 1097.0 21102592
1731679577440 1097.0 21135360
1731679606955 1097.0 21168128
1731679636325 1097.0 21200896
1731679666060 1097.0 21233664
1731679696930 1097.0 21266432
1731679727887 1096.0 21299200
1731679756991 1097.0 21331968
1731679786757 1097.0 21364736
1731679816357 1097.0 21397504
1731679845798 1097.0 21430272
1731679876248 1097.0 21463040
1731679905135 1097.0 21495808
1731679935389 1097.0 21528576
1731679965116 1097.0 21561344
1731679995257 1097.0 21594112
1731680025772 1097.0 21626880
1731680055036 1097.0 21659648
1731680084804 1097.0 21692416
1731680114588 1097.0 21725184
1731680144443 1097.0 21757952
1731680175463 1097.0 21790720
1731680204973 1097.0 21823488
1731680235013 1097.0 21856256
1731680264455 1097.0 21889024
1731680295600 1096.0 21921792
1731680325147 1096.0 21954560
1731680354705 1097.0 21987328
1731680384525 1097.0 22020096
1731680414695 1097.0 22052864
1731680445530 1096.0 22085632
1731680474686 1096.0 22118400
1731680504158 1097.0 22151168
1731680533414 1097.0 22183936
1731680564886 1097.0 22216704
1731680596836 1096.0 22249472
1731680626303 1096.0 22282240
1731680656038 1096.0 22315008
1731680685276 1096.0 22347776
1731680714328 1096.0 22380544
1731680745631 1096.0 22413312
1731680775410 1096.0 22446080
1731680805230 1096.0 22478848
1731680834934 1096.0 22511616
1731680864593 1096.0 22544384
1731680900140 1096.0 22577152
1731680929376 1096.0 22609920
1731680959317 1096.0 22642688
1731680989235 1096.0 22675456
1731681020297 1096.0 22708224
1731681052207 1096.0 22740992
1731681081521 1096.0 22773760
1731681111273 1096.0 22806528
1731681141041 1096.0 22839296
1731681170501 1096.0 22872064
1731681201848 1096.0 22904832
1731681231207 1096.0 22937600
1731681260908 1096.0 22970368
1731681290971 1096.0 23003136
1731681321149 1096.0 23035904
1731681353604 1096.0 23068672
1731681383005 1096.0 23101440
1731681412882 1096.0 23134208
1731681442799 1096.0 23166976
1731681472744 1096.0 23199744
1731681502899 1096.0 23232512
1731681532302 1096.0 23265280
1731681561652 1096.0 23298048
1731681592871 1096.0 23330816
1731681624293 1096.0 23363584
1731681653401 1096.0 23396352
1731681683010 1096.0 23429120
1731681712764 1096.0 23461888
1731681742343 1096.0 23494656
1731681772875 1096.0 23527424
1731681803514 1096.0 23560192
1731681832950 1096.0 23592960
1731681862311 1096.0 23625728
1731681891808 1096.0 23658496
1731681922959 1096.0 23691264
1731681952367 1096.0 23724032
1731681982383 1096.0 23756800
1731682011605 1096.0 23789568
1731682041991 1096.0 23822336
1731682073918 1096.0 23855104
1731682105481 1096.0 23887872
1731682135781 1096.0 23920640
1731682165449 1096.0 23953408
1731682195014 1096.0 23986176
1731682227057 1095.0 24018944
1731682256299 1096.0 24051712
1731682286198 1096.0 24084480
1731682315643 1096.0 24117248
1731682345074 1096.0 24150016
1731682375785 1096.0 24182784
1731682405002 1096.0 24215552
1731682434477 1096.0 24248320
1731682463829 1096.0 24281088
1731682493254 1096.0 24313856
1731682523904 1096.0 24346624
1731682553104 1096.0 24379392
1731682582704 1096.0 24412160
1731682612391 1096.0 24444928
1731682641911 1096.0 24477696
1731682672795 1096.0 24510464
1731682702077 1096.0 24543232
1731682731711 1096.0 24576000
1731682761426 1096.0 24608768
1731682792394 1096.0 24641536
1731682821453 1096.0 24674304
1731682850972 1096.0 24707072
1731682880410 1096.0 24739840
1731682909753 1096.0 24772608
1731682940471 1096.0 24805376
1731682969888 1096.0 24838144
1731682999201 1096.0 24870912
1731683028626 1096.0 24903680
1731683058360 1096.0 24936448
1731683088890 1096.0 24969216
1731683118435 1096.0 25001984
1731683147842 1096.0 25034752
1731683177143 1096.0 25067520
1731683206760 1096.0 25100288
1731683238502 1096.0 25133056
1731683267809 1096.0 25165824
1731683297084 1096.0 25198592
1731683326201 1096.0 25231360
1731683355556 1096.0 25264128
1731683386159 1096.0 25296896
1731683415155 1096.0 25329664
1731683444646 1096.0 25362432
1731683473879 1096.0 25395200
1731683503306 1096.0 25427968
1731683534344 1096.0 25460736
1731683563667 1096.0 25493504
1731683593104 1096.0 25526272
1731683622220 1096.0 25559040
1731683651360 1096.0 25591808
1731683682069 1096.0 25624576
1731683711256 1096.0 25657344
1731683741020 1096.0 25690112
1731683770654 1096.0 25722880
1731683799833 1096.0 25755648
1731683830208 1096.0 25788416
1731683859198 1096.0 25821184
1731683888658 1096.0 25853952
1731683917883 1096.0 25886720
1731683947313 1096.0 25919488
1731683978781 1096.0 25952256
1731684008601 1096.0 25985024
1731684037988 1096.0 26017792
1731684067509 1096.0 26050560
1731684099202 1096.0 26083328
1731684128748 1096.0 26116096
1731684158665 1096.0 26148864
1731684188381 1096.0 26181632
1731684217999 1096.0 26214400
1731684248291 1096.0 26247168
1731684277246 1096.0 26279936
1731684306635 1096.0 26312704
1731684336306 1096.0 26345472
1731684366310 1096.0 26378240
1731684396822 1096.0 26411008
1731684426281 1096.0 26443776
1731684456289 1096.0 26476544
1731684486121 1096.0 26509312
1731684515305 1096.0 26542080
1731684546512 1096.0 26574848
1731684576518 1096.0 26607616
1731684606013 1096.0 26640384
1731684635487 1096.0 26673152
1731684665032 1096.0 26705920
1731684695995 1096.0 26738688
1731684725257 1096.0 26771456
1731684754849 1096.0 26804224
1731684785272 1096.0 26836992
1731684814946 1096.0 26869760
1731684846414 1096.0 26902528
1731684876193 1096.0 26935296
1731684906028 1096.0 26968064
1731684935584 1096.0 27000832
1731684965310 1096.0 27033600
1731684996043 1096.0 27066368
1731685025368 1096.0 27099136
1731685054968 1096.0 27131904
1731685084626 1096.0 27164672
1731685114296 1096.0 27197440
1731685145888 1096.0 27230208
1731685175151 1096.0 27262976
1731685204915 1096.0 27295744
1731685234720 1096.0 27328512
1731685265338 1096.0 27361280
1731685294417 1096.0 27394048
1731685324006 1096.0 27426816
1731685353387 1096.0 27459584
1731685382616 1096.0 27492352
1731685413318 1096.0 27525120
1731685442325 1096.0 27557888
1731685471886 1096.0 27590656
1731685501941 1096.0 27623424
1731685531711 1096.0 27656192
1731685562732 1096.0 27688960
1731685592341 1096.0 27721728
1731685621940 1096.0 27754496
1731685651784 1096.0 27787264
1731685681916 1096.0 27820032
1731685712548 1096.0 27852800
1731685742112 1096.0 27885568
1731685771765 1096.0 27918336
1731685801422 1096.0 27951104
1731685830956 1096.0 27983872
1731685861572 1096.0 28016640
1731685890919 1096.0 28049408
1731685923859 1096.0 28082176
1731685952905 1096.0 28114944
1731685982670 1096.0 28147712
1731686014054 1096.0 28180480
1731686043371 1096.0 28213248
1731686072857 1096.0 28246016
1731686103104 1096.0 28278784
1731686131708 1096.0 28311552
1731686163316 1096.0 28344320
1731686192895 1096.0 28377088
1731686222346 1096.0 28409856
1731686251995 1096.0 28442624
1731686281384 1096.0 28475392
1731686312361 1096.0 28508160
1731686341805 1096.0 28540928
1731686371564 1096.0 28573696
1731686401156 1096.0 28606464
1731686430878 1096.0 28639232
1731686463493 1096.0 28672000
1731686492824 1096.0 28704768
1731686522318 1096.0 28737536
1731686551967 1096.0 28770304
1731686582889 1096.0 28803072
1731686612172 1096.0 28835840
1731686641490 1096.0 28868608
1731686670973 1096.0 28901376
1731686700841 1096.0 28934144
1731686731719 1096.0 28966912
1731686760962 1096.0 28999680
1731686790422 1096.0 29032448
1731686820612 1096.0 29065216
1731686850436 1096.0 29097984
1731686881650 1096.0 29130752
1731686910303 1096.0 29163520
1731686939381 1096.0 29196288
1731686968925 1096.0 29229056
1731686997778 1096.0 29261824
1731687028858 1096.0 29294592
1731687058099 1096.0 29327360
1731687087490 1096.0 29360128
1731687116798 1096.0 29392896
1731687146106 1096.0 29425664
1731687177498 1096.0 29458432
1731687206898 1096.0 29491200
1731687236983 1096.0 29523968
1731687266925 1096.0 29556736
1731687297382 1096.0 29589504
1731687328626 1096.0 29622272
1731687358096 1096.0 29655040
1731687387848 1096.0 29687808
1731687417556 1096.0 29720576
1731687448744 1096.0 29753344
1731687480264 1096.0 29786112
1731687512014 1096.0 29818880
1731687541662 1096.0 29851648
1731687571436 1096.0 29884416
1731687600786 1096.0 29917184
1731687632975 1096.0 29949952
1731687663668 1096.0 29982720
1731687693409 1096.0 30015488
1731687723019 1096.0 30048256
1731687754093 1096.0 30081024
1731687783081 1096.0 30113792
1731687812793 1096.0 30146560
1731687842189 1096.0 30179328
1731687876850 1096.0 30212096
1731687912626 1095.0 30244864
1731687944574 1095.0 30277632
1731687974931 1095.0 30310400
1731688004463 1095.0 30343168
1731688034253 1095.0 30375936
1731688065815 1095.0 30408704
1731688095171 1095.0 30441472
1731688124930 1095.0 30474240
1731688154863 1095.0 30507008
1731688184537 1095.0 30539776
1731688215353 1095.0 30572544
1731688245037 1095.0 30605312
1731688282528 1095.0 30638080
1731688314183 1095.0 30670848
1731688343220 1095.0 30703616
1731688375710 1095.0 30736384
1731688404508 1095.0 30769152
1731688434161 1095.0 30801920
1731688463554 1095.0 30834688
1731688492972 1095.0 30867456
1731688523645 1095.0 30900224
1731688552949 1095.0 30932992
1731688582648 1095.0 30965760
1731688612295 1095.0 30998528
1731688642041 1095.0 31031296
1731688673548 1095.0 31064064
1731688702648 1095.0 31096832
1731688732090 1095.0 31129600
1731688761333 1095.0 31162368
1731688790904 1095.0 31195136
1731688821812 1095.0 31227904
1731688851031 1095.0 31260672
1731688880476 1095.0 31293440
1731688910014 1095.0 31326208
1731688939689 1095.0 31358976
1731688973946 1095.0 31391744
1731689003134 1095.0 31424512
1731689032571 1095.0 31457280
1731689061948 1095.0 31490048
1731689092537 1095.0 31522816
1731689121819 1095.0 31555584
1731689151717 1095.0 31588352
1731689181256 1095.0 31621120
1731689210646 1095.0 31653888
1731689241824 1095.0 31686656
1731689271139 1095.0 31719424
1731689300937 1095.0 31752192
1731689330778 1095.0 31784960
1731689360512 1095.0 31817728
1731689391988 1095.0 31850496
1731689421304 1095.0 31883264
1731689451068 1095.0 31916032
1731689480798 1095.0 31948800
1731689510052 1095.0 31981568
1731689540975 1095.0 32014336
1731689570121 1095.0 32047104
1731689599186 1095.0 32079872
1731689629355 1095.0 32112640
1731689658804 1095.0 32145408
1731689690324 1095.0 32178176
1731689719807 1095.0 32210944
1731689749827 1095.0 32243712
1731689779643 1095.0 32276480
1731689811829 1095.0 32309248
1731689843416 1095.0 32342016
1731689872891 1095.0 32374784
1731689902917 1095.0 32407552
1731689932765 1095.0 32440320
1731689962182 1095.0 32473088
1731689993235 1095.0 32505856
1731690022824 1095.0 32538624
1731690052815 1095.0 32571392
1731690083393 1095.0 32604160
1731690113038 1095.0 32636928
1731690144659 1095.0 32669696
1731690173927 1095.0 32702464
1731690204223 1095.0 32735232
1731690234237 1095.0 32768000
1731690267370 1095.0 32800768
1731690298061 1094.0 32833536
1731690327729 1094.0 32866304
1731690357513 1094.0 32899072
1731690387964 1094.0 32931840
1731690419665 1094.0 32964608
1731690449238 1094.0 32997376
1731690479039 1094.0 33030144
1731690508766 1094.0 33062912
1731690538868 1094.0 33095680
1731690569908 1094.0 33128448
1731690600609 1094.0 33161216
1731690631263 1094.0 33193984
1731690660882 1094.0 33226752
1731690690935 1094.0 33259520
1731690722339 1094.0 33292288
1731690751399 1094.0 33325056
1731690781090 1094.0 33357824
1731690810850 1094.0 33390592
1731690840885 1094.0 33423360
1731690875741 1094.0 33456128
1731690906321 1094.0 33488896
1731690936771 1094.0 33521664
1731690966475 1094.0 33554432
1731690995865 1094.0 33587200
1731691027194 1094.0 33619968
1731691056446 1094.0 33652736
1731691086048 1094.0 33685504
1731691116339 1094.0 33718272
1731691146571 1094.0 33751040
1731691178212 1094.0 33783808
1731691207735 1094.0 33816576
1731691237569 1094.0 33849344
1731691267733 1094.0 33882112
1731691297421 1094.0 33914880
1731691330420 1094.0 33947648
1731691359953 1094.0 33980416
1731691390280 1094.0 34013184
1731691419917 1094.0 34045952
1731691452175 1094.0 34078720
1731691484910 1094.0 34111488
1731691514534 1094.0 34144256
1731691544551 1094.0 34177024
1731691574684 1094.0 34209792
1731691606529 1094.0 34242560
1731691636665 1094.0 34275328
1731691666957 1094.0 34308096
1731691697370 1094.0 34340864
1731691727628 1094.0 34373632
1731691762735 1093.0 34406400
1731691792226 1093.0 34439168
1731691822693 1093.0 34471936
1731691853140 1093.0 34504704
1731691884124 1093.0 34537472
1731691916823 1093.0 34570240
1731691946263 1093.0 34603008
1731691976491 1093.0 34635776
1731692006774 1093.0 34668544
1731692037209 1093.0 34701312
1731692069744 1093.0 34734080
1731692098918 1093.0 34766848
1731692128785 1093.0 34799616
1731692158594 1093.0 34832384
1731692189283 1093.0 34865152
1731692224734 1093.0 34897920
1731692254369 1093.0 34930688
1731692285714 1093.0 34963456
1731692315887 1093.0 34996224
1731692345371 1093.0 35028992
1731692376850 1093.0 35061760
1731692406182 1093.0 35094528
1731692435789 1093.0 35127296
1731692466411 1093.0 35160064
1731692496529 1093.0 35192832
1731692527316 1093.0 35225600
1731692556886 1093.0 35258368
1731692586648 1093.0 35291136
1731692617846 1093.0 35323904
1731692647445 1093.0 35356672
1731692678911 1093.0 35389440
1731692711866 1093.0 35422208
1731692742346 1093.0 35454976
1731692772124 1093.0 35487744
1731692806564 1093.0 35520512
1731692835950 1093.0 35553280
1731692866049 1093.0 35586048
1731692896016 1093.0 35618816
1731692926264 1093.0 35651584
1731692959367 1093.0 35684352
1731692989429 1093.0 35717120
1731693019888 1092.0 35749888
1731693049982 1092.0 35782656
1731693080496 1092.0 35815424
1731693112493 1092.0 35848192
1731693142096 1092.0 35880960
1731693173244 1092.0 35913728
1731693203529 1092.0 35946496
1731693233967 1092.0 35979264
1731693266122 1092.0 36012032
1731693295753 1092.0 36044800
1731693326590 1092.0 36077568
1731693356680 1092.0 36110336
1731693386250 1092.0 36143104
1731693418178 1092.0 36175872
1731693448181 1092.0 36208640
1731693478105 1092.0 36241408
1731693508096 1092.0 36274176
1731693538090 1092.0 36306944
1731693569857 1092.0 36339712
1731693599095 1092.0 36372480
1731693629441 1092.0 36405248
1731693660588 1092.0 36438016
1731693690140 1092.0 36470784
1731693721337 1092.0 36503552
1731693750617 1092.0 36536320
1731693779887 1092.0 36569088
1731693809277 1092.0 36601856
1731693838791 1092.0 36634624
1731693869932 1092.0 36667392
1731693899262 1092.0 36700160
1731693929206 1092.0 36732928
1731693958892 1092.0 36765696
1731693988922 1092.0 36798464
1731694019975 1092.0 36831232
1731694050064 1092.0 36864000
1731694079317 1092.0 36896768
1731694108819 1092.0 36929536
1731694139818 1092.0 36962304
1731694169144 1092.0 36995072
1731694198593 1092.0 37027840
1731694228067 1092.0 37060608
1731694257605 1092.0 37093376
1731694288628 1092.0 37126144
1731694318140 1092.0 37158912
1731694348157 1092.0 37191680
1731694377981 1092.0 37224448
1731694407242 1092.0 37257216
1731694438042 1092.0 37289984
1731694467558 1092.0 37322752
1731694497113 1092.0 37355520
1731694526783 1092.0 37388288
1731694556145 1092.0 37421056
1731694587796 1092.0 37453824
1731694617021 1092.0 37486592
1731694646991 1092.0 37519360
1731694676543 1092.0 37552128
1731694705949 1092.0 37584896
1731694737549 1092.0 37617664
1731694766635 1092.0 37650432
1731694795804 1092.0 37683200
1731694825490 1092.0 37715968
1731694855148 1092.0 37748736
1731694886422 1092.0 37781504
1731694915656 1092.0 37814272
1731694945375 1092.0 37847040
1731694975647 1092.0 37879808
1731695005664 1092.0 37912576
1731695036444 1092.0 37945344
1731695065563 1092.0 37978112
1731695095055 1092.0 38010880
1731695125363 1092.0 38043648
1731695155101 1092.0 38076416
1731695186509 1092.0 38109184
1731695215999 1092.0 38141952
1731695245629 1092.0 38174720
1731695275481 1092.0 38207488
1731695306820 1092.0 38240256
1731695336561 1092.0 38273024
1731695366353 1092.0 38305792
1731695396036 1092.0 38338560
1731695425932 1092.0 38371328
1731695456542 1092.0 38404096
1731695485836 1092.0 38436864
1731695515665 1092.0 38469632
1731695545677 1092.0 38502400
1731695575868 1092.0 38535168
1731695607454 1092.0 38567936
1731695636843 1092.0 38600704
1731695666894 1092.0 38633472
1731695696617 1092.0 38666240
1731695725955 1092.0 38699008
1731695761212 1092.0 38731776
1731695790890 1092.0 38764544
1731695820524 1092.0 38797312
1731695850082 1092.0 38830080
1731695879399 1092.0 38862848
1731695910435 1092.0 38895616
1731695940198 1092.0 38928384
1731695970439 1092.0 38961152
1731696001169 1092.0 38993920
1731696031114 1092.0 39026688
1731696061434 1092.0 39059456
1731696091264 1092.0 39092224
1731696121051 1092.0 39124992
1731696150834 1092.0 39157760
1731696180242 1092.0 39190528
1731696211305 1092.0 39223296
1731696241138 1092.0 39256064
1731696270908 1092.0 39288832
1731696301094 1092.0 39321600
1731696331021 1092.0 39354368
1731696362520 1092.0 39387136
1731696392097 1092.0 39419904
1731696422032 1092.0 39452672
1731696451740 1092.0 39485440
1731696481286 1092.0 39518208
1731696513372 1092.0 39550976
1731696542925 1092.0 39583744
1731696573043 1092.0 39616512
1731696602641 1092.0 39649280
1731696633660 1092.0 39682048
1731696662677 1092.0 39714816
1731696692834 1092.0 39747584
1731696722492 1092.0 39780352
1731696752476 1092.0 39813120
1731696783091 1092.0 39845888
1731696812675 1092.0 39878656
1731696842325 1092.0 39911424
1731696872501 1092.0 39944192
1731696902717 1092.0 39976960
1731696934349 1092.0 40009728
1731696963879 1092.0 40042496
1731696993609 1092.0 40075264
1731697023365 1092.0 40108032
1731697053403 1092.0 40140800
1731697084614 1092.0 40173568
1731697114390 1092.0 40206336
1731697144617 1092.0 40239104
1731697174679 1092.0 40271872
1731697204682 1092.0 40304640
1731697236173 1092.0 40337408
1731697265590 1092.0 40370176
1731697295583 1092.0 40402944
1731697325596 1092.0 40435712
1731697355389 1092.0 40468480
1731697386996 1092.0 40501248
1731697416824 1092.0 40534016
1731697446950 1092.0 40566784
1731697477143 1092.0 40599552
1731697507183 1092.0 40632320
1731697538300 1092.0 40665088
1731697567707 1092.0 40697856
1731697597486 1092.0 40730624
1731697627407 1092.0 40763392
1731697657393 1092.0 40796160
1731697688497 1092.0 40828928
1731697717893 1092.0 40861696
1731697747811 1092.0 40894464
1731697778159 1092.0 40927232
1731697809066 1092.0 40960000
1731697838625 1092.0 40992768
1731697868167 1092.0 41025536
1731697897994 1092.0 41058304
1731697927991 1092.0 41091072
1731697959275 1092.0 41123840
1731697988967 1092.0 41156608
1731698018674 1092.0 41189376
1731698048624 1092.0 41222144
1731698079044 1092.0 41254912
1731698110381 1092.0 41287680
1731698139834 1092.0 41320448
1731698170119 1092.0 41353216
1731698199773 1092.0 41385984
1731698229406 1092.0 41418752
1731698260447 1092.0 41451520
1731698289814 1092.0 41484288
1731698319502 1092.0 41517056
1731698349297 1092.0 41549824
1731698379365 1092.0 41582592
1731698410454 1092.0 41615360
1731698440337 1092.0 41648128
1731698470275 1092.0 41680896
1731698500456 1092.0 41713664
1731698530479 1092.0 41746432
1731698562012 1092.0 41779200
1731698591704 1092.0 41811968
1731698621462 1092.0 41844736
1731698651070 1092.0 41877504
1731698680836 1092.0 41910272
1731698712135 1092.0 41943040
1731698741485 1092.0 41975808
1731698772302 1092.0 42008576
1731698802310 1092.0 42041344
1731698833052 1092.0 42074112
1731698864425 1092.0 42106880
1731698893825 1092.0 42139648
1731698923525 1092.0 42172416
1731698953452 1092.0 42205184
1731698983474 1092.0 42237952
1731699014313 1092.0 42270720
1731699043920 1092.0 42303488
1731699073728 1092.0 42336256
1731699103772 1092.0 42369024
1731699135015 1092.0 42401792
1731699164517 1092.0 42434560
1731699194350 1092.0 42467328
1731699223732 1092.0 42500096
1731699254357 1092.0 42532864
1731699285256 1092.0 42565632
1731699314894 1092.0 42598400
1731699344597 1092.0 42631168
1731699374559 1092.0 42663936
1731699404097 1092.0 42696704
1731699436027 1092.0 42729472
1731699465761 1092.0 42762240
1731699495237 1092.0 42795008
1731699524910 1092.0 42827776
1731699554634 1092.0 42860544
1731699586067 1092.0 42893312
1731699615663 1092.0 42926080
1731699645620 1092.0 42958848
1731699675386 1092.0 42991616
1731699705693 1092.0 43024384
1731699736589 1092.0 43057152
1731699766442 1092.0 43089920
1731699796169 1092.0 43122688
1731699825768 1092.0 43155456
1731699855370 1092.0 43188224
1731699886322 1092.0 43220992
1731699915878 1092.0 43253760
1731699945710 1092.0 43286528
1731699980316 1092.0 43319296
1731700011040 1092.0 43352064
1731700042474 1091.0 43384832
1731700072048 1091.0 43417600
1731700101709 1091.0 43450368
1731700131457 1091.0 43483136
1731700161182 1092.0 43515904
1731700194606 1091.0 43548672
1731700224044 1091.0 43581440
1731700254087 1091.0 43614208
1731700284776 1091.0 43646976
1731700314529 1091.0 43679744
1731700346453 1091.0 43712512
1731700376493 1091.0 43745280
1731700406663 1091.0 43778048
1731700436975 1091.0 43810816
1731700468144 1091.0 43843584
1731700497873 1091.0 43876352
1731700528029 1091.0 43909120
1731700557828 1091.0 43941888
1731700587770 1091.0 43974656
1731700618495 1091.0 44007424
1731700648077 1091.0 44040192
1731700677845 1091.0 44072960
1731700707617 1091.0 44105728
1731700737184 1091.0 44138496
1731700768319 1091.0 44171264
1731700798267 1091.0 44204032
1731700828040 1091.0 44236800
1731700857717 1091.0 44269568
1731700887538 1091.0 44302336
1731700919562 1091.0 44335104
1731700948891 1091.0 44367872
1731700978981 1091.0 44400640
1731701008944 1091.0 44433408
1731701040130 1091.0 44466176
1731701071975 1091.0 44498944
1731701101739 1091.0 44531712
1731701131923 1091.0 44564480
1731701162206 1091.0 44597248
1731701191856 1091.0 44630016
1731701223129 1091.0 44662784
1731701252557 1091.0 44695552
1731701282072 1091.0 44728320
1731701311676 1091.0 44761088
1731701340955 1091.0 44793856
1731701372078 1091.0 44826624
1731701401687 1091.0 44859392
1731701431812 1091.0 44892160
1731701462707 1091.0 44924928
1731701492736 1091.0 44957696
1731701523874 1091.0 44990464
1731701553777 1091.0 45023232
1731701583860 1091.0 45056000
1731701614077 1091.0 45088768
1731701645311 1091.0 45121536
1731701675005 1091.0 45154304
1731701705087 1091.0 45187072
1731701735467 1091.0 45219840
1731701765477 1091.0 45252608
1731701796706 1091.0 45285376
1731701826490 1091.0 45318144
1731701856142 1091.0 45350912
1731701885690 1091.0 45383680
1731701915892 1091.0 45416448
1731701948948 1091.0 45449216
1731701979108 1091.0 45481984
1731702009540 1091.0 45514752
1731702040074 1091.0 45547520
1731702070628 1091.0 45580288
1731702101921 1091.0 45613056
1731702131780 1091.0 45645824
1731702161618 1091.0 45678592
1731702191236 1091.0 45711360
1731702222508 1091.0 45744128
1731702255052 1091.0 45776896
1731702284443 1091.0 45809664
1731702314398 1091.0 45842432
1731702344861 1091.0 45875200
1731702374614 1091.0 45907968
1731702415426 1091.0 45940736
1731702445167 1091.0 45973504
1731702475058 1091.0 46006272
1731702504917 1091.0 46039040
1731702534516 1091.0 46071808
1731702566799 1091.0 46104576
1731702596858 1091.0 46137344
1731702627439 1091.0 46170112
1731702657213 1091.0 46202880
1731702686790 1091.0 46235648
1731702717622 1091.0 46268416
1731702747055 1091.0 46301184
1731702776635 1091.0 46333952
1731702807112 1091.0 46366720
1731702836671 1091.0 46399488
1731702867746 1091.0 46432256
1731702897383 1091.0 46465024
1731702926849 1091.0 46497792
1731702957036 1091.0 46530560
1731702988272 1091.0 46563328
1731703018181 1091.0 46596096
1731703048161 1091.0 46628864
1731703078087 1091.0 46661632
1731703108042 1091.0 46694400
1731703139185 1091.0 46727168
1731703168744 1091.0 46759936
1731703198558 1091.0 46792704
1731703228659 1091.0 46825472
1731703258834 1091.0 46858240
1731703291050 1091.0 46891008
1731703321208 1091.0 46923776
1731703351283 1091.0 46956544
1731703381558 1091.0 46989312
1731703411847 1090.0 47022080
1731703443012 1090.0 47054848
1731703473448 1090.0 47087616
1731703503545 1090.0 47120384
1731703533739 1090.0 47153152
1731703563631 1090.0 47185920
1731703595001 1090.0 47218688
1731703624892 1090.0 47251456
1731703654816 1090.0 47284224
1731703684991 1090.0 47316992
1731703715116 1090.0 47349760
1731703745902 1090.0 47382528
1731703775863 1090.0 47415296
1731703805930 1090.0 47448064
1731703835591 1090.0 47480832
1731703865628 1090.0 47513600
1731703896570 1090.0 47546368
1731703926136 1090.0 47579136
1731703956113 1090.0 47611904
1731703986486 1090.0 47644672
1731704016534 1090.0 47677440
1731704048387 1090.0 47710208
1731704078190 1090.0 47742976
1731704108823 1090.0 47775744
1731704138586 1090.0 47808512
1731704170027 1090.0 47841280
1731704200026 1090.0 47874048
1731704229859 1090.0 47906816
1731704260255 1090.0 47939584
1731704290559 1090.0 47972352
1731704321651 1090.0 48005120
1731704351887 1090.0 48037888
1731704382149 1090.0 48070656
1731704411960 1090.0 48103424
1731704442323 1090.0 48136192
1731704474052 1090.0 48168960
1731704504164 1090.0 48201728
1731704534166 1090.0 48234496
1731704564141 1090.0 48267264
1731704594438 1090.0 48300032
1731704625721 1090.0 48332800
1731704655521 1090.0 48365568
1731704685535 1090.0 48398336
1731704715359 1090.0 48431104
1731704745067 1090.0 48463872
1731704776053 1090.0 48496640
1731704805844 1090.0 48529408
1731704836916 1090.0 48562176
1731704867985 1090.0 48594944
1731704898030 1090.0 48627712
1731704929168 1090.0 48660480
1731704958976 1090.0 48693248
1731704989159 1090.0 48726016
1731705019605 1090.0 48758784
1731705049466 1090.0 48791552
1731705080702 1090.0 48824320
1731705110672 1090.0 48857088
1731705141267 1090.0 48889856
1731705171357 1090.0 48922624
1731705201415 1090.0 48955392
1731705232489 1090.0 48988160
1731705262207 1090.0 49020928
1731705291597 1090.0 49053696
1731705321211 1090.0 49086464
1731705354022 1090.0 49119232
1731705387044 1090.0 49152000
1731705417048 1090.0 49184768
1731705449653 1090.0 49217536
1731705479682 1090.0 49250304
1731705510919 1090.0 49283072
1731705540853 1090.0 49315840
1731705573055 1090.0 49348608
1731705605994 1090.0 49381376
1731705635994 1090.0 49414144
1731705667446 1090.0 49446912
1731705697331 1090.0 49479680
1731705727750 1090.0 49512448
1731705757723 1090.0 49545216
1731705787823 1090.0 49577984
1731705819981 1090.0 49610752
1731705849989 1090.0 49643520
1731705880311 1090.0 49676288
1731705910422 1090.0 49709056
1731705940463 1090.0 49741824
1731705971536 1090.0 49774592
1731706001829 1090.0 49807360
1731706031893 1090.0 49840128
1731706061604 1090.0 49872896
1731706091775 1090.0 49905664
1731706123503 1090.0 49938432
1731706153637 1090.0 49971200
1731706183773 1090.0 50003968
1731706213989 1090.0 50036736
1731706244336 1090.0 50069504
1731706275735 1090.0 50102272
1731706305926 1090.0 50135040
1731706336211 1090.0 50167808
1731706366615 1090.0 50200576
1731706396761 1090.0 50233344
1731706428392 1089.0 50266112
1731706458325 1089.0 50298880
1731706488654 1089.0 50331648
1731706518893 1089.0 50364416
1731706549082 1089.0 50397184
1731706580290 1089.0 50429952
1731706610140 1089.0 50462720
1731706640023 1089.0 50495488
1731706669881 1089.0 50528256
1731706701501 1089.0 50561024
1731706731322 1089.0 50593792
1731706761880 1089.0 50626560
1731706792183 1089.0 50659328
1731706822840 1089.0 50692096
1731706854240 1089.0 50724864
1731706884356 1089.0 50757632
1731706914847 1089.0 50790400
1731706945306 1089.0 50823168
1731706975577 1089.0 50855936
1731707006619 1089.0 50888704
1731707036853 1089.0 50921472
1731707067527 1089.0 50954240
1731707099992 1089.0 50987008
1731707130669 1089.0 51019776
1731707161852 1089.0 51052544
1731707190985 1089.0 51085312
1731707221008 1089.0 51118080
1731707250991 1089.0 51150848
1731707280924 1089.0 51183616
1731707312767 1089.0 51216384
1731707343117 1089.0 51249152
1731707373406 1089.0 51281920
1731707403324 1089.0 51314688
1731707433261 1089.0 51347456
1731707464316 1089.0 51380224
1731707494183 1089.0 51412992
1731707524281 1089.0 51445760
1731707554516 1089.0 51478528
1731707584540 1089.0 51511296
1731707615822 1089.0 51544064
1731707645806 1089.0 51576832
1731707677063 1089.0 51609600
1731707707168 1089.0 51642368
1731707737936 1089.0 51675136
1731707769252 1089.0 51707904
1731707799543 1089.0 51740672
1731707829786 1089.0 51773440
1731707860165 1089.0 51806208
1731707890875 1089.0 51838976
1731707921983 1089.0 51871744
1731707952142 1089.0 51904512
1731707982497 1089.0 51937280
1731708012554 1089.0 51970048
1731708043786 1089.0 52002816
1731708073836 1089.0 52035584
1731708104025 1089.0 52068352
1731708134243 1089.0 52101120
1731708164276 1089.0 52133888
1731708195635 1089.0 52166656
1731708225558 1089.0 52199424
1731708255535 1089.0 52232192
1731708285581 1089.0 52264960
1731708316093 1089.0 52297728
1731708347271 1089.0 52330496
1731708377013 1089.0 52363264
1731708407487 1089.0 52396032
1731708438097 1089.0 52428800
1731708468400 1089.0 52461568
1731708502619 1089.0 52494336
1731708532892 1089.0 52527104
1731708563276 1089.0 52559872
1731708593396 1089.0 52592640
1731708623798 1089.0 52625408
1731708655567 1089.0 52658176
1731708685538 1089.0 52690944
1731708716625 1089.0 52723712
1731708747445 1089.0 52756480
1731708777867 1089.0 52789248
1731708809593 1089.0 52822016
1731708839609 1089.0 52854784
1731708869711 1089.0 52887552
1731708900116 1089.0 52920320
1731708930141 1089.0 52953088
1731708961456 1089.0 52985856
1731708991288 1089.0 53018624
1731709021566 1089.0 53051392
1731709051815 1089.0 53084160
1731709082410 1089.0 53116928
1731709114233 1089.0 53149696
1731709144596 1089.0 53182464
1731709175077 1089.0 53215232
1731709205242 1089.0 53248000
1731709236849 1089.0 53280768
1731709267255 1089.0 53313536
1731709297569 1089.0 53346304
1731709328339 1088.0 53379072
1731709358572 1088.0 53411840
1731709390283 1088.0 53444608
1731709421237 1088.0 53477376
1731709451460 1088.0 53510144
1731709481868 1088.0 53542912
1731709512234 1088.0 53575680
1731709544042 1088.0 53608448
1731709574118 1088.0 53641216
1731709604084 1088.0 53673984
1731709634000 1088.0 53706752
1731709663913 1088.0 53739520
1731709695713 1088.0 53772288
1731709725879 1088.0 53805056
1731709756579 1088.0 53837824
1731709786412 1088.0 53870592
1731709816589 1088.0 53903360
1731709848110 1088.0 53936128
1731709878225 1088.0 53968896
1731709909211 1088.0 54001664
1731709939344 1088.0 54034432
1731709969956 1088.0 54067200
1731710001897 1088.0 54099968
1731710032183 1088.0 54132736
1731710062296 1088.0 54165504
1731710092486 1088.0 54198272
1731710122936 1088.0 54231040
1731710154943 1088.0 54263808
1731710185075 1088.0 54296576
1731710215558 1088.0 54329344
1731710245666 1088.0 54362112
1731710276440 1088.0 54394880
1731710307836 1088.0 54427648
1731710338310 1088.0 54460416
1731710368478 1088.0 54493184
1731710398912 1088.0 54525952
1731710429645 1088.0 54558720
1731710461312 1088.0 54591488
1731710491520 1088.0 54624256
1731710522014 1088.0 54657024
1731710552163 1088.0 54689792
1731710583811 1088.0 54722560
1731710613649 1088.0 54755328
1731710643848 1088.0 54788096
1731710674018 1088.0 54820864
1731710704088 1088.0 54853632
1731710735409 1088.0 54886400
1731710765416 1088.0 54919168
1731710796069 1088.0 54951936
1731710826644 1088.0 54984704
1731710857126 1088.0 55017472
1731710888916 1088.0 55050240
1731710919341 1088.0 55083008
1731710949952 1088.0 55115776
1731710980714 1088.0 55148544
1731711011847 1088.0 55181312
1731711043651 1088.0 55214080
1731711074071 1088.0 55246848
1731711104879 1088.0 55279616
1731711135378 1088.0 55312384
1731711166401 1088.0 55345152
1731711198979 1088.0 55377920
1731711229146 1088.0 55410688
1731711259323 1088.0 55443456
1731711289434 1088.0 55476224
1731711319695 1088.0 55508992
1731711351492 1088.0 55541760
1731711381428 1088.0 55574528
1731711411456 1088.0 55607296
1731711441802 1088.0 55640064
1731711472118 1088.0 55672832
1731711504299 1088.0 55705600
1731711536066 1088.0 55738368
1731711566515 1088.0 55771136
1731711596731 1088.0 55803904
1731711627105 1088.0 55836672
1731711658596 1088.0 55869440
1731711688632 1088.0 55902208
1731711718887 1088.0 55934976
1731711749089 1088.0 55967744
1731711781186 1088.0 56000512
1731711811557 1088.0 56033280
1731711842445 1088.0 56066048
1731711874202 1087.0 56098816
1731711904738 1087.0 56131584
1731711936226 1087.0 56164352
1731711966522 1087.0 56197120
1731711996874 1087.0 56229888
1731712027161 1087.0 56262656
1731712057440 1087.0 56295424
1731712089883 1087.0 56328192
1731712120114 1087.0 56360960
1731712150059 1087.0 56393728
1731712180468 1087.0 56426496
1731712210888 1087.0 56459264
1731712242706 1087.0 56492032
1731712272831 1087.0 56524800
1731712303305 1087.0 56557568
1731712334012 1087.0 56590336
1731712364566 1087.0 56623104
1731712396187 1087.0 56655872
1731712426574 1087.0 56688640
1731712457386 1087.0 56721408
1731712488252 1087.0 56754176
1731712518537 1087.0 56786944
1731712551159 1087.0 56819712
1731712581613 1087.0 56852480
1731712612254 1087.0 56885248
1731712642520 1087.0 56918016
1731712673494 1087.0 56950784
1731712705018 1087.0 56983552
1731712735165 1087.0 57016320
1731712765782 1087.0 57049088
1731712795993 1087.0 57081856
1731712826381 1087.0 57114624
1731712857715 1087.0 57147392
1731712888541 1087.0 57180160
1731712919080 1087.0 57212928
1731712949584 1087.0 57245696
1731712980369 1087.0 57278464
1731713011961 1087.0 57311232
1731713042540 1087.0 57344000
1731713073453 1087.0 57376768
1731713104127 1087.0 57409536
1731713137309 1087.0 57442304
1731713167720 1087.0 57475072
1731713198525 1087.0 57507840
1731713229337 1087.0 57540608
1731713260178 1087.0 57573376
1731713291974 1087.0 57606144
1731713322540 1087.0 57638912
1731713352323 1087.0 57671680
1731713381909 1087.0 57704448
1731713412273 1087.0 57737216
1731713444125 1087.0 57769984
1731713474037 1087.0 57802752
1731713504223 1087.0 57835520
1731713535653 1087.0 57868288
1731713566687 1087.0 57901056
1731713598762 1087.0 57933824
1731713629011 1087.0 57966592
1731713659393 1087.0 57999360
1731713690002 1087.0 58032128
1731713720396 1087.0 58064896
1731713751893 1087.0 58097664
1731713782054 1087.0 58130432
1731713813005 1087.0 58163200
1731713843284 1087.0 58195968
1731713874404 1087.0 58228736
1731713905618 1087.0 58261504
1731713935961 1087.0 58294272
1731713966883 1087.0 58327040
1731713997227 1087.0 58359808
1731714027367 1087.0 58392576
1731714058728 1087.0 58425344
1731714089287 1087.0 58458112
1731714120314 1087.0 58490880
1731714151265 1087.0 58523648
1731714182066 1086.0 58556416
1731714213547 1086.0 58589184
1731714244638 1086.0 58621952
1731714275261 1086.0 58654720
1731714306201 1086.0 58687488
1731714337840 1086.0 58720256
1731714368809 1086.0 58753024
1731714399423 1086.0 58785792
1731714429942 1086.0 58818560
1731714460491 1086.0 58851328
1731714492606 1086.0 58884096
1731714523128 1086.0 58916864
1731714553799 1086.0 58949632
1731714584345 1086.0 58982400
1731714614578 1086.0 59015168
1731714646165 1086.0 59047936
1731714676476 1086.0 59080704
1731714707317 1086.0 59113472
1731714737896 1086.0 59146240
1731714768689 1086.0 59179008
1731714800448 1086.0 59211776
1731714830898 1086.0 59244544
1731714862248 1086.0 59277312
1731714893045 1086.0 59310080
1731714923926 1086.0 59342848
