1731660317495 32768.0 32768
1731660345415 65536.0 65536
1731660374524 98304.0 98304
1731660404701 131072.0 131072
1731660433427 160000.0 160000
1731660436055 163840.0 163840
1731660464902 196608.0 196608
1731660494519 229376.0 229376
1731660523959 262144.0 262144
1731660553727 294912.0 294912
1731660582187 320000.0 320000
1731660586061 327680.0 327680
1731660614519 360448.0 360448
1731660644677 393216.0 393216
1731660674277 425984.0 425984
1731660703462 458752.0 458752
1731660731457 480000.0 480000
1731660736288 491520.0 491520
1731660764941 524288.0 524288
1731660795264 557056.0 557056
1731660826457 589824.0 589824
1731660855677 622592.0 622592
1731660884255 640000.0 640000
1731660888693 655360.0 655360
1731660917417 688128.0 688128
1731660947985 720896.0 720896
1731660978049 753664.0 753664
1731661006829 786432.0 786432
1731661033933 800000.0 800000
1731661041501 819200.0 819200
1731661069543 851968.0 851968
1731661099988 884736.0 884736
1731661129233 917504.0 917504
1731661159279 950272.0 950272
1731661184113 960000.0 960000
1731661190131 983040.0 983040
1731661218909 1015808.0 1015808
1731661251778 1048576.0 1048576
1731661280707 1081344.0 1081344
1731661310555 1114112.0 1114112
1731661334120 1120000.0 1120000
1731661343165 1146880.0 1146880
1731661371413 1179648.0 1179648
1731661400025 1212416.0 1212416
1731661428880 1245184.0 1245184
1731661457660 1277952.0 1277952
1731661480527 1280000.0 1280000
1731661488532 1310720.0 1310720
1731661516993 1343488.0 1343488
1731661545564 1376256.0 1376256
1731661574208 1409024.0 1409024
1731661603914 1440000.0 1440000
1731661604907 1441792.0 1441792
1731661633384 1474560.0 1474560
1731661661850 1507328.0 1507328
1731661690823 1540096.0 1540096
1731661719915 1572864.0 1572864
1731661748665 1600000.0 1600000
1731661750776 1605632.0 1605632
1731661779359 1638400.0 1638400
1731661808587 1671168.0 1671168
1731661837740 1703936.0 1703936
1731661866491 1736704.0 1736704
1731661894751 1760000.0 1760000
1731661897767 1769472.0 1769472
1731661926134 1802240.0 1802240
1731661954899 1835008.0 1835008
1731661984858 1867776.0 1867776
1731662014084 1900544.0 1900544
1731662041470 1920000.0 1920000
1731662046285 1933312.0 1933312
1731662075190 1966080.0 1966080
1731662104723 1998848.0 1998848
1731662135190 2031616.0 2031616
1731662164350 2064384.0 2064384
1731662190523 2080000.0 2080000
1731662197868 2097152.0 2097152
1731662226843 2129920.0 2129920
1731662256217 2162688.0 2162688
1731662285436 2195456.0 2195456
1731662314915 2228224.0 2228224
1731662340216 2240000.0 2240000
1731662346189 2260992.0 2260992
1731662374880 2293760.0 2293760
1731662403892 2326528.0 2326528
1731662433211 2359296.0 2359296
1731662462430 2392064.0 2392064
1731662487064 2400000.0 2400000
1731662494084 2424832.0 2424832
1731662522665 2457600.0 2457600
1731662552476 2490368.0 2490368
1731662581231 2523136.0 2523136
1731662610556 2555904.0 2555904
1731662635545 2560000.0 2560000
1731662643634 2588672.0 2588672
1731662672344 2621440.0 2621440
1731662701284 2654208.0 2654208
1731662730240 2686976.0 2686976
1731662759704 2719744.0 2719744
1731662782698 2720000.0 2720000
1731662791527 2752512.0 2752512
1731662820522 2785280.0 2785280
1731662849703 2818048.0 2818048
1731662879752 2850816.0 2850816
1731662909593 2880000.0 2880000
1731662911092 2883584.0 2883584
1731662939551 2916352.0 2916352
1731662968559 2949120.0 2949120
1731662997508 2981888.0 2981888
1731663026768 3014656.0 3014656
1731663055224 3040000.0 3040000
1731663057661 3047424.0 3047424
1731663086051 3080192.0 3080192
1731663115468 3112960.0 3112960
1731663144417 3145728.0 3145728
1731663174145 3178496.0 3178496
1731663201813 3200000.0 3200000
1731663205669 3211264.0 3211264
1731663234362 3244032.0 3244032
1731663263414 3276800.0 3276800
1731663292370 3309568.0 3309568
1731663321736 3342336.0 3342336
1731663348296 3360000.0 3360000
1731663352900 3375104.0 3375104
1731663381441 3407872.0 3407872
1731663411027 3440640.0 3440640
1731663440483 3473408.0 3473408
1731663469945 3506176.0 3506176
1731663495924 3520000.0 3520000
1731663501177 3538944.0 3538944
1731663529713 3571712.0 3571712
1731663558883 3604480.0 3604480
1731663588028 3637248.0 3637248
1731663617808 3670016.0 3670016
1731663644249 3680000.0 3680000
1731663650843 3702784.0 3702784
1731663679687 3735552.0 3735552
1731663708476 3768320.0 3768320
1731663737803 3801088.0 3801088
1731663768161 3833856.0 3833856
1731663792107 3840000.0 3840000
1731663801186 3866624.0 3866624
1731663830060 3899392.0 3899392
1731663858827 3932160.0 3932160
1731663888419 3964928.0 3964928
1731663918102 3997696.0 3997696
1731663940938 4000000.0 4000000
1731663951093 4030464.0 4030464
1731663980027 4063232.0 4063232
1731664008873 4096000.0 4096000
1731664038710 4128768.0 4128768
1731664069089 4160000.0 4160000
1731664072242 4161536.0 4161536
1731664100923 4194304.0 4194304
1731664130443 4227072.0 4227072
1731664159486 4259840.0 4259840
1731664188893 4292608.0 4292608
1731664218973 4320000.0 4320000
1731664220601 4325376.0 4325376
1731664249334 4358144.0 4358144
1731664278469 4390912.0 4390912
1731664308704 4423680.0 4423680
1731664337503 4456448.0 4456448
1731664366242 4480000.0 4480000
1731664369168 4489216.0 4489216
1731664397734 4521984.0 4521984
1731664426443 4554752.0 4554752
1731664455952 4587520.0 4587520
1731664485648 4620288.0 4620288
1731664512924 4640000.0 4640000
1731664516984 4653056.0 4653056
1731664545947 4685824.0 4685824
1731664574649 4718592.0 4718592
1731664603737 4751360.0 4751360
1731664632499 4784128.0 4784128
1731664658650 4800000.0 4800000
1731664663461 4816896.0 4816896
1731664692416 4849664.0 4849664
1731664721963 4882432.0 4882432
1731664750904 4915200.0 4915200
1731664780411 4947968.0 4947968
1731664805751 4960000.0 4960000
1731664811627 4980736.0 4980736
1731664840253 5013504.0 5013504
1731664870768 5046272.0 5046272
1731664900412 5079040.0 5079040
1731664930602 5111808.0 5111808
1731664956527 5120000.0 5120000
1731664963251 5144576.0 5144576
1731664992208 5177344.0 5177344
1731665021760 5210112.0 5210112
1731665052429 5242880.0 5242880
1731665082592 5275648.0 5275648
1731665106513 5280000.0 5280000
1731665114467 5308416.0 5308416
1731665143073 5341184.0 5341184
1731665171915 5373952.0 5373952
1731665201602 5406720.0 5406720
1731665230535 5439488.0 5439488
1731665253255 5440000.0 5440000
1731665261865 5472256.0 5472256
1731665291061 5505024.0 5505024
1731665320973 5537792.0 5537792
1731665349926 5570560.0 5570560
1731665379326 5600000.0 5600000
1731665380605 5603328.0 5603328
1731665409240 5636096.0 5636096
1731665438283 5668864.0 5668864
1731665467200 5701632.0 5701632
1731665496124 5734400.0 5734400
1731665525235 5760000.0 5760000
1731665527568 5767168.0 5767168
1731665556203 5799936.0 5799936
1731665584852 5832704.0 5832704
1731665613791 5865472.0 5865472
1731665642733 5898240.0 5898240
1731665670523 5920000.0 5920000
1731665673591 5931008.0 5931008
1731665701891 5963776.0 5963776
1731665731284 5996544.0 5996544
1731665760587 6029312.0 6029312
1731665789453 6062080.0 6062080
1731665815897 6080000.0 6080000
1731665819678 6094848.0 6094848
1731665848261 6127616.0 6127616
1731665877217 6160384.0 6160384
1731665905878 6193152.0 6193152
1731665934318 6225920.0 6225920
1731665960564 6240000.0 6240000
1731665965632 6258688.0 6258688
1731665994240 6291456.0 6291456
1731666023387 6324224.0 6324224
1731666052584 6356992.0 6356992
1731666081447 6389760.0 6389760
1731666106281 6400000.0 6400000
1731666111961 6422528.0 6422528
1731666140347 6455296.0 6455296
1731666169343 6488064.0 6488064
1731666198472 6520832.0 6520832
1731666227148 6553600.0 6553600
1731666251277 6560000.0 6560000
1731666258136 6586368.0 6586368
1731666286427 6619136.0 6619136
1731666315065 6651904.0 6651904
1731666344265 6684672.0 6684672
1731666373032 6717440.0 6717440
1731666396109 6720000.0 6720000
1731666403949 6750208.0 6750208
1731666432453 6782976.0 6782976
1731666461362 6815744.0 6815744
1731666490253 6848512.0 6848512
1731666520008 6880000.0 6880000
1731666520812 6881280.0 6881280
1731666549770 6914048.0 6914048
1731666578641 6946816.0 6946816
1731666608080 6979584.0 6979584
1731666637512 7012352.0 7012352
1731666666529 7040000.0 7040000
1731666668143 7045120.0 7045120
1731666696658 7077888.0 7077888
1731666726035 7110656.0 7110656
1731666755162 7143424.0 7143424
1731666784058 7176192.0 7176192
1731666812135 7200000.0 7200000
1731666815051 7208960.0 7208960
1731666845870 7241728.0 7241728
1731666874831 7274496.0 7274496
1731666903925 7307264.0 7307264
1731666932735 7340032.0 7340032
1731666960209 7360000.0 7360000
1731666963872 7372800.0 7372800
1731666992995 7405568.0 7405568
1731667022263 7438336.0 7438336
1731667051720 7471104.0 7471104
1731667080692 7503872.0 7503872
1731667106615 7520000.0 7520000
1731667113405 7536640.0 7536640
1731667141925 7569408.0 7569408
1731667171099 7602176.0 7602176
1731667200030 7634944.0 7634944
1731667229342 7667712.0 7667712
1731667254692 7680000.0 7680000
1731667260621 7700480.0 7700480
1731667289334 7733248.0 7733248
1731667318308 7766016.0 7766016
1731667347144 7798784.0 7798784
1731667376856 7831552.0 7831552
1731667401705 7840000.0 7840000
1731667408729 7864320.0 7864320
1731667437715 7897088.0 7897088
1731667466943 7929856.0 7929856
1731667495925 7962624.0 7962624
1731667524914 7995392.0 7995392
1731667548278 8000000.0 8000000
1731667556783 8028160.0 8028160
1731667585668 8060928.0 8060928
1731667614821 8093696.0 8093696
1731667643843 8126464.0 8126464
1731667673018 8159232.0 8159232
1731667695620 8160000.0 8160000
1731667704457 8192000.0 8192000
1731667733290 8224768.0 8224768
1731667762624 8257536.0 8257536
1731667790989 8290304.0 8290304
1731667820589 8320000.0 8320000
1731667821907 8323072.0 8323072
1731667850488 8355840.0 8355840
1731667879716 8388608.0 8388608
1731667909939 8421376.0 8421376
1731667938756 8454144.0 8454144
1731667968135 8480000.0 8480000
1731667970310 8486912.0 8486912
1731667999855 8519680.0 8519680
1731668028985 8552448.0 8552448
1731668057817 8585216.0 8585216
1731668087256 8617984.0 8617984
1731668115070 8640000.0 8640000
1731668118347 8650752.0 8650752
1731668147685 8683520.0 8683520
1731668176740 8716288.0 8716288
1731668205965 8749056.0 8749056
1731668234900 8781824.0 8781824
1731668261461 8800000.0 8800000
1731668266202 8814592.0 8814592
1731668295069 8847360.0 8847360
1731668324960 8880128.0 8880128
1731668355269 8912896.0 8912896
1731668385066 8945664.0 8945664
1731668411448 8960000.0 8960000
1731668416414 8978432.0 8978432
1731668445785 9011200.0 9011200
1731668474860 9043968.0 9043968
1731668504848 9076736.0 9076736
1731668534216 9109504.0 9109504
1731668559095 9120000.0 9120000
1731668565398 9142272.0 9142272
1731668594253 9175040.0 9175040
1731668624935 9207808.0 9207808
1731668654697 9240576.0 9240576
1731668683754 9273344.0 9273344
1731668707338 9280000.0 9280000
1731668714819 9306112.0 9306112
1731668744050 9338880.0 9338880
1731668773054 9371648.0 9371648
1731668803015 9404416.0 9404416
1731668833298 9437184.0 9437184
1731668856820 9440000.0 9440000
1731668865113 9469952.0 9469952
1731668894216 9502720.0 9502720
1731668924217 9535488.0 9535488
1731668953674 9568256.0 9568256
1731668984355 9600000.0 9600000
1731668985810 9601024.0 9601024
1731669014968 9633792.0 9633792
1731669044855 9666560.0 9666560
1731669076239 9699328.0 9699328
1731669107074 9732096.0 9732096
1731669137616 9760000.0 9760000
1731669141932 9764864.0 9764864
1731669171689 9797632.0 9797632
1731669203869 9830400.0 9830400
1731669234287 9863168.0 9863168
1731669264436 9895936.0 9895936
1731669293308 9920000.0 9920000
1731669296555 9928704.0 9928704
1731669325692 9961472.0 9961472
1731669355380 9994240.0 9994240
1731669385393 10027008.0 10027008
1731669415414 10059776.0 10059776
1731669442989 10080000.0 10080000
1731669447693 10092544.0 10092544
1731669476919 10125312.0 10125312
1731669506862 10158080.0 10158080
1731669537043 10190848.0 10190848
1731669567393 10223616.0 10223616
1731669594389 10240000.0 10240000
1731669600860 10256384.0 10256384
1731669630423 10289152.0 10289152
1731669660291 10321920.0 10321920
1731669690508 10354688.0 10354688
1731669720320 10387456.0 10387456
1731669746106 10400000.0 10400000
1731669752321 10420224.0 10420224
1731669782225 10452992.0 10452992
1731669812038 10485760.0 10485760
1731669842158 10518528.0 10518528
1731669872380 10551296.0 10551296
1731669896849 10560000.0 10560000
1731669904318 10584064.0 10584064
1731669933608 10616832.0 10616832
1731669964134 10649600.0 10649600
1731669993637 10682368.0 10682368
1731670023531 10715136.0 10715136
1731670047303 10720000.0 10720000
1731670055937 10747904.0 10747904
1731670085264 10780672.0 10780672
1731670115048 10813440.0 10813440
1731670145142 10846208.0 10846208
1731670175539 10878976.0 10878976
1731670198224 10880000.0 10880000
1731670207629 10911744.0 10911744
1731670236664 10944512.0 10944512
1731670266602 10977280.0 10977280
1731670296516 11010048.0 11010048
1731670326545 11040000.0 11040000
1731670327993 11042816.0 11042816
1731670357773 11075584.0 11075584
1731670387717 11108352.0 11108352
1731670417701 11141120.0 11141120
1731670447815 11173888.0 11173888
1731670476624 11200000.0 11200000
1731670479091 11206656.0 11206656
1731670508371 11239424.0 11239424
1731670538446 11272192.0 11272192
1731670568224 11304960.0 11304960
1731670598283 11337728.0 11337728
1731670626270 11360000.0 11360000
1731670629776 11370496.0 11370496
1731670658657 11403264.0 11403264
1731670689041 11436032.0 11436032
1731670718783 11468800.0 11468800
1731670748674 11501568.0 11501568
1731670775377 11520000.0 11520000
1731670780067 11534336.0 11534336
1731670809514 11567104.0 11567104
1731670839342 11599872.0 11599872
1731670869129 11632640.0 11632640
1731670898523 11665408.0 11665408
1731670924222 11680000.0 11680000
1731670929590 11698176.0 11698176
1731670958644 11730944.0 11730944
1731670988587 11763712.0 11763712
1731671018047 11796480.0 11796480
1731671047949 11829248.0 11829248
1731671072704 11840000.0 11840000
1731671078704 11862016.0 11862016
1731671108067 11894784.0 11894784
1731671137438 11927552.0 11927552
1731671167027 11960320.0 11960320
1731671196407 11993088.0 11993088
1731671220412 12000000.0 12000000
1731671227600 12025856.0 12025856
1731671256410 12058624.0 12058624
1731671285610 12091392.0 12091392
1731671315552 12124160.0 12124160
1731671345341 12156928.0 12156928
1731671368019 12160000.0 12160000
1731671376250 12189696.0 12189696
1731671405254 12222464.0 12222464
1731671434676 12255232.0 12255232
1731671464499 12288000.0 12288000
1731671494822 12320000.0 12320000
1731671495754 12320768.0 12320768
1731671524721 12353536.0 12353536
1731671554009 12386304.0 12386304
1731671583575 12419072.0 12419072
1731671613011 12451840.0 12451840
1731671641945 12480000.0 12480000
1731671643584 12484608.0 12484608
1731671672745 12517376.0 12517376
1731671702423 12550144.0 12550144
1731671731627 12582912.0 12582912
1731671761491 12615680.0 12615680
1731671789905 12640000.0 12640000
1731671792917 12648448.0 12648448
1731671821619 12681216.0 12681216
1731671850867 12713984.0 12713984
1731671880265 12746752.0 12746752
1731671910092 12779520.0 12779520
1731671937262 12800000.0 12800000
1731671940967 12812288.0 12812288
1731671969944 12845056.0 12845056
1731671999096 12877824.0 12877824
1731672030354 12910592.0 12910592
1731672059960 12943360.0 12943360
1731672086087 12960000.0 12960000
1731672090920 12976128.0 12976128
1731672119998 13008896.0 13008896
1731672149077 13041664.0 13041664
1731672178323 13074432.0 13074432
1731672207700 13107200.0 13107200
1731672233410 13120000.0 13120000
1731672239183 13139968.0 13139968
1731672268242 13172736.0 13172736
1731672297563 13205504.0 13205504
1731672327126 13238272.0 13238272
1731672356399 13271040.0 13271040
1731672380852 13280000.0 13280000
1731672387518 13303808.0 13303808
1731672416586 13336576.0 13336576
1731672445676 13369344.0 13369344
1731672475198 13402112.0 13402112
1731672505833 13434880.0 13434880
1731672529032 13440000.0 13440000
1731672536601 13467648.0 13467648
1731672565890 13500416.0 13500416
1731672595332 13533184.0 13533184
1731672624609 13565952.0 13565952
1731672654251 13598720.0 13598720
1731672676665 13600000.0 13600000
1731672685937 13631488.0 13631488
1731672715167 13664256.0 13664256
1731672744790 13697024.0 13697024
1731672776709 13729792.0 13729792
1731672806958 13760000.0 13760000
1731672808032 13762560.0 13762560
1731672837352 13795328.0 13795328
1731672866694 13828096.0 13828096
1731672895737 13860864.0 13860864
1731672925352 13893632.0 13893632
1731672954051 13920000.0 13920000
1731672956543 13926400.0 13926400
1731672985938 13959168.0 13959168
1731673015502 13991936.0 13991936
1731673044716 14024704.0 14024704
1731673073798 14057472.0 14057472
1731673101254 14080000.0 14080000
1731673104300 14090240.0 14090240
1731673133823 14123008.0 14123008
1731673163199 14155776.0 14155776
1731673192691 14188544.0 14188544
1731673222581 14221312.0 14221312
1731673249415 14240000.0 14240000
1731673253858 14254080.0 14254080
1731673283279 14286848.0 14286848
1731673313018 14319616.0 14319616
1731673342495 14352384.0 14352384
1731673371649 14385152.0 14385152
1731673397485 14400000.0 14400000
1731673402537 14417920.0 14417920
1731673432473 14450688.0 14450688
1731673462971 14483456.0 14483456
1731673492910 14516224.0 14516224
1731673522553 14548992.0 14548992
1731673547123 14560000.0 14560000
1731673553194 14581760.0 14581760
1731673582846 14614528.0 14614528
1731673613114 14647296.0 14647296
1731673643856 14680064.0 14680064
1731673673255 14712832.0 14712832
1731673696938 14720000.0 14720000
1731673703764 14745600.0 14745600
1731673733915 14778368.0 14778368
1731673765410 14811136.0 14811136
1731673795514 14843904.0 14843904
1731673825234 14876672.0 14876672
1731673847842 14880000.0 14880000
1731673855788 14909440.0 14909440
1731673884905 14942208.0 14942208
1731673914096 14974976.0 14974976
1731673943771 15007744.0 15007744
1731673974315 15040000.0 15040000
1731673975031 15040512.0 15040512
1731674004006 15073280.0 15073280
1731674033542 15106048.0 15106048
1731674063553 15138816.0 15138816
1731674093480 15171584.0 15171584
1731674123098 15200000.0 15200000
1731674124858 15204352.0 15204352
1731674154171 15237120.0 15237120
1731674183381 15269888.0 15269888
1731674212715 15302656.0 15302656
1731674242730 15335424.0 15335424
1731674271041 15360000.0 15360000
1731674273880 15368192.0 15368192
1731674303460 15400960.0 15400960
1731674332954 15433728.0 15433728
1731674362646 15466496.0 15466496
1731674392212 15499264.0 15499264
1731674419551 15520000.0 15520000
1731674423107 15532032.0 15532032
1731674452287 15564800.0 15564800
1731674481753 15597568.0 15597568
1731674511405 15630336.0 15630336
1731674541211 15663104.0 15663104
1731674567507 15680000.0 15680000
1731674571971 15695872.0 15695872
1731674601359 15728640.0 15728640
1731674630773 15761408.0 15761408
1731674660616 15794176.0 15794176
1731674691837 15826944.0 15826944
1731674717427 15840000.0 15840000
1731674722948 15859712.0 15859712
1731674752029 15892480.0 15892480
1731674781254 15925248.0 15925248
1731674810612 15958016.0 15958016
1731674840495 15990784.0 15990784
1731674864679 16000000.0 16000000
1731674872187 16023552.0 16023552
1731674901462 16056320.0 16056320
1731674930935 16089088.0 16089088
1731674960193 16121856.0 16121856
1731674990222 16154624.0 16154624
1731675013373 16160000.0 16160000
1731675021587 16187392.0 16187392
1731675050669 16220160.0 16220160
1731675079753 16252928.0 16252928
1731675109122 16285696.0 16285696
1731675138404 16318464.0 16318464
1731675160432 16320000.0 16320000
1731675169190 16351232.0 16351232
1731675198392 16384000.0 16384000
1731675227464 16416768.0 16416768
1731675256596 16449536.0 16449536
1731675286201 16480000.0 16480000
1731675287371 16482304.0 16482304
1731675317483 16515072.0 16515072
1731675346252 16547840.0 16547840
1731675376092 16580608.0 16580608
1731675405087 16613376.0 16613376
1731675433852 16640000.0 16640000
1731675436010 16646144.0 16646144
1731675465497 16678912.0 16678912
1731675495536 16711680.0 16711680
1731675525514 16744448.0 16744448
1731675555204 16777216.0 16777216
1731675582799 16800000.0 16800000
1731675585893 16809984.0 16809984
1731675614929 16842752.0 16842752
1731675644312 16875520.0 16875520
1731675673779 16908288.0 16908288
1731675702595 16941056.0 16941056
1731675729268 16960000.0 16960000
1731675733208 16973824.0 16973824
1731675762745 17006592.0 17006592
1731675792371 17039360.0 17039360
1731675821689 17072128.0 17072128
1731675851723 17104896.0 17104896
1731675877429 17120000.0 17120000
1731675882337 17137664.0 17137664
1731675911521 17170432.0 17170432
1731675940949 17203200.0 17203200
1731675970775 17235968.0 17235968
1731676000890 17268736.0 17268736
1731676025993 17280000.0 17280000
1731676032320 17301504.0 17301504
1731676061294 17334272.0 17334272
1731676091336 17367040.0 17367040
1731676120511 17399808.0 17399808
1731676149604 17432576.0 17432576
1731676172997 17440000.0 17440000
1731676180077 17465344.0 17465344
1731676209172 17498112.0 17498112
1731676238479 17530880.0 17530880
1731676268387 17563648.0 17563648
1731676297981 17596416.0 17596416
1731676320691 17600000.0 17600000
1731676329237 17629184.0 17629184
1731676358337 17661952.0 17661952
1731676387109 17694720.0 17694720
1731676416829 17727488.0 17727488
1731676447330 17760000.0 17760000
1731676448218 17760256.0 17760256
1731676477312 17793024.0 17793024
1731676507103 17825792.0 17825792
1731676536501 17858560.0 17858560
1731676566037 17891328.0 17891328
1731676595560 17920000.0 17920000
1731676597590 17924096.0 17924096
1731676626925 17956864.0 17956864
1731676656381 17989632.0 17989632
1731676686153 18022400.0 18022400
1731676715828 18055168.0 18055168
1731676745341 18080000.0 18080000
1731676747928 18087936.0 18087936
1731676776947 18120704.0 18120704
1731676806604 18153472.0 18153472
1731676836061 18186240.0 18186240
1731676865205 18219008.0 18219008
1731676893513 18240000.0 18240000
1731676897777 18251776.0 18251776
1731676927111 18284544.0 18284544
1731676956394 18317312.0 18317312
1731676985795 18350080.0 18350080
1731677015502 18382848.0 18382848
1731677041873 18400000.0 18400000
1731677046297 18415616.0 18415616
1731677075236 18448384.0 18448384
1731677104811 18481152.0 18481152
1731677134631 18513920.0 18513920
1731677164027 18546688.0 18546688
1731677189250 18560000.0 18560000
1731677194604 18579456.0 18579456
1731677223730 18612224.0 18612224
1731677253058 18644992.0 18644992
1731677282070 18677760.0 18677760
1731677311003 18710528.0 18710528
1731677335665 18720000.0 18720000
1731677341962 18743296.0 18743296
1731677370853 18776064.0 18776064
1731677400453 18808832.0 18808832
1731677431548 18841600.0 18841600
1731677461130 18874368.0 18874368
1731677484442 18880000.0 18880000
1731677491804 18907136.0 18907136
1731677520563 18939904.0 18939904
1731677550115 18972672.0 18972672
1731677581275 19005440.0 19005440
1731677610624 19038208.0 19038208
1731677633135 19040000.0 19040000
1731677641426 19070976.0 19070976
1731677670485 19103744.0 19103744
1731677699877 19136512.0 19136512
1731677730834 19169280.0 19169280
1731677760343 19200000.0 19200000
1731677761971 19202048.0 19202048
1731677791427 19234816.0 19234816
1731677821298 19267584.0 19267584
1731677851586 19300352.0 19300352
1731677882714 19333120.0 19333120
1731677911666 19360000.0 19360000
1731677913859 19365888.0 19365888
1731677943221 19398656.0 19398656
1731677972845 19431424.0 19431424
1731678002243 19464192.0 19464192
1731678031276 19496960.0 19496960
1731678059198 19520000.0 19520000
1731678062427 19529728.0 19529728
1731678091918 19562496.0 19562496
1731678121235 19595264.0 19595264
1731678150909 19628032.0 19628032
1731678180824 19660800.0 19660800
1731678207739 19680000.0 19680000
1731678211634 19693568.0 19693568
1731678240411 19726336.0 19726336
1731678269832 19759104.0 19759104
1731678300041 19791872.0 19791872
1731678329904 19824640.0 19824640
1731678356010 19840000.0 19840000
1731678361170 19857408.0 19857408
1731678390468 19890176.0 19890176
1731678420192 19922944.0 19922944
1731678449956 19955712.0 19955712
1731678479676 19988480.0 19988480
1731678504591 20000000.0 20000000
1731678510745 20021248.0 20021248
1731678540084 20054016.0 20054016
1731678569731 20086784.0 20086784
1731678599344 20119552.0 20119552
1731678629076 20152320.0 20152320
1731678652703 20160000.0 20160000
1731678659717 20185088.0 20185088
1731678690524 20217856.0 20217856
1731678723321 20250624.0 20250624
1731678755932 20283392.0 20283392
1731678788302 20316160.0 20316160
1731678814064 20320000.0 20320000
1731678824927 20348928.0 20348928
1731678856448 20381696.0 20381696
1731678889861 20414464.0 20414464
1731678926249 20447232.0 20447232
1731678962411 20480000.0 20480000
1731678969231 20480000.0 20480000
1731678999840 20512768.0 20512768
1731679035781 20545536.0 20545536
1731679065318 20578304.0 20578304
1731679094881 20611072.0 20611072
1731679124794 20640000.0 20640000
1731679126626 20643840.0 20643840
1731679155916 20676608.0 20676608
1731679184793 20709376.0 20709376
1731679214531 20742144.0 20742144
1731679244431 20774912.0 20774912
1731679272883 20800000.0 20800000
1731679275930 20807680.0 20807680
1731679305217 20840448.0 20840448
1731679335895 20873216.0 20873216
1731679367469 20905984.0 20905984
1731679396891 20938752.0 20938752
1731679424465 20960000.0 20960000
1731679427935 20971520.0 20971520
1731679456977 21004288.0 21004288
1731679486332 21037056.0 21037056
1731679516107 21069824.0 21069824
1731679545505 21102592.0 21102592
1731679572099 21120000.0 21120000
1731679577939 21135360.0 21135360
1731679607043 21168128.0 21168128
1731679636448 21200896.0 21200896
1731679666452 21233664.0 21233664
1731679697066 21266432.0 21266432
1731679722467 21280000.0 21280000
1731679728012 21299200.0 21299200
1731679757068 21331968.0 21331968
1731679786901 21364736.0 21364736
1731679816539 21397504.0 21397504
1731679845860 21430272.0 21430272
1731679870316 21440000.0 21440000
1731679876276 21463040.0 21463040
1731679905252 21495808.0 21495808
1731679935536 21528576.0 21528576
1731679965309 21561344.0 21561344
1731679995321 21594112.0 21594112
1731680018532 21600000.0 21600000
1731680025921 21626880.0 21626880
1731680055138 21659648.0 21659648
1731680084921 21692416.0 21692416
1731680114651 21725184.0 21725184
1731680144526 21757952.0 21757952
1731680167111 21760000.0 21760000
1731680175502 21790720.0 21790720
1731680205068 21823488.0 21823488
1731680235076 21856256.0 21856256
1731680264617 21889024.0 21889024
1731680294749 21920000.0 21920000
1731680295659 21921792.0 21921792
1731680325244 21954560.0 21954560
1731680354809 21987328.0 21987328
1731680384718 22020096.0 22020096
1731680414824 22052864.0 22052864
1731680443433 22080000.0 22080000
1731680445589 22085632.0 22085632
1731680474744 22118400.0 22118400
1731680504245 22151168.0 22151168
1731680533501 22183936.0 22183936
1731680565469 22216704.0 22216704
1731680593801 22240000.0 22240000
1731680596900 22249472.0 22249472
1731680626490 22282240.0 22282240
1731680656100 22315008.0 22315008
1731680685351 22347776.0 22347776
1731680714409 22380544.0 22380544
1731680741892 22400000.0 22400000
1731680745769 22413312.0 22413312
1731680775573 22446080.0 22446080
1731680805307 22478848.0 22478848
1731680835089 22511616.0 22511616
1731680865121 22544384.0 22544384
1731680895430 22560000.0 22560000
1731680900193 22577152.0 22577152
1731680929479 22609920.0 22609920
1731680959371 22642688.0 22642688
1731680989722 22675456.0 22675456
1731681020398 22708224.0 22708224
1731681045302 22720000.0 22720000
1731681052347 22740992.0 22740992
1731681081706 22773760.0 22773760
1731681111434 22806528.0 22806528
1731681141104 22839296.0 22839296
1731681170717 22872064.0 22872064
1731681194562 22880000.0 22880000
1731681201964 22904832.0 22904832
1731681231301 22937600.0 22937600
1731681261372 22970368.0 22970368
1731681291075 23003136.0 23003136
1731681321433 23035904.0 23035904
1731681344689 23040000.0 23040000
1731681353695 23068672.0 23068672
1731681383259 23101440.0 23101440
1731681413030 23134208.0 23134208
1731681443005 23166976.0 23166976
1731681472843 23199744.0 23199744
1731681494454 23200000.0 23200000
1731681503014 23232512.0 23232512
1731681532363 23265280.0 23265280
1731681562067 23298048.0 23298048
1731681592929 23330816.0 23330816
1731681623083 23360000.0 23360000
1731681624340 23363584.0 23363584
1731681653462 23396352.0 23396352
1731681683130 23429120.0 23429120
1731681712837 23461888.0 23461888
1731681742428 23494656.0 23494656
1731681770541 23520000.0 23520000
1731681772939 23527424.0 23527424
1731681803588 23560192.0 23560192
1731681833037 23592960.0 23592960
1731681862379 23625728.0 23625728
1731681891954 23658496.0 23658496
1731681919660 23680000.0 23680000
1731681923084 23691264.0 23691264
1731681952471 23724032.0 23724032
1731681982437 23756800.0 23756800
1731682011702 23789568.0 23789568
1731682042534 23822336.0 23822336
1731682069078 23840000.0 23840000
1731682073961 23855104.0 23855104
1731682106534 23887872.0 23887872
1731682135916 23920640.0 23920640
1731682165539 23953408.0 23953408
1731682195077 23986176.0 23986176
1731682220673 24000000.0 24000000
1731682227127 24018944.0 24018944
1731682256462 24051712.0 24051712
1731682286300 24084480.0 24084480
1731682315739 24117248.0 24117248
1731682345160 24150016.0 24150016
1731682369500 24160000.0 24160000
1731682375827 24182784.0 24182784
1731682405129 24215552.0 24215552
1731682434539 24248320.0 24248320
1731682463927 24281088.0 24281088
1731682493311 24313856.0 24313856
1731682516628 24320000.0 24320000
1731682523969 24346624.0 24346624
1731682553188 24379392.0 24379392
1731682582829 24412160.0 24412160
1731682612519 24444928.0 24444928
1731682641993 24477696.0 24477696
1731682664361 24480000.0 24480000
1731682672860 24510464.0 24510464
1731682702161 24543232.0 24543232
1731682731790 24576000.0 24576000
1731682761598 24608768.0 24608768
1731682791662 24640000.0 24640000
1731682792436 24641536.0 24641536
1731682821611 24674304.0 24674304
1731682851036 24707072.0 24707072
1731682880488 24739840.0 24739840
1731682909820 24772608.0 24772608
1731682938618 24800000.0 24800000
1731682940511 24805376.0 24805376
1731682969960 24838144.0 24838144
1731682999261 24870912.0 24870912
1731683028711 24903680.0 24903680
1731683058434 24936448.0 24936448
1731683086060 24960000.0 24960000
1731683088998 24969216.0 24969216
1731683118699 25001984.0 25001984
1731683147914 25034752.0 25034752
1731683177200 25067520.0 25067520
1731683206856 25100288.0 25100288
1731683234396 25120000.0 25120000
1731683238629 25133056.0 25133056
1731683267913 25165824.0 25165824
1731683297175 25198592.0 25198592
1731683326277 25231360.0 25231360
1731683355661 25264128.0 25264128
1731683381455 25280000.0 25280000
1731683386204 25296896.0 25296896
1731683415217 25329664.0 25329664
1731683444728 25362432.0 25362432
1731683473953 25395200.0 25395200
1731683503401 25427968.0 25427968
1731683528489 25440000.0 25440000
1731683534411 25460736.0 25460736
1731683563744 25493504.0 25493504
1731683593195 25526272.0 25526272
1731683622311 25559040.0 25559040
1731683651428 25591808.0 25591808
1731683675133 25600000.0 25600000
1731683682158 25624576.0 25624576
1731683711328 25657344.0 25657344
1731683741128 25690112.0 25690112
1731683770695 25722880.0 25722880
1731683799870 25755648.0 25755648
1731683822873 25760000.0 25760000
1731683830254 25788416.0 25788416
1731683859252 25821184.0 25821184
1731683888695 25853952.0 25853952
1731683917920 25886720.0 25886720
1731683947393 25919488.0 25919488
1731683969202 25920000.0 25920000
1731683979050 25952256.0 25952256
1731684008815 25985024.0 25985024
1731684038096 26017792.0 26017792
1731684067729 26050560.0 26050560
1731684097841 26080000.0 26080000
1731684099353 26083328.0 26083328
1731684128892 26116096.0 26116096
1731684158742 26148864.0 26148864
1731684188462 26181632.0 26181632
1731684218069 26214400.0 26214400
1731684246116 26240000.0 26240000
1731684248340 26247168.0 26247168
1731684277353 26279936.0 26279936
1731684306701 26312704.0 26312704
1731684336379 26345472.0 26345472
1731684366461 26378240.0 26378240
1731684393657 26400000.0 26400000
1731684396861 26411008.0 26411008
1731684426340 26443776.0 26443776
1731684456407 26476544.0 26476544
1731684486161 26509312.0 26509312
1731684515410 26542080.0 26542080
1731684542338 26560000.0 26560000
1731684546578 26574848.0 26574848
1731684576579 26607616.0 26607616
1731684606150 26640384.0 26640384
1731684635562 26673152.0 26673152
1731684665194 26705920.0 26705920
1731684690803 26720000.0 26720000
1731684696160 26738688.0 26738688
1731684725334 26771456.0 26771456
1731684755219 26804224.0 26804224
1731684785336 26836992.0 26836992
1731684815036 26869760.0 26869760
1731684839775 26880000.0 26880000
1731684846596 26902528.0 26902528
1731684876282 26935296.0 26935296
1731684906120 26968064.0 26968064
1731684935694 27000832.0 27000832
1731684965385 27033600.0 27033600
1731684988911 27040000.0 27040000
1731684996077 27066368.0 27066368
1731685025537 27099136.0 27099136
1731685055043 27131904.0 27131904
1731685084736 27164672.0 27164672
1731685114366 27197440.0 27197440
1731685136896 27200000.0 27200000
1731685145951 27230208.0 27230208
1731685175219 27262976.0 27262976
1731685205018 27295744.0 27295744
1731685234794 27328512.0 27328512
1731685264700 27360000.0 27360000
1731685265382 27361280.0 27361280
1731685294494 27394048.0 27394048
1731685324068 27426816.0 27426816
1731685353482 27459584.0 27459584
1731685382724 27492352.0 27492352
1731685411422 27520000.0 27520000
1731685413360 27525120.0 27525120
1731685442396 27557888.0 27557888
1731685471950 27590656.0 27590656
1731685502024 27623424.0 27623424
1731685531808 27656192.0 27656192
1731685559777 27680000.0 27680000
1731685562800 27688960.0 27688960
1731685592415 27721728.0 27721728
1731685622093 27754496.0 27754496
1731685651870 27787264.0 27787264
1731685682010 27820032.0 27820032
1731685708833 27840000.0 27840000
1731685712623 27852800.0 27852800
1731685742338 27885568.0 27885568
1731685771840 27918336.0 27918336
1731685801573 27951104.0 27951104
1731685831128 27983872.0 27983872
1731685857047 28000000.0 28000000
1731685861609 28016640.0 28016640
1731685893351 28049408.0 28049408
1731685923975 28082176.0 28082176
1731685952992 28114944.0 28114944
1731685982734 28147712.0 28147712
1731686007733 28160000.0 28160000
1731686014134 28180480.0 28180480
1731686043483 28213248.0 28213248
1731686072942 28246016.0 28246016
1731686103200 28278784.0 28278784
1731686131767 28311552.0 28311552
1731686156336 28320000.0 28320000
1731686163358 28344320.0 28344320
1731686192980 28377088.0 28377088
1731686222442 28409856.0 28409856
1731686252067 28442624.0 28442624
1731686281487 28475392.0 28475392
1731686304454 28480000.0 28480000
1731686312630 28508160.0 28508160
1731686341960 28540928.0 28540928
1731686371627 28573696.0 28573696
1731686401251 28606464.0 28606464
1731686431376 28639232.0 28639232
1731686454698 28640000.0 28640000
1731686463590 28672000.0 28672000
1731686492904 28704768.0 28704768
1731686522383 28737536.0 28737536
1731686552087 28770304.0 28770304
1731686581633 28800000.0 28800000
1731686582933 28803072.0 28803072
1731686612308 28835840.0 28835840
1731686641638 28868608.0 28868608
1731686671051 28901376.0 28901376
1731686700965 28934144.0 28934144
1731686729677 28960000.0 28960000
1731686731774 28966912.0 28966912
1731686761035 28999680.0 28999680
1731686790524 29032448.0 29032448
1731686820687 29065216.0 29065216
1731686850516 29097984.0 29097984
1731686878045 29120000.0 29120000
1731686881874 29130752.0 29130752
1731686910432 29163520.0 29163520
1731686939545 29196288.0 29196288
1731686968983 29229056.0 29229056
1731686997866 29261824.0 29261824
1731687024557 29280000.0 29280000
1731687028916 29294592.0 29294592
1731687058208 29327360.0 29327360
1731687087554 29360128.0 29360128
1731687116865 29392896.0 29392896
1731687146314 29425664.0 29425664
1731687171853 29440000.0 29440000
1731687177580 29458432.0 29458432
1731687207014 29491200.0 29491200
1731687237213 29523968.0 29523968
1731687267324 29556736.0 29556736
1731687297507 29589504.0 29589504
1731687322376 29600000.0 29600000
1731687328905 29622272.0 29622272
1731687358255 29655040.0 29655040
1731687388053 29687808.0 29687808
1731687417740 29720576.0 29720576
1731687448926 29753344.0 29753344
1731687472751 29760000.0 29760000
1731687480378 29786112.0 29786112
1731687512133 29818880.0 29818880
1731687541714 29851648.0 29851648
1731687571531 29884416.0 29884416
1731687600861 29917184.0 29917184
1731687623247 29920000.0 29920000
1731687634390 29949952.0 29949952
1731687663754 29982720.0 29982720
1731687693501 30015488.0 30015488
1731687723238 30048256.0 30048256
1731687753171 30080000.0 30080000
1731687754177 30081024.0 30081024
1731687783161 30113792.0 30113792
1731687812866 30146560.0 30146560
1731687842981 30179328.0 30179328
1731687878155 30212096.0 30212096
1731687909288 30240000.0 30240000
1731687912804 30244864.0 30244864
1731687944914 30277632.0 30277632
1731687975082 30310400.0 30310400
1731688004663 30343168.0 30343168
1731688034745 30375936.0 30375936
1731688062862 30400000.0 30400000
1731688065855 30408704.0 30408704
1731688095234 30441472.0 30441472
1731688125013 30474240.0 30474240
1731688154988 30507008.0 30507008
1731688184605 30539776.0 30539776
1731688211639 30560000.0 30560000
1731688215396 30572544.0 30572544
1731688245101 30605312.0 30605312
1731688283679 30638080.0 30638080
1731688314248 30670848.0 30670848
1731688343306 30703616.0 30703616
1731688370724 30720000.0 30720000
1731688375755 30736384.0 30736384
1731688404614 30769152.0 30769152
1731688434239 30801920.0 30801920
1731688463646 30834688.0 30834688
1731688493056 30867456.0 30867456
1731688518020 30880000.0 30880000
1731688523697 30900224.0 30900224
1731688553035 30932992.0 30932992
1731688582940 30965760.0 30965760
1731688612360 30998528.0 30998528
1731688642106 31031296.0 31031296
1731688666485 31040000.0 31040000
1731688673593 31064064.0 31064064
1731688702710 31096832.0 31096832
1731688732185 31129600.0 31129600
1731688761410 31162368.0 31162368
1731688790986 31195136.0 31195136
1731688814353 31200000.0 31200000
1731688821956 31227904.0 31227904
1731688851203 31260672.0 31260672
1731688880561 31293440.0 31293440
1731688910060 31326208.0 31326208
1731688939773 31358976.0 31358976
1731688961918 31360000.0 31360000
1731688974363 31391744.0 31391744
1731689003192 31424512.0 31424512
1731689032617 31457280.0 31457280
1731689061997 31490048.0 31490048
1731689091401 31520000.0 31520000
1731689092609 31522816.0 31522816
1731689121908 31555584.0 31555584
1731689151806 31588352.0 31588352
1731689181358 31621120.0 31621120
1731689210743 31653888.0 31653888
1731689239371 31680000.0 31680000
1731689241892 31686656.0 31686656
1731689271289 31719424.0 31719424
1731689301056 31752192.0 31752192
1731689330880 31784960.0 31784960
1731689360641 31817728.0 31817728
1731689388677 31840000.0 31840000
1731689392062 31850496.0 31850496
1731689421363 31883264.0 31883264
1731689451134 31916032.0 31916032
1731689480853 31948800.0 31948800
1731689510172 31981568.0 31981568
1731689536770 32000000.0 32000000
1731689541028 32014336.0 32014336
1731689570167 32047104.0 32047104
1731689599472 32079872.0 32079872
1731689629478 32112640.0 32112640
1731689658901 32145408.0 32145408
1731689685060 32160000.0 32160000
1731689690439 32178176.0 32178176
1731689719997 32210944.0 32210944
1731689749892 32243712.0 32243712
1731689779875 32276480.0 32276480
1731689812083 32309248.0 32309248
1731689836933 32320000.0 32320000
1731689843561 32342016.0 32342016
1731689873008 32374784.0 32374784
1731689903025 32407552.0 32407552
1731689932897 32440320.0 32440320
1731689962328 32473088.0 32473088
1731689986093 32480000.0 32480000
1731689993292 32505856.0 32505856
1731690022924 32538624.0 32538624
1731690052924 32571392.0 32571392
1731690083555 32604160.0 32604160
1731690113172 32636928.0 32636928
1731690136240 32640000.0 32640000
1731690144760 32669696.0 32669696
1731690174057 32702464.0 32702464
1731690204365 32735232.0 32735232
1731690234399 32768000.0 32768000
1731690265535 32800000.0 32800000
1731690268864 32800768.0 32800768
1731690298161 32833536.0 32833536
1731690327779 32866304.0 32866304
1731690357847 32899072.0 32899072
1731690388148 32931840.0 32931840
1731690417665 32960000.0 32960000
1731690419779 32964608.0 32964608
1731690449446 32997376.0 32997376
1731690479136 33030144.0 33030144
1731690508867 33062912.0 33062912
1731690538989 33095680.0 33095680
1731690567030 33120000.0 33120000
1731690569996 33128448.0 33128448
1731690601721 33161216.0 33161216
1731690631394 33193984.0 33193984
1731690661003 33226752.0 33226752
1731690691049 33259520.0 33259520
1731690718679 33280000.0 33280000
1731690722378 33292288.0 33292288
1731690751479 33325056.0 33325056
1731690781174 33357824.0 33357824
1731690811115 33390592.0 33390592
1731690841003 33423360.0 33423360
1731690869218 33440000.0 33440000
1731690876963 33456128.0 33456128
1731690906427 33488896.0 33488896
1731690937000 33521664.0 33521664
1731690966580 33554432.0 33554432
1731690996044 33587200.0 33587200
1731691021304 33600000.0 33600000
1731691027253 33619968.0 33619968
1731691056588 33652736.0 33652736
1731691086192 33685504.0 33685504
1731691116531 33718272.0 33718272
1731691146705 33751040.0 33751040
1731691171146 33760000.0 33760000
1731691178402 33783808.0 33783808
1731691207830 33816576.0 33816576
1731691237738 33849344.0 33849344
1731691267829 33882112.0 33882112
1731691297618 33914880.0 33914880
1731691322242 33920000.0 33920000
1731691330545 33947648.0 33947648
1731691360081 33980416.0 33980416
1731691390410 34013184.0 34013184
1731691420144 34045952.0 34045952
1731691452325 34078720.0 34078720
1731691475116 34080000.0 34080000
1731691485137 34111488.0 34111488
1731691514779 34144256.0 34144256
1731691544682 34177024.0 34177024
1731691575024 34209792.0 34209792
1731691605035 34240000.0 34240000
1731691606659 34242560.0 34242560
1731691636847 34275328.0 34275328
1731691667140 34308096.0 34308096
1731691697553 34340864.0 34340864
1731691727764 34373632.0 34373632
1731691757751 34400000.0 34400000
1731691763016 34406400.0 34406400
1731691792425 34439168.0 34439168
1731691822987 34471936.0 34471936
1731691853359 34504704.0 34504704
1731691884978 34537472.0 34537472
1731691913265 34560000.0 34560000
1731691916931 34570240.0 34570240
1731691946468 34603008.0 34603008
1731691976724 34635776.0 34635776
1731692006953 34668544.0 34668544
1731692037385 34701312.0 34701312
1731692065398 34720000.0 34720000
1731692069808 34734080.0 34734080
1731692099032 34766848.0 34766848
1731692128866 34799616.0 34799616
1731692158791 34832384.0 34832384
1731692189398 34865152.0 34865152
1731692219168 34880000.0 34880000
1731692224814 34897920.0 34897920
1731692254578 34930688.0 34930688
1731692286342 34963456.0 34963456
1731692315984 34996224.0 34996224
1731692345477 35028992.0 35028992
1731692370705 35040000.0 35040000
1731692376915 35061760.0 35061760
1731692406299 35094528.0 35094528
1731692436812 35127296.0 35127296
1731692466510 35160064.0 35160064
1731692496695 35192832.0 35192832
1731692520342 35200000.0 35200000
1731692527484 35225600.0 35225600
1731692556975 35258368.0 35258368
1731692588177 35291136.0 35291136
1731692617982 35323904.0 35323904
1731692647748 35356672.0 35356672
1731692670594 35360000.0 35360000
1731692679073 35389440.0 35389440
1731692712915 35422208.0 35422208
1731692742442 35454976.0 35454976
1731692772303 35487744.0 35487744
1731692802746 35520000.0 35520000
1731692806799 35520512.0 35520512
1731692836135 35553280.0 35553280
1731692866208 35586048.0 35586048
1731692896224 35618816.0 35618816
1731692926499 35651584.0 35651584
1731692956339 35680000.0 35680000
1731692959577 35684352.0 35684352
1731692989600 35717120.0 35717120
1731693020054 35749888.0 35749888
1731693050277 35782656.0 35782656
1731693080679 35815424.0 35815424
1731693109486 35840000.0 35840000
1731693112616 35848192.0 35848192
1731693142325 35880960.0 35880960
1731693173550 35913728.0 35913728
1731693203769 35946496.0 35946496
1731693234060 35979264.0 35979264
1731693261698 36000000.0 36000000
1731693266228 36012032.0 36012032
1731693295937 36044800.0 36044800
1731693326775 36077568.0 36077568
1731693356769 36110336.0 36110336
1731693386349 36143104.0 36143104
1731693413041 36160000.0 36160000
1731693418501 36175872.0 36175872
1731693448310 36208640.0 36208640
1731693478222 36241408.0 36241408
1731693508185 36274176.0 36274176
1731693538169 36306944.0 36306944
1731693564148 36320000.0 36320000
1731693569918 36339712.0 36339712
1731693599194 36372480.0 36372480
1731693629543 36405248.0 36405248
1731693660643 36438016.0 36438016
1731693690293 36470784.0 36470784
1731693714379 36480000.0 36480000
1731693721410 36503552.0 36503552
1731693750780 36536320.0 36536320
1731693779974 36569088.0 36569088
1731693809341 36601856.0 36601856
1731693838876 36634624.0 36634624
1731693862408 36640000.0 36640000
1731693869969 36667392.0 36667392
1731693899576 36700160.0 36700160
1731693929297 36732928.0 36732928
1731693958954 36765696.0 36765696
1731693989085 36798464.0 36798464
1731694011499 36800000.0 36800000
1731694020106 36831232.0 36831232
1731694050144 36864000.0 36864000
1731694079352 36896768.0 36896768
1731694108878 36929536.0 36929536
1731694138794 36960000.0 36960000
1731694139852 36962304.0 36962304
1731694169184 36995072.0 36995072
1731694198627 37027840.0 37027840
1731694228136 37060608.0 37060608
1731694257658 37093376.0 37093376
1731694286553 37120000.0 37120000
1731694288696 37126144.0 37126144
1731694318206 37158912.0 37158912
1731694348247 37191680.0 37191680
1731694378060 37224448.0 37224448
1731694407302 37257216.0 37257216
1731694434993 37280000.0 37280000
1731694438138 37289984.0 37289984
1731694467597 37322752.0 37322752
1731694497208 37355520.0 37355520
1731694526903 37388288.0 37388288
1731694556181 37421056.0 37421056
1731694583516 37440000.0 37440000
1731694587826 37453824.0 37453824
1731694617140 37486592.0 37486592
1731694647108 37519360.0 37519360
1731694676677 37552128.0 37552128
1731694706088 37584896.0 37584896
1731694732466 37600000.0 37600000
1731694737633 37617664.0 37617664
1731694766733 37650432.0 37650432
1731694795907 37683200.0 37683200
1731694825554 37715968.0 37715968
1731694855193 37748736.0 37748736
1731694879993 37760000.0 37760000
1731694886469 37781504.0 37781504
1731694915733 37814272.0 37814272
1731694945480 37847040.0 37847040
1731694975710 37879808.0 37879808
1731695005730 37912576.0 37912576
1731695029656 37920000.0 37920000
1731695036484 37945344.0 37945344
1731695065601 37978112.0 37978112
1731695095168 38010880.0 38010880
1731695125426 38043648.0 38043648
1731695155159 38076416.0 38076416
1731695178281 38080000.0 38080000
1731695186658 38109184.0 38109184
1731695216067 38141952.0 38141952
1731695245707 38174720.0 38174720
1731695275542 38207488.0 38207488
1731695306439 38240000.0 38240000
1731695306872 38240256.0 38240256
1731695336651 38273024.0 38273024
1731695366408 38305792.0 38305792
1731695396107 38338560.0 38338560
1731695426021 38371328.0 38371328
1731695455139 38400000.0 38400000
1731695456575 38404096.0 38404096
1731695485966 38436864.0 38436864
1731695515766 38469632.0 38469632
1731695545766 38502400.0 38502400
1731695575984 38535168.0 38535168
1731695605020 38560000.0 38560000
1731695607507 38567936.0 38567936
1731695636925 38600704.0 38600704
1731695666961 38633472.0 38633472
1731695696652 38666240.0 38666240
1731695725999 38699008.0 38699008
1731695753566 38720000.0 38720000
1731695761265 38731776.0 38731776
1731695791475 38764544.0 38764544
1731695820564 38797312.0 38797312
1731695850140 38830080.0 38830080
1731695879431 38862848.0 38862848
1731695906025 38880000.0 38880000
1731695910522 38895616.0 38895616
1731695940288 38928384.0 38928384
1731695971771 38961152.0 38961152
1731696001272 38993920.0 38993920
1731696031223 39026688.0 39026688
1731696056120 39040000.0 39040000
1731696061467 39059456.0 39059456
1731696091322 39092224.0 39092224
1731696121120 39124992.0 39124992
1731696150896 39157760.0 39157760
1731696180324 39190528.0 39190528
1731696204905 39200000.0 39200000
1731696211532 39223296.0 39223296
1731696241196 39256064.0 39256064
1731696270990 39288832.0 39288832
1731696301172 39321600.0 39321600
1731696331113 39354368.0 39354368
1731696354723 39360000.0 39360000
1731696362590 39387136.0 39387136
1731696392422 39419904.0 39419904
1731696422150 39452672.0 39452672
1731696451803 39485440.0 39485440
1731696481387 39518208.0 39518208
1731696503790 39520000.0 39520000
1731696513494 39550976.0 39550976
1731696542987 39583744.0 39583744
1731696573102 39616512.0 39616512
1731696602714 39649280.0 39649280
1731696632715 39680000.0 39680000
1731696633703 39682048.0 39682048
1731696662750 39714816.0 39714816
1731696692924 39747584.0 39747584
1731696722577 39780352.0 39780352
1731696752552 39813120.0 39813120
1731696781237 39840000.0 39840000
1731696783127 39845888.0 39845888
1731696812768 39878656.0 39878656
1731696842512 39911424.0 39911424
1731696872606 39944192.0 39944192
1731696902779 39976960.0 39976960
1731696931005 40000000.0 40000000
1731696934410 40009728.0 40009728
1731696963985 40042496.0 40042496
1731696993683 40075264.0 40075264
1731697023428 40108032.0 40108032
1731697053452 40140800.0 40140800
1731697080641 40160000.0 40160000
1731697084670 40173568.0 40173568
1731697114459 40206336.0 40206336
1731697144681 40239104.0 40239104
1731697174792 40271872.0 40271872
1731697204777 40304640.0 40304640
1731697231313 40320000.0 40320000
1731697236209 40337408.0 40337408
1731697265659 40370176.0 40370176
1731697295659 40402944.0 40402944
1731697325668 40435712.0 40435712
1731697355450 40468480.0 40468480
1731697380569 40480000.0 40480000
1731697387191 40501248.0 40501248
1731697416965 40534016.0 40534016
1731697447080 40566784.0 40566784
1731697477251 40599552.0 40599552
1731697507258 40632320.0 40632320
1731697531372 40640000.0 40640000
1731697538345 40665088.0 40665088
1731697567766 40697856.0 40697856
1731697597549 40730624.0 40730624
1731697627479 40763392.0 40763392
1731697657474 40796160.0 40796160
1731697680712 40800000.0 40800000
1731697688576 40828928.0 40828928
1731697717958 40861696.0 40861696
1731697747893 40894464.0 40894464
1731697778241 40927232.0 40927232
1731697808651 40960000.0 40960000
1731697809111 40960000.0 40960000
1731697838716 40992768.0 40992768
1731697868258 41025536.0 41025536
1731697898104 41058304.0 41058304
1731697928048 41091072.0 41091072
1731697957841 41120000.0 41120000
1731697959323 41123840.0 41123840
1731697989039 41156608.0 41156608
1731698018731 41189376.0 41189376
1731698048768 41222144.0 41222144
1731698079248 41254912.0 41254912
1731698107871 41280000.0 41280000
1731698110432 41287680.0 41287680
1731698139933 41320448.0 41320448
1731698170172 41353216.0 41353216
1731698199840 41385984.0 41385984
1731698229481 41418752.0 41418752
1731698256946 41440000.0 41440000
1731698260480 41451520.0 41451520
1731698289888 41484288.0 41484288
1731698319607 41517056.0 41517056
1731698349422 41549824.0 41549824
1731698379488 41582592.0 41582592
1731698406342 41600000.0 41600000
1731698410505 41615360.0 41615360
1731698440430 41648128.0 41648128
1731698470423 41680896.0 41680896
1731698500571 41713664.0 41713664
1731698530589 41746432.0 41746432
1731698556514 41760000.0 41760000
1731698562093 41779200.0 41779200
1731698591971 41811968.0 41811968
1731698621520 41844736.0 41844736
1731698651162 41877504.0 41877504
1731698680895 41910272.0 41910272
1731698705596 41920000.0 41920000
1731698712208 41943040.0 41943040
1731698741561 41975808.0 41975808
1731698772382 42008576.0 42008576
1731698802438 42041344.0 42041344
1731698833153 42074112.0 42074112
1731698857025 42080000.0 42080000
1731698864469 42106880.0 42106880
1731698893905 42139648.0 42139648
1731698923604 42172416.0 42172416
1731698953511 42205184.0 42205184
1731698983644 42237952.0 42237952
1731699005956 42240000.0 42240000
1731699014377 42270720.0 42270720
1731699044013 42303488.0 42303488
1731699073885 42336256.0 42336256
1731699103864 42369024.0 42369024
1731699134281 42400000.0 42400000
1731699135078 42401792.0 42401792
1731699164560 42434560.0 42434560
1731699194426 42467328.0 42467328
1731699223806 42500096.0 42500096
1731699254393 42532864.0 42532864
1731699283436 42560000.0 42560000
1731699285318 42565632.0 42565632
1731699314947 42598400.0 42598400
1731699344645 42631168.0 42631168
1731699374626 42663936.0 42663936
1731699404151 42696704.0 42696704
1731699433113 42720000.0 42720000
1731699436060 42729472.0 42729472
1731699465792 42762240.0 42762240
1731699495276 42795008.0 42795008
1731699524942 42827776.0 42827776
1731699554984 42860544.0 42860544
1731699582346 42880000.0 42880000
1731699586100 42893312.0 42893312
1731699615742 42926080.0 42926080
1731699645658 42958848.0 42958848
1731699675544 42991616.0 42991616
1731699705750 43024384.0 43024384
1731699731692 43040000.0 43040000
1731699736616 43057152.0 43057152
1731699766539 43089920.0 43089920
1731699796241 43122688.0 43122688
1731699825800 43155456.0 43155456
1731699855425 43188224.0 43188224
1731699880507 43200000.0 43200000
1731699886366 43220992.0 43220992
1731699915983 43253760.0 43253760
1731699947327 43286528.0 43286528
1731699980348 43319296.0 43319296
1731700011140 43352064.0 43352064
1731700035787 43360000.0 43360000
1731700042506 43384832.0 43384832
1731700072089 43417600.0 43417600
1731700101831 43450368.0 43450368
1731700131497 43483136.0 43483136
1731700162110 43515904.0 43515904
1731700186649 43520000.0 43520000
1731700194638 43548672.0 43548672
1731700224110 43581440.0 43581440
1731700254369 43614208.0 43614208
1731700284838 43646976.0 43646976
1731700314589 43679744.0 43679744
1731700337158 43680000.0 43680000
1731700346587 43712512.0 43712512
1731700376571 43745280.0 43745280
1731700407021 43778048.0 43778048
1731700437054 43810816.0 43810816
1731700466943 43840000.0 43840000
1731700468178 43843584.0 43843584
1731700497945 43876352.0 43876352
1731700528207 43909120.0 43909120
1731700557903 43941888.0 43941888
1731700587836 43974656.0 43974656
1731700616239 44000000.0 44000000
1731700618528 44007424.0 44007424
1731700648166 44040192.0 44040192
1731700677919 44072960.0 44072960
1731700707678 44105728.0 44105728
1731700737236 44138496.0 44138496
1731700764895 44160000.0 44160000
1731700768435 44171264.0 44171264
1731700798336 44204032.0 44204032
1731700828094 44236800.0 44236800
1731700857811 44269568.0 44269568
1731700887627 44302336.0 44302336
1731700915117 44320000.0 44320000
1731700919593 44335104.0 44335104
1731700948968 44367872.0 44367872
1731700979052 44400640.0 44400640
1731701009002 44433408.0 44433408
1731701040497 44466176.0 44466176
1731701066827 44480000.0 44480000
1731701072017 44498944.0 44498944
1731701102026 44531712.0 44531712
1731701131984 44564480.0 44564480
1731701162334 44597248.0 44597248
1731701191948 44630016.0 44630016
1731701216859 44640000.0 44640000
1731701223158 44662784.0 44662784
1731701252633 44695552.0 44695552
1731701282158 44728320.0 44728320
1731701311760 44761088.0 44761088
1731701341034 44793856.0 44793856
1731701365036 44800000.0 44800000
1731701372142 44826624.0 44826624
1731701401750 44859392.0 44859392
1731701431958 44892160.0 44892160
1731701462766 44924928.0 44924928
1731701492823 44957696.0 44957696
1731701515757 44960000.0 44960000
1731701523932 44990464.0 44990464
1731701553881 45023232.0 45023232
1731701583932 45056000.0 45056000
1731701614146 45088768.0 45088768
1731701644433 45120000.0 45120000
1731701645365 45121536.0 45121536
1731701675117 45154304.0 45154304
1731701705165 45187072.0 45187072
1731701735567 45219840.0 45219840
1731701765551 45252608.0 45252608
1731701794967 45280000.0 45280000
1731701796740 45285376.0 45285376
1731701826548 45318144.0 45318144
1731701856416 45350912.0 45350912
1731701885770 45383680.0 45383680
1731701916227 45416448.0 45416448
1731701945506 45440000.0 45440000
1731701949022 45449216.0 45449216
1731701979197 45481984.0 45481984
1731702009629 45514752.0 45514752
1731702040353 45547520.0 45547520
1731702070713 45580288.0 45580288
1731702098213 45600000.0 45600000
1731702101954 45613056.0 45613056
1731702131895 45645824.0 45645824
1731702161721 45678592.0 45678592
1731702191327 45711360.0 45711360
1731702222662 45744128.0 45744128
1731702250341 45760000.0 45760000
1731702255086 45776896.0 45776896
1731702284507 45809664.0 45809664
1731702314476 45842432.0 45842432
1731702344944 45875200.0 45875200
1731702374735 45907968.0 45907968
1731702404328 45920000.0 45920000
1731702415541 45940736.0 45940736
1731702445208 45973504.0 45973504
1731702475099 46006272.0 46006272
1731702504958 46039040.0 46039040
1731702534549 46071808.0 46071808
1731702559550 46080000.0 46080000
1731702566857 46104576.0 46104576
1731702596977 46137344.0 46137344
1731702627473 46170112.0 46170112
1731702657248 46202880.0 46202880
1731702686832 46235648.0 46235648
1731702710036 46240000.0 46240000
1731702717656 46268416.0 46268416
1731702747090 46301184.0 46301184
1731702776707 46333952.0 46333952
1731702807180 46366720.0 46366720
1731702836706 46399488.0 46399488
1731702859056 46400000.0 46400000
1731702867790 46432256.0 46432256
1731702897440 46465024.0 46465024
1731702926915 46497792.0 46497792
1731702957164 46530560.0 46530560
1731702987115 46560000.0 46560000
1731702988322 46563328.0 46563328
1731703018214 46596096.0 46596096
1731703048197 46628864.0 46628864
1731703078122 46661632.0 46661632
1731703108141 46694400.0 46694400
1731703136956 46720000.0 46720000
1731703139246 46727168.0 46727168
1731703168780 46759936.0 46759936
1731703198597 46792704.0 46792704
1731703228747 46825472.0 46825472
1731703258871 46858240.0 46858240
1731703287630 46880000.0 46880000
1731703291137 46891008.0 46891008
1731703321292 46923776.0 46923776
1731703351341 46956544.0 46956544
1731703381616 46989312.0 46989312
1731703411904 47022080.0 47022080
1731703438922 47040000.0 47040000
1731703443068 47054848.0 47054848
1731703473511 47087616.0 47087616
1731703503654 47120384.0 47120384
1731703533803 47153152.0 47153152
1731703563694 47185920.0 47185920
1731703589695 47200000.0 47200000
1731703595036 47218688.0 47218688
1731703624952 47251456.0 47251456
1731703654852 47284224.0 47284224
1731703685043 47316992.0 47316992
1731703715177 47349760.0 47349760
1731703740031 47360000.0 47360000
1731703746023 47382528.0 47382528
1731703775993 47415296.0 47415296
1731703805986 47448064.0 47448064
1731703835668 47480832.0 47480832
1731703865694 47513600.0 47513600
1731703889545 47520000.0 47520000
1731703896625 47546368.0 47546368
1731703926193 47579136.0 47579136
1731703956210 47611904.0 47611904
1731703986559 47644672.0 47644672
1731704016766 47677440.0 47677440
1731704039770 47680000.0 47680000
1731704048647 47710208.0 47710208
1731704078267 47742976.0 47742976
1731704108882 47775744.0 47775744
1731704138649 47808512.0 47808512
1731704169208 47840000.0 47840000
1731704170102 47841280.0 47841280
1731704200107 47874048.0 47874048
1731704229960 47906816.0 47906816
1731704260399 47939584.0 47939584
1731704290616 47972352.0 47972352
1731704319989 48000000.0 48000000
1731704321682 48005120.0 48005120
1731704352217 48037888.0 48037888
1731704382219 48070656.0 48070656
1731704412023 48103424.0 48103424
1731704442398 48136192.0 48136192
1731704471352 48160000.0 48160000
1731704474123 48168960.0 48168960
1731704504240 48201728.0 48201728
1731704534238 48234496.0 48234496
1731704564222 48267264.0 48267264
1731704594514 48300032.0 48300032
1731704622093 48320000.0 48320000
1731704625755 48332800.0 48332800
1731704655587 48365568.0 48365568
1731704685614 48398336.0 48398336
1731704715422 48431104.0 48431104
1731704745170 48463872.0 48463872
1731704771462 48480000.0 48480000
1731704776088 48496640.0 48496640
1731704805905 48529408.0 48529408
1731704837870 48562176.0 48562176
1731704868075 48594944.0 48594944
1731704898104 48627712.0 48627712
1731704923554 48640000.0 48640000
1731704929204 48660480.0 48660480
1731704959037 48693248.0 48693248
1731704989220 48726016.0 48726016
1731705019676 48758784.0 48758784
1731705049537 48791552.0 48791552
1731705074248 48800000.0 48800000
1731705080772 48824320.0 48824320
1731705110737 48857088.0 48857088
1731705141328 48889856.0 48889856
1731705171419 48922624.0 48922624
1731705201512 48955392.0 48955392
1731705225101 48960000.0 48960000
1731705232552 48988160.0 48988160
1731705262287 49020928.0 49020928
1731705291722 49053696.0 49053696
1731705322166 49086464.0 49086464
1731705354105 49119232.0 49119232
1731705377925 49120000.0 49120000
1731705387184 49152000.0 49152000
1731705417459 49184768.0 49184768
1731705449714 49217536.0 49217536
1731705479750 49250304.0 49250304
1731705509828 49280000.0 49280000
1731705510949 49283072.0 49283072
1731705540897 49315840.0 49315840
1731705573324 49348608.0 49348608
1731705606048 49381376.0 49381376
1731705636064 49414144.0 49414144
1731705665406 49440000.0 49440000
1731705667503 49446912.0 49446912
1731705697415 49479680.0 49479680
1731705727788 49512448.0 49512448
1731705757788 49545216.0 49545216
1731705787911 49577984.0 49577984
1731705816704 49600000.0 49600000
1731705820021 49610752.0 49610752
1731705850046 49643520.0 49643520
1731705880379 49676288.0 49676288
1731705910482 49709056.0 49709056
1731705940520 49741824.0 49741824
1731705967542 49760000.0 49760000
1731705971570 49774592.0 49774592
1731706001906 49807360.0 49807360
1731706031953 49840128.0 49840128
1731706061676 49872896.0 49872896
1731706091836 49905664.0 49905664
1731706118472 49920000.0 49920000
1731706123536 49938432.0 49938432
1731706153694 49971200.0 49971200
1731706183827 50003968.0 50003968
1731706214052 50036736.0 50036736
1731706244406 50069504.0 50069504
1731706269712 50080000.0 50080000
1731706275768 50102272.0 50102272
1731706305985 50135040.0 50135040
1731706336286 50167808.0 50167808
1731706366676 50200576.0 50200576
1731706396849 50233344.0 50233344
1731706421085 50240000.0 50240000
1731706428462 50266112.0 50266112
1731706458392 50298880.0 50298880
1731706488715 50331648.0 50331648
1731706518975 50364416.0 50364416
1731706549200 50397184.0 50397184
1731706572221 50400000.0 50400000
1731706580359 50429952.0 50429952
1731706610199 50462720.0 50462720
1731706640089 50495488.0 50495488
1731706669941 50528256.0 50528256
1731706700954 50560000.0 50560000
1731706701532 50561024.0 50561024
1731706731415 50593792.0 50593792
1731706761938 50626560.0 50626560
1731706792290 50659328.0 50659328
1731706822907 50692096.0 50692096
1731706852646 50720000.0 50720000
1731706854287 50724864.0 50724864
1731706884420 50757632.0 50757632
1731706914922 50790400.0 50790400
1731706945391 50823168.0 50823168
1731706975639 50855936.0 50855936
1731707004086 50880000.0 50880000
1731707006655 50888704.0 50888704
1731707036920 50921472.0 50921472
1731707067897 50954240.0 50954240
1731707100046 50987008.0 50987008
1731707130737 51019776.0 51019776
1731707158324 51040000.0 51040000
1731707161909 51052544.0 51052544
1731707191045 51085312.0 51085312
1731707221078 51118080.0 51118080
1731707251053 51150848.0 51150848
1731707281053 51183616.0 51183616
1731707307996 51200000.0 51200000
1731707312856 51216384.0 51216384
1731707343178 51249152.0 51249152
1731707373461 51281920.0 51281920
1731707403386 51314688.0 51314688
1731707433369 51347456.0 51347456
1731707458793 51360000.0 51360000
1731707464352 51380224.0 51380224
1731707494235 51412992.0 51412992
1731707524352 51445760.0 51445760
1731707554591 51478528.0 51478528
1731707584610 51511296.0 51511296
1731707609233 51520000.0 51520000
1731707615859 51544064.0 51544064
1731707645976 51576832.0 51576832
1731707677167 51609600.0 51609600
1731707707232 51642368.0 51642368
1731707737993 51675136.0 51675136
1731707761775 51680000.0 51680000
1731707769291 51707904.0 51707904
1731707799575 51740672.0 51740672
1731707829839 51773440.0 51773440
1731707860233 51806208.0 51806208
1731707890916 51838976.0 51838976
1731707913418 51840000.0 51840000
1731707922123 51871744.0 51871744
1731707952203 51904512.0 51904512
1731707982571 51937280.0 51937280
1731708012590 51970048.0 51970048
1731708042780 52000000.0 52000000
1731708043841 52002816.0 52002816
1731708073926 52035584.0 52035584
1731708104123 52068352.0 52068352
1731708134281 52101120.0 52101120
1731708164331 52133888.0 52133888
1731708193680 52160000.0 52160000
1731708195707 52166656.0 52166656
1731708225589 52199424.0 52199424
1731708255580 52232192.0 52232192
1731708285656 52264960.0 52264960
1731708316151 52297728.0 52297728
1731708344254 52320000.0 52320000
1731708347305 52330496.0 52330496
1731708377050 52363264.0 52363264
1731708407546 52396032.0 52396032
1731708438196 52428800.0 52428800
1731708468496 52461568.0 52461568
1731708496698 52480000.0 52480000
1731708502663 52494336.0 52494336
1731708532970 52527104.0 52527104
1731708563344 52559872.0 52559872
1731708593477 52592640.0 52592640
1731708623875 52625408.0 52625408
1731708650292 52640000.0 52640000
1731708655602 52658176.0 52658176
1731708685616 52690944.0 52690944
1731708716732 52723712.0 52723712
1731708747541 52756480.0 52756480
1731708777926 52789248.0 52789248
1731708803394 52800000.0 52800000
1731708809652 52822016.0 52822016
1731708839667 52854784.0 52854784
1731708869783 52887552.0 52887552
1731708900199 52920320.0 52920320
1731708930207 52953088.0 52953088
1731708954481 52960000.0 52960000
1731708961491 52985856.0 52985856
1731708991366 53018624.0 53018624
1731709021633 53051392.0 53051392
1731709051931 53084160.0 53084160
1731709082664 53116928.0 53116928
1731709106072 53120000.0 53120000
1731709114333 53149696.0 53149696
1731709144673 53182464.0 53182464
1731709175145 53215232.0 53215232
1731709205303 53248000.0 53248000
1731709236342 53280000.0 53280000
1731709236914 53280768.0 53280768
1731709267335 53313536.0 53313536
1731709297763 53346304.0 53346304
1731709328422 53379072.0 53379072
1731709358635 53411840.0 53411840
1731709388674 53440000.0 53440000
1731709390336 53444608.0 53444608
1731709421354 53477376.0 53477376
1731709451504 53510144.0 53510144
1731709481909 53542912.0 53542912
1731709512307 53575680.0 53575680
1731709541523 53600000.0 53600000
1731709544112 53608448.0 53608448
1731709574180 53641216.0 53641216
1731709604129 53673984.0 53673984
1731709634041 53706752.0 53706752
1731709663966 53739520.0 53739520
1731709692082 53760000.0 53760000
1731709695969 53772288.0 53772288
1731709725931 53805056.0 53805056
1731709756623 53837824.0 53837824
1731709786451 53870592.0 53870592
1731709816694 53903360.0 53903360
1731709843623 53920000.0 53920000
1731709848181 53936128.0 53936128
1731709878276 53968896.0 53968896
1731709909280 54001664.0 54001664
1731709939397 54034432.0 54034432
1731709970067 54067200.0 54067200
1731709996503 54080000.0 54080000
1731710001933 54099968.0 54099968
1731710032241 54132736.0 54132736
1731710062374 54165504.0 54165504
1731710092586 54198272.0 54198272
1731710123019 54231040.0 54231040
1731710148198 54240000.0 54240000
1731710154986 54263808.0 54263808
1731710185140 54296576.0 54296576
1731710215623 54329344.0 54329344
1731710245728 54362112.0 54362112
1731710276534 54394880.0 54394880
1731710300324 54400000.0 54400000
1731710307885 54427648.0 54427648
1731710338368 54460416.0 54460416
1731710368578 54493184.0 54493184
1731710398985 54525952.0 54525952
1731710429718 54558720.0 54558720
1731710452800 54560000.0 54560000
1731710461363 54591488.0 54591488
1731710491604 54624256.0 54624256
1731710522075 54657024.0 54657024
1731710552236 54689792.0 54689792
1731710582778 54720000.0 54720000
1731710583853 54722560.0 54722560
1731710613720 54755328.0 54755328
1731710643908 54788096.0 54788096
1731710674082 54820864.0 54820864
1731710704166 54853632.0 54853632
1731710733510 54880000.0 54880000
1731710735449 54886400.0 54886400
1731710765482 54919168.0 54919168
1731710796127 54951936.0 54951936
1731710826857 54984704.0 54984704
1731710857202 55017472.0 55017472
1731710885941 55040000.0 55040000
1731710888960 55050240.0 55050240
1731710919426 55083008.0 55083008
1731710950026 55115776.0 55115776
1731710980767 55148544.0 55148544
1731711011917 55181312.0 55181312
1731711039603 55200000.0 55200000
1731711043691 55214080.0 55214080
1731711074149 55246848.0 55246848
1731711104957 55279616.0 55279616
1731711135477 55312384.0 55312384
1731711166478 55345152.0 55345152
1731711193700 55360000.0 55360000
1731711199045 55377920.0 55377920
1731711229201 55410688.0 55410688
1731711259408 55443456.0 55443456
1731711289489 55476224.0 55476224
1731711319792 55508992.0 55508992
1731711345432 55520000.0 55520000
1731711351551 55541760.0 55541760
1731711381480 55574528.0 55574528
1731711411534 55607296.0 55607296
1731711441864 55640064.0 55640064
1731711472166 55672832.0 55672832
1731711496910 55680000.0 55680000
1731711505871 55705600.0 55705600
1731711536164 55738368.0 55738368
1731711566610 55771136.0 55771136
1731711596836 55803904.0 55803904
1731711627229 55836672.0 55836672
1731711650624 55840000.0 55840000
1731711658665 55869440.0 55869440
1731711688725 55902208.0 55902208
1731711718977 55934976.0 55934976
1731711749190 55967744.0 55967744
1731711780693 56000000.0 56000000
1731711781226 56000512.0 56000512
1731711811656 56033280.0 56033280
1731711842552 56066048.0 56066048
1731711874267 56098816.0 56098816
1731711904808 56131584.0 56131584
1731711934714 56160000.0 56160000
1731711936270 56164352.0 56164352
1731711966599 56197120.0 56197120
1731711996941 56229888.0 56229888
1731712027228 56262656.0 56262656
1731712057516 56295424.0 56295424
1731712087403 56320000.0 56320000
1731712089954 56328192.0 56328192
1731712120181 56360960.0 56360960
1731712150140 56393728.0 56393728
1731712180540 56426496.0 56426496
1731712210956 56459264.0 56459264
1731712239160 56480000.0 56480000
1731712242751 56492032.0 56492032
1731712272935 56524800.0 56524800
1731712303392 56557568.0 56557568
1731712334076 56590336.0 56590336
1731712364625 56623104.0 56623104
1731712391702 56640000.0 56640000
1731712396233 56655872.0 56655872
1731712426646 56688640.0 56688640
1731712457487 56721408.0 56721408
1731712488324 56754176.0 56754176
1731712518603 56786944.0 56786944
1731712545234 56800000.0 56800000
1731712551206 56819712.0 56819712
1731712581673 56852480.0 56852480
1731712612319 56885248.0 56885248
1731712642568 56918016.0 56918016
1731712673555 56950784.0 56950784
1731712698925 56960000.0 56960000
1731712705067 56983552.0 56983552
1731712735209 57016320.0 57016320
1731712765834 57049088.0 57049088
1731712796078 57081856.0 57081856
1731712826420 57114624.0 57114624
1731712850515 57120000.0 57120000
1731712857773 57147392.0 57147392
1731712888593 57180160.0 57180160
1731712919126 57212928.0 57212928
1731712949652 57245696.0 57245696
1731712980441 57278464.0 57278464
1731713003467 57280000.0 57280000
1731713012040 57311232.0 57311232
1731713042640 57344000.0 57344000
1731713073548 57376768.0 57376768
1731713104269 57409536.0 57409536
1731713136025 57440000.0 57440000
1731713137347 57442304.0 57442304
1731713167830 57475072.0 57475072
1731713198579 57507840.0 57507840
1731713229404 57540608.0 57540608
1731713260245 57573376.0 57573376
1731713289803 57600000.0 57600000
1731713292053 57606144.0 57606144
1731713322592 57638912.0 57638912
1731713352383 57671680.0 57671680
1731713381961 57704448.0 57704448
1731713412357 57737216.0 57737216
1731713441127 57760000.0 57760000
1731713444173 57769984.0 57769984
1731713474131 57802752.0 57802752
1731713504279 57835520.0 57835520
1731713536101 57868288.0 57868288
1731713566761 57901056.0 57901056
1731713594860 57920000.0 57920000
1731713598829 57933824.0 57933824
1731713629067 57966592.0 57966592
1731713659452 57999360.0 57999360
1731713690066 58032128.0 58032128
1731713720442 58064896.0 58064896
1731713746943 58080000.0 58080000
1731713751941 58097664.0 58097664
1731713782108 58130432.0 58130432
1731713813162 58163200.0 58163200
1731713843365 58195968.0 58195968
1731713874447 58228736.0 58228736
1731713899788 58240000.0 58240000
1731713905663 58261504.0 58261504
1731713936035 58294272.0 58294272
1731713966946 58327040.0 58327040
1731713997279 58359808.0 58359808
1731714027421 58392576.0 58392576
1731714052100 58400000.0 58400000
1731714058787 58425344.0 58425344
1731714089384 58458112.0 58458112
1731714120378 58490880.0 58490880
1731714151353 58523648.0 58523648
1731714182119 58556416.0 58556416
1731714205735 58560000.0 58560000
1731714213701 58589184.0 58589184
1731714244701 58621952.0 58621952
1731714275322 58654720.0 58654720
1731714306267 58687488.0 58687488
1731714337448 58720000.0 58720000
1731714337883 58720256.0 58720256
1731714368877 58753024.0 58753024
1731714399486 58785792.0 58785792
1731714429999 58818560.0 58818560
1731714460543 58851328.0 58851328
1731714491167 58880000.0 58880000
1731714492693 58884096.0 58884096
1731714523276 58916864.0 58916864
1731714553858 58949632.0 58949632
1731714584407 58982400.0 58982400
1731714614682 59015168.0 59015168
1731714643805 59040000.0 59040000
1731714646219 59047936.0 59047936
1731714676530 59080704.0 59080704
1731714707387 59113472.0 59113472
1731714737954 59146240.0 59146240
1731714768745 59179008.0 59179008
1731714796861 59200000.0 59200000
1731714800501 59211776.0 59211776
1731714830955 59244544.0 59244544
1731714862323 59277312.0 59277312
1731714893177 59310080.0 59310080
1731714924002 59342848.0 59342848
1731714954559 59360000.0 59360000
