1731660313012 6418.0 32768
1731660335619 2372.0 65536
1731660358679 1932.0 98304
1731660382768 1752.0 131072
1731660409188 1621.0 163840
1731660431953 1584.0 196608
1731660456091 1547.0 229376
1731660480085 1523.0 262144
1731660504619 1498.0 294912
1731660531213 1468.0 327680
1731660554926 1458.0 360448
1731660578556 1453.0 393216
1731660602529 1445.0 425984
1731660625734 1443.0 458752
1731660652551 1425.0 491520
1731660675095 1428.0 524288
1731660700051 1420.0 557056
1731660723519 1419.0 589824
1731660748207 1413.0 622592
1731660775308 1402.0 655360
1731660798277 1403.0 688128
1731660821648 1403.0 720896
1731660845282 1402.0 753664
1731660870023 1398.0 786432
1731660896399 1391.0 819200
1731660919692 1392.0 851968
1731660944837 1389.0 884736
1731660969987 1385.0 917504
1731660993916 1385.0 950272
1731661022435 1375.0 983040
1731661045806 1376.0 1015808
1731661071026 1374.0 1048576
1731661096815 1370.0 1081344
1731661128117 1358.0 1114112
1731661156307 1351.0 1146880
1731661185962 1343.0 1179648
1731661209926 1344.0 1212416
1731661241406 1333.0 1245184
1731661265174 1334.0 1277952
1731661292895 1330.0 1310720
1731661316531 1331.0 1343488
1731661347917 1323.0 1376256
1731661380657 1313.0 1409024
1731661413742 1303.0 1441792
1731661436864 1306.0 1474560
1731661460482 1307.0 1507328
1731661484233 1309.0 1540096
1731661507668 1310.0 1572864
1731661533206 1310.0 1605632
1731661562640 1305.0 1638400
1731661586088 1307.0 1671168
1731661609781 1308.0 1703936
1731661640180 1303.0 1736704
1731661666418 1302.0 1769472
1731661689555 1304.0 1802240
1731661712907 1306.0 1835008
1731661736514 1307.0 1867776
1731661759757 1309.0 1900544
1731661785617 1308.0 1933312
1731661808267 1310.0 1966080
1731661831791 1311.0 1998848
1731661862626 1306.0 2031616
1731661893400 1302.0 2064384
1731661919299 1301.0 2097152
1731661942408 1303.0 2129920
1731661967162 1303.0 2162688
1731661990997 1304.0 2195456
1731662021353 1300.0 2228224
1731662048390 1299.0 2260992
1731662072421 1299.0 2293760
1731662097273 1300.0 2326528
1731662123315 1299.0 2359296
1731662147301 1300.0 2392064
1731662175113 1298.0 2424832
1731662198685 1299.0 2457600
1731662229859 1295.0 2490368
1731662260790 1291.0 2523136
1731662284797 1292.0 2555904
1731662317927 1287.0 2588672
1731662348232 1284.0 2621440
1731662378224 1282.0 2654208
1731662401799 1283.0 2686976
1731662425318 1284.0 2719744
1731662458324 1279.0 2752512
1731662481469 1281.0 2785280
1731662505644 1282.0 2818048
1731662531334 1282.0 2850816
1731662558180 1281.0 2883584
1731662581741 1282.0 2916352
1731662606156 1283.0 2949120
1731662631825 1283.0 2981888
1731662656385 1283.0 3014656
1731662689060 1279.0 3047424
1731662712857 1280.0 3080192
1731662736789 1281.0 3112960
1731662760647 1282.0 3145728
1731662784858 1283.0 3178496
1731662811358 1282.0 3211264
1731662841600 1280.0 3244032
1731662867621 1280.0 3276800
1731662892090 1280.0 3309568
1731662916356 1281.0 3342336
1731662943327 1280.0 3375104
1731662973688 1278.0 3407872
1731662998027 1278.0 3440640
1731663028977 1276.0 3473408
1731663052747 1277.0 3506176
1731663079226 1276.0 3538944
1731663103091 1277.0 3571712
1731663128496 1277.0 3604480
1731663158949 1275.0 3637248
1731663183179 1276.0 3670016
1731663210652 1275.0 3702784
1731663241115 1273.0 3735552
1731663265297 1274.0 3768320
1731663289435 1274.0 3801088
1731663313753 1275.0 3833856
1731663340116 1275.0 3866624
1731663363836 1275.0 3899392
1731663387887 1276.0 3932160
1731663411874 1277.0 3964928
1731663435940 1277.0 3997696
1731663462959 1277.0 4030464
1731663486563 1278.0 4063232
1731663510646 1278.0 4096000
1731663534562 1279.0 4128768
1731663561259 1279.0 4161536
1731663585088 1279.0 4194304
1731663609234 1280.0 4227072
1731663633547 1280.0 4259840
1731663665574 1278.0 4292608
1731663692477 1277.0 4325376
1731663716164 1278.0 4358144
1731663740386 1279.0 4390912
1731663766047 1279.0 4423680
1731663790012 1279.0 4456448
1731663818338 1278.0 4489216
1731663842563 1279.0 4521984
1731663872987 1277.0 4554752
1731663897043 1278.0 4587520
1731663920868 1278.0 4620288
1731663949240 1277.0 4653056
1731663972909 1278.0 4685824
1731663996754 1279.0 4718592
1731664027537 1277.0 4751360
1731664051345 1277.0 4784128
1731664079002 1277.0 4816896
1731664103069 1277.0 4849664
1731664127064 1278.0 4882432
1731664151324 1278.0 4915200
1731664175432 1279.0 4947968
1731664203467 1278.0 4980736
1731664227186 1279.0 5013504
1731664257567 1277.0 5046272
1731664281625 1278.0 5079040
1731664306886 1278.0 5111808
1731664333597 1277.0 5144576
1731664357125 1278.0 5177344
1731664381856 1278.0 5210112
1731664412307 1277.0 5242880
1731664442723 1275.0 5275648
1731664469580 1275.0 5308416
1731664493074 1276.0 5341184
1731664516908 1276.0 5373952
1731664540530 1277.0 5406720
1731664563914 1278.0 5439488
1731664589387 1278.0 5472256
1731664612506 1278.0 5505024
1731664635912 1279.0 5537792
1731664659566 1280.0 5570560
1731664685160 1280.0 5603328
1731664708621 1280.0 5636096
1731664738554 1279.0 5668864
1731664762644 1279.0 5701632
1731664785981 1280.0 5734400
1731664812571 1280.0 5767168
1731664836026 1280.0 5799936
1731664861899 1280.0 5832704
1731664885951 1281.0 5865472
1731664910218 1281.0 5898240
1731664937436 1281.0 5931008
1731664960971 1281.0 5963776
1731664985014 1282.0 5996544
1731665008640 1282.0 6029312
1731665038409 1281.0 6062080
1731665066295 1280.0 6094848
1731665089533 1281.0 6127616
1731665112914 1282.0 6160384
1731665142511 1280.0 6193152
1731665166202 1281.0 6225920
1731665191770 1281.0 6258688
1731665221619 1280.0 6291456
1731665251311 1279.0 6324224
1731665281185 1278.0 6356992
1731665312302 1276.0 6389760
1731665339043 1276.0 6422528
1731665368480 1275.0 6455296
1731665391778 1276.0 6488064
1731665415030 1276.0 6520832
1731665438689 1277.0 6553600
1731665464240 1277.0 6586368
1731665487525 1277.0 6619136
1731665510874 1278.0 6651904
1731665534206 1279.0 6684672
1731665558243 1279.0 6717440
1731665584130 1279.0 6750208
1731665613167 1278.0 6782976
1731665643648 1277.0 6815744
1731665667315 1277.0 6848512
1731665693124 1277.0 6881280
1731665716409 1278.0 6914048
1731665745992 1277.0 6946816
1731665769144 1277.0 6979584
1731665792895 1278.0 7012352
1731665818304 1278.0 7045120
1731665841606 1279.0 7077888
1731665864843 1279.0 7110656
1731665888333 1280.0 7143424
1731665912211 1280.0 7176192
1731665938962 1280.0 7208960
1731665968770 1279.0 7241728
1731665998327 1278.0 7274496
1731666021761 1278.0 7307264
1731666045406 1279.0 7340032
1731666072295 1279.0 7372800
1731666095657 1279.0 7405568
1731666119514 1279.0 7438336
1731666142944 1280.0 7471104
1731666166364 1280.0 7503872
1731666191983 1280.0 7536640
1731666215300 1281.0 7569408
1731666238493 1281.0 7602176
1731666261803 1282.0 7634944
1731666285112 1282.0 7667712
1731666311088 1282.0 7700480
1731666334150 1283.0 7733248
1731666357882 1283.0 7766016
1731666387587 1282.0 7798784
1731666411129 1283.0 7831552
1731666437529 1283.0 7864320
1731666460577 1283.0 7897088
1731666484172 1283.0 7929856
1731666513539 1283.0 7962624
1731666536851 1283.0 7995392
1731666562944 1283.0 8028160
1731666592386 1282.0 8060928
1731666616720 1283.0 8093696
1731666640728 1283.0 8126464
1731666664996 1283.0 8159232
1731666690805 1283.0 8192000
1731666713936 1283.0 8224768
1731666737589 1284.0 8257536
1731666761055 1284.0 8290304
1731666786578 1284.0 8323072
1731666809448 1285.0 8355840
1731666832767 1285.0 8388608
1731666856403 1285.0 8421376
1731666880549 1286.0 8454144
1731666906531 1286.0 8486912
1731666929828 1286.0 8519680
1731666953529 1286.0 8552448
1731666977171 1287.0 8585216
1731667000225 1287.0 8617984
1731667026662 1287.0 8650752
1731667049896 1287.0 8683520
1731667073997 1288.0 8716288
1731667097774 1288.0 8749056
1731667123941 1288.0 8781824
1731667150099 1288.0 8814592
1731667173442 1288.0 8847360
1731667197687 1288.0 8880128
1731667227600 1288.0 8912896
1731667250936 1288.0 8945664
1731667277099 1288.0 8978432
1731667300050 1288.0 9011200
1731667323360 1289.0 9043968
1731667346775 1289.0 9076736
1731667370222 1289.0 9109504
1731667396630 1289.0 9142272
1731667419882 1290.0 9175040
1731667443874 1290.0 9207808
1731667467764 1290.0 9240576
1731667492235 1290.0 9273344
1731667518696 1290.0 9306112
1731667541846 1290.0 9338880
1731667565525 1291.0 9371648
1731667589173 1291.0 9404416
1731667619068 1290.0 9437184
1731667645511 1290.0 9469952
1731667669164 1290.0 9502720
1731667699087 1290.0 9535488
1731667722407 1290.0 9568256
1731667754306 1289.0 9601024
1731667777698 1289.0 9633792
1731667801285 1289.0 9666560
1731667824960 1290.0 9699328
1731667855009 1289.0 9732096
1731667882009 1289.0 9764864
1731667905129 1289.0 9797632
1731667928488 1289.0 9830400
1731667951698 1290.0 9863168
1731667981351 1289.0 9895936
1731668006811 1289.0 9928704
1731668030276 1289.0 9961472
1731668053717 1290.0 9994240
1731668077050 1290.0 10027008
1731668100057 1290.0 10059776
1731668125208 1291.0 10092544
1731668154825 1290.0 10125312
1731668177918 1290.0 10158080
1731668201220 1291.0 10190848
1731668224892 1291.0 10223616
1731668252762 1290.0 10256384
1731668276149 1291.0 10289152
1731668300243 1291.0 10321920
1731668324023 1291.0 10354688
1731668349170 1291.0 10387456
1731668381060 1290.0 10420224
1731668404298 1291.0 10452992
1731668427801 1291.0 10485760
1731668451463 1291.0 10518528
1731668481005 1290.0 10551296
1731668510191 1290.0 10584064
1731668539564 1289.0 10616832
1731668563112 1290.0 10649600
1731668587170 1290.0 10682368
1731668611432 1290.0 10715136
1731668643096 1289.0 10747904
1731668666675 1289.0 10780672
1731668691039 1289.0 10813440
1731668722297 1289.0 10846208
1731668752365 1288.0 10878976
1731668785705 1287.0 10911744
1731668809862 1287.0 10944512
1731668842090 1286.0 10977280
1731668867007 1286.0 11010048
1731668894475 1286.0 11042816
1731668917892 1286.0 11075584
1731668941921 1286.0 11108352
1731668966383 1286.0 11141120
1731668990041 1286.0 11173888
1731669023354 1285.0 11206656
1731669047120 1286.0 11239424
1731669071608 1286.0 11272192
1731669097360 1286.0 11304960
1731669122736 1286.0 11337728
1731669151059 1285.0 11370496
1731669174662 1286.0 11403264
1731669201419 1285.0 11436032
1731669231985 1285.0 11468800
1731669256428 1285.0 11501568
1731669283922 1285.0 11534336
1731669307795 1285.0 11567104
1731669332093 1285.0 11599872
1731669357021 1285.0 11632640
1731669381671 1285.0 11665408
1731669409124 1285.0 11698176
1731669432833 1285.0 11730944
1731669456928 1285.0 11763712
1731669487412 1285.0 11796480
1731669511846 1285.0 11829248
1731669541989 1284.0 11862016
1731669565243 1284.0 11894784
1731669589433 1285.0 11927552
1731669613892 1285.0 11960320
1731669638419 1285.0 11993088
1731669665577 1285.0 12025856
1731669695043 1284.0 12058624
1731669719573 1284.0 12091392
1731669744093 1284.0 12124160
1731669768640 1284.0 12156928
1731669796085 1284.0 12189696
1731669819467 1285.0 12222464
1731669844043 1285.0 12255232
1731669868750 1285.0 12288000
1731669896483 1284.0 12320768
1731669920077 1285.0 12353536
1731669950334 1284.0 12386304
1731669974258 1284.0 12419072
1731670004835 1284.0 12451840
1731670031849 1283.0 12484608
1731670055062 1284.0 12517376
1731670079217 1284.0 12550144
1731670102969 1284.0 12582912
1731670127455 1284.0 12615680
1731670153930 1284.0 12648448
1731670177546 1284.0 12681216
1731670201586 1285.0 12713984
1731670225419 1285.0 12746752
1731670249043 1285.0 12779520
1731670276015 1285.0 12812288
1731670299497 1285.0 12845056
1731670323284 1285.0 12877824
1731670347092 1286.0 12910592
1731670370256 1286.0 12943360
1731670396697 1286.0 12976128
1731670420120 1286.0 13008896
1731670444389 1286.0 13041664
1731670474103 1286.0 13074432
1731670498014 1286.0 13107200
1731670525188 1286.0 13139968
1731670548781 1286.0 13172736
1731670572532 1286.0 13205504
1731670602563 1285.0 13238272
1731670626417 1286.0 13271040
1731670653059 1285.0 13303808
1731670676386 1286.0 13336576
1731670700730 1286.0 13369344
1731670724587 1286.0 13402112
1731670754716 1286.0 13434880
1731670781416 1285.0 13467648
1731670805016 1286.0 13500416
1731670828495 1286.0 13533184
1731670851925 1286.0 13565952
1731670875312 1286.0 13598720
1731670901853 1286.0 13631488
1731670925415 1286.0 13664256
1731670949108 1287.0 13697024
1731670972606 1287.0 13729792
1731670998602 1287.0 13762560
1731671021729 1287.0 13795328
1731671045051 1287.0 13828096
1731671068742 1288.0 13860864
1731671092726 1288.0 13893632
1731671118598 1288.0 13926400
1731671141654 1288.0 13959168
1731671165334 1288.0 13991936
1731671188990 1288.0 14024704
1731671218576 1288.0 14057472
1731671245501 1288.0 14090240
1731671268988 1288.0 14123008
1731671292819 1288.0 14155776
1731671316553 1288.0 14188544
1731671346541 1288.0 14221312
1731671373032 1288.0 14254080
1731671402324 1287.0 14286848
1731671425881 1287.0 14319616
1731671449216 1288.0 14352384
1731671472968 1288.0 14385152
1731671498838 1288.0 14417920
1731671522287 1288.0 14450688
1731671545733 1288.0 14483456
1731671569070 1289.0 14516224
1731671592534 1289.0 14548992
1731671618551 1289.0 14581760
1731671641345 1289.0 14614528
1731671664691 1289.0 14647296
1731671687908 1289.0 14680064
1731671711513 1290.0 14712832
1731671737005 1290.0 14745600
1731671759895 1290.0 14778368
1731671783484 1290.0 14811136
1731671807032 1290.0 14843904
1731671830588 1291.0 14876672
1731671857231 1290.0 14909440
1731671880385 1291.0 14942208
1731671904363 1291.0 14974976
1731671933800 1290.0 15007744
1731671965716 1290.0 15040512
1731671988652 1290.0 15073280
1731672012068 1290.0 15106048
1731672035367 1290.0 15138816
1731672064817 1290.0 15171584
1731672089665 1290.0 15204352
1731672113008 1290.0 15237120
1731672136405 1290.0 15269888
1731672159881 1291.0 15302656
1731672183208 1291.0 15335424
1731672214441 1290.0 15368192
1731672237507 1290.0 15400960
1731672260786 1291.0 15433728
1731672284307 1291.0 15466496
1731672307721 1291.0 15499264
1731672333957 1291.0 15532032
1731672357007 1291.0 15564800
1731672380455 1291.0 15597568
1731672403853 1292.0 15630336
1731672427364 1292.0 15663104
1731672455790 1292.0 15695872
1731672478914 1292.0 15728640
1731672502356 1292.0 15761408
1731672526118 1292.0 15794176
1731672549488 1292.0 15826944
1731672575268 1292.0 15859712
1731672598538 1293.0 15892480
1731672628470 1292.0 15925248
1731672658734 1292.0 15958016
1731672688597 1291.0 15990784
1731672720912 1290.0 16023552
1731672744274 1291.0 16056320
1731672767785 1291.0 16089088
1731672791323 1291.0 16121856
1731672814773 1291.0 16154624
1731672840442 1291.0 16187392
1731672863394 1291.0 16220160
1731672887220 1292.0 16252928
1731672911140 1292.0 16285696
1731672940905 1291.0 16318464
1731672966853 1291.0 16351232
1731672989799 1291.0 16384000
1731673013181 1292.0 16416768
1731673043415 1291.0 16449536
1731673074897 1290.0 16482304
1731673098107 1291.0 16515072
1731673127950 1290.0 16547840
1731673151255 1290.0 16580608
1731673174944 1291.0 16613376
1731673207044 1290.0 16646144
1731673230227 1290.0 16678912
1731673253431 1290.0 16711680
1731673277041 1291.0 16744448
1731673300594 1291.0 16777216
1731673332366 1290.0 16809984
1731673355021 1290.0 16842752
1731673385613 1290.0 16875520
1731673408865 1290.0 16908288
1731673432317 1290.0 16941056
1731673458707 1290.0 16973824
1731673481675 1290.0 17006592
1731673505108 1291.0 17039360
1731673528411 1291.0 17072128
1731673558214 1290.0 17104896
1731673590175 1290.0 17137664
1731673613780 1290.0 17170432
1731673638248 1290.0 17203200
1731673661660 1290.0 17235968
1731673684968 1290.0 17268736
1731673710760 1290.0 17301504
1731673733913 1291.0 17334272
1731673759051 1291.0 17367040
1731673782438 1291.0 17399808
1731673805962 1291.0 17432576
1731673831329 1291.0 17465344
1731673860627 1291.0 17498112
1731673883961 1291.0 17530880
1731673907612 1291.0 17563648
1731673931246 1291.0 17596416
1731673957338 1291.0 17629184
1731673980161 1291.0 17661952
1731674009454 1291.0 17694720
1731674033361 1291.0 17727488
1731674059776 1291.0 17760256
1731674089126 1291.0 17793024
1731674112411 1291.0 17825792
1731674135837 1291.0 17858560
1731674165490 1291.0 17891328
1731674198143 1290.0 17924096
1731674220856 1290.0 17956864
1731674244320 1290.0 17989632
1731674267713 1291.0 18022400
1731674291094 1291.0 18055168
1731674317152 1291.0 18087936
1731674340372 1291.0 18120704
1731674369655 1290.0 18153472
1731674392895 1291.0 18186240
1731674416232 1291.0 18219008
1731674441426 1291.0 18251776
1731674464511 1291.0 18284544
1731674487764 1291.0 18317312
1731674511308 1291.0 18350080
1731674540937 1291.0 18382848
1731674567015 1291.0 18415616
1731674589770 1291.0 18448384
1731674619193 1291.0 18481152
1731674642539 1291.0 18513920
1731674667129 1291.0 18546688
1731674692796 1291.0 18579456
1731674715745 1291.0 18612224
1731674738609 1292.0 18644992
1731674762513 1292.0 18677760
1731674785771 1292.0 18710528
1731674811265 1292.0 18743296
1731674834154 1292.0 18776064
1731674857132 1292.0 18808832
1731674880400 1292.0 18841600
1731674909947 1292.0 18874368
1731674935534 1292.0 18907136
1731674958497 1292.0 18939904
1731674988044 1292.0 18972672
1731675017600 1292.0 19005440
1731675040773 1292.0 19038208
1731675072972 1291.0 19070976
1731675101847 1291.0 19103744
1731675124916 1291.0 19136512
1731675148226 1291.0 19169280
1731675180092 1291.0 19202048
1731675203079 1291.0 19234816
1731675226362 1291.0 19267584
1731675249330 1291.0 19300352
1731675272616 1291.0 19333120
1731675298883 1291.0 19365888
1731675321760 1292.0 19398656
1731675344837 1292.0 19431424
1731675368097 1292.0 19464192
1731675397572 1292.0 19496960
1731675423648 1292.0 19529728
1731675452802 1291.0 19562496
1731675476150 1291.0 19595264
1731675499522 1292.0 19628032
1731675529598 1291.0 19660800
1731675555410 1291.0 19693568
1731675578220 1291.0 19726336
1731675601190 1292.0 19759104
1731675624285 1292.0 19791872
1731675647269 1292.0 19824640
1731675672587 1292.0 19857408
1731675695694 1292.0 19890176
1731675719039 1292.0 19922944
1731675748581 1292.0 19955712
1731675771872 1292.0 19988480
1731675798514 1292.0 20021248
1731675827417 1292.0 20054016
1731675850763 1292.0 20086784
1731675873916 1292.0 20119552
1731675898041 1292.0 20152320
1731675924325 1292.0 20185088
1731675947568 1292.0 20217856
1731675976896 1292.0 20250624
1731676000695 1292.0 20283392
1731676024580 1292.0 20316160
1731676050431 1292.0 20348928
1731676079920 1292.0 20381696
1731676102876 1292.0 20414464
1731676125974 1292.0 20447232
1731676151394 1292.0 20480000
1731676174138 1292.0 20512768
1731676197416 1293.0 20545536
1731676221000 1293.0 20578304
1731676250280 1292.0 20611072
1731676276131 1292.0 20643840
1731676298953 1293.0 20676608
1731676322214 1293.0 20709376
1731676345240 1293.0 20742144
1731676368765 1293.0 20774912
1731676394843 1293.0 20807680
1731676424145 1293.0 20840448
1731676447548 1293.0 20873216
1731676477223 1292.0 20905984
1731676507310 1292.0 20938752
1731676533250 1292.0 20971520
1731676556252 1292.0 21004288
1731676579661 1292.0 21037056
1731676602505 1293.0 21069824
1731676632173 1292.0 21102592
1731676657806 1292.0 21135360
1731676681129 1292.0 21168128
1731676704305 1293.0 21200896
1731676727238 1293.0 21233664
1731676750712 1293.0 21266432
1731676776594 1293.0 21299200
1731676799381 1293.0 21331968
1731676822651 1293.0 21364736
1731676845949 1293.0 21397504
1731676869311 1293.0 21430272
1731676894806 1293.0 21463040
1731676924056 1293.0 21495808
1731676953261 1293.0 21528576
1731676976307 1293.0 21561344
1731676999015 1293.0 21594112
1731677024610 1293.0 21626880
1731677047641 1293.0 21659648
1731677071439 1294.0 21692416
1731677094539 1294.0 21725184
1731677117925 1294.0 21757952
1731677149810 1293.0 21790720
1731677172868 1294.0 21823488
1731677196262 1294.0 21856256
1731677219472 1294.0 21889024
1731677244631 1294.0 21921792
1731677267558 1294.0 21954560
1731677291126 1294.0 21987328
1731677314770 1294.0 22020096
1731677338229 1294.0 22052864
1731677364567 1294.0 22085632
1731677387791 1294.0 22118400
1731677410868 1295.0 22151168
1731677434120 1295.0 22183936
1731677463861 1294.0 22216704
1731677495789 1294.0 22249472
1731677518864 1294.0 22282240
1731677541974 1294.0 22315008
1731677565330 1294.0 22347776
1731677594893 1294.0 22380544
1731677620998 1294.0 22413312
1731677650013 1294.0 22446080
1731677673078 1294.0 22478848
1731677696070 1294.0 22511616
1731677719043 1294.0 22544384
1731677744773 1294.0 22577152
1731677767708 1294.0 22609920
1731677790819 1295.0 22642688
1731677820502 1294.0 22675456
1731677844620 1294.0 22708224
1731677872104 1294.0 22740992
1731677901096 1294.0 22773760
1731677924205 1294.0 22806528
1731677947300 1294.0 22839296
1731677976705 1294.0 22872064
1731678002642 1294.0 22904832
1731678025628 1294.0 22937600
1731678048712 1294.0 22970368
1731678078255 1294.0 23003136
1731678101922 1294.0 23035904
1731678133847 1294.0 23068672
1731678163048 1293.0 23101440
1731678186187 1293.0 23134208
1731678209574 1294.0 23166976
1731678233145 1294.0 23199744
1731678259129 1294.0 23232512
1731678288219 1293.0 23265280
1731678312715 1294.0 23298048
1731678336418 1294.0 23330816
1731678368259 1293.0 23363584
1731678391373 1293.0 23396352
1731678414698 1293.0 23429120
1731678438129 1294.0 23461888
1731678461361 1294.0 23494656
1731678486879 1294.0 23527424
1731678516157 1293.0 23560192
1731678539128 1294.0 23592960
1731678562458 1294.0 23625728
1731678586004 1294.0 23658496
1731678611886 1294.0 23691264
1731678641711 1294.0 23724032
1731678665285 1294.0 23756800
1731678688695 1294.0 23789568
1731678711924 1294.0 23822336
1731678737131 1294.0 23855104
1731678760142 1294.0 23887872
1731678783802 1294.0 23920640
1731678813130 1294.0 23953408
1731678843107 1294.0 23986176
1731678868936 1294.0 24018944
1731678898512 1293.0 24051712
1731678923591 1293.0 24084480
1731678948241 1293.0 24117248
1731678972033 1293.0 24150016
1731679005270 1293.0 24182784
1731679028348 1293.0 24215552
1731679051494 1293.0 24248320
1731679074816 1293.0 24281088
1731679098661 1293.0 24313856
1731679130885 1293.0 24346624
1731679153948 1293.0 24379392
1731679176865 1293.0 24412160
1731679199921 1293.0 24444928
1731679223103 1294.0 24477696
1731679248746 1294.0 24510464
1731679271797 1294.0 24543232
1731679295087 1294.0 24576000
1731679324526 1294.0 24608768
1731679350369 1294.0 24641536
1731679373344 1294.0 24674304
1731679396756 1294.0 24707072
1731679420142 1294.0 24739840
1731679443461 1294.0 24772608
1731679469142 1294.0 24805376
1731679492103 1294.0 24838144
1731679515013 1294.0 24870912
1731679538406 1295.0 24903680
1731679568557 1294.0 24936448
1731679593922 1294.0 24969216
1731679616812 1294.0 25001984
1731679640186 1294.0 25034752
1731679663687 1295.0 25067520
1731679688280 1295.0 25100288
1731679713986 1295.0 25133056
1731679737137 1295.0 25165824
1731679760307 1295.0 25198592
1731679783497 1295.0 25231360
1731679807056 1295.0 25264128
1731679833078 1295.0 25296896
1731679856487 1295.0 25329664
1731679885802 1295.0 25362432
1731679915332 1295.0 25395200
1731679938485 1295.0 25427968
1731679964582 1295.0 25460736
1731679987839 1295.0 25493504
1731680017252 1295.0 25526272
1731680040603 1295.0 25559040
1731680063982 1295.0 25591808
1731680095384 1294.0 25624576
1731680118296 1295.0 25657344
1731680141911 1295.0 25690112
1731680165487 1295.0 25722880
1731680195186 1295.0 25755648
1731680226686 1294.0 25788416
1731680255436 1294.0 25821184
1731680284804 1294.0 25853952
1731680307948 1294.0 25886720
1731680337055 1294.0 25919488
1731680362381 1294.0 25952256
1731680385390 1294.0 25985024
1731680408334 1294.0 26017792
1731680431596 1294.0 26050560
1731680457788 1294.0 26083328
1731680480916 1294.0 26116096
1731680504740 1294.0 26148864
1731680528427 1294.0 26181632
1731680557727 1294.0 26214400
1731680583161 1294.0 26247168
1731680606013 1294.0 26279936
1731680629197 1294.0 26312704
1731680652635 1294.0 26345472
1731680682231 1294.0 26378240
1731680708224 1294.0 26411008
1731680737566 1294.0 26443776
1731680766824 1294.0 26476544
1731680790001 1294.0 26509312
1731680813320 1294.0 26542080
1731680839007 1294.0 26574848
1731680862001 1294.0 26607616
1731680885218 1294.0 26640384
1731680908292 1294.0 26673152
1731680931606 1294.0 26705920
1731680956940 1294.0 26738688
1731680979976 1295.0 26771456
1731681004969 1295.0 26804224
1731681028320 1295.0 26836992
1731681051942 1295.0 26869760
1731681084845 1294.0 26902528
1731681114121 1294.0 26935296
1731681137495 1294.0 26968064
1731681161415 1294.0 27000832
1731681185325 1294.0 27033600
1731681211755 1294.0 27066368
1731681235080 1294.0 27099136
1731681259006 1295.0 27131904
1731681282757 1295.0 27164672
1731681306159 1295.0 27197440
1731681332249 1295.0 27230208
1731681355293 1295.0 27262976
1731681378823 1295.0 27295744
1731681408335 1295.0 27328512
1731681434312 1295.0 27361280
1731681457054 1295.0 27394048
1731681480310 1295.0 27426816
1731681503139 1295.0 27459584
1731681526638 1295.0 27492352
1731681560038 1295.0 27525120
1731681583951 1295.0 27557888
1731681607025 1295.0 27590656
1731681637225 1295.0 27623424
1731681666816 1294.0 27656192
1731681691955 1294.0 27688960
1731681721029 1294.0 27721728
1731681744189 1294.0 27754496
1731681767332 1294.0 27787264
1731681790559 1294.0 27820032
1731681816102 1294.0 27852800
1731681839002 1295.0 27885568
1731681868197 1294.0 27918336
1731681891824 1294.0 27951104
1731681915691 1295.0 27983872
1731681940939 1295.0 28016640
1731681963911 1295.0 28049408
1731681987178 1295.0 28082176
1731682010280 1295.0 28114944
1731682033190 1295.0 28147712
1731682058839 1295.0 28180480
1731682081745 1295.0 28213248
1731682105080 1295.0 28246016
1731682128602 1295.0 28278784
1731682151990 1296.0 28311552
1731682177291 1296.0 28344320
1731682200065 1296.0 28377088
1731682229422 1295.0 28409856
1731682258856 1295.0 28442624
1731682282620 1295.0 28475392
1731682307624 1295.0 28508160
1731682330640 1295.0 28540928
1731682354130 1296.0 28573696
1731682384241 1295.0 28606464
1731682414051 1295.0 28639232
1731682439101 1295.0 28672000
1731682462196 1295.0 28704768
1731682485520 1295.0 28737536
1731682508390 1295.0 28770304
1731682533683 1295.0 28803072
1731682556810 1296.0 28835840
1731682579969 1296.0 28868608
1731682603260 1296.0 28901376
1731682626626 1296.0 28934144
1731682658156 1296.0 28966912
1731682680910 1296.0 28999680
1731682703853 1296.0 29032448
1731682732865 1296.0 29065216
1731682756387 1296.0 29097984
1731682787973 1295.0 29130752
1731682811162 1295.0 29163520
1731682834031 1296.0 29196288
1731682857634 1296.0 29229056
1731682887051 1295.0 29261824
1731682912417 1295.0 29294592
1731682935402 1296.0 29327360
1731682964598 1295.0 29360128
1731682987723 1295.0 29392896
1731683010858 1296.0 29425664
1731683036284 1296.0 29458432
1731683059220 1296.0 29491200
1731683082263 1296.0 29523968
1731683111683 1296.0 29556736
1731683135073 1296.0 29589504
1731683160890 1296.0 29622272
1731683190290 1295.0 29655040
1731683213334 1296.0 29687808
1731683243377 1295.0 29720576
1731683272760 1295.0 29753344
1731683298068 1295.0 29786112
1731683321013 1295.0 29818880
1731683344198 1295.0 29851648
1731683367150 1295.0 29884416
1731683389991 1296.0 29917184
1731683415907 1296.0 29949952
1731683438763 1296.0 29982720
1731683461378 1296.0 30015488
1731683484593 1296.0 30048256
1731683516383 1296.0 30081024
1731683545156 1295.0 30113792
1731683568066 1296.0 30146560
1731683591208 1296.0 30179328
1731683614385 1296.0 30212096
1731683639405 1296.0 30244864
1731683662221 1296.0 30277632
1731683691571 1296.0 30310400
1731683714448 1296.0 30343168
1731683737600 1296.0 30375936
1731683762714 1296.0 30408704
1731683791526 1296.0 30441472
1731683820711 1296.0 30474240
1731683843936 1296.0 30507008
1731683873478 1295.0 30539776
1731683899139 1295.0 30572544
1731683928159 1295.0 30605312
1731683951050 1295.0 30638080
1731683974218 1295.0 30670848
1731684005956 1295.0 30703616
1731684037823 1295.0 30736384
1731684060750 1295.0 30769152
1731684083660 1295.0 30801920
1731684106498 1295.0 30834688
1731684129480 1295.0 30867456
1731684155207 1295.0 30900224
1731684184502 1295.0 30932992
1731684214664 1295.0 30965760
1731684243824 1295.0 30998528
1731684266941 1295.0 31031296
1731684298644 1294.0 31064064
1731684321418 1294.0 31096832
1731684344528 1295.0 31129600
1731684367568 1295.0 31162368
1731684390600 1295.0 31195136
1731684416458 1295.0 31227904
1731684445648 1295.0 31260672
1731684469126 1295.0 31293440
1731684492245 1295.0 31326208
1731684515213 1295.0 31358976
1731684540764 1295.0 31391744
1731684563448 1295.0 31424512
1731684586533 1295.0 31457280
1731684609789 1295.0 31490048
1731684641061 1295.0 31522816
1731684663881 1295.0 31555584
1731684686914 1295.0 31588352
1731684716091 1295.0 31621120
1731684739366 1295.0 31653888
1731684771057 1295.0 31686656
1731684799774 1295.0 31719424
1731684823096 1295.0 31752192
1731684846111 1295.0 31784960
1731684869537 1295.0 31817728
1731684895039 1295.0 31850496
1731684918131 1295.0 31883264
1731684941401 1295.0 31916032
1731684964058 1295.0 31948800
1731684987113 1295.0 31981568
1731685012864 1295.0 32014336
1731685035782 1295.0 32047104
1731685059392 1296.0 32079872
1731685082336 1296.0 32112640
1731685105805 1296.0 32145408
