1731660313059 1.0 32768
1731660335743 2.0 65536
1731660358743 3.0 98304
1731660382794 4.0 131072
1731660409322 5.0 163840
1731660432016 6.0 196608
1731660456193 7.0 229376
1731660480214 8.0 262144
1731660504663 9.0 294912
1731660531336 10.0 327680
1731660555039 11.0 360448
1731660578730 12.0 393216
1731660602554 13.0 425984
1731660625936 14.0 458752
1731660652567 15.0 491520
1731660675236 16.0 524288
1731660700116 17.0 557056
1731660723641 18.0 589824
1731660748242 19.0 622592
1731660775444 20.0 655360
1731660798339 21.0 688128
1731660821723 22.0 720896
1731660845499 23.0 753664
1731660870063 24.0 786432
1731660896461 25.0 819200
1731660919919 26.0 851968
1731660944975 27.0 884736
1731660970021 28.0 917504
1731660994070 29.0 950272
1731661022459 30.0 983040
1731661045975 31.0 1015808
1731661071223 32.0 1048576
1731661096854 33.0 1081344
1731661128361 34.0 1114112
1731661156412 35.0 1146880
1731661186013 36.0 1179648
1731661210106 37.0 1212416
1731661241456 38.0 1245184
1731661265222 39.0 1277952
1731661293118 40.0 1310720
1731661316566 41.0 1343488
1731661348086 42.0 1376256
1731661380721 43.0 1409024
1731661413819 44.0 1441792
1731661436909 45.0 1474560
1731661460524 46.0 1507328
1731661484400 47.0 1540096
1731661507707 48.0 1572864
1731661533270 49.0 1605632
1731661562663 50.0 1638400
1731661586139 51.0 1671168
1731661609799 52.0 1703936
1731661640232 53.0 1736704
1731661666433 54.0 1769472
1731661689593 55.0 1802240
1731661712972 56.0 1835008
1731661736560 57.0 1867776
1731661759782 58.0 1900544
1731661785642 59.0 1933312
1731661808314 60.0 1966080
1731661831820 61.0 1998848
1731661862703 62.0 2031616
1731661893434 63.0 2064384
1731661919312 64.0 2097152
1731661942575 65.0 2129920
1731661967292 66.0 2162688
1731661991123 67.0 2195456
1731662021408 68.0 2228224
1731662048432 69.0 2260992
1731662072495 70.0 2293760
1731662097413 71.0 2326528
1731662123415 72.0 2359296
1731662147351 73.0 2392064
1731662175252 74.0 2424832
1731662198837 75.0 2457600
1731662229920 76.0 2490368
1731662260839 77.0 2523136
1731662284856 78.0 2555904
1731662317976 79.0 2588672
1731662348265 80.0 2621440
1731662378265 81.0 2654208
1731662401861 82.0 2686976
1731662425395 83.0 2719744
1731662458372 84.0 2752512
1731662481541 85.0 2785280
1731662505838 86.0 2818048
1731662531433 87.0 2850816
1731662558222 88.0 2883584
1731662581801 89.0 2916352
1731662606279 90.0 2949120
1731662631956 91.0 2981888
1731662656414 92.0 3014656
1731662689090 93.0 3047424
1731662712879 94.0 3080192
1731662736814 95.0 3112960
1731662760673 96.0 3145728
1731662784900 97.0 3178496
1731662811384 98.0 3211264
1731662841978 99.0 3244032
1731662867701 100.0 3276800
1731662892150 101.0 3309568
1731662916413 102.0 3342336
1731662943351 103.0 3375104
1731662973721 104.0 3407872
1731662998283 105.0 3440640
1731663029020 106.0 3473408
1731663052811 107.0 3506176
1731663079272 108.0 3538944
1731663103280 109.0 3571712
1731663128525 110.0 3604480
1731663158978 111.0 3637248
1731663183221 112.0 3670016
1731663210678 113.0 3702784
1731663241177 114.0 3735552
1731663265354 115.0 3768320
1731663289497 116.0 3801088
1731663313815 117.0 3833856
1731663340143 118.0 3866624
1731663363861 119.0 3899392
1731663387968 120.0 3932160
1731663411931 121.0 3964928
1731663436015 122.0 3997696
1731663463030 123.0 4030464
1731663486617 124.0 4063232
1731663510693 125.0 4096000
1731663534608 126.0 4128768
1731663561310 127.0 4161536
1731663585173 128.0 4194304
1731663609293 129.0 4227072
1731663633700 130.0 4259840
1731663665597 131.0 4292608
1731663692507 132.0 4325376
1731663716237 133.0 4358144
1731663740583 134.0 4390912
1731663766097 135.0 4423680
1731663790150 136.0 4456448
1731663818393 137.0 4489216
1731663842633 138.0 4521984
1731663873009 139.0 4554752
1731663897061 140.0 4587520
1731663920995 141.0 4620288
1731663949274 142.0 4653056
1731663972958 143.0 4685824
1731663996798 144.0 4718592
1731664027577 145.0 4751360
1731664051364 146.0 4784128
1731664079373 147.0 4816896
1731664103137 148.0 4849664
1731664127112 149.0 4882432
1731664151342 150.0 4915200
1731664175570 151.0 4947968
1731664203491 152.0 4980736
1731664227242 153.0 5013504
1731664257601 154.0 5046272
1731664281765 155.0 5079040
1731664306956 156.0 5111808
1731664333619 157.0 5144576
1731664357173 158.0 5177344
1731664381939 159.0 5210112
1731664412372 160.0 5242880
1731664442782 161.0 5275648
1731664469595 162.0 5308416
1731664493142 163.0 5341184
1731664516931 164.0 5373952
1731664540550 165.0 5406720
1731664563935 166.0 5439488
1731664589403 167.0 5472256
1731664612527 168.0 5505024
1731664635938 169.0 5537792
1731664659596 170.0 5570560
1731664685178 171.0 5603328
1731664708680 172.0 5636096
1731664738626 173.0 5668864
1731664762692 174.0 5701632
1731664786064 175.0 5734400
1731664812618 176.0 5767168
1731664836208 177.0 5799936
1731664862024 178.0 5832704
1731664886062 179.0 5865472
1731664910259 180.0 5898240
1731664937575 181.0 5931008
1731664961020 182.0 5963776
1731664985078 183.0 5996544
1731665008676 184.0 6029312
1731665038550 185.0 6062080
1731665066317 186.0 6094848
1731665089568 187.0 6127616
1731665112956 188.0 6160384
1731665142530 189.0 6193152
1731665166243 190.0 6225920
1731665191799 191.0 6258688
1731665221637 192.0 6291456
1731665251363 193.0 6324224
1731665281339 194.0 6356992
1731665312363 195.0 6389760
1731665339091 196.0 6422528
1731665368494 197.0 6455296
1731665391795 198.0 6488064
1731665415062 199.0 6520832
1731665438723 200.0 6553600
1731665464257 201.0 6586368
1731665487580 202.0 6619136
1731665510909 203.0 6651904
1731665534285 204.0 6684672
1731665558335 205.0 6717440
1731665584146 206.0 6750208
1731665613191 207.0 6782976
1731665643929 208.0 6815744
1731665667338 209.0 6848512
1731665693139 210.0 6881280
1731665716431 211.0 6914048
1731665746014 212.0 6946816
1731665769212 213.0 6979584
1731665792914 214.0 7012352
1731665818323 215.0 7045120
1731665841624 216.0 7077888
1731665864859 217.0 7110656
1731665888352 218.0 7143424
1731665912240 219.0 7176192
1731665938998 220.0 7208960
1731665968820 221.0 7241728
1731665998357 222.0 7274496
1731666021786 223.0 7307264
1731666045442 224.0 7340032
1731666072316 225.0 7372800
1731666095688 226.0 7405568
1731666119554 227.0 7438336
1731666142966 228.0 7471104
1731666166384 229.0 7503872
1731666192006 230.0 7536640
1731666215318 231.0 7569408
1731666238511 232.0 7602176
1731666261819 233.0 7634944
1731666285138 234.0 7667712
1731666311105 235.0 7700480
1731666334203 236.0 7733248
1731666357917 237.0 7766016
1731666387624 238.0 7798784
1731666411142 239.0 7831552
1731666437551 240.0 7864320
1731666460597 241.0 7897088
1731666484213 242.0 7929856
1731666513555 243.0 7962624
1731666536903 244.0 7995392
1731666562954 245.0 8028160
1731666592414 246.0 8060928
1731666617263 247.0 8093696
1731666640788 248.0 8126464
1731666665143 249.0 8159232
1731666690816 250.0 8192000
1731666713959 251.0 8224768
1731666737623 252.0 8257536
1731666761077 253.0 8290304
1731666786604 254.0 8323072
1731666809537 255.0 8355840
1731666832787 256.0 8388608
1731666856469 257.0 8421376
1731666880634 258.0 8454144
1731666906555 259.0 8486912
1731666929889 260.0 8519680
1731666953588 261.0 8552448
1731666977186 262.0 8585216
1731667000303 263.0 8617984
1731667026709 264.0 8650752
1731667049954 265.0 8683520
1731667074024 266.0 8716288
1731667097912 267.0 8749056
1731667123990 268.0 8781824
1731667150116 269.0 8814592
1731667173508 270.0 8847360
1731667197743 271.0 8880128
1731667227631 272.0 8912896
1731667250953 273.0 8945664
1731667277130 274.0 8978432
1731667300089 275.0 9011200
1731667323427 276.0 9043968
1731667346825 277.0 9076736
1731667370277 278.0 9109504
1731667396679 279.0 9142272
1731667419937 280.0 9175040
1731667443968 281.0 9207808
1731667467825 282.0 9240576
1731667492356 283.0 9273344
1731667518726 284.0 9306112
1731667541902 285.0 9338880
1731667565641 286.0 9371648
1731667589207 287.0 9404416
1731667619092 288.0 9437184
1731667645578 289.0 9469952
1731667669230 290.0 9502720
1731667699123 291.0 9535488
1731667722445 292.0 9568256
1731667754322 293.0 9601024
1731667777726 294.0 9633792
1731667801331 295.0 9666560
1731667824984 296.0 9699328
1731667855028 297.0 9732096
1731667882033 298.0 9764864
1731667905177 299.0 9797632
1731667928517 300.0 9830400
1731667951725 301.0 9863168
1731667981385 302.0 9895936
1731668006845 303.0 9928704
1731668030297 304.0 9961472
1731668053786 305.0 9994240
1731668077065 306.0 10027008
1731668100075 307.0 10059776
1731668125222 308.0 10092544
1731668154847 309.0 10125312
1731668177979 310.0 10158080
1731668201246 311.0 10190848
1731668224946 312.0 10223616
1731668252892 313.0 10256384
1731668276206 314.0 10289152
1731668300310 315.0 10321920
1731668324108 316.0 10354688
1731668349216 317.0 10387456
1731668381081 318.0 10420224
1731668404345 319.0 10452992
1731668427833 320.0 10485760
1731668451496 321.0 10518528
1731668481057 322.0 10551296
1731668510208 323.0 10584064
1731668539670 324.0 10616832
1731668563144 325.0 10649600
1731668587248 326.0 10682368
1731668611516 327.0 10715136
1731668643136 328.0 10747904
1731668666807 329.0 10780672
1731668691069 330.0 10813440
1731668722364 331.0 10846208
1731668752922 332.0 10878976
1731668785785 333.0 10911744
1731668810191 334.0 10944512
1731668842176 335.0 10977280
1731668867073 336.0 11010048
1731668894542 337.0 11042816
1731668917959 338.0 11075584
1731668942091 339.0 11108352
1731668966409 340.0 11141120
1731668990073 341.0 11173888
1731669023547 342.0 11206656
1731669047180 343.0 11239424
1731669071715 344.0 11272192
1731669097629 345.0 11304960
1731669122856 346.0 11337728
1731669151184 347.0 11370496
1731669174863 348.0 11403264
1731669201518 349.0 11436032
1731669232117 350.0 11468800
1731669256538 351.0 11501568
1731669284084 352.0 11534336
1731669307908 353.0 11567104
1731669332217 354.0 11599872
1731669357053 355.0 11632640
1731669381782 356.0 11665408
1731669409288 357.0 11698176
1731669432937 358.0 11730944
1731669456994 359.0 11763712
1731669487503 360.0 11796480
1731669511992 361.0 11829248
1731669542021 362.0 11862016
1731669565353 363.0 11894784
1731669589525 364.0 11927552
1731669613999 365.0 11960320
1731669638477 366.0 11993088
1731669665620 367.0 12025856
1731669695115 368.0 12058624
1731669719644 369.0 12091392
1731669744175 370.0 12124160
1731669768761 371.0 12156928
1731669796147 372.0 12189696
1731669819574 373.0 12222464
1731669844139 374.0 12255232
1731669868799 375.0 12288000
1731669896537 376.0 12320768
1731669920129 377.0 12353536
1731669950403 378.0 12386304
1731669974333 379.0 12419072
1731670004954 380.0 12451840
1731670031899 381.0 12484608
1731670055176 382.0 12517376
1731670079282 383.0 12550144
1731670103094 384.0 12582912
1731670127526 385.0 12615680
1731670153980 386.0 12648448
1731670177626 387.0 12681216
1731670201670 388.0 12713984
1731670225469 389.0 12746752
1731670249083 390.0 12779520
1731670276046 391.0 12812288
1731670299552 392.0 12845056
1731670323349 393.0 12877824
1731670347136 394.0 12910592
1731670370330 395.0 12943360
1731670396726 396.0 12976128
1731670420176 397.0 13008896
1731670444432 398.0 13041664
1731670474181 399.0 13074432
1731670498069 400.0 13107200
1731670525232 401.0 13139968
1731670548822 402.0 13172736
1731670572641 403.0 13205504
1731670602663 404.0 13238272
1731670626469 405.0 13271040
1731670653116 406.0 13303808
1731670676465 407.0 13336576
1731670700889 408.0 13369344
1731670724659 409.0 13402112
1731670754894 410.0 13434880
1731670781489 411.0 13467648
1731670805109 412.0 13500416
1731670828525 413.0 13533184
1731670851991 414.0 13565952
1731670875342 415.0 13598720
1731670901892 416.0 13631488
1731670925465 417.0 13664256
1731670949156 418.0 13697024
1731670972649 419.0 13729792
1731670998631 420.0 13762560
1731671021779 421.0 13795328
1731671045073 422.0 13828096
1731671068766 423.0 13860864
1731671092747 424.0 13893632
1731671118625 425.0 13926400
1731671141702 426.0 13959168
1731671165430 427.0 13991936
1731671189009 428.0 14024704
1731671218631 429.0 14057472
1731671245525 430.0 14090240
1731671269050 431.0 14123008
1731671292858 432.0 14155776
1731671316636 433.0 14188544
1731671346593 434.0 14221312
1731671373054 435.0 14254080
1731671402339 436.0 14286848
1731671425930 437.0 14319616
1731671449288 438.0 14352384
1731671472997 439.0 14385152
1731671498938 440.0 14417920
1731671522302 441.0 14450688
1731671545761 442.0 14483456
1731671569122 443.0 14516224
1731671592583 444.0 14548992
1731671618574 445.0 14581760
1731671641366 446.0 14614528
1731671664758 447.0 14647296
1731671687944 448.0 14680064
1731671711536 449.0 14712832
1731671737021 450.0 14745600
1731671759912 451.0 14778368
1731671783524 452.0 14811136
1731671807083 453.0 14843904
1731671830607 454.0 14876672
1731671857273 455.0 14909440
1731671880451 456.0 14942208
1731671904421 457.0 14974976
1731671933854 458.0 15007744
1731671965736 459.0 15040512
1731671988667 460.0 15073280
1731672012089 461.0 15106048
1731672035382 462.0 15138816
1731672064839 463.0 15171584
1731672089677 464.0 15204352
1731672113037 465.0 15237120
1731672136421 466.0 15269888
1731672159906 467.0 15302656
1731672183232 468.0 15335424
1731672214456 469.0 15368192
1731672237524 470.0 15400960
1731672260808 471.0 15433728
1731672284324 472.0 15466496
1731672307749 473.0 15499264
1731672333969 474.0 15532032
1731672357029 475.0 15564800
1731672380512 476.0 15597568
1731672403952 477.0 15630336
1731672427393 478.0 15663104
1731672455880 479.0 15695872
1731672478996 480.0 15728640
1731672502492 481.0 15761408
1731672526174 482.0 15794176
1731672549540 483.0 15826944
1731672575296 484.0 15859712
1731672598583 485.0 15892480
1731672628541 486.0 15925248
1731672658786 487.0 15958016
1731672688624 488.0 15990784
1731672720936 489.0 16023552
1731672744319 490.0 16056320
1731672767828 491.0 16089088
1731672791365 492.0 16121856
1731672814788 493.0 16154624
1731672840458 494.0 16187392
1731672863564 495.0 16220160
1731672887270 496.0 16252928
1731672911188 497.0 16285696
1731672940955 498.0 16318464
1731672966867 499.0 16351232
1731672989822 500.0 16384000
1731673013198 501.0 16416768
1731673043431 502.0 16449536
1731673074916 503.0 16482304
1731673098150 504.0 16515072
1731673127964 505.0 16547840
1731673151304 506.0 16580608
1731673174970 507.0 16613376
1731673207068 508.0 16646144
1731673230296 509.0 16678912
1731673253458 510.0 16711680
1731673277093 511.0 16744448
1731673300613 512.0 16777216
1731673332380 513.0 16809984
1731673355071 514.0 16842752
1731673385648 515.0 16875520
1731673408915 516.0 16908288
1731673432383 517.0 16941056
1731673458724 518.0 16973824
1731673481736 519.0 17006592
1731673505142 520.0 17039360
1731673528489 521.0 17072128
1731673558236 522.0 17104896
1731673590301 523.0 17137664
1731673613843 524.0 17170432
1731673638269 525.0 17203200
1731673661705 526.0 17235968
1731673684989 527.0 17268736
1731673710782 528.0 17301504
1731673734082 529.0 17334272
1731673759090 530.0 17367040
1731673782452 531.0 17399808
1731673805978 532.0 17432576
1731673831352 533.0 17465344
1731673860680 534.0 17498112
1731673883979 535.0 17530880
1731673907671 536.0 17563648
1731673931272 537.0 17596416
1731673957355 538.0 17629184
1731673980185 539.0 17661952
1731674009499 540.0 17694720
1731674033409 541.0 17727488
1731674059790 542.0 17760256
1731674089145 543.0 17793024
1731674112432 544.0 17825792
1731674135855 545.0 17858560
1731674165543 546.0 17891328
1731674198156 547.0 17924096
1731674220880 548.0 17956864
1731674244342 549.0 17989632
1731674267802 550.0 18022400
1731674291134 551.0 18055168
1731674317215 552.0 18087936
1731674340415 553.0 18120704
1731674369711 554.0 18153472
1731674392913 555.0 18186240
1731674416254 556.0 18219008
1731674441457 557.0 18251776
1731674464540 558.0 18284544
1731674487784 559.0 18317312
1731674511377 560.0 18350080
1731674540971 561.0 18382848
1731674567034 562.0 18415616
1731674589798 563.0 18448384
1731674619211 564.0 18481152
1731674642662 565.0 18513920
1731674667157 566.0 18546688
1731674692813 567.0 18579456
1731674715776 568.0 18612224
1731674738658 569.0 18644992
1731674762537 570.0 18677760
1731674785849 571.0 18710528
1731674811278 572.0 18743296
1731674834171 573.0 18776064
1731674857177 574.0 18808832
1731674880433 575.0 18841600
1731674909974 576.0 18874368
1731674935551 577.0 18907136
1731674958546 578.0 18939904
1731674988113 579.0 18972672
1731675017648 580.0 19005440
1731675040804 581.0 19038208
1731675073003 582.0 19070976
1731675101888 583.0 19103744
1731675124952 584.0 19136512
1731675148275 585.0 19169280
1731675180108 586.0 19202048
1731675203098 587.0 19234816
1731675226411 588.0 19267584
1731675249359 589.0 19300352
1731675272641 590.0 19333120
1731675298899 591.0 19365888
1731675321808 592.0 19398656
1731675344879 593.0 19431424
1731675368213 594.0 19464192
1731675397598 595.0 19496960
1731675423664 596.0 19529728
1731675452832 597.0 19562496
1731675476165 598.0 19595264
1731675499577 599.0 19628032
1731675529744 600.0 19660800
1731675555443 601.0 19693568
1731675578233 602.0 19726336
1731675601224 603.0 19759104
1731675624346 604.0 19791872
1731675647287 605.0 19824640
1731675672605 606.0 19857408
1731675695741 607.0 19890176
1731675719060 608.0 19922944
1731675748606 609.0 19955712
1731675771892 610.0 19988480
1731675798558 611.0 20021248
1731675827442 612.0 20054016
1731675850785 613.0 20086784
1731675873972 614.0 20119552
1731675898617 615.0 20152320
1731675924338 616.0 20185088
1731675947589 617.0 20217856
1731675976914 618.0 20250624
1731676000722 619.0 20283392
1731676024606 620.0 20316160
1731676050447 621.0 20348928
1731676079946 622.0 20381696
1731676102905 623.0 20414464
1731676126035 624.0 20447232
1731676151420 625.0 20480000
1731676174160 626.0 20512768
1731676197521 627.0 20545536
1731676221024 628.0 20578304
1731676250299 629.0 20611072
1731676276153 630.0 20643840
1731676299002 631.0 20676608
1731676322242 632.0 20709376
1731676345286 633.0 20742144
1731676368789 634.0 20774912
1731676394864 635.0 20807680
1731676424158 636.0 20840448
1731676447594 637.0 20873216
1731676477292 638.0 20905984
1731676507339 639.0 20938752
1731676533266 640.0 20971520
1731676556314 641.0 21004288
1731676579708 642.0 21037056
1731676602528 643.0 21069824
1731676632194 644.0 21102592
1731676657844 645.0 21135360
1731676681154 646.0 21168128
1731676704331 647.0 21200896
1731676727265 648.0 21233664
1731676750737 649.0 21266432
1731676776609 650.0 21299200
1731676799420 651.0 21331968
1731676822699 652.0 21364736
1731676846027 653.0 21397504
1731676869531 654.0 21430272
1731676894822 655.0 21463040
1731676924074 656.0 21495808
1731676953281 657.0 21528576
1731676976359 658.0 21561344
1731676999072 659.0 21594112
1731677024626 660.0 21626880
1731677047670 661.0 21659648
1731677071533 662.0 21692416
1731677094555 663.0 21725184
1731677117945 664.0 21757952
1731677149855 665.0 21790720
1731677172910 666.0 21823488
1731677196283 667.0 21856256
1731677219514 668.0 21889024
1731677244648 669.0 21921792
1731677267616 670.0 21954560
1731677291150 671.0 21987328
1731677314793 672.0 22020096
1731677338287 673.0 22052864
1731677364583 674.0 22085632
1731677387812 675.0 22118400
1731677410926 676.0 22151168
1731677434167 677.0 22183936
1731677463888 678.0 22216704
1731677495804 679.0 22249472
1731677518918 680.0 22282240
1731677542028 681.0 22315008
1731677565407 682.0 22347776
1731677594938 683.0 22380544
1731677621017 684.0 22413312
1731677650085 685.0 22446080
1731677673141 686.0 22478848
1731677696101 687.0 22511616
1731677719087 688.0 22544384
1731677744812 689.0 22577152
1731677767774 690.0 22609920
1731677790863 691.0 22642688
1731677820558 692.0 22675456
1731677844740 693.0 22708224
1731677872140 694.0 22740992
1731677901144 695.0 22773760
1731677924223 696.0 22806528
1731677947351 697.0 22839296
1731677976765 698.0 22872064
1731678002668 699.0 22904832
1731678025676 700.0 22937600
1731678048746 701.0 22970368
1731678078301 702.0 23003136
1731678101938 703.0 23035904
1731678133862 704.0 23068672
1731678163067 705.0 23101440
1731678186247 706.0 23134208
1731678209598 707.0 23166976
1731678233251 708.0 23199744
1731678259152 709.0 23232512
1731678288294 710.0 23265280
1731678312791 711.0 23298048
1731678336443 712.0 23330816
1731678368276 713.0 23363584
1731678391394 714.0 23396352
1731678414829 715.0 23429120
1731678438167 716.0 23461888
1731678461395 717.0 23494656
1731678486892 718.0 23527424
1731678516187 719.0 23560192
1731678539173 720.0 23592960
1731678562484 721.0 23625728
1731678586038 722.0 23658496
1731678611933 723.0 23691264
1731678641765 724.0 23724032
1731678665396 725.0 23756800
1731678688739 726.0 23789568
1731678711948 727.0 23822336
1731678737204 728.0 23855104
1731678760189 729.0 23887872
1731678783852 730.0 23920640
1731678813433 731.0 23953408
1731678843154 732.0 23986176
1731678868973 733.0 24018944
1731678898653 734.0 24051712
1731678923672 735.0 24084480
1731678948259 736.0 24117248
1731678972117 737.0 24150016
1731679005285 738.0 24182784
1731679028451 739.0 24215552
1731679051546 740.0 24248320
1731679074874 741.0 24281088
1731679098708 742.0 24313856
1731679130898 743.0 24346624
1731679153971 744.0 24379392
1731679176885 745.0 24412160
1731679199949 746.0 24444928
1731679223133 747.0 24477696
1731679248763 748.0 24510464
1731679271882 749.0 24543232
1731679295140 750.0 24576000
1731679324620 751.0 24608768
1731679350409 752.0 24641536
1731679373399 753.0 24674304
1731679396803 754.0 24707072
1731679420170 755.0 24739840
1731679443488 756.0 24772608
1731679469158 757.0 24805376
1731679492128 758.0 24838144
1731679515041 759.0 24870912
1731679538450 760.0 24903680
1731679568692 761.0 24936448
1731679593936 762.0 24969216
1731679616839 763.0 25001984
1731679640230 764.0 25034752
1731679663849 765.0 25067520
1731679688342 766.0 25100288
1731679714035 767.0 25133056
1731679737201 768.0 25165824
1731679760327 769.0 25198592
1731679783548 770.0 25231360
1731679807088 771.0 25264128
1731679833097 772.0 25296896
1731679856506 773.0 25329664
1731679885845 774.0 25362432
1731679915434 775.0 25395200
1731679938514 776.0 25427968
1731679964646 777.0 25460736
1731679987889 778.0 25493504
1731680017315 779.0 25526272
1731680040649 780.0 25559040
1731680063994 781.0 25591808
1731680095399 782.0 25624576
1731680118311 783.0 25657344
1731680141938 784.0 25690112
1731680165503 785.0 25722880
1731680195214 786.0 25755648
1731680226701 787.0 25788416
1731680255459 788.0 25821184
1731680284820 789.0 25853952
1731680307976 790.0 25886720
1731680337071 791.0 25919488
1731680362398 792.0 25952256
1731680385419 793.0 25985024
1731680408391 794.0 26017792
1731680431618 795.0 26050560
1731680457811 796.0 26083328
1731680480947 797.0 26116096
1731680504831 798.0 26148864
1731680528473 799.0 26181632
1731680557772 800.0 26214400
1731680583181 801.0 26247168
1731680606059 802.0 26279936
1731680629244 803.0 26312704
1731680652679 804.0 26345472
1731680682278 805.0 26378240
1731680708236 806.0 26411008
1731680737586 807.0 26443776
1731680766849 808.0 26476544
1731680790011 809.0 26509312
1731680813346 810.0 26542080
1731680839046 811.0 26574848
1731680862036 812.0 26607616
1731680885242 813.0 26640384
1731680908433 814.0 26673152
1731680931636 815.0 26705920
1731680956953 816.0 26738688
1731680980129 817.0 26771456
1731681005004 818.0 26804224
1731681028373 819.0 26836992
1731681051983 820.0 26869760
1731681084871 821.0 26902528
1731681114185 822.0 26935296
1731681137553 823.0 26968064
1731681161541 824.0 27000832
1731681185376 825.0 27033600
1731681211813 826.0 27066368
1731681235118 827.0 27099136
1731681259095 828.0 27131904
1731681282863 829.0 27164672
1731681306290 830.0 27197440
1731681332281 831.0 27230208
1731681355390 832.0 27262976
1731681378846 833.0 27295744
1731681408407 834.0 27328512
1731681434370 835.0 27361280
1731681457153 836.0 27394048
1731681480325 837.0 27426816
1731681503169 838.0 27459584
1731681526673 839.0 27492352
1731681560201 840.0 27525120
1731681584029 841.0 27557888
1731681607077 842.0 27590656
1731681637242 843.0 27623424
1731681666877 844.0 27656192
1731681691969 845.0 27688960
1731681721043 846.0 27721728
1731681744215 847.0 27754496
1731681767371 848.0 27787264
1731681790580 849.0 27820032
1731681816140 850.0 27852800
1731681839054 851.0 27885568
1731681868230 852.0 27918336
1731681891900 853.0 27951104
1731681915741 854.0 27983872
1731681940951 855.0 28016640
1731681964004 856.0 28049408
1731681987223 857.0 28082176
1731682010324 858.0 28114944
1731682033241 859.0 28147712
1731682058858 860.0 28180480
1731682081759 861.0 28213248
1731682105122 862.0 28246016
1731682128627 863.0 28278784
1731682152014 864.0 28311552
1731682177307 865.0 28344320
1731682200088 866.0 28377088
1731682229438 867.0 28409856
1731682258882 868.0 28442624
1731682282690 869.0 28475392
1731682307642 870.0 28508160
1731682330657 871.0 28540928
1731682354204 872.0 28573696
1731682384301 873.0 28606464
1731682414109 874.0 28639232
1731682439115 875.0 28672000
1731682462243 876.0 28704768
1731682485570 877.0 28737536
1731682508441 878.0 28770304
1731682533708 879.0 28803072
1731682556826 880.0 28835840
1731682580013 881.0 28868608
1731682603273 882.0 28901376
1731682626670 883.0 28934144
1731682658173 884.0 28966912
1731682680931 885.0 28999680
1731682703876 886.0 29032448
1731682732884 887.0 29065216
1731682756441 888.0 29097984
1731682787983 889.0 29130752
1731682811185 890.0 29163520
1731682834044 891.0 29196288
1731682857656 892.0 29229056
1731682887062 893.0 29261824
1731682912442 894.0 29294592
1731682935463 895.0 29327360
1731682964668 896.0 29360128
1731682987765 897.0 29392896
1731683010876 898.0 29425664
1731683036310 899.0 29458432
1731683059235 900.0 29491200
1731683082287 901.0 29523968
1731683111730 902.0 29556736
1731683135096 903.0 29589504
1731683160919 904.0 29622272
1731683190313 905.0 29655040
1731683213391 906.0 29687808
1731683243397 907.0 29720576
1731683272777 908.0 29753344
1731683298086 909.0 29786112
1731683321078 910.0 29818880
1731683344217 911.0 29851648
1731683367173 912.0 29884416
1731683390017 913.0 29917184
1731683415949 914.0 29949952
1731683438780 915.0 29982720
1731683461427 916.0 30015488
1731683484697 917.0 30048256
1731683516399 918.0 30081024
1731683545193 919.0 30113792
1731683568119 920.0 30146560
1731683591246 921.0 30179328
1731683614411 922.0 30212096
1731683639423 923.0 30244864
1731683662241 924.0 30277632
1731683691597 925.0 30310400
1731683714465 926.0 30343168
1731683737616 927.0 30375936
1731683762734 928.0 30408704
1731683791543 929.0 30441472
1731683820764 930.0 30474240
1731683843960 931.0 30507008
1731683873493 932.0 30539776
1731683899152 933.0 30572544
1731683928176 934.0 30605312
1731683951091 935.0 30638080
1731683974319 936.0 30670848
1731684006021 937.0 30703616
1731684037845 938.0 30736384
1731684060858 939.0 30769152
1731684083688 940.0 30801920
1731684106593 941.0 30834688
1731684129498 942.0 30867456
1731684155225 943.0 30900224
1731684184550 944.0 30932992
1731684214683 945.0 30965760
1731684243849 946.0 30998528
1731684266989 947.0 31031296
1731684298661 948.0 31064064
1731684321474 949.0 31096832
1731684344543 950.0 31129600
1731684367613 951.0 31162368
1731684390635 952.0 31195136
1731684416472 953.0 31227904
1731684445676 954.0 31260672
1731684469167 955.0 31293440
1731684492262 956.0 31326208
1731684515261 957.0 31358976
1731684540780 958.0 31391744
1731684563478 959.0 31424512
1731684586591 960.0 31457280
1731684609806 961.0 31490048
1731684641117 962.0 31522816
1731684663901 963.0 31555584
1731684686963 964.0 31588352
1731684716211 965.0 31621120
1731684739393 966.0 31653888
1731684771068 967.0 31686656
1731684799792 968.0 31719424
1731684823121 969.0 31752192
1731684846137 970.0 31784960
1731684869588 971.0 31817728
1731684895055 972.0 31850496
1731684918276 973.0 31883264
1731684941416 974.0 31916032
1731684964076 975.0 31948800
1731684987157 976.0 31981568
1731685012878 977.0 32014336
1731685036014 978.0 32047104
1731685059414 979.0 32079872
1731685082356 980.0 32112640
1731685105825 981.0 32145408
