1733223240725 11.0 32768
1733223279897 50.0 65536
1733223320134 91.0 98304
1733223360986 131.0 131072
1733223408447 179.0 163840
1733223447430 218.0 196608
1733223485867 256.0 229376
1733223525606 296.0 262144
1733223565462 336.0 294912
1733223610865 381.0 327680
1733223648971 419.0 360448
1733223686953 457.0 393216
1733223725438 496.0 425984
1733223763930 534.0 458752
1733223809587 580.0 491520
1733223847121 618.0 524288
1733223884502 655.0 557056
1733223923770 694.0 589824
1733223962384 733.0 622592
1733224006605 777.0 655360
1733224044269 815.0 688128
1733224082803 853.0 720896
1733224121138 892.0 753664
1733224159937 930.0 786432
1733224205790 976.0 819200
1733224244214 1015.0 851968
1733224282811 1053.0 884736
1733224321508 1092.0 917504
1733224359898 1130.0 950272
1733224405473 1176.0 983040
1733224443883 1214.0 1015808
1733224482608 1253.0 1048576
1733224521669 1292.0 1081344
1733224561331 1332.0 1114112
1733224607785 1378.0 1146880
1733224646501 1417.0 1179648
1733224686134 1457.0 1212416
1733224725419 1496.0 1245184
1733224764660 1535.0 1277952
1733224811488 1582.0 1310720
1733224850608 1621.0 1343488
1733224890033 1660.0 1376256
1733224929665 1700.0 1409024
1733224976909 1747.0 1441792
1733225016751 1787.0 1474560
1733225056995 1827.0 1507328
1733225096637 1867.0 1540096
1733225136065 1907.0 1572864
1733225183593 1954.0 1605632
1733225222471 1993.0 1638400
1733225262338 2033.0 1671168
1733225301899 2072.0 1703936
1733225342124 2112.0 1736704
1733225390682 2161.0 1769472
1733225429371 2200.0 1802240
1733225468296 2239.0 1835008
1733225507727 2278.0 1867776
1733225547646 2318.0 1900544
1733225594403 2365.0 1933312
1733225633109 2404.0 1966080
1733225672736 2443.0 1998848
1733225711962 2482.0 2031616
1733225751214 2522.0 2064384
1733225798004 2568.0 2097152
1733225837073 2608.0 2129920
1733225876695 2647.0 2162688
1733225915972 2686.0 2195456
1733225955511 2726.0 2228224
1733226001315 2772.0 2260992
1733226040280 2811.0 2293760
1733226079838 2850.0 2326528
1733226119694 2890.0 2359296
1733226158820 2929.0 2392064
1733226206724 2977.0 2424832
1733226246525 3017.0 2457600
1733226286339 3057.0 2490368
1733226326577 3097.0 2523136
1733226366808 3137.0 2555904
1733226413420 3184.0 2588672
1733226452821 3223.0 2621440
1733226492044 3263.0 2654208
1733226531391 3302.0 2686976
1733226570972 3341.0 2719744
1733226617992 3388.0 2752512
1733226657136 3428.0 2785280
1733226696474 3467.0 2818048
1733226735496 3506.0 2850816
1733226781746 3552.0 2883584
1733226820594 3591.0 2916352
1733226859853 3630.0 2949120
1733226899183 3670.0 2981888
1733226938132 3709.0 3014656
1733226984768 3755.0 3047424
1733227023990 3794.0 3080192
1733227063584 3834.0 3112960
1733227102987 3873.0 3145728
1733227142258 3913.0 3178496
1733227188252 3959.0 3211264
1733227227911 3998.0 3244032
1733227267422 4038.0 3276800
1733227306685 4077.0 3309568
1733227346095 4117.0 3342336
1733227392586 4163.0 3375104
1733227432311 4203.0 3407872
1733227472042 4242.0 3440640
1733227511495 4282.0 3473408
1733227550706 4321.0 3506176
1733227597378 4368.0 3538944
1733227636559 4407.0 3571712
1733227676930 4447.0 3604480
1733227716504 4487.0 3637248
1733227756060 4527.0 3670016
1733227802671 4573.0 3702784
1733227842093 4613.0 3735552
1733227881615 4652.0 3768320
1733227921996 4692.0 3801088
1733227961492 4732.0 3833856
1733228007714 4778.0 3866624
1733228046935 4817.0 3899392
1733228085945 4856.0 3932160
1733228125006 4895.0 3964928
1733228164270 4935.0 3997696
1733228210418 4981.0 4030464
1733228249397 5020.0 4063232
1733228289317 5059.0 4096000
1733228328654 5099.0 4128768
1733228374544 5145.0 4161536
1733228413973 5184.0 4194304
1733228453154 5224.0 4227072
1733228492218 5263.0 4259840
1733228531403 5302.0 4292608
1733228578144 5349.0 4325376
1733228617533 5388.0 4358144
1733228656383 5427.0 4390912
1733228695770 5466.0 4423680
1733228735641 5506.0 4456448
1733228783237 5554.0 4489216
1733228823067 5594.0 4521984
1733228862865 5633.0 4554752
1733228902903 5673.0 4587520
1733228942819 5713.0 4620288
1733228990585 5761.0 4653056
1733229030069 5801.0 4685824
1733229069748 5840.0 4718592
1733229109604 5880.0 4751360
1733229149540 5919.0 4784128
1733229198487 5969.0 4816896
1733229237726 6008.0 4849664
1733229277203 6048.0 4882432
1733229316821 6087.0 4915200
1733229356515 6127.0 4947968
1733229405513 6176.0 4980736
1733229445048 6215.0 5013504
1733229483949 6254.0 5046272
1733229522973 6293.0 5079040
1733229562930 6333.0 5111808
1733229611688 6382.0 5144576
1733229650714 6421.0 5177344
1733229690022 6460.0 5210112
1733229728918 6499.0 5242880
1733229768714 6539.0 5275648
1733229816206 6587.0 5308416
1733229856257 6627.0 5341184
1733229895901 6666.0 5373952
1733229936056 6706.0 5406720
1733229976500 6747.0 5439488
1733230024079 6795.0 5472256
1733230064831 6835.0 5505024
1733230105128 6876.0 5537792
1733230145652 6916.0 5570560
1733230194214 6965.0 5603328
1733230234877 7005.0 5636096
1733230275743 7046.0 5668864
1733230320938 7088.0 5701632
1733230368239 7139.0 5734400
1733230420058 7190.0 5767168
1733230459881 7230.0 5799936
1733230501697 7272.0 5832704
1733230541872 7312.0 5865472
1733230582826 7353.0 5898240
1733230631810 7402.0 5931008
1733230673830 7444.0 5963776
1733230714972 7485.0 5996544
1733230757461 7528.0 6029312
1733230797629 7568.0 6062080
1733230847959 7618.0 6094848
1733230888740 7659.0 6127616
1733230930129 7700.0 6160384
1733230973166 7742.0 6193152
1733231017279 7785.0 6225920
1733231072158 7843.0 6258688
1733231113740 7884.0 6291456
1733231158716 7929.0 6324224
1733231202825 7973.0 6356992
1733231247464 8018.0 6389760
1733231301014 8071.0 6422528
1733231344757 8115.0 6455296
1733231387937 8158.0 6488064
1733231431242 8201.0 6520832
1733231478074 8249.0 6553600
1733231529906 8300.0 6586368
1733231574681 8345.0 6619136
1733231618084 8388.0 6651904
1733231661590 8432.0 6684672
1733231707553 8478.0 6717440
1733231758287 8529.0 6750208
1733231803093 8573.0 6782976
1733231849028 8619.0 6815744
1733231893279 8663.0 6848512
1733231946053 8717.0 6881280
1733231988366 8759.0 6914048
1733232033669 8804.0 6946816
1733232078909 8849.0 6979584
1733232123030 8893.0 7012352
1733232175541 8946.0 7045120
1733232220148 8991.0 7077888
1733232264974 9035.0 7110656
1733232308505 9079.0 7143424
1733232352190 9123.0 7176192
1733232403645 9174.0 7208960
1733232449448 9220.0 7241728
1733232494058 9264.0 7274496
1733232537425 9308.0 7307264
1733232582962 9353.0 7340032
1733232635084 9405.0 7372800
1733232678940 9449.0 7405568
1733232720548 9491.0 7438336
1733232765699 9536.0 7471104
1733232812123 9583.0 7503872
1733232861741 9632.0 7536640
1733232903580 9674.0 7569408
1733232949101 9720.0 7602176
1733232993938 9764.0 7634944
1733233037589 9808.0 7667712
1733233089277 9860.0 7700480
1733233135290 9906.0 7733248
1733233179252 9950.0 7766016
1733233222257 9993.0 7798784
1733233267894 10038.0 7831552
1733233322901 10093.0 7864320
1733233368795 10139.0 7897088
1733233413704 10184.0 7929856
1733233459269 10230.0 7962624
1733233506622 10277.0 7995392
1733233561006 10331.0 8028160
1733233605120 10376.0 8060928
1733233649615 10420.0 8093696
1733233694856 10465.0 8126464
1733233742089 10512.0 8159232
1733233797161 10568.0 8192000
1733233841657 10612.0 8224768
1733233887137 10658.0 8257536
1733233931999 10702.0 8290304
1733233986235 10757.0 8323072
1733234031345 10802.0 8355840
1733234077885 10848.0 8388608
1733234123428 10894.0 8421376
1733234167666 10938.0 8454144
1733234221880 10992.0 8486912
1733234266532 11037.0 8519680
1733234313100 11084.0 8552448
1733234358050 11128.0 8585216
1733234402232 11173.0 8617984
1733234455647 11226.0 8650752
1733234501599 11272.0 8683520
1733234546626 11317.0 8716288
1733234590463 11361.0 8749056
1733234635310 11406.0 8781824
1733234691469 11462.0 8814592
1733234736174 11507.0 8847360
1733234782203 11553.0 8880128
1733234826044 11597.0 8912896
1733234870670 11641.0 8945664
1733234926922 11697.0 8978432
1733234971865 11742.0 9011200
1733235018383 11788.0 9043968
1733235062640 11833.0 9076736
1733235108491 11878.0 9109504
1733235166020 11937.0 9142272
1733235210459 11981.0 9175040
1733235256492 12026.0 9207808
1733235302045 12072.0 9240576
1733235347452 12118.0 9273344
1733235403428 12173.0 9306112
1733235448377 12219.0 9338880
1733235496094 12267.0 9371648
1733235540896 12311.0 9404416
1733235585669 12356.0 9437184
1733235642948 12413.0 9469952
1733235687032 12458.0 9502720
1733235734147 12505.0 9535488
1733235777672 12548.0 9568256
1733235831145 12602.0 9601024
1733235876679 12647.0 9633792
1733235921642 12692.0 9666560
1733235968572 12739.0 9699328
1733236012528 12783.0 9732096
1733236066893 12837.0 9764864
1733236111214 12882.0 9797632
1733236155818 12926.0 9830400
1733236201772 12972.0 9863168
1733236246528 13017.0 9895936
1733236301787 13072.0 9928704
1733236347402 13118.0 9961472
1733236392385 13163.0 9994240
1733236439722 13210.0 10027008
1733236484590 13255.0 10059776
1733236537579 13308.0 10092544
1733236583175 13354.0 10125312
1733236628584 13399.0 10158080
1733236676164 13447.0 10190848
1733236720127 13491.0 10223616
1733236773038 13544.0 10256384
1733236819744 13590.0 10289152
1733236864543 13635.0 10321920
1733236911241 13682.0 10354688
1733236956112 13726.0 10387456
1733237010954 13781.0 10420224
1733237055831 13826.0 10452992
1733237100692 13871.0 10485760
1733237145250 13916.0 10518528
1733237190770 13961.0 10551296
1733237245636 14016.0 10584064
1733237289427 14060.0 10616832
1733237334757 14105.0 10649600
1733237380433 14150.0 10682368
1733237426805 14197.0 10715136
1733237481056 14252.0 10747904
1733237526073 14297.0 10780672
1733237569478 14340.0 10813440
1733237615382 14386.0 10846208
1733237660468 14431.0 10878976
1733237716559 14487.0 10911744
1733237760007 14530.0 10944512
1733237805250 14576.0 10977280
1733237848856 14619.0 11010048
1733237902744 14673.0 11042816
1733237946828 14717.0 11075584
1733237991180 14762.0 11108352
1733238034594 14805.0 11141120
1733238080841 14851.0 11173888
1733238135923 14906.0 11206656
1733238181919 14952.0 11239424
1733238227006 14997.0 11272192
1733238272564 15043.0 11304960
1733238318145 15088.0 11337728
1733238374478 15144.0 11370496
1733238418991 15189.0 11403264
1733238467297 15237.0 11436032
1733238514059 15285.0 11468800
1733238561254 15331.0 11501568
1733238615292 15386.0 11534336
1733238661778 15432.0 11567104
1733238704964 15475.0 11599872
1733238751594 15522.0 11632640
1733238793218 15563.0 11665408
1733238851259 15620.0 11698176
1733238894515 15665.0 11730944
1733238940595 15711.0 11763712
1733238983356 15754.0 11796480
1733239030541 15801.0 11829248
1733239083767 15854.0 11862016
1733239130975 15901.0 11894784
1733239174430 15944.0 11927552
1733239221688 15992.0 11960320
1733239265229 16036.0 11993088
1733239319927 16090.0 12025856
1733239363099 16134.0 12058624
1733239407603 16178.0 12091392
1733239452450 16223.0 12124160
1733239497041 16267.0 12156928
1733239550083 16321.0 12189696
1733239593943 16364.0 12222464
1733239639186 16410.0 12255232
1733239682676 16453.0 12288000
1733239736484 16507.0 12320768
1733239779343 16550.0 12353536
1733239824378 16595.0 12386304
1733239868541 16639.0 12419072
1733239912705 16683.0 12451840
1733239965764 16736.0 12484608
1733240009543 16780.0 12517376
1733240054130 16825.0 12550144
1733240097093 16868.0 12582912
1733240142322 16913.0 12615680
1733240194023 16965.0 12648448
1733240238704 17009.0 12681216
1733240282681 17053.0 12713984
1733240328953 17099.0 12746752
1733240372179 17143.0 12779520
1733240424667 17195.0 12812288
1733240468056 17239.0 12845056
1733240513468 17284.0 12877824
1733240557413 17328.0 12910592
1733240603549 17374.0 12943360
1733240656652 17427.0 12976128
1733240700533 17471.0 13008896
1733240745278 17516.0 13041664
1733240790257 17561.0 13074432
1733240834161 17605.0 13107200
1733240889687 17660.0 13139968
1733240934808 17705.0 13172736
1733240978179 17749.0 13205504
1733241022606 17793.0 13238272
1733241067079 17837.0 13271040
1733241119998 17890.0 13303808
1733241163244 17934.0 13336576
1733241207997 17978.0 13369344
1733241251823 18022.0 13402112
1733241295123 18066.0 13434880
1733241347155 18118.0 13467648
1733241390205 18161.0 13500416
1733241435801 18206.0 13533184
1733241478753 18249.0 13565952
1733241523671 18294.0 13598720
1733241574496 18345.0 13631488
1733241619507 18390.0 13664256
1733241663712 18434.0 13697024
1733241710308 18481.0 13729792
1733241761935 18532.0 13762560
1733241806622 18577.0 13795328
1733241850088 18621.0 13828096
1733241896197 18667.0 13860864
1733241940318 18711.0 13893632
1733241993555 18764.0 13926400
1733242038233 18809.0 13959168
1733242082547 18853.0 13991936
1733242126685 18897.0 14024704
1733242172302 18943.0 14057472
1733242225982 18996.0 14090240
1733242270559 19041.0 14123008
1733242315663 19086.0 14155776
1733242360991 19131.0 14188544
1733242407046 19177.0 14221312
1733242459456 19230.0 14254080
1733242504061 19275.0 14286848
1733242548488 19319.0 14319616
1733242592794 19363.0 14352384
1733242637419 19408.0 14385152
1733242689750 19460.0 14417920
1733242733866 19504.0 14450688
1733242776674 19547.0 14483456
1733242821817 19592.0 14516224
1733242865654 19636.0 14548992
1733242921625 19692.0 14581760
1733242965346 19736.0 14614528
1733243012746 19782.0 14647296
1733243057330 19828.0 14680064
1733243102233 19873.0 14712832
1733243154626 19925.0 14745600
1733243198664 19969.0 14778368
1733243243960 20014.0 14811136
1733243288200 20059.0 14843904
1733243333108 20103.0 14876672
1733243388022 20159.0 14909440
1733243433484 20204.0 14942208
1733243477110 20247.0 14974976
1733243523168 20294.0 15007744
1733243574137 20345.0 15040512
1733243619021 20389.0 15073280
1733243662667 20433.0 15106048
1733243708157 20479.0 15138816
1733243752208 20523.0 15171584
1733243804614 20575.0 15204352
1733243847832 20618.0 15237120
1733243892486 20663.0 15269888
1733243937059 20707.0 15302656
1733243981477 20752.0 15335424
1733244035329 20806.0 15368192
1733244079586 20850.0 15400960
1733244125637 20896.0 15433728
1733244169383 20940.0 15466496
1733244214600 20985.0 15499264
1733244269430 21039.0 15532032
1733244312780 21083.0 15564800
1733244357726 21128.0 15597568
1733244401209 21172.0 15630336
1733244445002 21215.0 15663104
1733244497090 21268.0 15695872
1733244541445 21312.0 15728640
1733244585105 21356.0 15761408
1733244630670 21401.0 15794176
1733244674691 21445.0 15826944
1733244730566 21501.0 15859712
1733244772930 21543.0 15892480
1733244818598 21589.0 15925248
1733244862838 21633.0 15958016
1733244908509 21679.0 15990784
1733244960677 21731.0 16023552
1733245004812 21775.0 16056320
1733245049394 21820.0 16089088
1733245093173 21864.0 16121856
1733245137220 21908.0 16154624
1733245189732 21960.0 16187392
1733245235584 22006.0 16220160
1733245279040 22050.0 16252928
1733245325480 22095.0 16285696
1733245369206 22140.0 16318464
1733245421524 22192.0 16351232
1733245465361 22236.0 16384000
1733245508796 22279.0 16416768
1733245553266 22324.0 16449536
1733245605111 22376.0 16482304
1733245650292 22421.0 16515072
1733245694519 22465.0 16547840
1733245740757 22511.0 16580608
1733245784519 22555.0 16613376
1733245838712 22609.0 16646144
1733245881276 22652.0 16678912
1733245926323 22697.0 16711680
1733245969716 22740.0 16744448
1733246014035 22785.0 16777216
1733246066682 22837.0 16809984
1733246111770 22882.0 16842752
1733246154746 22925.0 16875520
1733246198553 22969.0 16908288
1733246243693 23014.0 16941056
1733246292425 23063.0 16973824
1733246335374 23106.0 17006592
1733246377887 23148.0 17039360
1733246421206 23192.0 17072128
1733246464144 23235.0 17104896
1733246516728 23287.0 17137664
1733246558995 23329.0 17170432
1733246603307 23374.0 17203200
1733246646138 23417.0 17235968
1733246690403 23461.0 17268736
1733246741892 23512.0 17301504
1733246786917 23557.0 17334272
1733246831568 23602.0 17367040
1733246875673 23646.0 17399808
1733246920306 23691.0 17432576
1733246972800 23743.0 17465344
1733247014900 23785.0 17498112
1733247059217 23830.0 17530880
1733247102576 23873.0 17563648
1733247147850 23918.0 17596416
1733247198892 23969.0 17629184
1733247244327 24015.0 17661952
1733247287716 24058.0 17694720
1733247330695 24101.0 17727488
1733247383333 24154.0 17760256
1733247425415 24196.0 17793024
1733247468844 24239.0 17825792
1733247511656 24282.0 17858560
1733247555502 24326.0 17891328
1733247604805 24375.0 17924096
1733247648026 24418.0 17956864
1733247691603 24462.0 17989632
1733247736405 24507.0 18022400
1733247779420 24550.0 18055168
1733247833447 24604.0 18087936
1733247875810 24646.0 18120704
1733247920539 24691.0 18153472
1733247964008 24734.0 18186240
1733248009156 24780.0 18219008
1733248060439 24831.0 18251776
1733248106162 24875.0 18284544
1733248149560 24920.0 18317312
1733248194078 24965.0 18350080
1733248237242 25008.0 18382848
1733248289903 25060.0 18415616
1733248333867 25104.0 18448384
1733248377223 25148.0 18481152
1733248420447 25191.0 18513920
1733248464951 25235.0 18546688
1733248517493 25288.0 18579456
1733248559678 25330.0 18612224
1733248603812 25374.0 18644992
1733248647346 25418.0 18677760
1733248692170 25463.0 18710528
1733248742416 25513.0 18743296
1733248788036 25558.0 18776064
1733248831425 25602.0 18808832
1733248875436 25646.0 18841600
1733248918499 25689.0 18874368
1733248973670 25743.0 18907136
1733249016855 25787.0 18939904
1733249060896 25831.0 18972672
1733249104275 25875.0 19005440
1733249148198 25919.0 19038208
1733249199765 25970.0 19070976
1733249241808 26012.0 19103744
1733249286722 26057.0 19136512
1733249328821 26099.0 19169280
1733249378881 26149.0 19202048
1733249421699 26192.0 19234816
1733249466445 26237.0 19267584
1733249508625 26279.0 19300352
1733249552176 26323.0 19333120
1733249607515 26376.0 19365888
1733249651415 26422.0 19398656
1733249694571 26465.0 19431424
1733249740925 26511.0 19464192
1733249784393 26555.0 19496960
1733249837542 26608.0 19529728
1733249880817 26651.0 19562496
1733249925245 26696.0 19595264
1733249969274 26740.0 19628032
1733250013685 26784.0 19660800
1733250063725 26834.0 19693568
1733250107957 26878.0 19726336
1733250152325 26923.0 19759104
1733250194473 26965.0 19791872
1733250238467 27009.0 19824640
1733250290795 27061.0 19857408
1733250335776 27106.0 19890176
1733250378756 27149.0 19922944
1733250423219 27194.0 19955712
1733250466584 27237.0 19988480
1733250520757 27291.0 20021248
1733250562901 27333.0 20054016
1733250607453 27378.0 20086784
1733250651566 27422.0 20119552
1733250695844 27466.0 20152320
1733250747382 27518.0 20185088
1733250789922 27560.0 20217856
1733250833687 27604.0 20250624
1733250875539 27646.0 20283392
1733250918794 27689.0 20316160
1733250970818 27741.0 20348928
1733251015682 27786.0 20381696
1733251058989 27829.0 20414464
1733251104321 27875.0 20447232
1733251156802 27927.0 20480000
1733251200883 27971.0 20512768
1733251243848 28014.0 20545536
1733251288781 28058.0 20578304
1733251333088 28103.0 20611072
1733251385844 28156.0 20643840
1733251429355 28200.0 20676608
1733251472414 28243.0 20709376
1733251517909 28288.0 20742144
1733251560674 28331.0 20774912
1733251613598 28384.0 20807680
1733251657277 28428.0 20840448
1733251701260 28472.0 20873216
1733251746497 28515.0 20905984
1733251790933 28561.0 20938752
1733251840653 28611.0 20971520
1733251885592 28656.0 21004288
1733251928799 28699.0 21037056
1733251972708 28743.0 21069824
1733252015277 28786.0 21102592
1733252066426 28837.0 21135360
1733252110244 28881.0 21168128
1733252153246 28924.0 21200896
1733252197327 28968.0 21233664
1733252240384 29011.0 21266432
1733252293139 29064.0 21299200
1733252336745 29107.0 21331968
1733252381018 29151.0 21364736
1733252423120 29194.0 21397504
1733252467904 29238.0 21430272
1733252518963 29289.0 21463040
1733252562709 29333.0 21495808
1733252605641 29376.0 21528576
1733252648824 29419.0 21561344
1733252693689 29464.0 21594112
1733252743504 29514.0 21626880
1733252786847 29557.0 21659648
1733252826587 29597.0 21692416
1733252868992 29639.0 21725184
1733252909612 29680.0 21757952
1733252960539 29731.0 21790720
1733253000340 29771.0 21823488
1733253042053 29813.0 21856256
1733253082287 29853.0 21889024
1733253132657 29903.0 21921792
1733253173588 29944.0 21954560
1733253215227 29986.0 21987328
1733253256783 30027.0 22020096
1733253298777 30069.0 22052864
1733253346784 30117.0 22085632
1733253386631 30157.0 22118400
1733253427946 30198.0 22151168
1733253468023 30238.0 22183936
1733253508800 30279.0 22216704
1733253556266 30327.0 22249472
1733253596704 30367.0 22282240
1733253637079 30408.0 22315008
1733253678180 30449.0 22347776
1733253718639 30489.0 22380544
1733253766873 30537.0 22413312
1733253806645 30577.0 22446080
1733253848049 30619.0 22478848
1733253888029 30658.0 22511616
1733253929859 30700.0 22544384
1733253977614 30748.0 22577152
1733254018794 30789.0 22609920
1733254058541 30829.0 22642688
1733254099052 30870.0 22675456
1733254139077 30910.0 22708224
1733254188255 30959.0 22740992
1733254228911 30999.0 22773760
1733254271157 31042.0 22806528
1733254311198 31082.0 22839296
1733254352591 31123.0 22872064
1733254400192 31171.0 22904832
1733254440840 31211.0 22937600
1733254482897 31253.0 22970368
1733254524392 31295.0 23003136
1733254565824 31336.0 23035904
1733254613637 31384.0 23068672
1733254654733 31425.0 23101440
1733254695070 31466.0 23134208
1733254736881 31507.0 23166976
1733254777597 31548.0 23199744
1733254827083 31597.0 23232512
1733254867265 31638.0 23265280
1733254907531 31678.0 23298048
1733254951223 31722.0 23330816
1733254998649 31769.0 23363584
1733255041059 31811.0 23396352
1733255082397 31853.0 23429120
1733255125200 31896.0 23461888
1733255166440 31937.0 23494656
1733255215271 31986.0 23527424
1733255258012 32028.0 23560192
1733255299098 32069.0 23592960
1733255342927 32113.0 23625728
1733255383724 32154.0 23658496
1733255435107 32205.0 23691264
1733255475602 32246.0 23724032
1733255517370 32288.0 23756800
1733255560126 32331.0 23789568
1733255600739 32371.0 23822336
1733255654943 32423.0 23855104
1733255695767 32466.0 23887872
1733255738384 32509.0 23920640
1733255778693 32549.0 23953408
1733255820928 32591.0 23986176
1733255869964 32640.0 24018944
1733255911069 32681.0 24051712
1733255953737 32724.0 24084480
1733255994629 32765.0 24117248
1733256037145 32807.0 24150016
1733256085752 32856.0 24182784
1733256128129 32899.0 24215552
1733256168929 32939.0 24248320
1733256210416 32981.0 24281088
1733256251539 33022.0 24313856
1733256300834 33071.0 24346624
1733256343928 33114.0 24379392
1733256387121 33157.0 24412160
1733256430238 33201.0 24444928
1733256470815 33241.0 24477696
1733256520794 33291.0 24510464
1733256561179 33332.0 24543232
1733256603474 33374.0 24576000
1733256645961 33416.0 24608768
1733256694322 33465.0 24641536
1733256738076 33509.0 24674304
1733256778110 33548.0 24707072
1733256820056 33591.0 24739840
1733256860711 33631.0 24772608
1733256910279 33681.0 24805376
1733256951378 33722.0 24838144
1733256993343 33764.0 24870912
1733257038878 33808.0 24903680
1733257079892 33850.0 24936448
1733257131034 33901.0 24969216
1733257171290 33942.0 25001984
1733257214164 33985.0 25034752
1733257254610 34025.0 25067520
1733257296399 34067.0 25100288
1733257346098 34117.0 25133056
1733257387330 34158.0 25165824
1733257431922 34201.0 25198592
1733257471981 34242.0 25231360
1733257514744 34285.0 25264128
1733257563485 34334.0 25296896
1733257605833 34376.0 25329664
1733257647143 34418.0 25362432
1733257689857 34460.0 25395200
1733257732336 34503.0 25427968
1733257781097 34552.0 25460736
1733257826053 34595.0 25493504
1733257866764 34637.0 25526272
1733257909491 34680.0 25559040
1733257950639 34721.0 25591808
1733258000741 34771.0 25624576
1733258041784 34812.0 25657344
1733258083265 34854.0 25690112
1733258126790 34896.0 25722880
1733258167120 34938.0 25755648
1733258217996 34989.0 25788416
1733258257885 35028.0 25821184
1733258300448 35071.0 25853952
1733258341246 35112.0 25886720
1733258382559 35153.0 25919488
1733258432540 35203.0 25952256
1733258472758 35243.0 25985024
1733258516446 35286.0 26017792
1733258557993 35328.0 26050560
1733258609275 35380.0 26083328
1733258649325 35420.0 26116096
1733258691931 35462.0 26148864
1733258732411 35503.0 26181632
1733258774874 35545.0 26214400
1733258831069 35600.0 26247168
1733258873063 35644.0 26279936
1733258914818 35685.0 26312704
1733258958173 35729.0 26345472
1733259003502 35774.0 26378240
1733259055731 35826.0 26411008
1733259100532 35871.0 26443776
1733259144717 35915.0 26476544
1733259189795 35960.0 26509312
1733259234050 36004.0 26542080
1733259287334 36058.0 26574848
1733259329171 36100.0 26607616
1733259372759 36143.0 26640384
1733259418138 36189.0 26673152
1733259465735 36236.0 26705920
1733259519437 36290.0 26738688
1733259562854 36333.0 26771456
1733259607856 36378.0 26804224
1733259650164 36421.0 26836992
1733259694629 36465.0 26869760
1733259745034 36515.0 26902528
1733259789382 36560.0 26935296
1733259833516 36604.0 26968064
1733259877207 36648.0 27000832
1733259922348 36693.0 27033600
1733259974762 36745.0 27066368
1733260018961 36789.0 27099136
1733260061749 36832.0 27131904
1733260108746 36878.0 27164672
1733260150779 36921.0 27197440
1733260204957 36975.0 27230208
1733260247786 37018.0 27262976
1733260293366 37064.0 27295744
1733260340503 37109.0 27328512
1733260390883 37161.0 27361280
1733260436400 37207.0 27394048
1733260478239 37249.0 27426816
1733260524010 37294.0 27459584
1733260566171 37337.0 27492352
1733260619836 37390.0 27525120
1733260662710 37433.0 27557888
1733260706211 37477.0 27590656
1733260750430 37521.0 27623424
1733260792961 37563.0 27656192
1733260847161 37617.0 27688960
1733260887208 37658.0 27721728
1733260933317 37704.0 27754496
1733260976997 37747.0 27787264
1733261024053 37794.0 27820032
1733261076116 37847.0 27852800
1733261123466 37894.0 27885568
1733261167871 37938.0 27918336
1733261213892 37984.0 27951104
1733261258409 38029.0 27983872
1733261312082 38083.0 28016640
1733261358890 38129.0 28049408
1733261402772 38173.0 28082176
1733261451307 38220.0 28114944
1733261495075 38266.0 28147712
1733261549546 38320.0 28180480
1733261593977 38364.0 28213248
1733261638051 38408.0 28246016
1733261683619 38454.0 28278784
1733261728504 38499.0 28311552
1733261782855 38553.0 28344320
1733261828190 38599.0 28377088
1733261873316 38644.0 28409856
1733261917652 38688.0 28442624
1733261963624 38734.0 28475392
1733262018003 38788.0 28508160
1733262063825 38834.0 28540928
1733262107779 38878.0 28573696
1733262154248 38925.0 28606464
1733262198117 38969.0 28639232
1733262253394 39024.0 28672000
1733262296581 39067.0 28704768
1733262341636 39112.0 28737536
1733262387546 39158.0 28770304
1733262439575 39210.0 28803072
1733262486969 39257.0 28835840
1733262530963 39301.0 28868608
1733262577182 39348.0 28901376
1733262622244 39393.0 28934144
1733262676207 39447.0 28966912
1733262721162 39492.0 28999680
1733262765227 39536.0 29032448
1733262811590 39582.0 29065216
1733262856783 39626.0 29097984
1733262913834 39684.0 29130752
1733262959385 39729.0 29163520
1733263005464 39776.0 29196288
1733263048923 39819.0 29229056
1733263094900 39865.0 29261824
1733263146702 39917.0 29294592
1733263191997 39962.0 29327360
1733263235962 40006.0 29360128
1733263280558 40051.0 29392896
1733263326131 40097.0 29425664
1733263379132 40150.0 29458432
1733263424349 40195.0 29491200
1733263469498 40240.0 29523968
1733263515592 40286.0 29556736
1733263558238 40329.0 29589504
1733263612673 40383.0 29622272
1733263655326 40426.0 29655040
1733263703972 40473.0 29687808
1733263748102 40519.0 29720576
1733263793063 40564.0 29753344
1733263844591 40615.0 29786112
1733263889286 40660.0 29818880
1733263935911 40706.0 29851648
1733263979837 40750.0 29884416
1733264025281 40796.0 29917184
1733264077050 40848.0 29949952
1733264122596 40893.0 29982720
1733264167254 40938.0 30015488
1733264212398 40983.0 30048256
1733264264376 41035.0 30081024
1733264309389 41080.0 30113792
1733264353331 41123.0 30146560
1733264398286 41169.0 30179328
1733264443098 41214.0 30212096
1733264495017 41265.0 30244864
1733264539746 41310.0 30277632
1733264583551 41354.0 30310400
1733264629230 41400.0 30343168
1733264672634 41443.0 30375936
1733264725780 41496.0 30408704
1733264767607 41538.0 30441472
1733264811728 41582.0 30474240
1733264855899 41626.0 30507008
1733264898181 41669.0 30539776
1733264953298 41723.0 30572544
1733264996552 41767.0 30605312
1733265041255 41812.0 30638080
1733265086285 41857.0 30670848
1733265129273 41900.0 30703616
1733265183221 41954.0 30736384
1733265229612 41999.0 30769152
1733265273322 42044.0 30801920
1733265317706 42088.0 30834688
1733265361692 42132.0 30867456
1733265413354 42184.0 30900224
1733265458601 42229.0 30932992
1733265504935 42274.0 30965760
1733265548440 42319.0 30998528
1733265594902 42365.0 31031296
1733265644372 42415.0 31064064
1733265689676 42460.0 31096832
1733265733188 42504.0 31129600
1733265776000 42546.0 31162368
1733265822096 42592.0 31195136
1733265872358 42643.0 31227904
1733265911882 42682.0 31260672
1733265951314 42722.0 31293440
1733265988057 42758.0 31326208
1733266028262 42799.0 31358976
1733266072902 42843.0 31391744
1733266112094 42883.0 31424512
1733266151108 42922.0 31457280
1733266188488 42959.0 31490048
1733266235871 43006.0 31522816
1733266274680 43045.0 31555584
1733266312766 43083.0 31588352
1733266351340 43122.0 31621120
1733266390029 43160.0 31653888
1733266435451 43206.0 31686656
1733266474311 43245.0 31719424
1733266512836 43283.0 31752192
1733266550450 43321.0 31784960
1733266590559 43361.0 31817728
1733266634727 43405.0 31850496
1733266674024 43444.0 31883264
1733266712411 43483.0 31916032
1733266749003 43519.0 31948800
1733266789239 43560.0 31981568
1733266833138 43604.0 32014336
1733266871589 43642.0 32047104
1733266912180 43683.0 32079872
1733266948367 43719.0 32112640
1733266988828 43759.0 32145408
