1733223240752 32768.0 32768
1733223280017 65536.0 65536
1733223320153 98304.0 98304
1733223361099 131072.0 131072
1733223406334 160000.0 160000
1733223408455 163840.0 163840
1733223447442 196608.0 196608
1733223485900 229376.0 229376
1733223525728 262144.0 262144
1733223565487 294912.0 294912
1733223607740 320000.0 320000
1733223610874 327680.0 327680
1733223648980 360448.0 360448
1733223686961 393216.0 393216
1733223725472 425984.0 425984
1733223763939 458752.0 458752
1733223804684 480000.0 480000
1733223809603 491520.0 491520
1733223847134 524288.0 524288
1733223884518 557056.0 557056
1733223923782 589824.0 589824
1733223962409 622592.0 622592
1733224000962 640000.0 640000
1733224006617 655360.0 655360
1733224044298 688128.0 688128
1733224082812 720896.0 720896
1733224121148 753664.0 753664
1733224159999 786432.0 786432
1733224197649 800000.0 800000
1733224205799 819200.0 819200
1733224244225 851968.0 851968
1733224282825 884736.0 884736
1733224321520 917504.0 917504
1733224359909 950272.0 950272
1733224395452 960000.0 960000
1733224405490 983040.0 983040
1733224443893 1015808.0 1015808
1733224482616 1048576.0 1048576
1733224521680 1081344.0 1081344
1733224561344 1114112.0 1114112
1733224596395 1120000.0 1120000
1733224607797 1146880.0 1146880
1733224646511 1179648.0 1179648
1733224686142 1212416.0 1212416
1733224725431 1245184.0 1245184
1733224764671 1277952.0 1277952
1733224797722 1280000.0 1280000
1733224811498 1310720.0 1310720
1733224850639 1343488.0 1343488
1733224890072 1376256.0 1376256
1733224929680 1409024.0 1409024
1733224975864 1440000.0 1440000
1733224976927 1441792.0 1441792
1733225016760 1474560.0 1474560
1733225057004 1507328.0 1507328
1733225096645 1540096.0 1540096
1733225136073 1572864.0 1572864
1733225180648 1600000.0 1600000
1733225183601 1605632.0 1605632
1733225222482 1638400.0 1638400
1733225262372 1671168.0 1671168
1733225301910 1703936.0 1703936
1733225342255 1736704.0 1736704
1733225385990 1760000.0 1760000
1733225390693 1769472.0 1769472
1733225429382 1802240.0 1802240
1733225468305 1835008.0 1835008
1733225507736 1867776.0 1867776
1733225547658 1900544.0 1900544
1733225588692 1920000.0 1920000
1733225594411 1933312.0 1933312
1733225633117 1966080.0 1966080
1733225672748 1998848.0 1998848
1733225711970 2031616.0 2031616
1733225751226 2064384.0 2064384
1733225790175 2080000.0 2080000
1733225798013 2097152.0 2097152
1733225837085 2129920.0 2129920
1733225876706 2162688.0 2162688
1733225915980 2195456.0 2195456
1733225955528 2228224.0 2228224
1733225992412 2240000.0 2240000
1733226001322 2260992.0 2260992
1733226040287 2293760.0 2293760
1733226079851 2326528.0 2326528
1733226119706 2359296.0 2359296
1733226158828 2392064.0 2392064
1733226195218 2400000.0 2400000
1733226206741 2424832.0 2424832
1733226246535 2457600.0 2457600
1733226286351 2490368.0 2490368
1733226326590 2523136.0 2523136
1733226366820 2555904.0 2555904
1733226401004 2560000.0 2560000
1733226413432 2588672.0 2588672
1733226452830 2621440.0 2621440
1733226492053 2654208.0 2654208
1733226531400 2686976.0 2686976
1733226570981 2719744.0 2719744
1733226604081 2720000.0 2720000
1733226618008 2752512.0 2752512
1733226657148 2785280.0 2785280
1733226696483 2818048.0 2818048
1733226735505 2850816.0 2850816
1733226779790 2880000.0 2880000
1733226781754 2883584.0 2883584
1733226820606 2916352.0 2916352
1733226859861 2949120.0 2949120
1733226899192 2981888.0 2981888
1733226938145 3014656.0 3014656
1733226981325 3040000.0 3040000
1733226984776 3047424.0 3047424
1733227024015 3080192.0 3080192
1733227063596 3112960.0 3112960
1733227102998 3145728.0 3145728
1733227142275 3178496.0 3178496
1733227183102 3200000.0 3200000
1733227188350 3211264.0 3211264
1733227227922 3244032.0 3244032
1733227267430 3276800.0 3276800
1733227306702 3309568.0 3309568
1733227346110 3342336.0 3342336
1733227385912 3360000.0 3360000
1733227392594 3375104.0 3375104
1733227432327 3407872.0 3407872
1733227472053 3440640.0 3440640
1733227511502 3473408.0 3473408
1733227550758 3506176.0 3506176
1733227589271 3520000.0 3520000
1733227597387 3538944.0 3538944
1733227636567 3571712.0 3571712
1733227676963 3604480.0 3604480
1733227716518 3637248.0 3637248
1733227756077 3670016.0 3670016
1733227792910 3680000.0 3680000
1733227802690 3702784.0 3702784
1733227842103 3735552.0 3735552
1733227881623 3768320.0 3768320
1733227922003 3801088.0 3801088
1733227961501 3833856.0 3833856
1733227996616 3840000.0 3840000
1733228007721 3866624.0 3866624
1733228046948 3899392.0 3899392
1733228085957 3932160.0 3932160
1733228125013 3964928.0 3964928
1733228164304 3997696.0 3997696
1733228197624 4000000.0 4000000
1733228210475 4030464.0 4030464
1733228249403 4063232.0 4063232
1733228289325 4096000.0 4096000
1733228328670 4128768.0 4128768
1733228373556 4160000.0 4160000
1733228374552 4161536.0 4161536
1733228413981 4194304.0 4194304
1733228453168 4227072.0 4227072
1733228492229 4259840.0 4259840
1733228531415 4292608.0 4292608
1733228575488 4320000.0 4320000
1733228578152 4325376.0 4325376
1733228617541 4358144.0 4358144
1733228656390 4390912.0 4390912
1733228695778 4423680.0 4423680
1733228735650 4456448.0 4456448
1733228778946 4480000.0 4480000
1733228783245 4489216.0 4489216
1733228823084 4521984.0 4521984
1733228862879 4554752.0 4554752
1733228902911 4587520.0 4587520
1733228942851 4620288.0 4620288
1733228984321 4640000.0 4640000
1733228990595 4653056.0 4653056
1733229030076 4685824.0 4685824
1733229069757 4718592.0 4718592
1733229109639 4751360.0 4751360
1733229149661 4784128.0 4784128
1733229190630 4800000.0 4800000
1733229198496 4816896.0 4816896
1733229237735 4849664.0 4849664
1733229277215 4882432.0 4882432
1733229316838 4915200.0 4915200
1733229356635 4947968.0 4947968
1733229396314 4960000.0 4960000
1733229405521 4980736.0 4980736
1733229445065 5013504.0 5013504
1733229483957 5046272.0 5046272
1733229522986 5079040.0 5079040
1733229563065 5111808.0 5111808
1733229600962 5120000.0 5120000
1733229611697 5144576.0 5144576
1733229650732 5177344.0 5177344
1733229690042 5210112.0 5210112
1733229728927 5242880.0 5242880
1733229768734 5275648.0 5275648
1733229803902 5280000.0 5280000
1733229816218 5308416.0 5308416
1733229856265 5341184.0 5341184
1733229895922 5373952.0 5373952
1733229936070 5406720.0 5406720
1733229976532 5439488.0 5439488
1733230010088 5440000.0 5440000
1733230024112 5472256.0 5472256
1733230064840 5505024.0 5505024
1733230105142 5537792.0 5537792
1733230145688 5570560.0 5570560
1733230192020 5600000.0 5600000
1733230194237 5603328.0 5603328
1733230234914 5636096.0 5636096
1733230275873 5668864.0 5668864
1733230321546 5701632.0 5701632
1733230368278 5734400.0 5734400
1733230413942 5760000.0 5760000
1733230420136 5767168.0 5767168
1733230460015 5799936.0 5799936
1733230501751 5832704.0 5832704
1733230541925 5865472.0 5865472
1733230582849 5898240.0 5898240
1733230624854 5920000.0 5920000
1733230631982 5931008.0 5931008
1733230673863 5963776.0 5963776
1733230715008 5996544.0 5996544
1733230757506 6029312.0 6029312
1733230797693 6062080.0 6062080
1733230840069 6080000.0 6080000
1733230848030 6094848.0 6094848
1733230888756 6127616.0 6127616
1733230930220 6160384.0 6160384
1733230973629 6193152.0 6193152
1733231017707 6225920.0 6225920
1733231062101 6240000.0 6240000
1733231072228 6258688.0 6258688
1733231113769 6291456.0 6291456
1733231158753 6324224.0 6324224
1733231202978 6356992.0 6356992
1733231247508 6389760.0 6389760
1733231288171 6400000.0 6400000
1733231301104 6422528.0 6422528
1733231344788 6455296.0 6455296
1733231387962 6488064.0 6488064
1733231431401 6520832.0 6520832
1733231478121 6553600.0 6553600
1733231515964 6560000.0 6560000
1733231529930 6586368.0 6586368
1733231574717 6619136.0 6619136
1733231618151 6651904.0 6651904
1733231661625 6684672.0 6684672
1733231707632 6717440.0 6717440
1733231743769 6720000.0 6720000
1733231758327 6750208.0 6750208
1733231803224 6782976.0 6782976
1733231849045 6815744.0 6815744
1733231893368 6848512.0 6848512
1733231945072 6880000.0 6880000
1733231946087 6881280.0 6881280
1733231988390 6914048.0 6914048
1733232033686 6946816.0 6946816
1733232078921 6979584.0 6979584
1733232123042 7012352.0 7012352
1733232171955 7040000.0 7040000
1733232175687 7045120.0 7045120
1733232220165 7077888.0 7077888
1733232264987 7110656.0 7110656
1733232308526 7143424.0 7143424
1733232352202 7176192.0 7176192
1733232398596 7200000.0 7200000
1733232403677 7208960.0 7208960
1733232449467 7241728.0 7241728
1733232494068 7274496.0 7274496
1733232537437 7307264.0 7307264
1733232582974 7340032.0 7340032
1733232626871 7360000.0 7360000
1733232635206 7372800.0 7372800
1733232678952 7405568.0 7405568
1733232720560 7438336.0 7438336
1733232765710 7471104.0 7471104
1733232812136 7503872.0 7503872
1733232853812 7520000.0 7520000
1733232861750 7536640.0 7536640
1733232903592 7569408.0 7569408
1733232949119 7602176.0 7602176
1733232994015 7634944.0 7634944
1733233037600 7667712.0 7667712
1733233079688 7680000.0 7680000
1733233089286 7700480.0 7700480
1733233135298 7733248.0 7733248
1733233179260 7766016.0 7766016
1733233222265 7798784.0 7798784
1733233267902 7831552.0 7831552
1733233308799 7840000.0 7840000
1733233322917 7864320.0 7864320
1733233368932 7897088.0 7897088
1733233413711 7929856.0 7929856
1733233459281 7962624.0 7962624
1733233506635 7995392.0 7995392
1733233544819 8000000.0 8000000
1733233561018 8028160.0 8028160
1733233605132 8060928.0 8060928
1733233649633 8093696.0 8093696
1733233695005 8126464.0 8126464
1733233742110 8159232.0 8159232
1733233779150 8160000.0 8160000
1733233797169 8192000.0 8192000
1733233841668 8224768.0 8224768
1733233887144 8257536.0 8257536
1733233932016 8290304.0 8290304
1733233984332 8320000.0 8320000
1733233986252 8323072.0 8323072
1733234031362 8355840.0 8355840
1733234077933 8388608.0 8388608
1733234123465 8421376.0 8421376
1733234167785 8454144.0 8454144
1733234217611 8480000.0 8480000
1733234221931 8486912.0 8486912
1733234266551 8519680.0 8519680
1733234313117 8552448.0 8552448
1733234358067 8585216.0 8585216
1733234402249 8617984.0 8617984
1733234450177 8640000.0 8640000
1733234455673 8650752.0 8650752
1733234501615 8683520.0 8683520
1733234546643 8716288.0 8716288
1733234590473 8749056.0 8749056
1733234635318 8781824.0 8781824
1733234682874 8800000.0 8800000
1733234691477 8814592.0 8814592
1733234736224 8847360.0 8847360
1733234782210 8880128.0 8880128
1733234826056 8912896.0 8912896
1733234870686 8945664.0 8945664
1733234915887 8960000.0 8960000
1733234926942 8978432.0 8978432
1733234971874 9011200.0 9011200
1733235018394 9043968.0 9043968
1733235062674 9076736.0 9076736
1733235108634 9109504.0 9109504
1733235153911 9120000.0 9120000
1733235166028 9142272.0 9142272
1733235210470 9175040.0 9175040
1733235256607 9207808.0 9207808
1733235302078 9240576.0 9240576
1733235347469 9273344.0 9273344
1733235387756 9280000.0 9280000
1733235403558 9306112.0 9306112
1733235448408 9338880.0 9338880
1733235496108 9371648.0 9371648
1733235540907 9404416.0 9404416
1733235585681 9437184.0 9437184
1733235624373 9440000.0 9440000
1733235642965 9469952.0 9469952
1733235687048 9502720.0 9502720
1733235734198 9535488.0 9535488
1733235777721 9568256.0 9568256
1733235830287 9600000.0 9600000
1733235831153 9601024.0 9601024
1733235876707 9633792.0 9633792
1733235921655 9666560.0 9666560
1733235968605 9699328.0 9699328
1733236012580 9732096.0 9732096
1733236064027 9760000.0 9760000
1733236066904 9764864.0 9764864
1733236111228 9797632.0 9797632
1733236155832 9830400.0 9830400
1733236201782 9863168.0 9863168
1733236246676 9895936.0 9895936
1733236297116 9920000.0 9920000
1733236301796 9928704.0 9928704
1733236347414 9961472.0 9961472
1733236392413 9994240.0 9994240
1733236439747 10027008.0 10027008
1733236484602 10059776.0 10059776
1733236531227 10080000.0 10080000
1733236537587 10092544.0 10092544
1733236583182 10125312.0 10125312
1733236628595 10158080.0 10158080
1733236676177 10190848.0 10190848
1733236720136 10223616.0 10223616
1733236764086 10240000.0 10240000
1733236773056 10256384.0 10256384
1733236819760 10289152.0 10289152
1733236864556 10321920.0 10321920
1733236911257 10354688.0 10354688
1733236956138 10387456.0 10387456
1733237000748 10400000.0 10400000
1733237010962 10420224.0 10420224
1733237055841 10452992.0 10452992
1733237100704 10485760.0 10485760
1733237145273 10518528.0 10518528
1733237190920 10551296.0 10551296
1733237232195 10560000.0 10560000
1733237245649 10584064.0 10584064
1733237289452 10616832.0 10616832
1733237334787 10649600.0 10649600
1733237380557 10682368.0 10682368
1733237426921 10715136.0 10715136
1733237467683 10720000.0 10720000
1733237481064 10747904.0 10747904
1733237526092 10780672.0 10780672
1733237569490 10813440.0 10813440
1733237615393 10846208.0 10846208
1733237660478 10878976.0 10878976
1733237697733 10880000.0 10880000
1733237716576 10911744.0 10911744
1733237760024 10944512.0 10944512
1733237805263 10977280.0 10977280
1733237848902 11010048.0 11010048
1733237900826 11040000.0 11040000
1733237902762 11042816.0 11042816
1733237946851 11075584.0 11075584
1733237991189 11108352.0 11108352
1733238034735 11141120.0 11141120
1733238080977 11173888.0 11173888
1733238131219 11200000.0 11200000
1733238136047 11206656.0 11206656
1733238181931 11239424.0 11239424
1733238227019 11272192.0 11272192
1733238272731 11304960.0 11304960
1733238318155 11337728.0 11337728
1733238366111 11360000.0 11360000
1733238374610 11370496.0 11370496
1733238419119 11403264.0 11403264
1733238467448 11436032.0 11436032
1733238514076 11468800.0 11468800
1733238561371 11501568.0 11501568
1733238607733 11520000.0 11520000
1733238615302 11534336.0 11534336
1733238661794 11567104.0 11567104
1733238704975 11599872.0 11599872
1733238751604 11632640.0 11632640
1733238793348 11665408.0 11665408
1733238840087 11680000.0 11680000
1733238851284 11698176.0 11698176
1733238894522 11730944.0 11730944
1733238940619 11763712.0 11763712
1733238983365 11796480.0 11796480
1733239030661 11829248.0 11829248
1733239072017 11840000.0 11840000
1733239083785 11862016.0 11862016
1733239130997 11894784.0 11894784
1733239174552 11927552.0 11927552
1733239221713 11960320.0 11960320
1733239265263 11993088.0 11993088
1733239308147 12000000.0 12000000
1733239319935 12025856.0 12025856
1733239363106 12058624.0 12058624
1733239407652 12091392.0 12091392
1733239452472 12124160.0 12124160
1733239497057 12156928.0 12156928
1733239534125 12160000.0 12160000
1733239550095 12189696.0 12189696
1733239593961 12222464.0 12222464
1733239639201 12255232.0 12255232
1733239682685 12288000.0 12288000
1733239735868 12320000.0 12320000
1733239736492 12320768.0 12320768
1733239779355 12353536.0 12353536
1733239824384 12386304.0 12386304
1733239868564 12419072.0 12419072
1733239912724 12451840.0 12451840
1733239963272 12480000.0 12480000
1733239965770 12484608.0 12484608
1733240009554 12517376.0 12517376
1733240054137 12550144.0 12550144
1733240097107 12582912.0 12582912
1733240142339 12615680.0 12615680
1733240189332 12640000.0 12640000
1733240194031 12648448.0 12648448
1733240238712 12681216.0 12681216
1733240282696 12713984.0 12713984
1733240328966 12746752.0 12746752
1733240372190 12779520.0 12779520
1733240419371 12800000.0 12800000
1733240424675 12812288.0 12812288
1733240468095 12845056.0 12845056
1733240513478 12877824.0 12877824
1733240557422 12910592.0 12910592
1733240603565 12943360.0 12943360
1733240647696 12960000.0 12960000
1733240656660 12976128.0 12976128
1733240700545 13008896.0 13008896
1733240745285 13041664.0 13041664
1733240790264 13074432.0 13074432
1733240834175 13107200.0 13107200
1733240878463 13120000.0 13120000
1733240889700 13139968.0 13139968
1733240934821 13172736.0 13172736
1733240978192 13205504.0 13205504
1733241022664 13238272.0 13238272
1733241067091 13271040.0 13271040
1733241107708 13280000.0 13280000
1733241120010 13303808.0 13303808
1733241163258 13336576.0 13336576
1733241208006 13369344.0 13369344
1733241251831 13402112.0 13402112
1733241295135 13434880.0 13434880
1733241334228 13440000.0 13440000
1733241347167 13467648.0 13467648
1733241390217 13500416.0 13500416
1733241435812 13533184.0 13533184
1733241478764 13565952.0 13565952
1733241523679 13598720.0 13598720
1733241558956 13600000.0 13600000
1733241574512 13631488.0 13631488
1733241619519 13664256.0 13664256
1733241663723 13697024.0 13697024
1733241710321 13729792.0 13729792
1733241760075 13760000.0 13760000
1733241761945 13762560.0 13762560
1733241806634 13795328.0 13795328
1733241850095 13828096.0 13828096
1733241896208 13860864.0 13860864
1733241940328 13893632.0 13893632
1733241990252 13920000.0 13920000
1733241993563 13926400.0 13926400
1733242038243 13959168.0 13959168
1733242082555 13991936.0 13991936
1733242126693 14024704.0 14024704
1733242172317 14057472.0 14057472
1733242219813 14080000.0 14080000
1733242226026 14090240.0 14090240
1733242270577 14123008.0 14123008
1733242315684 14155776.0 14155776
1733242361008 14188544.0 14188544
1733242407055 14221312.0 14221312
1733242452439 14240000.0 14240000
1733242459465 14254080.0 14254080
1733242504070 14286848.0 14286848
1733242548500 14319616.0 14319616
1733242592803 14352384.0 14352384
1733242637432 14385152.0 14385152
1733242680514 14400000.0 14400000
1733242689760 14417920.0 14417920
1733242733875 14450688.0 14450688
1733242776684 14483456.0 14483456
1733242821831 14516224.0 14516224
1733242865659 14548992.0 14548992
1733242910124 14560000.0 14560000
1733242921635 14581760.0 14581760
1733242965374 14614528.0 14614528
1733243012900 14647296.0 14647296
1733243057340 14680064.0 14680064
1733243102252 14712832.0 14712832
1733243140929 14720000.0 14720000
1733243154646 14745600.0 14745600
1733243198678 14778368.0 14778368
1733243244002 14811136.0 14811136
1733243288208 14843904.0 14843904
1733243333130 14876672.0 14876672
1733243372878 14880000.0 14880000
1733243388039 14909440.0 14909440
1733243433506 14942208.0 14942208
1733243477122 14974976.0 14974976
1733243523182 15007744.0 15007744
1733243573615 15040000.0 15040000
1733243574145 15040512.0 15040512
1733243619033 15073280.0 15073280
1733243662710 15106048.0 15106048
1733243708166 15138816.0 15138816
1733243752220 15171584.0 15171584
1733243801768 15200000.0 15200000
1733243804622 15204352.0 15204352
1733243847844 15237120.0 15237120
1733243892498 15269888.0 15269888
1733243937071 15302656.0 15302656
1733243981498 15335424.0 15335424
1733244030630 15360000.0 15360000
1733244035360 15368192.0 15368192
1733244079604 15400960.0 15400960
1733244125649 15433728.0 15433728
1733244169395 15466496.0 15466496
1733244214613 15499264.0 15499264
1733244260250 15520000.0 15520000
1733244269571 15532032.0 15532032
1733244312792 15564800.0 15564800
1733244357738 15597568.0 15597568
1733244401217 15630336.0 15630336
1733244445019 15663104.0 15663104
1733244490033 15680000.0 15680000
1733244497098 15695872.0 15695872
1733244541461 15728640.0 15728640
1733244585138 15761408.0 15761408
1733244630683 15794176.0 15794176
1733244674698 15826944.0 15826944
1733244719252 15840000.0 15840000
1733244730580 15859712.0 15859712
1733244772972 15892480.0 15892480
1733244818630 15925248.0 15925248
1733244862853 15958016.0 15958016
1733244908515 15990784.0 15990784
1733244949546 16000000.0 16000000
1733244960684 16023552.0 16023552
1733245004955 16056320.0 16056320
1733245049401 16089088.0 16089088
1733245093185 16121856.0 16121856
1733245137226 16154624.0 16154624
1733245174739 16160000.0 16160000
1733245189828 16187392.0 16187392
1733245235590 16220160.0 16220160
1733245279067 16252928.0 16252928
1733245325649 16285696.0 16285696
1733245369218 16318464.0 16318464
1733245408020 16320000.0 16320000
1733245421537 16351232.0 16351232
1733245465367 16384000.0 16384000
1733245508804 16416768.0 16416768
1733245553335 16449536.0 16449536
1733245603787 16480000.0 16480000
1733245605119 16482304.0 16482304
1733245650303 16515072.0 16515072
1733245694636 16547840.0 16547840
1733245740765 16580608.0 16580608
1733245784527 16613376.0 16613376
1733245835072 16640000.0 16640000
1733245838721 16646144.0 16646144
1733245881285 16678912.0 16678912
1733245926341 16711680.0 16711680
1733245969734 16744448.0 16744448
1733246014047 16777216.0 16777216
1733246061451 16800000.0 16800000
1733246066690 16809984.0 16809984
1733246111787 16842752.0 16842752
1733246154816 16875520.0 16875520
1733246198562 16908288.0 16908288
1733246243705 16941056.0 16941056
1733246286429 16960000.0 16960000
1733246292444 16973824.0 16973824
1733246335389 17006592.0 17006592
1733246377896 17039360.0 17039360
1733246421239 17072128.0 17072128
1733246464154 17104896.0 17104896
1733246508140 17120000.0 17120000
1733246516748 17137664.0 17137664
1733246559008 17170432.0 17170432
1733246603325 17203200.0 17203200
1733246646178 17235968.0 17235968
1733246690422 17268736.0 17268736
1733246730622 17280000.0 17280000
1733246741934 17301504.0 17301504
1733246787039 17334272.0 17334272
1733246831581 17367040.0 17367040
1733246875702 17399808.0 17399808
1733246920318 17432576.0 17432576
1733246959725 17440000.0 17440000
1733246972812 17465344.0 17465344
1733247014913 17498112.0 17498112
1733247059225 17530880.0 17530880
1733247102588 17563648.0 17563648
1733247147859 17596416.0 17596416
1733247185339 17600000.0 17600000
1733247198908 17629184.0 17629184
1733247244340 17661952.0 17661952
1733247287736 17694720.0 17694720
1733247330707 17727488.0 17727488
1733247382794 17760000.0 17760000
1733247383342 17760256.0 17760256
1733247425427 17793024.0 17793024
1733247468851 17825792.0 17825792
1733247511673 17858560.0 17858560
1733247555529 17891328.0 17891328
1733247602368 17920000.0 17920000
1733247604830 17924096.0 17924096
1733247648042 17956864.0 17956864
1733247691739 17989632.0 17989632
1733247736457 18022400.0 18022400
1733247779436 18055168.0 18055168
1733247829257 18080000.0 18080000
1733247833463 18087936.0 18087936
1733247875826 18120704.0 18120704
1733247920573 18153472.0 18153472
1733247964044 18186240.0 18186240
1733248009172 18219008.0 18219008
1733248054191 18240000.0 18240000
1733248060455 18251776.0 18251776
1733248106178 18284544.0 18284544
1733248149577 18317312.0 18317312
1733248194095 18350080.0 18350080
1733248237291 18382848.0 18382848
1733248282282 18400000.0 18400000
1733248289936 18415616.0 18415616
1733248333877 18448384.0 18448384
1733248377262 18481152.0 18481152
1733248420476 18513920.0 18513920
1733248465009 18546688.0 18546688
1733248507133 18560000.0 18560000
1733248517522 18579456.0 18579456
1733248559716 18612224.0 18612224
1733248603844 18644992.0 18644992
1733248647364 18677760.0 18677760
1733248692242 18710528.0 18710528
1733248731980 18720000.0 18720000
1733248742482 18743296.0 18743296
1733248788053 18776064.0 18776064
1733248831437 18808832.0 18808832
1733248875447 18841600.0 18841600
1733248918510 18874368.0 18874368
1733248958143 18880000.0 18880000
1733248973678 18907136.0 18907136
1733249016870 18939904.0 18939904
1733249060913 18972672.0 18972672
1733249104301 19005440.0 19005440
1733249148243 19038208.0 19038208
1733249184574 19040000.0 19040000
1733249199781 19070976.0 19070976
1733249241825 19103744.0 19103744
1733249286733 19136512.0 19136512
1733249328839 19169280.0 19169280
1733249377614 19200000.0 19200000
1733249378898 19202048.0 19202048
1733249421754 19234816.0 19234816
1733249466457 19267584.0 19267584
1733249508693 19300352.0 19300352
1733249552217 19333120.0 19333120
1733249602409 19360000.0 19360000
1733249607560 19365888.0 19365888
1733249651459 19398656.0 19398656
1733249694609 19431424.0 19431424
1733249740949 19464192.0 19464192
1733249784449 19496960.0 19496960
1733249831817 19520000.0 19520000
1733249837586 19529728.0 19529728
1733249880830 19562496.0 19562496
1733249925284 19595264.0 19595264
1733249969299 19628032.0 19628032
1733250013710 19660800.0 19660800
1733250056435 19680000.0 19680000
1733250063769 19693568.0 19693568
1733250108036 19726336.0 19726336
1733250152344 19759104.0 19759104
1733250194490 19791872.0 19791872
1733250238486 19824640.0 19824640
1733250281810 19840000.0 19840000
1733250290817 19857408.0 19857408
1733250335810 19890176.0 19890176
1733250378776 19922944.0 19922944
1733250423236 19955712.0 19955712
1733250466599 19988480.0 19988480
1733250509071 20000000.0 20000000
1733250520783 20021248.0 20021248
1733250562930 20054016.0 20054016
1733250607469 20086784.0 20086784
1733250651593 20119552.0 20119552
1733250695864 20152320.0 20152320
1733250734725 20160000.0 20160000
1733250747401 20185088.0 20185088
1733250789947 20217856.0 20217856
1733250833714 20250624.0 20250624
1733250875563 20283392.0 20283392
1733250918856 20316160.0 20316160
1733250956149 20320000.0 20320000
1733250970851 20348928.0 20348928
1733251015707 20381696.0 20381696
1733251059030 20414464.0 20414464
1733251104346 20447232.0 20447232
1733251156223 20480000.0 20480000
1733251156818 20480000.0 20480000
1733251200921 20512768.0 20512768
1733251243906 20545536.0 20545536
1733251288828 20578304.0 20578304
1733251333130 20611072.0 20611072
1733251383107 20640000.0 20640000
1733251385913 20643840.0 20643840
1733251429384 20676608.0 20676608
1733251472442 20709376.0 20709376
1733251517926 20742144.0 20742144
1733251560692 20774912.0 20774912
1733251608555 20800000.0 20800000
1733251613616 20807680.0 20807680
1733251657294 20840448.0 20840448
1733251701275 20873216.0 20873216
1733251746534 20905984.0 20905984
1733251790958 20938752.0 20938752
1733251834780 20960000.0 20960000
1733251840672 20971520.0 20971520
1733251885622 21004288.0 21004288
1733251928827 21037056.0 21037056
1733251972716 21069824.0 21069824
1733252015369 21102592.0 21102592
1733252058413 21120000.0 21120000
1733252066522 21135360.0 21135360
1733252110423 21168128.0 21168128
1733252153257 21200896.0 21200896
1733252197374 21233664.0 21233664
1733252240397 21266432.0 21266432
1733252282601 21280000.0 21280000
1733252293151 21299200.0 21299200
1733252336776 21331968.0 21331968
1733252381026 21364736.0 21364736
1733252423136 21397504.0 21397504
1733252467915 21430272.0 21430272
1733252506694 21440000.0 21440000
1733252518987 21463040.0 21463040
1733252562725 21495808.0 21495808
1733252605651 21528576.0 21528576
1733252648839 21561344.0 21561344
1733252693714 21594112.0 21594112
1733252731059 21600000.0 21600000
1733252743517 21626880.0 21626880
1733252786867 21659648.0 21659648
1733252826623 21692416.0 21692416
1733252869002 21725184.0 21725184
1733252909624 21757952.0 21757952
1733252945889 21760000.0 21760000
1733252960562 21790720.0 21790720
1733253000373 21823488.0 21823488
1733253042062 21856256.0 21856256
1733253082323 21889024.0 21889024
1733253131418 21920000.0 21920000
1733253132672 21921792.0 21921792
1733253173605 21954560.0 21954560
1733253215237 21987328.0 21987328
1733253256792 22020096.0 22020096
1733253298789 22052864.0 22052864
1733253343632 22080000.0 22080000
1733253346802 22085632.0 22085632
1733253386640 22118400.0 22118400
1733253427964 22151168.0 22151168
1733253468033 22183936.0 22183936
1733253508816 22216704.0 22216704
1733253551782 22240000.0 22240000
1733253556275 22249472.0 22249472
1733253596767 22282240.0 22282240
1733253637092 22315008.0 22315008
1733253678190 22347776.0 22347776
1733253718655 22380544.0 22380544
1733253760618 22400000.0 22400000
1733253766882 22413312.0 22413312
1733253806654 22446080.0 22446080
1733253848059 22478848.0 22478848
1733253888048 22511616.0 22511616
1733253929877 22544384.0 22544384
1733253969357 22560000.0 22560000
1733253977622 22577152.0 22577152
1733254018804 22609920.0 22609920
1733254058553 22642688.0 22642688
1733254099105 22675456.0 22675456
1733254139086 22708224.0 22708224
1733254179032 22720000.0 22720000
1733254188263 22740992.0 22740992
1733254228937 22773760.0 22773760
1733254271165 22806528.0 22806528
1733254311213 22839296.0 22839296
1733254352621 22872064.0 22872064
1733254389372 22880000.0 22880000
1733254400237 22904832.0 22904832
1733254440853 22937600.0 22937600
1733254482939 22970368.0 22970368
1733254524403 23003136.0 23003136
1733254565849 23035904.0 23035904
1733254601243 23040000.0 23040000
1733254613695 23068672.0 23068672
1733254654742 23101440.0 23101440
1733254695087 23134208.0 23134208
1733254736894 23166976.0 23166976
1733254777621 23199744.0 23199744
1733254811920 23200000.0 23200000
1733254827125 23232512.0 23232512
1733254867273 23265280.0 23265280
1733254907585 23298048.0 23298048
1733254951268 23330816.0 23330816
1733254996841 23360000.0 23360000
1733254998679 23363584.0 23363584
1733255041108 23396352.0 23396352
1733255082446 23429120.0 23429120
1733255125218 23461888.0 23461888
1733255166448 23494656.0 23494656
1733255211513 23520000.0 23520000
1733255215309 23527424.0 23527424
1733255258057 23560192.0 23560192
1733255299136 23592960.0 23592960
1733255342969 23625728.0 23625728
1733255383796 23658496.0 23658496
1733255429188 23680000.0 23680000
1733255435185 23691264.0 23691264
1733255475614 23724032.0 23724032
1733255517418 23756800.0 23756800
1733255560158 23789568.0 23789568
1733255600804 23822336.0 23822336
1733255643953 23840000.0 23840000
1733255655135 23855104.0 23855104
1733255695787 23887872.0 23887872
1733255738402 23920640.0 23920640
1733255778707 23953408.0 23953408
1733255820941 23986176.0 23986176
1733255861603 24000000.0 24000000
1733255870020 24018944.0 24018944
1733255911091 24051712.0 24051712
1733255953748 24084480.0 24084480
1733255994643 24117248.0 24117248
1733256037210 24150016.0 24150016
1733256075548 24160000.0 24160000
1733256085764 24182784.0 24182784
1733256128140 24215552.0 24215552
1733256168980 24248320.0 24248320
1733256210434 24281088.0 24281088
1733256251547 24313856.0 24313856
1733256288088 24320000.0 24320000
1733256300870 24346624.0 24346624
1733256343992 24379392.0 24379392
1733256387155 24412160.0 24412160
1733256430255 24444928.0 24444928
1733256470829 24477696.0 24477696
1733256505448 24480000.0 24480000
1733256520875 24510464.0 24510464
1733256561185 24543232.0 24543232
1733256603491 24576000.0 24576000
1733256645969 24608768.0 24608768
1733256693283 24640000.0 24640000
1733256694330 24641536.0 24641536
1733256738103 24674304.0 24674304
1733256778169 24707072.0 24707072
1733256820068 24739840.0 24739840
1733256860717 24772608.0 24772608
1733256907327 24800000.0 24800000
1733256910288 24805376.0 24805376
1733256951383 24838144.0 24838144
1733256993356 24870912.0 24870912
1733257039006 24903680.0 24903680
1733257079905 24936448.0 24936448
1733257126483 24960000.0 24960000
1733257131049 24969216.0 24969216
1733257171305 25001984.0 25001984
1733257214187 25034752.0 25034752
1733257254652 25067520.0 25067520
1733257296410 25100288.0 25100288
1733257340249 25120000.0 25120000
1733257346112 25133056.0 25133056
1733257387338 25165824.0 25165824
1733257431965 25198592.0 25198592
1733257471996 25231360.0 25231360
1733257514759 25264128.0 25264128
1733257555491 25280000.0 25280000
1733257563497 25296896.0 25296896
1733257605902 25329664.0 25329664
1733257647163 25362432.0 25362432
1733257689868 25395200.0 25395200
1733257732348 25427968.0 25427968
1733257771728 25440000.0 25440000
1733257781113 25460736.0 25460736
1733257826069 25493504.0 25493504
1733257866775 25526272.0 25526272
1733257909516 25559040.0 25559040
1733257950658 25591808.0 25591808
1733257988720 25600000.0 25600000
1733258000753 25624576.0 25624576
1733258041795 25657344.0 25657344
1733258083301 25690112.0 25690112
1733258126818 25722880.0 25722880
1733258167131 25755648.0 25755648
1733258203819 25760000.0 25760000
1733258218009 25788416.0 25788416
1733258257930 25821184.0 25821184
1733258300473 25853952.0 25853952
1733258341261 25886720.0 25886720
1733258382571 25919488.0 25919488
1733258418302 25920000.0 25920000
1733258432557 25952256.0 25952256
1733258472770 25985024.0 25985024
1733258516458 26017792.0 26017792
1733258558032 26050560.0 26050560
1733258607333 26080000.0 26080000
1733258609286 26083328.0 26083328
1733258649337 26116096.0 26116096
1733258691942 26148864.0 26148864
1733258732427 26181632.0 26181632
1733258774885 26214400.0 26214400
1733258821443 26240000.0 26240000
1733258831497 26247168.0 26247168
1733258873074 26279936.0 26279936
1733258914838 26312704.0 26312704
1733258958183 26345472.0 26345472
1733259003516 26378240.0 26378240
1733259049780 26400000.0 26400000
1733259055748 26411008.0 26411008
1733259100543 26443776.0 26443776
1733259144775 26476544.0 26476544
1733259189856 26509312.0 26509312
1733259234083 26542080.0 26542080
1733259278832 26560000.0 26560000
1733259287368 26574848.0 26574848
1733259329193 26607616.0 26607616
1733259372850 26640384.0 26640384
1733259418179 26673152.0 26673152
1733259465775 26705920.0 26705920
1733259508667 26720000.0 26720000
1733259519494 26738688.0 26738688
1733259562868 26771456.0 26771456
1733259607871 26804224.0 26804224
1733259650186 26836992.0 26836992
1733259694682 26869760.0 26869760
1733259734304 26880000.0 26880000
1733259745115 26902528.0 26902528
1733259789390 26935296.0 26935296
1733259833528 26968064.0 26968064
1733259877216 27000832.0 27000832
1733259922390 27033600.0 27033600
1733259961595 27040000.0 27040000
1733259974771 27066368.0 27066368
1733260019015 27099136.0 27099136
1733260061755 27131904.0 27131904
1733260108788 27164672.0 27164672
1733260150789 27197440.0 27197440
1733260188545 27200000.0 27200000
1733260204965 27230208.0 27230208
1733260247806 27262976.0 27262976
1733260293378 27295744.0 27295744
1733260340617 27328512.0 27328512
1733260389752 27360000.0 27360000
1733260390957 27361280.0 27361280
1733260436470 27394048.0 27394048
1733260478331 27426816.0 27426816
1733260524046 27459584.0 27459584
1733260566233 27492352.0 27492352
1733260616738 27520000.0 27520000
1733260619847 27525120.0 27525120
1733260662721 27557888.0 27557888
1733260706226 27590656.0 27590656
1733260750455 27623424.0 27623424
1733260792973 27656192.0 27656192
1733260842414 27680000.0 27680000
1733260847186 27688960.0 27688960
1733260887216 27721728.0 27721728
1733260933328 27754496.0 27754496
1733260977008 27787264.0 27787264
1733261024078 27820032.0 27820032
1733261069373 27840000.0 27840000
1733261076158 27852800.0 27852800
1733261123475 27885568.0 27885568
1733261167892 27918336.0 27918336
1733261213904 27951104.0 27951104
1733261258421 27983872.0 27983872
1733261303254 28000000.0 28000000
1733261312111 28016640.0 28016640
1733261358901 28049408.0 28049408
1733261402784 28082176.0 28082176
1733261451344 28114944.0 28114944
1733261495088 28147712.0 28147712
1733261539146 28160000.0 28160000
1733261549597 28180480.0 28180480
1733261594019 28213248.0 28213248
1733261638093 28246016.0 28246016
1733261683644 28278784.0 28278784
1733261728554 28311552.0 28311552
1733261772116 28320000.0 28320000
1733261782869 28344320.0 28344320
1733261828237 28377088.0 28377088
1733261873327 28409856.0 28409856
1733261917700 28442624.0 28442624
1733261963634 28475392.0 28475392
1733262002523 28480000.0 28480000
1733262018025 28508160.0 28508160
1733262063837 28540928.0 28540928
1733262107792 28573696.0 28573696
1733262154289 28606464.0 28606464
1733262198126 28639232.0 28639232
1733262235354 28640000.0 28640000
1733262253402 28672000.0 28672000
1733262296590 28704768.0 28704768
1733262341644 28737536.0 28737536
1733262387556 28770304.0 28770304
1733262437356 28800000.0 28800000
1733262439583 28803072.0 28803072
1733262486978 28835840.0 28835840
1733262530974 28868608.0 28868608
1733262577194 28901376.0 28901376
1733262622257 28934144.0 28934144
1733262672325 28960000.0 28960000
1733262676217 28966912.0 28966912
1733262721172 28999680.0 28999680
1733262765239 29032448.0 29032448
1733262811600 29065216.0 29065216
1733262856791 29097984.0 29097984
1733262907571 29120000.0 29120000
1733262913841 29130752.0 29130752
1733262959425 29163520.0 29163520
1733263005509 29196288.0 29196288
1733263048936 29229056.0 29229056
1733263094911 29261824.0 29261824
1733263139598 29280000.0 29280000
1733263146749 29294592.0 29294592
1733263192005 29327360.0 29327360
1733263235975 29360128.0 29360128
1733263280571 29392896.0 29392896
1733263326143 29425664.0 29425664
1733263369685 29440000.0 29440000
1733263379145 29458432.0 29458432
1733263424357 29491200.0 29491200
1733263469520 29523968.0 29523968
1733263515605 29556736.0 29556736
1733263558251 29589504.0 29589504
1733263600276 29600000.0 29600000
1733263612685 29622272.0 29622272
1733263655334 29655040.0 29655040
1733263704071 29687808.0 29687808
1733263748114 29720576.0 29720576
1733263793071 29753344.0 29753344
1733263832775 29760000.0 29760000
1733263844603 29786112.0 29786112
1733263889294 29818880.0 29818880
1733263935923 29851648.0 29851648
1733263979857 29884416.0 29884416
1733264025294 29917184.0 29917184
1733264062306 29920000.0 29920000
1733264077063 29949952.0 29949952
1733264122619 29982720.0 29982720
1733264167266 30015488.0 30015488
1733264212408 30048256.0 30048256
1733264263418 30080000.0 30080000
1733264264400 30081024.0 30081024
1733264309399 30113792.0 30113792
1733264353343 30146560.0 30146560
1733264398299 30179328.0 30179328
1733264443109 30212096.0 30212096
1733264492090 30240000.0 30240000
1733264495041 30244864.0 30244864
1733264539757 30277632.0 30277632
1733264583561 30310400.0 30310400
1733264629256 30343168.0 30343168
1733264672649 30375936.0 30375936
1733264720854 30400000.0 30400000
1733264725788 30408704.0 30408704
1733264767635 30441472.0 30441472
1733264811739 30474240.0 30474240
1733264855914 30507008.0 30507008
1733264898189 30539776.0 30539776
1733264945679 30560000.0 30560000
1733264953726 30572544.0 30572544
1733264996561 30605312.0 30605312
1733265041265 30638080.0 30638080
1733265086303 30670848.0 30670848
1733265129282 30703616.0 30703616
1733265175295 30720000.0 30720000
1733265183358 30736384.0 30736384
1733265229621 30769152.0 30769152
1733265273357 30801920.0 30801920
1733265317715 30834688.0 30834688
1733265361717 30867456.0 30867456
1733265403377 30880000.0 30880000
1733265413360 30900224.0 30900224
1733265458619 30932992.0 30932992
1733265504986 30965760.0 30965760
1733265548455 30998528.0 30998528
1733265594919 31031296.0 31031296
1733265633426 31040000.0 31040000
1733265644393 31064064.0 31064064
1733265689683 31096832.0 31096832
1733265733195 31129600.0 31129600
1733265776010 31162368.0 31162368
1733265822122 31195136.0 31195136
1733265859695 31200000.0 31200000
1733265872373 31227904.0 31227904
1733265911898 31260672.0 31260672
1733265951345 31293440.0 31293440
1733265988078 31326208.0 31326208
1733266028296 31358976.0 31358976
1733266060361 31360000.0 31360000
1733266072925 31391744.0 31391744
1733266112106 31424512.0 31424512
1733266151120 31457280.0 31457280
1733266188500 31490048.0 31490048
1733266234373 31520000.0 31520000
1733266235880 31522816.0 31522816
1733266274692 31555584.0 31555584
1733266312821 31588352.0 31588352
1733266351354 31621120.0 31621120
1733266390041 31653888.0 31653888
1733266432409 31680000.0 31680000
1733266435468 31686656.0 31686656
1733266474327 31719424.0 31719424
1733266512844 31752192.0 31752192
1733266550461 31784960.0 31784960
1733266590573 31817728.0 31817728
1733266629872 31840000.0 31840000
1733266634735 31850496.0 31850496
1733266674038 31883264.0 31883264
1733266712422 31916032.0 31916032
1733266749018 31948800.0 31948800
1733266789250 31981568.0 31981568
1733266827300 32000000.0 32000000
1733266833146 32014336.0 32014336
1733266871599 32047104.0 32047104
1733266912193 32079872.0 32079872
1733266948377 32112640.0 32112640
1733266988841 32145408.0 32145408
1733267025779 32160000.0 32160000
