1733223277657 10.0 65536
1733223326572 20.0 98304
1733223383655 30.0 131072
1733223439818 40.0 160000
1733223496489 50.0 196608
1733223553276 60.0 229376
1733223602276 70.0 262144
1733223647697 80.0 294912
1733223702428 90.0 320000
1733223753134 100.0 360448
1733223807577 110.0 393216
1733223861156 120.0 425984
1733223907826 130.0 458752
1733223960535 140.0 480000
1733224011163 150.0 524288
1733224055075 160.0 557056
1733224108969 170.0 589824
1733224153037 180.0 622592
1733224193246 190.0 640000
1733224244785 200.0 688128
1733224290883 210.0 720896
1733224337168 220.0 753664
1733224381802 230.0 786432
1733224420876 240.0 800000
1733224474986 250.0 851968
1733224528567 260.0 884736
1733224572957 270.0 917504
1733224617812 280.0 950272
1733224664103 290.0 960000
1733224728633 300.0 1015808
1733224786705 310.0 1048576
1733224831203 320.0 1081344
1733224876698 330.0 1114112
1733224913521 340.0 1120000
1733224970572 350.0 1179648
1733225023441 360.0 1212416
1733225068145 370.0 1245184
1733225122063 380.0 1277952
1733225156407 390.0 1280000
1733225215714 400.0 1343488
1733225260576 410.0 1376256
1733225305149 420.0 1409024
1733225352873 430.0 1440000
1733225408610 440.0 1474560
1733225455513 450.0 1507328
1733225500055 460.0 1540096
1733225543993 470.0 1572864
1733225589737 480.0 1600000
1733225646054 490.0 1638400
1733225691200 500.0 1671168
1733225735128 510.0 1703936
1733225783048 520.0 1736704
1733225825652 530.0 1760000
1733225874540 540.0 1802240
1733225918993 550.0 1835008
1733225962340 560.0 1867776
1733226016103 570.0 1900544
1733226060713 580.0 1920000
1733226110650 590.0 1966080
1733226154558 600.0 1998848
1733226199157 610.0 2031616
1733226243420 620.0 2064384
1733226283309 630.0 2080000
1733226335846 640.0 2129920
1733226381699 650.0 2162688
1733226427466 660.0 2195456
1733226471861 670.0 2228224
1733226510657 680.0 2240000
1733226565199 690.0 2293760
1733226618017 700.0 2326528
1733226663546 710.0 2359296
1733226708475 720.0 2392064
1733226744407 730.0 2400000
1733226800676 740.0 2457600
1733226846214 750.0 2490368
1733226893443 760.0 2523136
1733226938306 770.0 2555904
1733226973522 780.0 2560000
1733227040867 790.0 2621440
1733227085080 800.0 2654208
1733227129506 810.0 2686976
1733227173588 820.0 2719744
1733227205987 830.0 2720000
1733227265829 840.0 2785280
1733227310950 850.0 2818048
1733227355105 860.0 2850816
1733227410625 870.0 2880000
1733227466151 880.0 2916352
1733227510088 890.0 2949120
1733227554449 900.0 2981888
1733227601654 910.0 3014656
1733227655838 920.0 3040000
1733227713441 930.0 3080192
1733227757835 940.0 3112960
1733227802517 950.0 3145728
1733227856466 960.0 3178496
1733227907007 970.0 3200000
1733227966285 980.0 3244032
1733228020154 990.0 3276800
1733228065102 1000.0 3309568
1733228109081 1010.0 3342336
1733228149802 1020.0 3360000
1733228202127 1030.0 3407872
1733228246292 1040.0 3440640
1733228291623 1050.0 3473408
1733228335210 1060.0 3506176
1733228382999 1070.0 3520000
1733228446056 1080.0 3571712
1733228489767 1090.0 3604480
1733228534646 1100.0 3637248
1733228588896 1110.0 3670016
1733228626307 1120.0 3680000
1733228691183 1130.0 3735552
1733228744880 1140.0 3768320
1733228790875 1150.0 3801088
1733228835273 1160.0 3833856
1733228880510 1170.0 3840000
1733228941025 1180.0 3899392
1733228995205 1190.0 3932160
1733229040829 1200.0 3964928
1733229086053 1210.0 3997696
1733229129757 1220.0 4000000
1733229190514 1230.0 4063232
1733229244552 1240.0 4096000
1733229289198 1250.0 4128768
1733229336500 1260.0 4160000
1733229392434 1270.0 4194304
1733229437636 1280.0 4227072
1733229482240 1290.0 4259840
1733229536149 1300.0 4292608
1733229587729 1310.0 4320000
1733229645117 1320.0 4358144
1733229689253 1330.0 4390912
1733229745029 1340.0 4423680
1733229789260 1350.0 4456448
1733229835535 1360.0 4480000
1733229884682 1370.0 4521984
1733229928311 1380.0 4554752
1733229974104 1390.0 4587520
1733230027952 1400.0 4620288
1733230069641 1410.0 4640000
1733230120227 1420.0 4685824
1733230166406 1430.0 4718592
1733230212826 1440.0 4751360
1733230260036 1450.0 4784128
1733230301567 1460.0 4800000
1733230356525 1470.0 4849664
1733230401370 1480.0 4882432
1733230457191 1490.0 4915200
1733230511360 1500.0 4947968
1733230551974 1510.0 4960000
1733230639856 1520.0 5013504
1733230694243 1530.0 5046272
1733230738773 1540.0 5079040
1733230789757 1550.0 5111808
1733230829152 1560.0 5120000
1733230885558 1570.0 5177344
1733230936402 1580.0 5210112
1733230991095 1590.0 5242880
1733231039564 1600.0 5275648
1733231074471 1610.0 5280000
1733231135406 1620.0 5341184
1733231180966 1630.0 5373952
1733231225431 1640.0 5406720
1733231270985 1650.0 5439488
1733231305949 1660.0 5440000
1733231365289 1670.0 5505024
1733231420541 1680.0 5537792
1733231475525 1690.0 5570560
1733231531786 1700.0 5600000
1733231578243 1710.0 5636096
1733231622608 1720.0 5668864
1733231678465 1730.0 5701632
1733231732650 1740.0 5734400
1733231786831 1750.0 5760000
1733231836150 1760.0 5799936
1733231890389 1770.0 5832704
1733231935812 1780.0 5865472
1733231989636 1790.0 5898240
1733232041672 1800.0 5920000
1733232091443 1810.0 5963776
1733232136538 1820.0 5996544
1733232182648 1830.0 6029312
1733232236773 1840.0 6062080
1733232289902 1850.0 6080000
1733232351103 1860.0 6127616
1733232395576 1870.0 6160384
1733232442030 1880.0 6193152
1733232496812 1890.0 6225920
1733232538333 1900.0 6240000
1733232594267 1910.0 6291456
1733232649600 1920.0 6324224
1733232693837 1930.0 6356992
1733232738599 1940.0 6389760
1733232776234 1950.0 6400000
1733232831213 1960.0 6455296
1733232875383 1970.0 6488064
1733232919188 1980.0 6520832
1733232972980 1990.0 6553600
1733233009126 2000.0 6560000
1733233065693 2010.0 6619136
1733233109456 2020.0 6651904
1733233154116 2030.0 6684672
1733233199115 2040.0 6717440
1733233242004 2050.0 6720000
1733233310137 2060.0 6782976
1733233365680 2070.0 6815744
1733233410807 2080.0 6848512
1733233467685 2090.0 6880000
1733233512336 2100.0 6914048
1733233558680 2110.0 6946816
1733233615230 2120.0 6979584
1733233669851 2130.0 7012352
1733233716551 2140.0 7040000
1733233773758 2150.0 7077888
1733233817845 2160.0 7110656
1733233871615 2170.0 7143424
1733233915782 2180.0 7176192
1733233959651 2190.0 7200000
1733234013791 2200.0 7241728
1733234067591 2210.0 7274496
1733234114370 2220.0 7307264
1733234159604 2230.0 7340032
1733234231302 2240.0 7360000
1733234278516 2250.0 7405568
1733234323554 2260.0 7438336
1733234369648 2270.0 7471104
1733234414166 2280.0 7503872
1733234455119 2290.0 7520000
1733234507900 2300.0 7569408
1733234552192 2310.0 7602176
1733234596357 2320.0 7634944
1733234640651 2330.0 7667712
1733234688427 2340.0 7680000
1733234754009 2350.0 7733248
1733234799137 2360.0 7766016
1733234852557 2370.0 7798784
1733234906179 2380.0 7831552
1733234942611 2390.0 7840000
1733234998186 2400.0 7897088
1733235042835 2410.0 7929856
1733235089233 2420.0 7962624
1733235133853 2430.0 7995392
1733235177566 2440.0 8000000
1733235246115 2450.0 8060928
1733235293730 2460.0 8093696
1733235337960 2470.0 8126464
1733235382945 2480.0 8159232
1733235416321 2490.0 8160000
1733235485042 2500.0 8224768
1733235529046 2510.0 8257536
1733235573782 2520.0 8290304
1733235621626 2530.0 8320000
1733235667313 2540.0 8355840
1733235711677 2550.0 8388608
1733235765354 2560.0 8421376
1733235809055 2570.0 8454144
1733235855037 2580.0 8480000
1733235902482 2590.0 8519680
1733235947601 2600.0 8552448
1733235992303 2610.0 8585216
1733236045772 2620.0 8617984
1733236088302 2630.0 8640000
1733236137631 2640.0 8683520
1733236181871 2650.0 8716288
1733236236769 2660.0 8749056
1733236290662 2670.0 8781824
1733236331441 2680.0 8800000
1733236382201 2690.0 8847360
1733236426479 2700.0 8880128
1733236470283 2710.0 8912896
1733236522959 2720.0 8945664
1733236562047 2730.0 8960000
1733236614923 2740.0 9011200
1733236659335 2750.0 9043968
1733236703667 2760.0 9076736
1733236748684 2770.0 9109504
1733236795603 2780.0 9120000
1733236849529 2790.0 9175040
1733236894111 2800.0 9207808
1733236947342 2810.0 9240576
1733236991611 2820.0 9273344
1733237027243 2830.0 9280000
1733237093290 2840.0 9338880
1733237137741 2850.0 9371648
1733237193008 2860.0 9404416
1733237238441 2870.0 9437184
1733237281804 2880.0 9440000
1733237339955 2890.0 9502720
1733237395380 2900.0 9535488
1733237449069 2910.0 9568256
1733237497261 2920.0 9600000
1733237541892 2930.0 9633792
1733237586439 2940.0 9666560
1733237640361 2950.0 9699328
1733237685714 2960.0 9732096
1733237742038 2970.0 9760000
1733237791391 2980.0 9797632
1733237838470 2990.0 9830400
1733237892199 3000.0 9863168
1733237936195 3010.0 9895936
1733237989671 3020.0 9920000
1733238038908 3030.0 9961472
1733238094433 3040.0 9994240
1733238138810 3050.0 10027008
1733238202065 3060.0 10059776
1733238253713 3070.0 10080000
1733238315195 3080.0 10125312
1733238361059 3090.0 10158080
1733238406630 3100.0 10190848
1733238454335 3110.0 10223616
1733238496342 3120.0 10240000
1733238549623 3130.0 10289152
1733238595668 3140.0 10321920
1733238639741 3150.0 10354688
1733238684361 3160.0 10387456
1733238732429 3170.0 10400000
1733238787432 3180.0 10452992
1733238832268 3190.0 10485760
1733238885470 3200.0 10518528
1733238939105 3210.0 10551296
1733238975925 3220.0 10560000
1733239032195 3230.0 10616832
1733239076817 3240.0 10649600
1733239120685 3250.0 10682368
1733239167613 3260.0 10715136
1733239205921 3270.0 10720000
1733239273580 3280.0 10780672
1733239317450 3290.0 10813440
1733239361421 3300.0 10846208
1733239404741 3310.0 10878976
1733239447448 3320.0 10880000
1733239506562 3330.0 10944512
1733239560089 3340.0 10977280
1733239613755 3350.0 11010048
1733239660417 3360.0 11040000
1733239705511 3370.0 11075584
1733239751429 3380.0 11108352
1733239796430 3390.0 11141120
1733239840863 3400.0 11173888
1733239885866 3410.0 11200000
1733239942716 3420.0 11239424
1733239986495 3430.0 11272192
1733240030707 3440.0 11304960
1733240086874 3450.0 11337728
1733240129733 3460.0 11360000
1733240178715 3470.0 11403264
1733240232600 3480.0 11436032
1733240276462 3490.0 11468800
1733240319967 3500.0 11501568
1733240361002 3510.0 11520000
1733240421666 3520.0 11567104
1733240465568 3530.0 11599872
1733240510439 3540.0 11632640
1733240554179 3550.0 11665408
1733240603615 3560.0 11680000
1733240666878 3570.0 11730944
1733240720651 3580.0 11763712
1733240764842 3590.0 11796480
1733240808997 3600.0 11829248
1733240847119 3610.0 11840000
1733240902645 3620.0 11894784
1733240956371 3630.0 11927552
1733241001141 3640.0 11960320
1733241045362 3650.0 11993088
1733241081248 3660.0 12000000
1733241147987 3670.0 12058624
1733241202199 3680.0 12091392
1733241246528 3690.0 12124160
1733241291961 3700.0 12156928
1733241326001 3710.0 12160000
1733241384176 3720.0 12222464
1733241428255 3730.0 12255232
1733241472318 3740.0 12288000
1733241519247 3750.0 12320000
1733241563917 3760.0 12353536
1733241607960 3770.0 12386304
1733241652380 3780.0 12419072
1733241696624 3790.0 12451840
1733241745328 3800.0 12480000
1733241791531 3810.0 12517376
1733241845007 3820.0 12550144
1733241898166 3830.0 12582912
1733241942204 3840.0 12615680
1733241987057 3850.0 12640000
1733242045124 3860.0 12681216
1733242089528 3870.0 12713984
1733242134341 3880.0 12746752
1733242178509 3890.0 12779520
1733242232911 3900.0 12800000
1733242290815 3910.0 12845056
1733242343685 3920.0 12877824
1733242387922 3930.0 12910592
1733242441724 3940.0 12943360
1733242481695 3950.0 12960000
1733242533363 3960.0 13008896
1733242577329 3970.0 13041664
1733242621945 3980.0 13074432
1733242678034 3990.0 13107200
1733242716559 4000.0 13120000
1733242779493 4010.0 13172736
1733242833208 4020.0 13205504
1733242876745 4030.0 13238272
1733242930625 4040.0 13271040
1733242967298 4050.0 13280000
1733243023066 4060.0 13336576
1733243069720 4070.0 13369344
1733243118447 4080.0 13402112
1733243163502 4090.0 13434880
1733243201016 4100.0 13440000
1733243267539 4110.0 13500416
1733243311371 4120.0 13533184
1733243364812 4130.0 13565952
1733243409458 4140.0 13598720
1733243452229 4150.0 13600000
1733243511614 4160.0 13664256
1733243555995 4170.0 13697024
1733243600716 4180.0 13729792
1733243648574 4190.0 13760000
1733243694213 4200.0 13795328
1733243748030 4210.0 13828096
1733243791462 4220.0 13860864
1733243836536 4230.0 13893632
1733243881616 4240.0 13920000
1733243929270 4250.0 13959168
1733243982680 4260.0 13991936
1733244026409 4270.0 14024704
1733244071038 4280.0 14057472
1733244123807 4290.0 14080000
1733244182319 4300.0 14123008
1733244237175 4310.0 14155776
1733244281691 4320.0 14188544
1733244335466 4330.0 14221312
1733244376671 4340.0 14240000
1733244437161 4350.0 14286848
1733244480993 4360.0 14319616
1733244534450 4370.0 14352384
1733244579228 4380.0 14385152
1733244618802 4390.0 14400000
1733244671270 4400.0 14450688
1733244715250 4410.0 14483456
1733244760249 4420.0 14516224
1733244805104 4430.0 14548992
1733244843388 4440.0 14560000
1733244897376 4450.0 14614528
1733244942313 4460.0 14647296
1733244988616 4470.0 14680064
1733245043100 4480.0 14712832
1733245080340 4490.0 14720000
1733245136626 4500.0 14778368
1733245190193 4510.0 14811136
1733245243460 4520.0 14843904
1733245296827 4530.0 14876672
1733245330934 4540.0 14880000
1733245398300 4550.0 14942208
1733245442341 4560.0 14974976
1733245485953 4570.0 15007744
1733245549018 4580.0 15040000
1733245602935 4590.0 15073280
1733245656744 4600.0 15106048
1733245705592 4610.0 15138816
1733245752583 4620.0 15171584
1733245797970 4630.0 15200000
1733245855729 4640.0 15237120
1733245900433 4650.0 15269888
1733245947720 4660.0 15302656
1733246001055 4670.0 15335424
1733246044963 4680.0 15360000
1733246093271 4690.0 15400960
1733246138619 4700.0 15433728
1733246192679 4710.0 15466496
1733246237016 4720.0 15499264
1733246278553 4730.0 15520000
1733246337836 4740.0 15564800
1733246382523 4750.0 15597568
1733246426585 4760.0 15630336
1733246470643 4770.0 15663104
1733246511079 4780.0 15680000
1733246562364 4790.0 15728640
1733246606926 4800.0 15761408
1733246650772 4810.0 15794176
1733246704357 4820.0 15826944
1733246743292 4830.0 15840000
1733246808073 4840.0 15892480
1733246852840 4850.0 15925248
1733246898004 4860.0 15958016
1733246943599 4870.0 15990784
1733246990450 4880.0 16000000
1733247055511 4890.0 16056320
1733247100230 4900.0 16089088
1733247144793 4910.0 16121856
1733247199043 4920.0 16154624
1733247234750 4930.0 16160000
1733247291742 4940.0 16220160
1733247335993 4950.0 16252928
1733247390731 4960.0 16285696
1733247435038 4970.0 16318464
1733247468570 4980.0 16320000
1733247527826 4990.0 16384000
1733247572365 5000.0 16416768
1733247616631 5010.0 16449536
1733247673033 5020.0 16480000
1733247729764 5030.0 16515072
1733247774714 5040.0 16547840
1733247828430 5050.0 16580608
1733247872987 5060.0 16613376
1733247917972 5070.0 16640000
1733247965182 5080.0 16678912
1733248019613 5090.0 16711680
1733248063966 5100.0 16744448
1733248108508 5110.0 16777216
1733248152172 5120.0 16800000
1733248210804 5130.0 16842752
1733248263926 5140.0 16875520
1733248308051 5150.0 16908288
1733248361654 5160.0 16941056
1733248403127 5170.0 16960000
1733248454472 5180.0 17006592
1733248499410 5190.0 17039360
1733248543986 5200.0 17072128
1733248589695 5210.0 17104896
1733248639473 5220.0 17120000
1733248692932 5230.0 17170432
1733248736812 5240.0 17203200
1733248781315 5250.0 17235968
1733248826254 5260.0 17268736
1733248864211 5270.0 17280000
1733248928358 5280.0 17334272
1733248972835 5290.0 17367040
1733249026951 5300.0 17399808
1733249080482 5310.0 17432576
1733249116821 5320.0 17440000
1733249173733 5330.0 17498112
1733249218529 5340.0 17530880
1733249262167 5350.0 17563648
1733249306223 5360.0 17596416
1733249350127 5370.0 17600000
1733249408340 5380.0 17661952
1733249452553 5390.0 17694720
1733249506437 5400.0 17727488
1733249563581 5410.0 17760000
1733249608319 5420.0 17793024
1733249662607 5430.0 17825792
1733249716253 5440.0 17858560
1733249760749 5450.0 17891328
1733249817409 5460.0 17920000
1733249863422 5470.0 17956864
1733249907843 5480.0 17989632
1733249961876 5490.0 18022400
1733250005782 5500.0 18055168
1733250059199 5510.0 18080000
1733250107150 5520.0 18120704
1733250150982 5530.0 18153472
1733250195668 5540.0 18186240
1733250239950 5550.0 18219008
1733250291695 5560.0 18240000
1733250340938 5570.0 18284544
1733250384374 5580.0 18317312
1733250428140 5590.0 18350080
1733250481462 5600.0 18382848
1733250531407 5610.0 18400000
1733250583695 5620.0 18448384
1733250631096 5630.0 18481152
1733250676468 5640.0 18513920
1733250722496 5650.0 18546688
1733250761993 5660.0 18560000
1733250826041 5670.0 18612224
1733250870428 5680.0 18644992
1733250915412 5690.0 18677760
1733250968866 5700.0 18710528
1733251006189 5710.0 18720000
1733251061207 5720.0 18776064
1733251114916 5730.0 18808832
1733251159922 5740.0 18841600
1733251204413 5750.0 18874368
1733251240185 5760.0 18880000
1733251298162 5770.0 18939904
1733251343146 5780.0 18972672
1733251397227 5790.0 19005440
1733251451100 5800.0 19038208
1733251484940 5810.0 19040000
1733251552873 5820.0 19103744
1733251597828 5830.0 19136512
1733251642427 5840.0 19169280
1733251698973 5850.0 19200000
1733251754152 5860.0 19234816
1733251799292 5870.0 19267584
1733251844428 5880.0 19300352
1733251898319 5890.0 19333120
1733251942981 5900.0 19360000
1733251990791 5910.0 19398656
1733252035625 5920.0 19431424
1733252080699 5930.0 19464192
1733252125269 5940.0 19496960
1733252172922 5950.0 19520000
1733252221671 5960.0 19562496
1733252267542 5970.0 19595264
1733252312200 5980.0 19628032
1733252356074 5990.0 19660800
1733252406642 6000.0 19680000
1733252466848 6010.0 19726336
1733252511321 6020.0 19759104
1733252555657 6030.0 19791872
1733252609036 6040.0 19824640
1733252658763 6050.0 19840000
1733252711421 6060.0 19890176
1733252755359 6070.0 19922944
1733252809244 6080.0 19955712
1733252862967 6090.0 19988480
1733252900844 6100.0 20000000
1733252967219 6110.0 20054016
1733253012131 6120.0 20086784
1733253066447 6130.0 20119552
1733253122070 6140.0 20152320
1733253167580 6150.0 20160000
1733253233233 6160.0 20217856
1733253286826 6170.0 20250624
1733253341144 6180.0 20283392
1733253386873 6190.0 20316160
1733253427270 6200.0 20320000
1733253498321 6210.0 20381696
1733253542854 6220.0 20414464
1733253587278 6230.0 20447232
1733253645714 6240.0 20480000
1733253699212 6250.0 20512768
1733253745116 6260.0 20545536
1733253789186 6270.0 20578304
1733253833181 6280.0 20611072
1733253888315 6290.0 20640000
1733253943967 6300.0 20676608
1733253987571 6310.0 20709376
1733254040787 6320.0 20742144
1733254085885 6330.0 20774912
1733254139624 6340.0 20800000
1733254187440 6350.0 20840448
1733254231586 6360.0 20873216
1733254276144 6370.0 20905984
1733254320145 6380.0 20938752
1733254368357 6390.0 20960000
1733254427423 6400.0 21004288
1733254470877 6410.0 21037056
1733254515456 6420.0 21069824
1733254559410 6430.0 21102592
1733254601383 6440.0 21120000
1733254653098 6450.0 21168128
1733254697695 6460.0 21200896
1733254751617 6470.0 21233664
1733254805750 6480.0 21266432
1733254844673 6490.0 21280000
1733254897212 6500.0 21331968
1733254942940 6510.0 21364736
1733254986850 6520.0 21397504
1733255035275 6530.0 21430272
1733255082737 6540.0 21440000
1733255138782 6550.0 21495808
1733255193249 6560.0 21528576
1733255247541 6570.0 21561344
1733255293088 6580.0 21594112
1733255328367 6590.0 21600000
1733255386096 6600.0 21659648
1733255430634 6610.0 21692416
1733255475268 6620.0 21725184
1733255515156 6630.0 21757952
1733255551010 6640.0 21760000
1733255610307 6650.0 21823488
1733255655812 6660.0 21856256
1733255700242 6670.0 21889024
1733255747354 6680.0 21920000
1733255793531 6690.0 21954560
1733255837835 6700.0 21987328
1733255881420 6710.0 22020096
1733255924911 6720.0 22052864
1733255969587 6730.0 22080000
1733256016505 6740.0 22118400
1733256070811 6750.0 22151168
1733256117309 6760.0 22183936
1733256164643 6770.0 22216704
1733256218848 6780.0 22240000
1733256269132 6790.0 22282240
1733256314665 6800.0 22315008
1733256360557 6810.0 22347776
1733256406347 6820.0 22380544
1733256457751 6830.0 22400000
1733256517303 6840.0 22446080
1733256560557 6850.0 22478848
1733256613697 6860.0 22511616
1733256658251 6870.0 22544384
1733256697283 6880.0 22560000
1733256748225 6890.0 22609920
1733256801600 6900.0 22642688
1733256845445 6910.0 22675456
1733256897772 6920.0 22708224
1733256935594 6930.0 22720000
1733256997753 6940.0 22773760
1733257041372 6950.0 22806528
1733257084643 6960.0 22839296
1733257137587 6970.0 22872064
1733257183141 6980.0 22880000
1733257246919 6990.0 22937600
1733257300600 7000.0 22970368
1733257343980 7010.0 23003136
1733257386737 7020.0 23035904
1733257420960 7030.0 23040000
1733257477152 7040.0 23101440
1733257520639 7050.0 23134208
1733257564674 7060.0 23166976
1733257608579 7070.0 23199744
1733257641120 7080.0 23200000
1733257698155 7090.0 23265280
1733257743192 7100.0 23298048
1733257795985 7110.0 23330816
1733257841381 7120.0 23360000
1733257886390 7130.0 23396352
1733257929855 7140.0 23429120
1733257984411 7150.0 23461888
1733258027773 7160.0 23494656
1733258079683 7170.0 23520000
1733258127142 7180.0 23560192
1733258170723 7190.0 23592960
1733258214097 7200.0 23625728
1733258256906 7210.0 23658496
1733258298552 7220.0 23680000
1733258346273 7230.0 23724032
1733258390060 7240.0 23756800
1733258433813 7250.0 23789568
1733258486700 7260.0 23822336
1733258526943 7270.0 23840000
1733258577020 7280.0 23887872
1733258626580 7290.0 23920640
1733258669934 7300.0 23953408
1733258729207 7310.0 23986176
1733258777161 7320.0 24000000
1733258829482 7330.0 24051712
1733258875757 7340.0 24084480
1733258920828 7350.0 24117248
1733258966699 7360.0 24150016
1733259015343 7370.0 24160000
1733259069211 7380.0 24215552
1733259113865 7390.0 24248320
1733259158923 7400.0 24281088
1733259209325 7410.0 24313856
1733259247577 7420.0 24320000
1733259304955 7430.0 24379392
1733259365204 7440.0 24412160
1733259410354 7450.0 24444928
1733259455000 7460.0 24477696
1733259498418 7470.0 24480000
1733259565496 7480.0 24543232
1733259609355 7490.0 24576000
1733259659074 7500.0 24608768
1733259706435 7510.0 24640000
1733259751538 7520.0 24674304
1733259797467 7530.0 24707072
1733259841765 7540.0 24739840
1733259888362 7550.0 24772608
1733259950670 7560.0 24800000
1733259997281 7570.0 24838144
1733260041723 7580.0 24870912
1733260095340 7590.0 24903680
1733260139670 7600.0 24936448
1733260193062 7610.0 24960000
1733260241390 7620.0 25001984
1733260285478 7630.0 25034752
1733260329186 7640.0 25067520
1733260373132 7650.0 25100288
1733260424267 7660.0 25120000
1733260475057 7670.0 25165824
1733260519619 7680.0 25198592
1733260573316 7690.0 25231360
1733260626871 7700.0 25264128
1733260666674 7710.0 25280000
1733260718644 7720.0 25329664
1733260785779 7730.0 25362432
1733260833119 7740.0 25395200
1733260876348 7750.0 25427968
1733260913227 7760.0 25440000
1733260977883 7770.0 25493504
1733261021329 7780.0 25526272
1733261065009 7790.0 25559040
1733261114248 7800.0 25591808
1733261156470 7810.0 25600000
1733261211437 7820.0 25657344
1733261255799 7830.0 25690112
1733261314882 7840.0 25722880
1733261359389 7850.0 25755648
1733261399233 7860.0 25760000
1733261474351 7870.0 25821184
1733261522718 7880.0 25853952
1733261570858 7890.0 25886720
1733261623227 7900.0 25919488
1733261660580 7910.0 25920000
1733261725579 7920.0 25985024
1733261775180 7930.0 26017792
1733261824714 7940.0 26050560
1733261876092 7950.0 26080000
1733261927076 7960.0 26116096
1733261977013 7970.0 26148864
1733262025427 7980.0 26181632
1733262074282 7990.0 26214400
1733262130612 8000.0 26240000
1733262182037 8010.0 26279936
1733262226866 8020.0 26312704
1733262270279 8030.0 26345472
1733262317916 8040.0 26378240
1733262360341 8050.0 26400000
1733262408310 8060.0 26443776
1733262451972 8070.0 26476544
1733262511221 8080.0 26509312
1733262554992 8090.0 26542080
1733262606935 8100.0 26560000
1733262657053 8110.0 26607616
1733262700158 8120.0 26640384
1733262747061 8130.0 26673152
1733262790666 8140.0 26705920
1733262829372 8150.0 26720000
1733262891446 8160.0 26771456
1733262934792 8170.0 26804224
1733262981196 8180.0 26836992
1733263027270 8190.0 26869760
1733263073939 8200.0 26880000
1733263128098 8210.0 26935296
1733263183540 8220.0 26968064
1733263231210 8230.0 27000832
1733263279445 8240.0 27033600
1733263320607 8250.0 27040000
1733263376250 8260.0 27099136
1733263420151 8270.0 27131904
1733263463735 8280.0 27164672
1733263512286 8290.0 27197440
1733263545537 8300.0 27200000
1733263603086 8310.0 27262976
1733263647554 8320.0 27295744
1733263694529 8330.0 27328512
1733263741976 8340.0 27360000
1733263787236 8350.0 27394048
1733263831883 8360.0 27426816
1733263874886 8370.0 27459584
1733263918983 8380.0 27492352
1733263965169 8390.0 27520000
1733264010497 8400.0 27557888
1733264084662 8410.0 27590656
1733264129117 8420.0 27623424
1733264173071 8430.0 27656192
1733264225389 8440.0 27680000
1733264282165 8450.0 27721728
1733264326088 8460.0 27754496
1733264369560 8470.0 27787264
1733264413556 8480.0 27820032
1733264461459 8490.0 27840000
1733264509728 8500.0 27885568
1733264562376 8510.0 27918336
1733264615355 8520.0 27951104
1733264668613 8530.0 27983872
1733264707970 8540.0 28000000
1733264758631 8550.0 28049408
1733264801735 8560.0 28082176
1733264845148 8570.0 28114944
1733264888457 8580.0 28147712
1733264935910 8590.0 28160000
1733264998583 8600.0 28213248
1733265047135 8610.0 28246016
1733265091480 8620.0 28278784
1733265135634 8630.0 28311552
1733265181579 8640.0 28320000
1733265235905 8650.0 28377088
1733265279651 8660.0 28409856
1733265323176 8670.0 28442624
1733265366299 8680.0 28475392
1733265401575 8690.0 28480000
1733265462075 8700.0 28540928
1733265506123 8710.0 28573696
1733265549317 8720.0 28606464
1733265592348 8730.0 28639232
1733265626621 8740.0 28640000
1733265684105 8750.0 28704768
1733265730141 8760.0 28737536
1733265775795 8770.0 28770304
1733265822324 8780.0 28800000
1733265867461 8790.0 28835840
1733265911907 8800.0 28868608
1733265956248 8810.0 28901376
1733265999714 8820.0 28934144
1733266043770 8830.0 28960000
1733266090219 8840.0 28999680
1733266133825 8850.0 29032448
1733266177058 8860.0 29065216
1733266220304 8870.0 29097984
1733266262675 8880.0 29120000
1733266311578 8890.0 29163520
1733266355294 8900.0 29196288
1733266398314 8910.0 29229056
1733266441930 8920.0 29261824
1733266482442 8930.0 29280000
1733266532854 8940.0 29327360
1733266576756 8950.0 29360128
1733266619998 8960.0 29392896
1733266673836 8970.0 29425664
1733266726670 8980.0 29440000
1733266777946 8990.0 29491200
1733266820968 9000.0 29523968
1733266863647 9010.0 29556736
1733266907735 9020.0 29589504
1733266954972 9030.0 29600000
1733267008432 9040.0 29655040
1733267051757 9050.0 29687808
1733267094569 9060.0 29720576
1733267136965 9070.0 29753344
1733267171396 9080.0 29760000
1733267226901 9090.0 29818880
1733267271386 9100.0 29851648
1733267316012 9110.0 29884416
1733267359808 9120.0 29917184
1733267393682 9130.0 29920000
1733267453432 9140.0 29982720
1733267498011 9150.0 30015488
1733267542448 9160.0 30048256
1733267591323 9170.0 30080000
1733267637075 9180.0 30113792
1733267679127 9190.0 30146560
1733267722683 9200.0 30179328
1733267766063 9210.0 30212096
1733267810690 9220.0 30240000
1733267856585 9230.0 30277632
1733267901739 9240.0 30310400
1733267946268 9250.0 30343168
1733267999453 9260.0 30375936
1733268046423 9270.0 30400000
1733268095340 9280.0 30441472
1733268155521 9290.0 30474240
1733268200783 9300.0 30507008
1733268246377 9310.0 30539776
1733268289232 9320.0 30560000
1733268342157 9330.0 30605312
1733268386686 9340.0 30638080
1733268430390 9350.0 30670848
1733268476752 9360.0 30703616
1733268523014 9370.0 30720000
1733268574091 9380.0 30769152
1733268617594 9390.0 30801920
1733268661234 9400.0 30834688
1733268717664 9410.0 30867456
1733268759941 9420.0 30880000
1733268818864 9430.0 30932992
1733268866943 9440.0 30965760
1733268912150 9450.0 30998528
1733268964090 9460.0 31031296
1733269000513 9470.0 31040000
1733269058722 9480.0 31096832
1733269103668 9490.0 31129600
1733269146814 9500.0 31162368
1733269193945 9510.0 31195136
1733269232968 9520.0 31200000
1733269294250 9530.0 31260672
1733269340111 9540.0 31293440
1733269386715 9550.0 31326208
1733269435286 9560.0 31358976
1733269471322 9570.0 31360000
1733269537211 9580.0 31424512
1733269595168 9590.0 31457280
1733269642277 9600.0 31490048
1733269691184 9610.0 31520000
1733269740039 9620.0 31555584
1733269791571 9630.0 31588352
1733269851493 9640.0 31621120
1733269910934 9650.0 31653888
1733269974232 9660.0 31680000
1733270037624 9670.0 31719424
1733270096122 9680.0 31752192
1733270142029 9690.0 31784960
1733270190427 9700.0 31817728
1733270244850 9710.0 31840000
1733270293550 9720.0 31883264
1733270337687 9730.0 31916032
1733270391074 9740.0 31948800
1733270435307 9750.0 31981568
1733270476691 9760.0 32000000
1733270528646 9770.0 32047104
1733270574182 9780.0 32079872
1733270628234 9790.0 32112640
1733270672129 9800.0 32145408
1733270711682 9810.0 32160000
1733270775501 9820.0 32210944
1733270819905 9830.0 32243712
1733270874001 9840.0 32276480
1733270928541 9850.0 32309248
1733270966707 9860.0 32320000
1733271031300 9870.0 32374784
1733271076461 9880.0 32407552
1733271120696 9890.0 32440320
1733271174723 9900.0 32473088
1733271210292 9910.0 32480000
1733271265619 9920.0 32538624
1733271310027 9930.0 32571392
1733271354418 9940.0 32604160
1733271399544 9950.0 32636928
1733271433324 9960.0 32640000
1733271500554 9970.0 32702464
1733271545222 9980.0 32735232
1733271589986 9990.0 32768000
1733271646886 10000.0 32800000
1733271691893 10010.0 32833536
1733271736526 10020.0 32866304
1733271790643 10030.0 32899072
1733271834788 10040.0 32931840
1733271889459 10050.0 32960000
1733271934962 10060.0 32997376
1733271978872 10070.0 33030144
1733272022642 10080.0 33062912
1733272068279 10090.0 33095680
1733272112733 10100.0 33120000
1733272161400 10110.0 33161216
1733272205544 10120.0 33193984
1733272249718 10130.0 33226752
1733272294112 10140.0 33259520
1733272335923 10150.0 33280000
1733272385814 10160.0 33325056
1733272429251 10170.0 33357824
1733272473249 10180.0 33390592
1733272517347 10190.0 33423360
1733272566782 10200.0 33440000
1733272628553 10210.0 33488896
1733272672623 10220.0 33521664
1733272726132 10230.0 33554432
1733272770129 10240.0 33587200
1733272808826 10250.0 33600000
1733272872058 10260.0 33652736
1733272925720 10270.0 33685504
1733272979520 10280.0 33718272
1733273024111 10290.0 33751040
1733273061162 10300.0 33760000
1733273118993 10310.0 33816576
1733273164762 10320.0 33849344
1733273219971 10330.0 33882112
1733273274723 10340.0 33914880
1733273311512 10350.0 33920000
1733273379969 10360.0 33980416
1733273425052 10370.0 34013184
1733273479433 10380.0 34045952
1733273524777 10390.0 34078720
1733273560307 10400.0 34080000
1733273619132 10410.0 34144256
1733273672972 10420.0 34177024
1733273717583 10430.0 34209792
1733273774732 10440.0 34240000
1733273820700 10450.0 34275328
1733273874576 10460.0 34308096
1733273917931 10470.0 34340864
1733273962355 10480.0 34373632
1733274016149 10490.0 34400000
1733274062777 10500.0 34439168
1733274106286 10510.0 34471936
1733274150856 10520.0 34504704
1733274194578 10530.0 34537472
1733274237434 10540.0 34560000
1733274285894 10550.0 34603008
1733274330001 10560.0 34635776
1733274373927 10570.0 34668544
1733274417743 10580.0 34701312
1733274458484 10590.0 34720000
1733274518453 10600.0 34766848
1733274563823 10610.0 34799616
1733274619070 10620.0 34832384
1733274664451 10630.0 34865152
1733274706555 10640.0 34880000
1733274772467 10650.0 34930688
1733274825308 10660.0 34963456
1733274887096 10670.0 34996224
1733274934828 10680.0 35028992
1733274983905 10690.0 35040000
1733275037977 10700.0 35094528
1733275086308 10710.0 35127296
1733275131768 10720.0 35160064
1733275174720 10730.0 35192832
1733275222124 10740.0 35200000
1733275277550 10750.0 35258368
1733275320679 10760.0 35291136
1733275368215 10770.0 35323904
1733275415811 10780.0 35356672
1733275459839 10790.0 35360000
1733275528611 10800.0 35422208
1733275572465 10810.0 35454976
1733275619152 10820.0 35487744
1733275666514 10830.0 35520000
1733275713795 10840.0 35553280
1733275760931 10850.0 35586048
1733275804244 10860.0 35618816
1733275852213 10870.0 35651584
1733275898901 10880.0 35680000
1733275946908 10890.0 35717120
1733276002368 10900.0 35749888
1733276048382 10910.0 35782656
1733276093177 10920.0 35815424
1733276136148 10930.0 35840000
1733276185864 10940.0 35880960
1733276238482 10950.0 35913728
1733276283201 10960.0 35946496
1733276329704 10970.0 35979264
1733276386940 10980.0 36000000
1733276448036 10990.0 36044800
1733276492373 11000.0 36077568
1733276550508 11010.0 36110336
1733276594094 11020.0 36143104
1733276643306 11030.0 36160000
1733276695657 11040.0 36208640
1733276743463 11050.0 36241408
1733276791551 11060.0 36274176
1733276844685 11070.0 36306944
1733276883207 11080.0 36320000
1733276963141 11090.0 36372480
1733277007429 11100.0 36405248
1733277057580 11110.0 36438016
1733277104909 11120.0 36470784
1733277151163 11130.0 36480000
1733277206955 11140.0 36536320
1733277253730 11150.0 36569088
1733277315062 11160.0 36601856
1733277360800 11170.0 36634624
1733277405777 11180.0 36640000
1733277465376 11190.0 36700160
1733277512700 11200.0 36732928
1733277559315 11210.0 36765696
1733277604568 11220.0 36798464
1733277646932 11230.0 36800000
1733277704982 11240.0 36864000
1733277748486 11250.0 36896768
1733277792671 11260.0 36929536
1733277839748 11270.0 36960000
1733277887239 11280.0 36995072
1733277933845 11290.0 37027840
1733277980651 11300.0 37060608
1733278025210 11310.0 37093376
1733278078555 11320.0 37120000
1733278124711 11330.0 37158912
1733278168101 11340.0 37191680
1733278226117 11350.0 37224448
1733278269329 11360.0 37257216
1733278320617 11370.0 37280000
1733278368643 11380.0 37322752
1733278412328 11390.0 37355520
1733278456078 11400.0 37388288
1733278500185 11410.0 37421056
1733278542267 11420.0 37440000
1733278594121 11430.0 37486592
1733278639778 11440.0 37519360
1733278687252 11450.0 37552128
1733278733018 11460.0 37584896
1733278772705 11470.0 37600000
1733278824935 11480.0 37650432
1733278868968 11490.0 37683200
1733278921843 11500.0 37715968
1733278965003 11510.0 37748736
1733279002192 11520.0 37760000
1733279057606 11530.0 37814272
1733279103399 11540.0 37847040
1733279157091 11550.0 37879808
1733279210717 11560.0 37912576
1733279251191 11570.0 37920000
1733279310022 11580.0 37978112
1733279364890 11590.0 38010880
1733279408962 11600.0 38043648
1733279452586 11610.0 38076416
1733279486851 11620.0 38080000
1733279544286 11630.0 38141952
1733279588603 11640.0 38174720
1733279635698 11650.0 38207488
1733279682598 11660.0 38240000
1733279726288 11670.0 38273024
1733279770760 11680.0 38305792
1733279814672 11690.0 38338560
1733279868482 11700.0 38371328
1733279915654 11710.0 38400000
1733279961323 11720.0 38436864
1733280004608 11730.0 38469632
1733280058372 11740.0 38502400
1733280103464 11750.0 38535168
1733280148655 11760.0 38560000
1733280200676 11770.0 38600704
1733280248267 11780.0 38633472
1733280295413 11790.0 38666240
1733280342227 11800.0 38699008
1733280386496 11810.0 38720000
1733280451738 11820.0 38764544
1733280514349 11830.0 38797312
1733280577741 11840.0 38830080
1733280640097 11850.0 38862848
1733280697620 11860.0 38880000
1733280761044 11870.0 38928384
1733280813170 11880.0 38961152
1733280865108 11890.0 38993920
1733280923479 11900.0 39026688
1733280966894 11910.0 39040000
1733281026791 11920.0 39092224
1733281072464 11930.0 39124992
1733281127249 11940.0 39157760
1733281182663 11950.0 39190528
1733281221437 11960.0 39200000
1733281278269 11970.0 39256064
1733281333436 11980.0 39288832
1733281390304 11990.0 39321600
1733281447013 12000.0 39354368
1733281484628 12010.0 39360000
1733281544091 12020.0 39419904
1733281598454 12030.0 39452672
1733281643569 12040.0 39485440
1733281688498 12050.0 39518208
1733281722199 12060.0 39520000
1733281782862 12070.0 39583744
1733281827964 12080.0 39616512
1733281874059 12090.0 39649280
1733281931777 12100.0 39680000
1733281988553 12110.0 39714816
1733282039944 12120.0 39747584
1733282095723 12130.0 39780352
1733282141756 12140.0 39813120
1733282188290 12150.0 39840000
1733282243283 12160.0 39878656
1733282291420 12170.0 39911424
1733282349355 12180.0 39944192
1733282398550 12190.0 39976960
1733282443910 12200.0 40000000
1733282504141 12210.0 40042496
1733282548962 12220.0 40075264
1733282603602 12230.0 40108032
1733282649047 12240.0 40140800
1733282691939 12250.0 40160000
1733282744457 12260.0 40206336
1733282789931 12270.0 40239104
1733282844041 12280.0 40271872
1733282889536 12290.0 40304640
1733282941447 12300.0 40320000
1733282996939 12310.0 40370176
1733283052546 12320.0 40402944
1733283107138 12330.0 40435712
1733283154692 12340.0 40468480
1733283204653 12350.0 40480000
1733283260099 12360.0 40534016
1733283315690 12370.0 40566784
1733283361118 12380.0 40599552
1733283407963 12390.0 40632320
1733283444960 12400.0 40640000
1733283513166 12410.0 40697856
1733283558732 12420.0 40730624
1733283605027 12430.0 40763392
1733283649983 12440.0 40796160
1733283684514 12450.0 40800000
1733283744488 12460.0 40861696
1733283790288 12470.0 40894464
1733283845248 12480.0 40927232
1733283902667 12490.0 40960000
1733283948339 12500.0 40992768
1733283992844 12510.0 41025536
1733284037418 12520.0 41058304
1733284084383 12530.0 41091072
1733284129993 12540.0 41120000
1733284177126 12550.0 41156608
1733284221316 12560.0 41189376
1733284265632 12570.0 41222144
1733284310992 12580.0 41254912
1733284354646 12590.0 41280000
1733284403145 12600.0 41320448
1733284448682 12610.0 41353216
1733284496244 12620.0 41385984
1733284549862 12630.0 41418752
1733284591996 12640.0 41440000
1733284646364 12650.0 41484288
1733284694975 12660.0 41517056
1733284739933 12670.0 41549824
1733284786316 12680.0 41582592
1733284828280 12690.0 41600000
1733284882109 12700.0 41648128
1733284938375 12710.0 41680896
1733284992159 12720.0 41713664
1733285036513 12730.0 41746432
1733285075002 12740.0 41760000
1733285128087 12750.0 41811968
1733285171824 12760.0 41844736
1733285217337 12770.0 41877504
1733285273021 12780.0 41910272
1733285309652 12790.0 41920000
1733285365927 12800.0 41975808
1733285409877 12810.0 42008576
1733285454389 12820.0 42041344
1733285507298 12830.0 42074112
1733285541815 12840.0 42080000
1733285597133 12850.0 42139648
1733285642100 12860.0 42172416
1733285685996 12870.0 42205184
1733285729659 12880.0 42237952
1733285765482 12890.0 42240000
1733285823121 12900.0 42303488
1733285876056 12910.0 42336256
1733285919870 12920.0 42369024
1733285970452 12930.0 42400000
1733286024995 12940.0 42434560
1733286068698 12950.0 42467328
1733286122474 12960.0 42500096
1733286176308 12970.0 42532864
1733286221438 12980.0 42560000
1733286269374 12990.0 42598400
1733286313226 13000.0 42631168
1733286367306 13010.0 42663936
1733286411980 13020.0 42696704
1733286455409 13030.0 42720000
1733286505219 13040.0 42762240
1733286550011 13050.0 42795008
1733286596359 13060.0 42827776
1733286650284 13070.0 42860544
1733286692246 13080.0 42880000
1733286743651 13090.0 42926080
1733286788054 13100.0 42958848
1733286841117 13110.0 42991616
1733286885568 13120.0 43024384
1733286939636 13130.0 43040000
1733287002338 13140.0 43089920
1733287046633 13150.0 43122688
1733287093178 13160.0 43155456
1733287137398 13170.0 43188224
1733287175100 13180.0 43200000
1733287228673 13190.0 43253760
1733287273717 13200.0 43286528
1733287318513 13210.0 43319296
1733287362858 13220.0 43352064
1733287399623 13230.0 43360000
1733287465576 13240.0 43417600
1733287510084 13250.0 43450368
1733287553275 13260.0 43483136
1733287597501 13270.0 43515904
1733287632268 13280.0 43520000
1733287699557 13290.0 43581440
1733287752349 13300.0 43614208
1733287795687 13310.0 43646976
1733287840366 13320.0 43679744
1733287872624 13330.0 43680000
1733287932423 13340.0 43745280
1733287977865 13350.0 43778048
1733288022667 13360.0 43810816
1733288077578 13370.0 43840000
1733288122772 13380.0 43876352
1733288172882 13390.0 43909120
1733288220243 13400.0 43941888
1733288273319 13410.0 43974656
1733288316715 13420.0 44000000
1733288364052 13430.0 44040192
1733288407907 13440.0 44072960
1733288451969 13450.0 44105728
1733288495390 13460.0 44138496
1733288536979 13470.0 44160000
1733288586844 13480.0 44204032
1733288630230 13490.0 44236800
1733288674875 13500.0 44269568
1733288722869 13510.0 44302336
1733288760875 13520.0 44320000
1733288811460 13530.0 44367872
1733288867785 13540.0 44400640
1733288922054 13550.0 44433408
1733288975601 13560.0 44466176
1733289013553 13570.0 44480000
1733289066489 13580.0 44531712
1733289116955 13590.0 44564480
1733289170386 13600.0 44597248
1733289214415 13610.0 44630016
1733289255286 13620.0 44640000
1733289309237 13630.0 44695552
1733289364579 13640.0 44728320
1733289408100 13650.0 44761088
1733289463268 13660.0 44793856
1733289508222 13670.0 44800000
1733289564574 13680.0 44859392
1733289608560 13690.0 44892160
1733289658052 13700.0 44924928
1733289707751 13710.0 44957696
1733289746815 13720.0 44960000
1733289804265 13730.0 45023232
1733289850593 13740.0 45056000
1733289894172 13750.0 45088768
1733289941775 13760.0 45120000
1733289989112 13770.0 45154304
1733290035849 13780.0 45187072
1733290081536 13790.0 45219840
1733290125657 13800.0 45252608
1733290171098 13810.0 45280000
1733290216773 13820.0 45318144
1733290264628 13830.0 45350912
1733290308890 13840.0 45383680
1733290352219 13850.0 45416448
1733290394190 13860.0 45440000
1733290451715 13870.0 45481984
1733290495495 13880.0 45514752
1733290537558 13890.0 45547520
1733290585994 13900.0 45580288
1733290628149 13910.0 45600000
1733290678418 13920.0 45645824
1733290724833 13930.0 45678592
1733290768562 13940.0 45711360
1733290812747 13950.0 45744128
1733290852204 13960.0 45760000
1733290904189 13970.0 45809664
1733290959589 13980.0 45842432
1733291012899 13990.0 45875200
1733291056720 14000.0 45907968
1733291092543 14010.0 45920000
1733291146134 14020.0 45973504
1733291202377 14030.0 46006272
1733291256615 14040.0 46039040
1733291300610 14050.0 46071808
1733291340676 14060.0 46080000
1733291405515 14070.0 46137344
1733291449627 14080.0 46170112
1733291495522 14090.0 46202880
1733291553696 14100.0 46235648
1733291588171 14110.0 46240000
1733291645888 14120.0 46301184
1733291691725 14130.0 46333952
1733291745510 14140.0 46366720
1733291790684 14150.0 46399488
1733291825923 14160.0 46400000
1733291898902 14170.0 46465024
1733291947363 14180.0 46497792
1733291992641 14190.0 46530560
1733292039044 14200.0 46560000
1733292084624 14210.0 46596096
1733292131891 14220.0 46628864
1733292191576 14230.0 46661632
1733292234606 14240.0 46694400
1733292283788 14250.0 46720000
1733292331253 14260.0 46759936
1733292375844 14270.0 46792704
1733292419964 14280.0 46825472
1733292466575 14290.0 46858240
1733292511195 14300.0 46880000
1733292560389 14310.0 46923776
1733292606259 14320.0 46956544
1733292656470 14330.0 46989312
1733292711963 14340.0 47022080
1733292755973 14350.0 47040000
1733292807494 14360.0 47087616
1733292851640 14370.0 47120384
1733292898254 14380.0 47153152
1733292944225 14390.0 47185920
1733292989087 14400.0 47200000
1733293044737 14410.0 47251456
1733293093022 14420.0 47284224
1733293138293 14430.0 47316992
1733293188579 14440.0 47349760
1733293225943 14450.0 47360000
1733293280880 14460.0 47415296
1733293329672 14470.0 47448064
1733293375263 14480.0 47480832
1733293419433 14490.0 47513600
1733293455107 14500.0 47520000
1733293511723 14510.0 47579136
1733293557735 14520.0 47611904
1733293601897 14530.0 47644672
1733293646592 14540.0 47677440
1733293679807 14550.0 47680000
1733293738516 14560.0 47742976
1733293782628 14570.0 47775744
1733293830674 14580.0 47808512
1733293887270 14590.0 47840000
1733293932428 14600.0 47874048
1733293977084 14610.0 47906816
1733294022047 14620.0 47939584
1733294071345 14630.0 47972352
1733294118083 14640.0 48000000
1733294166297 14650.0 48037888
1733294210410 14660.0 48070656
1733294274335 14670.0 48103424
1733294318335 14680.0 48136192
1733294366698 14690.0 48160000
1733294417785 14700.0 48201728
1733294464920 14710.0 48234496
1733294516753 14720.0 48267264
1733294560804 14730.0 48300032
1733294603474 14740.0 48320000
1733294654076 14750.0 48365568
1733294702422 14760.0 48398336
1733294756505 14770.0 48431104
1733294801009 14780.0 48463872
1733294840391 14790.0 48480000
1733294892092 14800.0 48529408
1733294936679 14810.0 48562176
1733294983562 14820.0 48594944
1733295037463 14830.0 48627712
1733295075543 14840.0 48640000
1733295131671 14850.0 48693248
1733295175788 14860.0 48726016
1733295226027 14870.0 48758784
1733295273902 14880.0 48791552
1733295310259 14890.0 48800000
1733295366171 14900.0 48857088
1733295410780 14910.0 48889856
1733295454993 14920.0 48922624
1733295501505 14930.0 48955392
1733295537679 14940.0 48960000
1733295594129 14950.0 49020928
1733295638500 14960.0 49053696
1733295686716 14970.0 49086464
1733295733577 14980.0 49119232
1733295765490 14990.0 49120000
1733295827889 15000.0 49184768
1733295879491 15010.0 49217536
1733295934776 15020.0 49250304
1733295983329 15030.0 49280000
1733296029422 15040.0 49315840
1733296073650 15050.0 49348608
1733296118120 15060.0 49381376
1733296163795 15070.0 49414144
1733296213150 15080.0 49440000
1733296261061 15090.0 49479680
1733296305544 15100.0 49512448
1733296350000 15110.0 49545216
1733296393623 15120.0 49577984
1733296442176 15130.0 49600000
1733296491816 15140.0 49643520
1733296536278 15150.0 49676288
1733296586529 15160.0 49709056
1733296631808 15170.0 49741824
1733296672254 15180.0 49760000
1733296723548 15190.0 49807360
1733296769510 15200.0 49840128
1733296813881 15210.0 49872896
1733296863509 15220.0 49905664
1733296902176 15230.0 49920000
1733296954053 15240.0 49971200
1733296998189 15250.0 50003968
1733297053393 15260.0 50036736
1733297108891 15270.0 50069504
1733297152388 15280.0 50080000
1733297217723 15290.0 50135040
1733297262043 15300.0 50167808
1733297309650 15310.0 50200576
1733297354039 15320.0 50233344
1733297398894 15330.0 50240000
1733297455211 15340.0 50298880
1733297499748 15350.0 50331648
1733297551742 15360.0 50364416
1733297596668 15370.0 50397184
1733297629993 15380.0 50400000
1733297689424 15390.0 50462720
1733297732994 15400.0 50495488
1733297777175 15410.0 50528256
1733297823192 15420.0 50560000
1733297868870 15430.0 50593792
1733297913883 15440.0 50626560
1733297963644 15450.0 50659328
1733298008107 15460.0 50692096
1733298055339 15470.0 50720000
1733298102059 15480.0 50757632
1733298148378 15490.0 50790400
1733298208138 15500.0 50823168
1733298254404 15510.0 50855936
1733298298433 15520.0 50880000
1733298356707 15530.0 50921472
1733298400669 15540.0 50954240
1733298446322 15550.0 50987008
1733298490667 15560.0 51019776
1733298536370 15570.0 51040000
1733298596610 15580.0 51085312
1733298640789 15590.0 51118080
1733298690841 15600.0 51150848
1733298737778 15610.0 51183616
1733298779542 15620.0 51200000
1733298832056 15630.0 51249152
1733298890106 15640.0 51281920
1733298935948 15650.0 51314688
1733298980520 15660.0 51347456
1733299022399 15670.0 51360000
1733299076791 15680.0 51412992
1733299123513 15690.0 51445760
1733299169300 15700.0 51478528
1733299225651 15710.0 51511296
1733299262419 15720.0 51520000
1733299318019 15730.0 51576832
1733299361113 15740.0 51609600
1733299405857 15750.0 51642368
1733299449789 15760.0 51675136
1733299485304 15770.0 51680000
1733299543214 15780.0 51740672
1733299592166 15790.0 51773440
1733299641899 15800.0 51806208
1733299692321 15810.0 51838976
1733299729111 15820.0 51840000
1733299787987 15830.0 51904512
1733299832432 15840.0 51937280
1733299881419 15850.0 51970048
1733299931788 15860.0 52000000
1733299977549 15870.0 52035584
1733300036118 15880.0 52068352
1733300082507 15890.0 52101120
1733300126844 15900.0 52133888
1733300171272 15910.0 52160000
1733300219092 15920.0 52199424
1733300272159 15930.0 52232192
1733300316604 15940.0 52264960
1733300361141 15950.0 52297728
1733300403382 15960.0 52320000
1733300453043 15970.0 52363264
1733300505609 15980.0 52396032
1733300561422 15990.0 52428800
1733300606684 16000.0 52461568
1733300656195 16010.0 52480000
1733300708203 16020.0 52527104
1733300753882 16030.0 52559872
1733300809744 16040.0 52592640
1733300853750 16050.0 52625408
1733300893556 16060.0 52640000
1733300949376 16070.0 52690944
1733301000308 16080.0 52723712
1733301045072 16090.0 52756480
1733301089758 16100.0 52789248
1733301132817 16110.0 52800000
1733301188043 16120.0 52854784
1733301233363 16130.0 52887552
1733301280474 16140.0 52920320
1733301327200 16150.0 52953088
1733301367672 16160.0 52960000
1733301425248 16170.0 53018624
1733301479706 16180.0 53051392
1733301525584 16190.0 53084160
1733301579492 16200.0 53116928
1733301614673 16210.0 53120000
1733301673372 16220.0 53182464
1733301718176 16230.0 53215232
1733301762579 16240.0 53248000
1733301821162 16250.0 53280000
1733301868890 16260.0 53313536
1733301913664 16270.0 53346304
1733301960424 16280.0 53379072
1733302004554 16290.0 53411840
1733302052592 16300.0 53440000
1733302108995 16310.0 53477376
1733302153112 16320.0 53510144
1733302202800 16330.0 53542912
1733302247344 16340.0 53575680
1733302290699 16350.0 53600000
1733302339110 16360.0 53641216
1733302386939 16370.0 53673984
1733302431754 16380.0 53706752
1733302481429 16390.0 53739520
1733302522535 16400.0 53760000
1733302573135 16410.0 53805056
1733302618537 16420.0 53837824
1733302667410 16430.0 53870592
1733302727919 16440.0 53903360
1733302767308 16450.0 53920000
1733302830107 16460.0 53968896
1733302884558 16470.0 54001664
1733302933153 16480.0 54034432
1733302977890 16490.0 54067200
1733303019628 16500.0 54080000
1733303074014 16510.0 54132736
1733303123482 16520.0 54165504
1733303174346 16530.0 54198272
1733303220183 16540.0 54231040
1733303257899 16550.0 54240000
1733303313769 16560.0 54296576
1733303359380 16570.0 54329344
1733303405947 16580.0 54362112
1733303453572 16590.0 54394880
1733303491907 16600.0 54400000
1733303549923 16610.0 54460416
1733303595383 16620.0 54493184
1733303640081 16630.0 54525952
1733303684785 16640.0 54558720
1733303724382 16650.0 54560000
1733303794071 16660.0 54624256
1733303838872 16670.0 54657024
1733303883360 16680.0 54689792
1733303934578 16690.0 54720000
1733303991894 16700.0 54755328
1733304036811 16710.0 54788096
1733304081325 16720.0 54820864
1733304134576 16730.0 54853632
1733304191769 16740.0 54880000
1733304240176 16750.0 54919168
1733304286735 16760.0 54951936
1733304330925 16770.0 54984704
1733304375621 16780.0 55017472
1733304418557 16790.0 55040000
1733304466592 16800.0 55083008
1733304521260 16810.0 55115776
1733304566066 16820.0 55148544
1733304610935 16830.0 55181312
1733304661180 16840.0 55200000
1733304715336 16850.0 55246848
1733304760088 16860.0 55279616
1733304806547 16870.0 55312384
1733304851286 16880.0 55345152
1733304889949 16890.0 55360000
1733304951474 16900.0 55410688
1733304996312 16910.0 55443456
1733305050954 16920.0 55476224
1733305106664 16930.0 55508992
1733305154284 16940.0 55520000
1733305209953 16950.0 55574528
1733305254740 16960.0 55607296
1733305308272 16970.0 55640064
1733305353439 16980.0 55672832
1733305388943 16990.0 55680000
1733305445511 17000.0 55738368
1733305492705 17010.0 55771136
1733305542163 17020.0 55803904
1733305589036 17030.0 55836672
1733305623205 17040.0 55840000
1733305691752 17050.0 55902208
1733305736571 17060.0 55934976
1733305788115 17070.0 55967744
1733305839757 17080.0 56000000
1733305886072 17090.0 56033280
1733305943997 17100.0 56066048
1733305994833 17110.0 56098816
1733306049534 17120.0 56131584
1733306094205 17130.0 56160000
1733306144573 17140.0 56197120
1733306189195 17150.0 56229888
1733306237532 17160.0 56262656
1733306289488 17170.0 56295424
1733306333872 17180.0 56320000
1733306382600 17190.0 56360960
1733306431790 17200.0 56393728
1733306483865 17210.0 56426496
1733306530868 17220.0 56459264
1733306582092 17230.0 56480000
1733306632155 17240.0 56524800
1733306678413 17250.0 56557568
1733306723514 17260.0 56590336
1733306768286 17270.0 56623104
1733306808482 17280.0 56640000
1733306862175 17290.0 56688640
1733306906918 17300.0 56721408
1733306954855 17310.0 56754176
1733306999592 17320.0 56786944
1733307038080 17330.0 56800000
1733307094622 17340.0 56852480
1733307140800 17350.0 56885248
1733307186334 17360.0 56918016
1733307230352 17370.0 56950784
1733307268531 17380.0 56960000
1733307325287 17390.0 57016320
1733307372950 17400.0 57049088
1733307428413 17410.0 57081856
1733307474266 17420.0 57114624
1733307508936 17430.0 57120000
1733307573220 17440.0 57180160
1733307621112 17450.0 57212928
1733307670464 17460.0 57245696
1733307728411 17470.0 57278464
1733307764198 17480.0 57280000
1733307843130 17490.0 57344000
1733307895229 17500.0 57376768
1733307957185 17510.0 57409536
1733308007215 17520.0 57440000
1733308061742 17530.0 57475072
1733308115151 17540.0 57507840
1733308166650 17550.0 57540608
1733308220488 17560.0 57573376
1733308273448 17570.0 57600000
1733308331207 17580.0 57638912
1733308383871 17590.0 57671680
1733308436053 17600.0 57704448
1733308481697 17610.0 57737216
1733308535050 17620.0 57760000
1733308585803 17630.0 57802752
1733308643020 17640.0 57835520
1733308688616 17650.0 57868288
1733308744412 17660.0 57901056
1733308795578 17670.0 57920000
1733308847750 17680.0 57966592
1733308893307 17690.0 57999360
1733308939188 17700.0 58032128
1733308994579 17710.0 58064896
1733309044452 17720.0 58080000
1733309100366 17730.0 58130432
1733309147443 17740.0 58163200
1733309203451 17750.0 58195968
1733309260078 17760.0 58228736
1733309298484 17770.0 58240000
1733309367052 17780.0 58294272
1733309421738 17790.0 58327040
1733309467645 17800.0 58359808
1733309512866 17810.0 58392576
1733309549598 17820.0 58400000
1733309618282 17830.0 58458112
1733309673329 17840.0 58490880
1733309718754 17850.0 58523648
1733309776101 17860.0 58556416
1733309810553 17870.0 58560000
1733309870023 17880.0 58621952
1733309918437 17890.0 58654720
1733309963969 17900.0 58687488
1733310012457 17910.0 58720000
1733310059184 17920.0 58753024
1733310105618 17930.0 58785792
1733310152462 17940.0 58818560
1733310198816 17950.0 58851328
1733310255129 17960.0 58880000
1733310304798 17970.0 58916864
1733310351839 17980.0 58949632
1733310406637 17990.0 58982400
1733310451706 18000.0 59015168
1733310498887 18010.0 59040000
1733310548973 18020.0 59080704
1733310595094 18030.0 59113472
1733310643230 18040.0 59146240
1733310696400 18050.0 59179008
1733310738621 18060.0 59200000
1733310789356 18070.0 59244544
1733310847011 18080.0 59277312
1733310894035 18090.0 59310080
1733310942163 18100.0 59342848
1733310993778 18110.0 59360000
1733311046532 18120.0 59408384
1733311098048 18130.0 59441152
1733311144845 18140.0 59473920
1733311199518 18150.0 59506688
1733311240888 18160.0 59520000
1733311298622 18170.0 59572224
1733311354053 18180.0 59604992
1733311406946 18190.0 59637760
1733311468610 18200.0 59670528
1733311533342 18210.0 59680000
1733311600808 18220.0 59736064
1733311649982 18230.0 59768832
1733311693763 18240.0 59801600
1733311740423 18250.0 59834368
1733311785318 18260.0 59840000
1733311848371 18270.0 59899904
1733311895083 18280.0 59932672
1733311941406 18290.0 59965440
1733311996704 18300.0 59998208
1733312030653 18310.0 60000000
1733312091935 18320.0 60063744
1733312138422 18330.0 60096512
1733312183282 18340.0 60129280
1733312231474 18350.0 60160000
1733312287805 18360.0 60194816
1733312333676 18370.0 60227584
1733312380338 18380.0 60260352
1733312425833 18390.0 60293120
1733312471882 18400.0 60320000
1733312529175 18410.0 60358656
1733312575009 18420.0 60391424
1733312620071 18430.0 60424192
1733312664853 18440.0 60456960
1733312709744 18450.0 60480000
1733312759734 18460.0 60522496
1733312806212 18470.0 60555264
1733312852825 18480.0 60588032
1733312899434 18490.0 60620800
1733312941473 18500.0 60640000
1733312994798 18510.0 60686336
1733313050269 18520.0 60719104
1733313096727 18530.0 60751872
1733313143576 18540.0 60784640
1733313193415 18550.0 60800000
1733313248107 18560.0 60850176
1733313303501 18570.0 60882944
1733313350945 18580.0 60915712
1733313397509 18590.0 60948480
1733313444237 18600.0 60960000
1733313500032 18610.0 61014016
1733313546213 18620.0 61046784
1733313591307 18630.0 61079552
1733313637856 18640.0 61112320
1733313674634 18650.0 61120000
1733313731181 18660.0 61177856
1733313776502 18670.0 61210624
1733313824140 18680.0 61243392
1733313869446 18690.0 61276160
1733313914174 18700.0 61280000
1733313975587 18710.0 61341696
1733314021197 18720.0 61374464
1733314065820 18730.0 61407232
1733314122967 18740.0 61440000
1733314168332 18750.0 61472768
1733314213898 18760.0 61505536
1733314259792 18770.0 61538304
1733314306035 18780.0 61571072
1733314352709 18790.0 61600000
1733314399929 18800.0 61636608
1733314445343 18810.0 61669376
1733314491434 18820.0 61702144
1733314537631 18830.0 61734912
1733314590332 18840.0 61760000
1733314639220 18850.0 61800448
1733314694346 18860.0 61833216
1733314748719 18870.0 61865984
1733314802996 18880.0 61898752
1733314847009 18890.0 61920000
1733314907049 18900.0 61964288
1733314952121 18910.0 61997056
1733314999318 18920.0 62029824
1733315046354 18930.0 62062592
1733315087076 18940.0 62080000
1733315139552 18950.0 62128128
1733315190894 18960.0 62160896
1733315240217 18970.0 62193664
1733315293888 18980.0 62226432
1733315332026 18990.0 62240000
1733315385493 19000.0 62291968
1733315432043 19010.0 62324736
1733315479168 19020.0 62357504
1733315523517 19030.0 62390272
1733315560008 19040.0 62400000
1733315624323 19050.0 62455808
1733315671064 19060.0 62488576
1733315730497 19070.0 62521344
1733315790661 19080.0 62554112
1733315828597 19090.0 62560000
1733315896396 19100.0 62619648
1733315946890 19110.0 62652416
1733316007268 19120.0 62685184
1733316057833 19130.0 62717952
1733316095462 19140.0 62720000
1733316158891 19150.0 62783488
1733316206996 19160.0 62816256
1733316256219 19170.0 62849024
1733316315457 19180.0 62880000
1733316364929 19190.0 62914560
1733316414399 19200.0 62947328
1733316462832 19210.0 62980096
1733316516901 19220.0 63012864
1733316573894 19230.0 63040000
1733316639993 19240.0 63078400
1733316692962 19250.0 63111168
1733316752901 19260.0 63143936
1733316801123 19270.0 63176704
1733316846061 19280.0 63200000
1733316894922 19290.0 63242240
1733316942042 19300.0 63275008
1733316988389 19310.0 63307776
1733317034769 19320.0 63340544
1733317087252 19330.0 63360000
1733317150651 19340.0 63406080
1733317206265 19350.0 63438848
1733317261861 19360.0 63471616
1733317308443 19370.0 63504384
1733317349397 19380.0 63520000
1733317414481 19390.0 63569920
1733317460356 19400.0 63602688
1733317515899 19410.0 63635456
1733317563162 19420.0 63668224
1733317612993 19430.0 63680000
1733317670967 19440.0 63733760
1733317717816 19450.0 63766528
1733317773771 19460.0 63799296
1733317829853 19470.0 63832064
1733317867210 19480.0 63840000
1733317936266 19490.0 63897600
1733317982803 19500.0 63930368
1733318038246 19510.0 63963136
1733318085305 19520.0 63995904
1733318129720 19530.0 64000000
1733318200105 19540.0 64061440
1733318247003 19550.0 64094208
1733318294349 19560.0 64126976
1733318342185 19570.0 64159744
1733318384372 19580.0 64160000
1733318450666 19590.0 64225280
1733318505057 19600.0 64258048
1733318560873 19610.0 64290816
1733318608841 19620.0 64320000
1733318658396 19630.0 64356352
1733318705784 19640.0 64389120
1733318761382 19650.0 64421888
1733318807893 19660.0 64454656
1733318853410 19670.0 64480000
1733318912796 19680.0 64520192
1733318959727 19690.0 64552960
1733319005900 19700.0 64585728
1733319052643 19710.0 64618496
1733319105021 19720.0 64640000
1733319156710 19730.0 64684032
1733319212433 19740.0 64716800
1733319258483 19750.0 64749568
1733319314299 19760.0 64782336
1733319357265 19770.0 64800000
1733319412128 19780.0 64847872
1733319458531 19790.0 64880640
1733319504593 19800.0 64913408
1733319550705 19810.0 64946176
1733319591737 19820.0 64960000
1733319648851 19830.0 65011712
1733319696993 19840.0 65044480
1733319743702 19850.0 65077248
1733319792236 19860.0 65110016
1733319835157 19870.0 65120000
1733319896251 19880.0 65175552
1733319952150 19890.0 65208320
1733320001649 19900.0 65241088
1733320047825 19910.0 65273856
1733320088361 19920.0 65280000
1733320149192 19930.0 65339392
1733320196861 19940.0 65372160
1733320244109 19950.0 65404928
1733320290637 19960.0 65437696
1733320329487 19970.0 65440000
1733320403176 19980.0 65503232
1733320457143 19990.0 65536000
1733320520030 20000.0 65568768
1733320587906 20010.0 65600000
1733320658632 20020.0 65634304
1733320717745 20030.0 65667072
1733320767508 20040.0 65699840
1733320826288 20050.0 65732608
1733320874680 20060.0 65760000
1733320934360 20070.0 65798144
1733320991886 20080.0 65830912
1733321038959 20090.0 65863680
1733321087045 20100.0 65896448
1733321143003 20110.0 65920000
1733321205789 20120.0 65961984
1733321252923 20130.0 65994752
1733321298583 20140.0 66027520
1733321343738 20150.0 66060288
1733321385750 20160.0 66080000
1733321438427 20170.0 66125824
1733321493440 20180.0 66158592
1733321539931 20190.0 66191360
1733321586256 20200.0 66224128
1733321635397 20210.0 66240000
1733321698752 20220.0 66289664
1733321744549 20230.0 66322432
1733321799414 20240.0 66355200
1733321844459 20250.0 66387968
1733321883507 20260.0 66400000
1733321940739 20270.0 66453504
1733321988698 20280.0 66486272
1733322038209 20290.0 66519040
1733322090125 20300.0 66551808
1733322125274 20310.0 66560000
1733322195350 20320.0 66617344
1733322248626 20330.0 66650112
1733322306763 20340.0 66682880
1733322360719 20350.0 66715648
1733322397208 20360.0 66720000
1733322457443 20370.0 66781184
1733322513374 20380.0 66813952
1733322558637 20390.0 66846720
1733322604686 20400.0 66879488
1733322638083 20410.0 66880000
1733322700302 20420.0 66945024
1733322756070 20430.0 66977792
1733322811132 20440.0 67010560
1733322858824 20450.0 67040000
1733322907167 20460.0 67076096
1733322962841 20470.0 67108864
1733323010230 20480.0 67141632
1733323055951 20490.0 67174400
1733323116117 20500.0 67200000
1733323165582 20510.0 67239936
1733323213604 20520.0 67272704
1733323268099 20530.0 67305472
1733323323604 20540.0 67338240
1733323366000 20550.0 67360000
1733323418478 20560.0 67403776
1733323464104 20570.0 67436544
1733323511177 20580.0 67469312
1733323556520 20590.0 67502080
1733323599008 20600.0 67520000
1733323661576 20610.0 67567616
1733323709790 20620.0 67600384
1733323755387 20630.0 67633152
1733323802163 20640.0 67665920
1733323842408 20650.0 67680000
1733323897761 20660.0 67731456
1733323947040 20670.0 67764224
1733324003962 20680.0 67796992
1733324063047 20690.0 67829760
1733324115768 20700.0 67840000
1733324174842 20710.0 67895296
1733324225248 20720.0 67928064
1733324274791 20730.0 67960832
1733324333845 20740.0 67993600
1733324383366 20750.0 68000000
1733324463522 20760.0 68059136
1733324523015 20770.0 68091904
1733324576584 20780.0 68124672
1733324628475 20790.0 68157440
1733324672148 20800.0 68160000
1733324733964 20810.0 68222976
1733324789115 20820.0 68255744
1733324835151 20830.0 68288512
1733324883822 20840.0 68320000
1733324930231 20850.0 68354048
1733324986377 20860.0 68386816
1733325031319 20870.0 68419584
1733325079408 20880.0 68452352
1733325127278 20890.0 68480000
1733325176844 20900.0 68517888
1733325232469 20910.0 68550656
1733325281738 20920.0 68583424
1733325342784 20930.0 68616192
1733325401622 20940.0 68640000
1733325465938 20950.0 68681728
1733325514242 20960.0 68714496
1733325561029 20970.0 68747264
1733325617159 20980.0 68780032
1733325669434 20990.0 68800000
1733325728175 21000.0 68845568
1733325778341 21010.0 68878336
1733325827325 21020.0 68911104
1733325877775 21030.0 68943872
1733325924599 21040.0 68960000
1733325991746 21050.0 69009408
1733326043362 21060.0 69042176
1733326104641 21070.0 69074944
1733326163406 21080.0 69107712
1733326212930 21090.0 69120000
1733326279120 21100.0 69173248
1733326332762 21110.0 69206016
1733326390215 21120.0 69238784
1733326446322 21130.0 69271552
1733326487667 21140.0 69280000
1733326546372 21150.0 69337088
1733326591949 21160.0 69369856
1733326638372 21170.0 69402624
1733326684081 21180.0 69435392
1733326723395 21190.0 69440000
1733326788692 21200.0 69500928
1733326834379 21210.0 69533696
1733326887865 21220.0 69566464
1733326937050 21230.0 69599232
1733326974137 21240.0 69600000
1733327085059 21250.0 69664768
1733327136609 21260.0 69697536
1733327190874 21270.0 69730304
1733327246326 21280.0 69760000
1733327296751 21290.0 69795840
1733327360703 21300.0 69828608
1733327420082 21310.0 69861376
1733327471506 21320.0 69894144
1733327530769 21330.0 69920000
1733327582153 21340.0 69959680
1733327641490 21350.0 69992448
1733327685174 21360.0 70025216
1733327743436 21370.0 70057984
1733327797458 21380.0 70080000
1733327852488 21390.0 70123520
1733327901824 21400.0 70156288
1733327951367 21410.0 70189056
1733328000625 21420.0 70221824
1733328058496 21430.0 70240000
1733328124006 21440.0 70287360
1733328178054 21450.0 70320128
1733328232849 21460.0 70352896
1733328283110 21470.0 70385664
1733328336491 21480.0 70400000
1733328411756 21490.0 70451200
1733328473768 21500.0 70483968
1733328546601 21510.0 70516736
1733328612978 21520.0 70549504
1733328662938 21530.0 70560000
1733328736046 21540.0 70615040
1733328789756 21550.0 70647808
1733328841163 21560.0 70680576
1733328900336 21570.0 70713344
1733328939794 21580.0 70720000
1733329014282 21590.0 70778880
1733329066431 21600.0 70811648
1733329124928 21610.0 70844416
1733329174122 21620.0 70877184
1733329210543 21630.0 70880000
1733329286534 21640.0 70942720
1733329336367 21650.0 70975488
1733329385787 21660.0 71008256
1733329435956 21670.0 71040000
1733329495656 21680.0 71073792
1733329544110 21690.0 71106560
1733329592329 21700.0 71139328
1733329641223 21710.0 71172096
1733329689519 21720.0 71200000
1733329738665 21730.0 71237632
1733329785442 21740.0 71270400
1733329832387 21750.0 71303168
1733329884026 21760.0 71335936
1733329930435 21770.0 71360000
1733329995045 21780.0 71401472
1733330042371 21790.0 71434240
1733330092217 21800.0 71467008
1733330139289 21810.0 71499776
1733330183372 21820.0 71520000
1733330236703 21830.0 71565312
1733330283678 21840.0 71598080
1733330330617 21850.0 71630848
1733330377999 21860.0 71663616
1733330431038 21870.0 71680000
1733330486055 21880.0 71729152
1733330533218 21890.0 71761920
1733330581480 21900.0 71794688
1733330628474 21910.0 71827456
1733330673587 21920.0 71840000
1733330730741 21930.0 71892992
1733330777530 21940.0 71925760
1733330825058 21950.0 71958528
1733330872896 21960.0 71991296
1733330910934 21970.0 72000000
1733330970022 21980.0 72056832
1733331018684 21990.0 72089600
1733331066460 22000.0 72122368
1733331125590 22010.0 72155136
1733331163961 22020.0 72160000
1733331229317 22030.0 72220672
1733331284235 22040.0 72253440
1733331332216 22050.0 72286208
1733331382422 22060.0 72318976
1733331424454 22070.0 72320000
1733331486335 22080.0 72384512
1733331535113 22090.0 72417280
1733331584402 22100.0 72450048
1733331636997 22110.0 72480000
1733331687470 22120.0 72515584
1733331735684 22130.0 72548352
1733331784096 22140.0 72581120
1733331832585 22150.0 72613888
1733331881933 22160.0 72640000
1733331938042 22170.0 72679424
1733331985425 22180.0 72712192
1733332034562 22190.0 72744960
1733332087196 22200.0 72777728
1733332134274 22210.0 72800000
1733332188646 22220.0 72843264
1733332236523 22230.0 72876032
1733332282942 22240.0 72908800
1733332328826 22250.0 72941568
1733332370568 22260.0 72960000
1733332435076 22270.0 73007104
1733332482234 22280.0 73039872
1733332530020 22290.0 73072640
1733332576390 22300.0 73105408
1733332619382 22310.0 73120000
1733332677441 22320.0 73170944
1733332726108 22330.0 73203712
1733332780661 22340.0 73236480
1733332838123 22350.0 73269248
1733332885763 22360.0 73280000
1733332949276 22370.0 73334784
1733333000250 22380.0 73367552
1733333054289 22390.0 73400320
1733333110144 22400.0 73433088
1733333150914 22410.0 73440000
1733333221364 22420.0 73498624
1733333275367 22430.0 73531392
1733333327719 22440.0 73564160
1733333377388 22450.0 73596928
1733333414446 22460.0 73600000
1733333484909 22470.0 73662464
1733333535700 22480.0 73695232
1733333589136 22490.0 73728000
1733333642095 22500.0 73760000
1733333697088 22510.0 73793536
1733333751631 22520.0 73826304
1733333818631 22530.0 73859072
1733333873695 22540.0 73891840
1733333927225 22550.0 73920000
1733333981101 22560.0 73957376
1733334034912 22570.0 73990144
1733334092555 22580.0 74022912
1733334142429 22590.0 74055680
1733334199673 22600.0 74080000
1733334255881 22610.0 74121216
1733334308307 22620.0 74153984
1733334359860 22630.0 74186752
1733334409465 22640.0 74219520
1733334455602 22650.0 74240000
1733334512699 22660.0 74285056
1733334563305 22670.0 74317824
1733334613403 22680.0 74350592
1733334666845 22690.0 74383360
1733334712563 22700.0 74400000
1733334782729 22710.0 74448896
1733334836195 22720.0 74481664
1733334893732 22730.0 74514432
1733334954911 22740.0 74547200
1733335009088 22750.0 74560000
1733335095818 22760.0 74612736
1733335176328 22770.0 74645504
1733335234675 22780.0 74678272
1733335286590 22790.0 74711040
1733335328697 22800.0 74720000
1733335394506 22810.0 74776576
1733335444481 22820.0 74809344
1733335497180 22830.0 74842112
1733335548365 22840.0 74874880
1733335596540 22850.0 74880000
1733335659191 22860.0 74940416
1733335706702 22870.0 74973184
1733335756920 22880.0 75005952
1733335804087 22890.0 75038720
1733335840873 22900.0 75040000
1733335916271 22910.0 75104256
1733335965280 22920.0 75137024
1733336016685 22930.0 75169792
1733336066012 22940.0 75200000
1733336119962 22950.0 75235328
1733336168580 22960.0 75268096
1733336215327 22970.0 75300864
1733336262405 22980.0 75333632
1733336308809 22990.0 75360000
1733336358620 23000.0 75399168
1733336405850 23010.0 75431936
1733336453179 23020.0 75464704
1733336500651 23030.0 75497472
1733336554078 23040.0 75520000
1733336606185 23050.0 75563008
1733336653606 23060.0 75595776
1733336699922 23070.0 75628544
1733336746432 23080.0 75661312
1733336791943 23090.0 75680000
1733336845885 23100.0 75726848
1733336893413 23110.0 75759616
1733336941062 23120.0 75792384
1733336988351 23130.0 75825152
1733337029517 23140.0 75840000
1733337092953 23150.0 75890688
1733337149752 23160.0 75923456
1733337207518 23170.0 75956224
1733337254738 23180.0 75988992
1733337294034 23190.0 76000000
1733337353368 23200.0 76054528
1733337402135 23210.0 76087296
1733337449750 23220.0 76120064
1733337497516 23230.0 76152832
1733337535617 23240.0 76160000
1733337596980 23250.0 76218368
1733337642996 23260.0 76251136
1733337691701 23270.0 76283904
1733337739669 23280.0 76316672
1733337776876 23290.0 76320000
1733337840174 23300.0 76382208
1733337888250 23310.0 76414976
1733337948554 23320.0 76447744
1733337997967 23330.0 76480000
1733338045726 23340.0 76513280
1733338096378 23350.0 76546048
1733338144387 23360.0 76578816
1733338205607 23370.0 76611584
1733338257591 23380.0 76640000
1733338305936 23390.0 76677120
1733338358993 23400.0 76709888
1733338406273 23410.0 76742656
1733338454694 23420.0 76775424
1733338501020 23430.0 76800000
1733338550861 23440.0 76840960
1733338596946 23450.0 76873728
1733338643084 23460.0 76906496
1733338690745 23470.0 76939264
1733338734161 23480.0 76960000
1733338786037 23490.0 77004800
1733338836031 23500.0 77037568
1733338886825 23510.0 77070336
1733338935447 23520.0 77103104
1733338981369 23530.0 77120000
1733339038873 23540.0 77168640
1733339086509 23550.0 77201408
1733339134021 23560.0 77234176
1733339180143 23570.0 77266944
1733339221506 23580.0 77280000
1733339278557 23590.0 77332480
1733339340629 23600.0 77365248
1733339390981 23610.0 77398016
1733339440619 23620.0 77430784
1733339481476 23630.0 77440000
1733339544345 23640.0 77496320
1733339595759 23650.0 77529088
1733339645316 23660.0 77561856
1733339696207 23670.0 77594624
1733339731770 23680.0 77600000
1733339799041 23690.0 77660160
1733339849884 23700.0 77692928
1733339897446 23710.0 77725696
1733339944614 23720.0 77758464
1733339990760 23730.0 77760000
1733340053366 23740.0 77824000
1733340099553 23750.0 77856768
1733340145871 23760.0 77889536
1733340200741 23770.0 77920000
1733340250091 23780.0 77955072
1733340306031 23790.0 77987840
1733340363414 23800.0 78020608
1733340411908 23810.0 78053376
1733340456335 23820.0 78080000
1733340508606 23830.0 78118912
1733340557850 23840.0 78151680
1733340603725 23850.0 78184448
1733340649895 23860.0 78217216
1733340694365 23870.0 78240000
1733340745372 23880.0 78282752
1733340791686 23890.0 78315520
1733340840046 23900.0 78348288
1733340892549 23910.0 78381056
1733340934867 23920.0 78400000
1733340991363 23930.0 78446592
1733341042223 23940.0 78479360
1733341087874 23950.0 78512128
1733341154043 23960.0 78544896
1733341195557 23970.0 78560000
1733341250324 23980.0 78610432
1733341298085 23990.0 78643200
1733341348089 24000.0 78675968
1733341397180 24010.0 78708736
1733341435642 24020.0 78720000
1733341492273 24030.0 78774272
1733341539395 24040.0 78807040
1733341588355 24050.0 78839808
1733341635721 24060.0 78872576
1733341673231 24070.0 78880000
1733341734764 24080.0 78938112
1733341781459 24090.0 78970880
1733341827380 24100.0 79003648
1733341877393 24110.0 79036416
1733341912108 24120.0 79040000
1733341975805 24130.0 79101952
1733342022388 24140.0 79134720
1733342068364 24150.0 79167488
1733342119773 24160.0 79200000
1733342173267 24170.0 79233024
1733342220988 24180.0 79265792
1733342268513 24190.0 79298560
1733342316521 24200.0 79331328
1733342365005 24210.0 79360000
1733342413199 24220.0 79396864
1733342471876 24230.0 79429632
1733342518326 24240.0 79462400
1733342567173 24250.0 79495168
1733342611919 24260.0 79520000
1733342661672 24270.0 79560704
1733342708180 24280.0 79593472
1733342757246 24290.0 79626240
1733342806873 24300.0 79659008
1733342858616 24310.0 79680000
1733342910786 24320.0 79724544
1733342960510 24330.0 79757312
1733343010072 24340.0 79790080
1733343061694 24350.0 79822848
1733343105416 24360.0 79840000
1733343159400 24370.0 79888384
1733343205845 24380.0 79921152
1733343252091 24390.0 79953920
1733343298878 24400.0 79986688
1733343338075 24410.0 80000000
1733343394857 24420.0 80052224
1733343442588 24430.0 80084992
1733343489176 24440.0 80117760
1733343539194 24450.0 80150528
1733343577108 24460.0 80160000
1733343636452 24470.0 80216064
1733343682852 24480.0 80248832
1733343731086 24490.0 80281600
1733343777273 24500.0 80314368
1733343815109 24510.0 80320000
1733343874856 24520.0 80379904
1733343921042 24530.0 80412672
1733343968649 24540.0 80445440
1733344015639 24550.0 80478208
1733344050910 24560.0 80480000
1733344111898 24570.0 80543744
1733344157925 24580.0 80576512
1733344205625 24590.0 80609280
1733344253572 24600.0 80640000
1733344300849 24610.0 80674816
1733344348552 24620.0 80707584
1733344400504 24630.0 80740352
1733344451446 24640.0 80773120
1733344500448 24650.0 80800000
1733344549775 24660.0 80838656
1733344595850 24670.0 80871424
1733344643205 24680.0 80904192
1733344689624 24690.0 80936960
1733344736502 24700.0 80960000
1733344790265 24710.0 81002496
1733344839407 24720.0 81035264
1733344889865 24730.0 81068032
1733344938421 24740.0 81100800
1733344981154 24750.0 81120000
1733345034244 24760.0 81166336
1733345085423 24770.0 81199104
1733345131600 24780.0 81231872
1733345181070 24790.0 81264640
1733345222333 24800.0 81280000
1733345285172 24810.0 81330176
1733345334448 24820.0 81362944
1733345380609 24830.0 81395712
1733345428776 24840.0 81428480
1733345470743 24850.0 81440000
1733345527323 24860.0 81494016
1733345575526 24870.0 81526784
1733345622663 24880.0 81559552
1733345672146 24890.0 81592320
1733345708794 24900.0 81600000
1733345767790 24910.0 81657856
1733345815737 24920.0 81690624
1733345865247 24930.0 81723392
1733345914723 24940.0 81756160
1733345951405 24950.0 81760000
1733346012155 24960.0 81821696
1733346061741 24970.0 81854464
1733346110223 24980.0 81887232
1733346164804 24990.0 81920000
1733346212327 25000.0 81952768
1733346259929 25010.0 81985536
1733346306373 25020.0 82018304
1733346358241 25030.0 82051072
1733346417402 25040.0 82080000
1733346466037 25050.0 82116608
1733346527767 25060.0 82149376
1733346586264 25070.0 82182144
1733346645652 25080.0 82214912
1733346691091 25090.0 82240000
1733346741452 25100.0 82280448
1733346788822 25110.0 82313216
1733346835850 25120.0 82345984
1733346882729 25130.0 82378752
1733346925971 25140.0 82400000
1733346977874 25150.0 82444288
1733347028990 25160.0 82477056
1733347076066 25170.0 82509824
1733347123137 25180.0 82542592
1733347170416 25190.0 82560000
1733347225300 25200.0 82608128
1733347276121 25210.0 82640896
1733347323767 25220.0 82673664
1733347374937 25230.0 82706432
1733347415613 25240.0 82720000
1733347471336 25250.0 82771968
1733347517802 25260.0 82804736
1733347565519 25270.0 82837504
1733347614564 25280.0 82870272
1733347655236 25290.0 82880000
1733347713990 25300.0 82935808
1733347762202 25310.0 82968576
1733347812542 25320.0 83001344
1733347859540 25330.0 83034112
1733347900444 25340.0 83040000
1733347963033 25350.0 83099648
1733348015125 25360.0 83132416
1733348064707 25370.0 83165184
1733348124593 25380.0 83197952
1733348171381 25390.0 83200000
1733348234356 25400.0 83263488
1733348281546 25410.0 83296256
1733348328468 25420.0 83329024
1733348378012 25430.0 83360000
1733348426067 25440.0 83394560
1733348475915 25450.0 83427328
1733348522704 25460.0 83460096
1733348571386 25470.0 83492864
1733348618552 25480.0 83520000
1733348670920 25490.0 83558400
1733348732816 25500.0 83591168
1733348786533 25510.0 83623936
1733348833711 25520.0 83656704
1733348880581 25530.0 83680000
1733348933445 25540.0 83722240
1733348981952 25550.0 83755008
1733349031556 25560.0 83787776
1733349080844 25570.0 83820544
1733349124613 25580.0 83840000
1733349183769 25590.0 83886080
1733349234957 25600.0 83918848
1733349285569 25610.0 83951616
1733349335859 25620.0 83984384
1733349376577 25630.0 84000000
1733349431219 25640.0 84049920
1733349480569 25650.0 84082688
1733349527200 25660.0 84115456
1733349573623 25670.0 84148224
1733349614765 25680.0 84160000
1733349671222 25690.0 84213760
1733349720230 25700.0 84246528
1733349768848 25710.0 84279296
1733349823110 25720.0 84312064
1733349860067 25730.0 84320000
1733349927140 25740.0 84377600
1733349975281 25750.0 84410368
1733350021646 25760.0 84443136
1733350068037 25770.0 84475904
1733350102818 25780.0 84480000
1733350163567 25790.0 84541440
1733350210036 25800.0 84574208
1733350269369 25810.0 84606976
1733350324744 25820.0 84639744
1733350366743 25830.0 84640000
1733350436671 25840.0 84705280
1733350499012 25850.0 84738048
1733350555693 25860.0 84770816
1733350609803 25870.0 84800000
1733350664528 25880.0 84836352
1733350715965 25890.0 84869120
1733350771063 25900.0 84901888
1733350822397 25910.0 84934656
1733350874196 25920.0 84960000
1733350931567 25930.0 85000192
1733350983021 25940.0 85032960
1733351041854 25950.0 85065728
1733351114140 25960.0 85098496
1733351163067 25970.0 85120000
1733351232822 25980.0 85164032
1733351293605 25990.0 85196800
1733351346797 26000.0 85229568
1733351403733 26010.0 85262336
1733351449703 26020.0 85280000
1733351506586 26030.0 85327872
1733351561672 26040.0 85360640
1733351616145 26050.0 85393408
1733351667800 26060.0 85426176
1733351738987 26070.0 85440000
1733351851237 26080.0 85491712
1733351915381 26090.0 85524480
1733351964649 26100.0 85557248
1733352012810 26110.0 85590016
1733352053924 26120.0 85600000
1733352117412 26130.0 85655552
1733352167957 26140.0 85688320
1733352218867 26150.0 85721088
1733352280327 26160.0 85753856
1733352318586 26170.0 85760000
1733352385084 26180.0 85819392
1733352445977 26190.0 85852160
1733352503161 26200.0 85884928
1733352560014 26210.0 85917696
1733352596692 26220.0 85920000
1733352668021 26230.0 85983232
1733352719321 26240.0 86016000
1733352790604 26250.0 86048768
1733352870794 26260.0 86080000
1733352945626 26270.0 86114304
1733353025177 26280.0 86147072
1733353103235 26290.0 86179840
1733353164978 26300.0 86212608
1733353216707 26310.0 86240000
1733353276484 26320.0 86278144
1733353331196 26330.0 86310912
1733353391345 26340.0 86343680
1733353447499 26350.0 86376448
1733353505150 26360.0 86400000
1733353559053 26370.0 86441984
1733353605254 26380.0 86474752
1733353657272 26390.0 86507520
1733353716549 26400.0 86540288
1733353762916 26410.0 86560000
1733353824911 26420.0 86605824
1733353877481 26430.0 86638592
1733353938181 26440.0 86671360
1733353987881 26450.0 86704128
1733354032748 26460.0 86720000
1733354092066 26470.0 86769664
1733354142005 26480.0 86802432
1733354192559 26490.0 86835200
1733354241612 26500.0 86867968
1733354283711 26510.0 86880000
1733354344074 26520.0 86933504
1733354394389 26530.0 86966272
1733354444702 26540.0 86999040
1733354505290 26550.0 87031808
1733354547095 26560.0 87040000
1733354610999 26570.0 87097344
1733354663816 26580.0 87130112
1733354713225 26590.0 87162880
1733354763219 26600.0 87195648
1733354802270 26610.0 87200000
1733354866793 26620.0 87261184
1733354925392 26630.0 87293952
1733354985573 26640.0 87326720
1733355034750 26650.0 87359488
1733355080393 26660.0 87360000
1733355146803 26670.0 87425024
1733355197025 26680.0 87457792
1733355246431 26690.0 87490560
1733355298079 26700.0 87520000
1733355348727 26710.0 87556096
1733355408570 26720.0 87588864
1733355457825 26730.0 87621632
1733355517154 26740.0 87654400
1733355564896 26750.0 87680000
1733355617102 26760.0 87719936
1733355671483 26770.0 87752704
1733355722985 26780.0 87785472
1733355782913 26790.0 87818240
1733355831515 26800.0 87840000
1733355889509 26810.0 87883776
1733355941533 26820.0 87916544
1733355993719 26830.0 87949312
1733356049351 26840.0 87982080
1733356098167 26850.0 88000000
1733356154998 26860.0 88047616
1733356203937 26870.0 88080384
1733356257978 26880.0 88113152
1733356322743 26890.0 88145920
1733356382947 26900.0 88160000
1733356477409 26910.0 88211456
1733356557661 26920.0 88244224
1733356629065 26930.0 88276992
1733356684001 26940.0 88309760
1733356734572 26950.0 88320000
1733356803660 26960.0 88375296
1733356861162 26970.0 88408064
1733356912445 26980.0 88440832
1733356968638 26990.0 88473600
1733357007599 27000.0 88480000
1733357075562 27010.0 88539136
1733357131270 27020.0 88571904
1733357181855 27030.0 88604672
1733357231698 27040.0 88637440
1733357268888 27050.0 88640000
1733357334722 27060.0 88702976
1733357394637 27070.0 88735744
1733357443989 27080.0 88768512
1733357495644 27090.0 88800000
1733357556104 27100.0 88834048
1733357605851 27110.0 88866816
1733357655088 27120.0 88899584
1733357705335 27130.0 88932352
1733357755146 27140.0 88960000
1733357807572 27150.0 88997888
1733357866916 27160.0 89030656
1733357916274 27170.0 89063424
1733357966994 27180.0 89096192
1733358025052 27190.0 89120000
1733358089782 27200.0 89161728
1733358149793 27210.0 89194496
1733358200101 27220.0 89227264
1733358250497 27230.0 89260032
1733358294402 27240.0 89280000
1733358350696 27250.0 89325568
1733358402294 27260.0 89358336
1733358451095 27270.0 89391104
1733358501544 27280.0 89423872
1733358555976 27290.0 89440000
1733358615694 27300.0 89489408
1733358666437 27310.0 89522176
1733358717798 27320.0 89554944
1733358778729 27330.0 89587712
1733358821442 27340.0 89600000
1733358883246 27350.0 89653248
1733358934135 27360.0 89686016
1733358985397 27370.0 89718784
1733359035340 27380.0 89751552
1733359075262 27390.0 89760000
1733359148661 27400.0 89817088
1733359199836 27410.0 89849856
1733359253571 27420.0 89882624
1733359314535 27430.0 89915392
1733359353049 27440.0 89920000
1733359427787 27450.0 89980928
1733359477970 27460.0 90013696
1733359528879 27470.0 90046464
1733359577870 27480.0 90079232
1733359614168 27490.0 90080000
1733359680380 27500.0 90144768
1733359729347 27510.0 90177536
1733359781681 27520.0 90210304
1733359834760 27530.0 90240000
1733359889704 27540.0 90275840
1733359941734 27550.0 90308608
1733360003481 27560.0 90341376
1733360055955 27570.0 90374144
1733360107317 27580.0 90400000
1733360173071 27590.0 90439680
1733360224288 27600.0 90472448
1733360277550 27610.0 90505216
1733360330919 27620.0 90537984
1733360378576 27630.0 90560000
1733360439008 27640.0 90603520
1733360500726 27650.0 90636288
1733360552334 27660.0 90669056
1733360614182 27670.0 90701824
1733360663099 27680.0 90720000
1733360722992 27690.0 90767360
1733360775389 27700.0 90800128
1733360827192 27710.0 90832896
1733360888046 27720.0 90865664
1733360932088 27730.0 90880000
1733360991863 27740.0 90931200
1733361041156 27750.0 90963968
1733361091840 27760.0 90996736
1733361143161 27770.0 91029504
1733361187856 27780.0 91040000
1733361256687 27790.0 91095040
1733361308898 27800.0 91127808
1733361362627 27810.0 91160576
1733361423442 27820.0 91193344
1733361465036 27830.0 91200000
1733361543325 27840.0 91258880
1733361596872 27850.0 91291648
1733361650900 27860.0 91324416
1733361706010 27870.0 91357184
1733361743091 27880.0 91360000
1733361822444 27890.0 91422720
1733361874168 27900.0 91455488
1733361924048 27910.0 91488256
1733361988092 27920.0 91520000
1733362040132 27930.0 91553792
1733362092294 27940.0 91586560
1733362143233 27950.0 91619328
1733362194013 27960.0 91652096
1733362244717 27970.0 91680000
1733362299495 27980.0 91717632
1733362356478 27990.0 91750400
1733362413310 28000.0 91783168
1733362469820 28010.0 91815936
1733362530508 28020.0 91840000
