1733223216317 1.0 32768
1733223242262 2.0 65536
1733223268862 3.0 98304
1733223296039 4.0 131072
1733223326538 5.0 163840
1733223353072 6.0 196608
1733223380444 7.0 229376
1733223406954 8.0 262144
1733223433778 9.0 294912
1733223462574 10.0 327680
1733223488917 11.0 360448
1733223515985 12.0 393216
1733223543649 13.0 425984
1733223569717 14.0 458752
1733223598036 15.0 491520
1733223623737 16.0 524288
1733223649807 17.0 557056
1733223676364 18.0 589824
1733223702723 19.0 622592
1733223732198 20.0 655360
1733223758158 21.0 688128
1733223784275 22.0 720896
1733223810050 23.0 753664
1733223835993 24.0 786432
1733223865285 25.0 819200
1733223891152 26.0 851968
1733223917379 27.0 884736
1733223943456 28.0 917504
1733223969664 29.0 950272
1733223998656 30.0 983040
1733224024832 31.0 1015808
1733224051241 32.0 1048576
1733224077161 33.0 1081344
1733224103097 34.0 1114112
1733224131527 35.0 1146880
1733224157061 36.0 1179648
1733224182864 37.0 1212416
1733224209311 38.0 1245184
1733224235470 39.0 1277952
1733224264598 40.0 1310720
1733224290599 41.0 1343488
1733224317016 42.0 1376256
1733224342968 43.0 1409024
1733224372384 44.0 1441792
1733224398244 45.0 1474560
1733224424035 46.0 1507328
1733224450252 47.0 1540096
1733224476030 48.0 1572864
1733224505098 49.0 1605632
1733224531065 50.0 1638400
1733224557314 51.0 1671168
1733224583492 52.0 1703936
1733224609680 53.0 1736704
1733224638994 54.0 1769472
1733224665078 55.0 1802240
1733224691296 56.0 1835008
1733224717338 57.0 1867776
1733224743065 58.0 1900544
1733224771865 59.0 1933312
1733224798005 60.0 1966080
1733224824342 61.0 1998848
1733224850337 62.0 2031616
1733224876426 63.0 2064384
1733224905436 64.0 2097152
1733224930867 65.0 2129920
1733224956519 66.0 2162688
1733224982722 67.0 2195456
1733225008991 68.0 2228224
1733225037999 69.0 2260992
1733225063733 70.0 2293760
1733225090092 71.0 2326528
1733225116248 72.0 2359296
1733225142445 73.0 2392064
1733225171986 74.0 2424832
1733225197768 75.0 2457600
1733225224203 76.0 2490368
1733225249847 77.0 2523136
1733225275204 78.0 2555904
1733225304256 79.0 2588672
1733225330239 80.0 2621440
1733225357608 81.0 2654208
1733225383468 82.0 2686976
1733225409020 83.0 2719744
1733225438436 84.0 2752512
1733225464104 85.0 2785280
1733225489747 86.0 2818048
1733225514972 87.0 2850816
1733225543882 88.0 2883584
1733225569691 89.0 2916352
1733225596084 90.0 2949120
1733225622497 91.0 2981888
1733225649152 92.0 3014656
1733225678960 93.0 3047424
1733225705357 94.0 3080192
1733225731525 95.0 3112960
1733225758047 96.0 3145728
1733225784165 97.0 3178496
1733225813406 98.0 3211264
1733225839090 99.0 3244032
1733225865129 100.0 3276800
1733225890908 101.0 3309568
1733225917081 102.0 3342336
1733225945889 103.0 3375104
1733225971578 104.0 3407872
1733225997722 105.0 3440640
1733226023330 106.0 3473408
1733226048923 107.0 3506176
1733226077390 108.0 3538944
1733226102900 109.0 3571712
1733226128720 110.0 3604480
1733226154511 111.0 3637248
1733226180566 112.0 3670016
1733226210370 113.0 3702784
1733226235849 114.0 3735552
1733226261556 115.0 3768320
1733226287873 116.0 3801088
1733226313681 117.0 3833856
1733226342841 118.0 3866624
1733226368712 119.0 3899392
1733226394396 120.0 3932160
1733226420070 121.0 3964928
1733226446031 122.0 3997696
1733226475170 123.0 4030464
1733226501291 124.0 4063232
1733226527217 125.0 4096000
1733226553002 126.0 4128768
1733226581905 127.0 4161536
1733226607375 128.0 4194304
1733226633370 129.0 4227072
1733226659444 130.0 4259840
1733226685670 131.0 4292608
1733226715439 132.0 4325376
1733226741179 133.0 4358144
1733226767041 134.0 4390912
1733226793025 135.0 4423680
1733226819024 136.0 4456448
1733226849093 137.0 4489216
1733226874753 138.0 4521984
1733226900534 139.0 4554752
1733226926460 140.0 4587520
1733226952239 141.0 4620288
1733226981372 142.0 4653056
1733227007433 143.0 4685824
1733227033249 144.0 4718592
1733227059092 145.0 4751360
1733227085174 146.0 4784128
1733227113660 147.0 4816896
1733227139286 148.0 4849664
1733227165156 149.0 4882432
1733227191420 150.0 4915200
1733227217297 151.0 4947968
1733227246731 152.0 4980736
1733227273049 153.0 5013504
1733227299286 154.0 5046272
1733227325326 155.0 5079040
1733227351385 156.0 5111808
1733227380608 157.0 5144576
1733227406165 158.0 5177344
1733227432121 159.0 5210112
1733227458145 160.0 5242880
1733227483850 161.0 5275648
1733227512633 162.0 5308416
1733227538307 163.0 5341184
1733227564144 164.0 5373952
1733227590450 165.0 5406720
1733227616236 166.0 5439488
1733227645237 167.0 5472256
1733227670539 168.0 5505024
1733227696470 169.0 5537792
1733227722280 170.0 5570560
1733227751414 171.0 5603328
1733227777190 172.0 5636096
1733227803407 173.0 5668864
1733227829458 174.0 5701632
1733227855885 175.0 5734400
1733227885276 176.0 5767168
1733227911145 177.0 5799936
1733227936860 178.0 5832704
1733227963379 179.0 5865472
1733227989613 180.0 5898240
1733228018413 181.0 5931008
1733228043998 182.0 5963776
1733228069879 183.0 5996544
1733228095642 184.0 6029312
1733228121486 185.0 6062080
1733228150065 186.0 6094848
1733228175503 187.0 6127616
1733228201482 188.0 6160384
1733228227491 189.0 6193152
1733228253297 190.0 6225920
1733228282647 191.0 6258688
1733228308183 192.0 6291456
1733228333799 193.0 6324224
1733228359850 194.0 6356992
1733228385886 195.0 6389760
1733228415451 196.0 6422528
1733228441094 197.0 6455296
1733228467270 198.0 6488064
1733228493846 199.0 6520832
1733228519755 200.0 6553600
1733228548613 201.0 6586368
1733228574248 202.0 6619136
1733228599918 203.0 6651904
1733228625533 204.0 6684672
1733228651510 205.0 6717440
1733228680809 206.0 6750208
1733228706753 207.0 6782976
1733228732713 208.0 6815744
1733228758480 209.0 6848512
1733228786977 210.0 6881280
1733228812519 211.0 6914048
1733228838258 212.0 6946816
1733228863901 213.0 6979584
1733228889548 214.0 7012352
1733228918435 215.0 7045120
1733228944285 216.0 7077888
1733228970315 217.0 7110656
1733228996205 218.0 7143424
1733229021952 219.0 7176192
1733229051064 220.0 7208960
1733229076882 221.0 7241728
1733229103007 222.0 7274496
1733229128883 223.0 7307264
1733229155352 224.0 7340032
1733229185701 225.0 7372800
1733229211369 226.0 7405568
1733229236938 227.0 7438336
1733229262821 228.0 7471104
1733229288506 229.0 7503872
1733229317656 230.0 7536640
1733229343507 231.0 7569408
1733229370726 232.0 7602176
1733229396242 233.0 7634944
1733229422151 234.0 7667712
1733229450910 235.0 7700480
1733229476669 236.0 7733248
1733229502470 237.0 7766016
1733229528355 238.0 7798784
1733229554597 239.0 7831552
1733229585773 240.0 7864320
1733229612158 241.0 7897088
1733229638642 242.0 7929856
1733229664625 243.0 7962624
1733229690658 244.0 7995392
1733229719897 245.0 8028160
1733229745936 246.0 8060928
1733229772026 247.0 8093696
1733229798121 248.0 8126464
1733229824453 249.0 8159232
1733229853130 250.0 8192000
1733229878715 251.0 8224768
1733229905065 252.0 8257536
1733229930752 253.0 8290304
1733229959963 254.0 8323072
1733229985815 255.0 8355840
1733230011906 256.0 8388608
1733230038220 257.0 8421376
1733230064455 258.0 8454144
1733230093546 259.0 8486912
1733230119681 260.0 8519680
1733230146111 261.0 8552448
1733230172301 262.0 8585216
1733230199162 263.0 8617984
1733230229178 264.0 8650752
1733230254757 265.0 8683520
1733230281731 266.0 8716288
1733230309180 267.0 8749056
1733230336750 268.0 8781824
1733230367368 269.0 8814592
1733230393167 270.0 8847360
1733230420539 271.0 8880128
1733230447279 272.0 8912896
1733230474978 273.0 8945664
1733230505369 274.0 8978432
1733230531007 275.0 9011200
1733230557394 276.0 9043968
1733230583831 277.0 9076736
1733230610627 278.0 9109504
1733230641760 279.0 9142272
1733230668437 280.0 9175040
1733230694998 281.0 9207808
1733230722152 282.0 9240576
1733230748601 283.0 9273344
1733230778737 284.0 9306112
1733230804675 285.0 9338880
1733230831045 286.0 9371648
1733230857237 287.0 9404416
1733230883066 288.0 9437184
1733230913395 289.0 9469952
1733230938909 290.0 9502720
1733230964916 291.0 9535488
1733230991922 292.0 9568256
1733231021970 293.0 9601024
1733231047674 294.0 9633792
1733231073969 295.0 9666560
1733231100492 296.0 9699328
1733231126965 297.0 9732096
1733231157539 298.0 9764864
1733231184051 299.0 9797632
1733231210311 300.0 9830400
1733231237367 301.0 9863168
1733231263823 302.0 9895936
1733231293986 303.0 9928704
1733231320181 304.0 9961472
1733231346799 305.0 9994240
1733231372764 306.0 10027008
1733231399243 307.0 10059776
1733231430600 308.0 10092544
1733231456437 309.0 10125312
1733231482950 310.0 10158080
1733231509692 311.0 10190848
1733231535687 312.0 10223616
1733231566032 313.0 10256384
1733231591790 314.0 10289152
1733231618561 315.0 10321920
1733231644787 316.0 10354688
1733231671473 317.0 10387456
1733231702169 318.0 10420224
1733231728708 319.0 10452992
1733231755277 320.0 10485760
1733231781387 321.0 10518528
1733231807929 322.0 10551296
1733231839286 323.0 10584064
1733231865492 324.0 10616832
1733231892259 325.0 10649600
1733231919285 326.0 10682368
1733231945094 327.0 10715136
1733231974879 328.0 10747904
1733232000772 329.0 10780672
1733232027029 330.0 10813440
1733232052962 331.0 10846208
1733232078565 332.0 10878976
1733232107940 333.0 10911744
1733232133438 334.0 10944512
1733232158975 335.0 10977280
1733232184776 336.0 11010048
1733232215683 337.0 11042816
1733232241441 338.0 11075584
1733232267475 339.0 11108352
1733232293999 340.0 11141120
1733232320351 341.0 11173888
1733232349618 342.0 11206656
1733232375710 343.0 11239424
1733232401719 344.0 11272192
1733232428394 345.0 11304960
1733232454572 346.0 11337728
1733232483686 347.0 11370496
1733232509470 348.0 11403264
1733232535038 349.0 11436032
1733232560963 350.0 11468800
1733232586830 351.0 11501568
1733232616097 352.0 11534336
1733232641748 353.0 11567104
1733232669398 354.0 11599872
1733232695598 355.0 11632640
1733232721106 356.0 11665408
1733232749624 357.0 11698176
1733232774866 358.0 11730944
1733232801099 359.0 11763712
1733232827034 360.0 11796480
1733232853034 361.0 11829248
1733232882326 362.0 11862016
1733232908201 363.0 11894784
1733232934635 364.0 11927552
1733232960650 365.0 11960320
1733232987294 366.0 11993088
1733233016006 367.0 12025856
1733233041678 368.0 12058624
1733233067553 369.0 12091392
1733233093288 370.0 12124160
1733233118864 371.0 12156928
1733233148096 372.0 12189696
1733233173791 373.0 12222464
1733233200307 374.0 12255232
1733233225866 375.0 12288000
1733233254732 376.0 12320768
1733233280174 377.0 12353536
1733233306117 378.0 12386304
1733233332009 379.0 12419072
1733233358068 380.0 12451840
1733233389246 381.0 12484608
1733233415459 382.0 12517376
1733233441918 383.0 12550144
1733233468060 384.0 12582912
1733233493894 385.0 12615680
1733233522869 386.0 12648448
1733233548669 387.0 12681216
1733233574403 388.0 12713984
1733233600254 389.0 12746752
1733233626580 390.0 12779520
1733233656178 391.0 12812288
1733233681814 392.0 12845056
1733233708222 393.0 12877824
1733233735306 394.0 12910592
1733233761315 395.0 12943360
1733233790807 396.0 12976128
1733233816474 397.0 13008896
1733233842808 398.0 13041664
1733233869101 399.0 13074432
1733233895209 400.0 13107200
1733233924491 401.0 13139968
1733233950745 402.0 13172736
1733233977419 403.0 13205504
1733234003786 404.0 13238272
1733234030311 405.0 13271040
1733234059714 406.0 13303808
1733234085819 407.0 13336576
1733234111947 408.0 13369344
1733234138283 409.0 13402112
1733234164519 410.0 13434880
1733234193930 411.0 13467648
1733234219220 412.0 13500416
1733234244814 413.0 13533184
1733234270661 414.0 13565952
1733234296731 415.0 13598720
1733234326712 416.0 13631488
1733234352945 417.0 13664256
1733234379297 418.0 13697024
1733234405036 419.0 13729792
1733234434234 420.0 13762560
1733234459844 421.0 13795328
1733234485738 422.0 13828096
1733234512448 423.0 13860864
1733234538157 424.0 13893632
1733234567365 425.0 13926400
1733234593175 426.0 13959168
1733234618959 427.0 13991936
1733234644610 428.0 14024704
1733234670795 429.0 14057472
1733234699439 430.0 14090240
1733234725153 431.0 14123008
1733234751272 432.0 14155776
1733234777031 433.0 14188544
1733234803274 434.0 14221312
1733234832163 435.0 14254080
1733234857746 436.0 14286848
1733234884159 437.0 14319616
1733234909969 438.0 14352384
1733234935562 439.0 14385152
1733234964521 440.0 14417920
1733234990031 441.0 14450688
1733235015805 442.0 14483456
1733235041972 443.0 14516224
1733235068240 444.0 14548992
1733235100087 445.0 14581760
1733235126382 446.0 14614528
1733235152468 447.0 14647296
1733235178884 448.0 14680064
1733235205137 449.0 14712832
1733235236237 450.0 14745600
1733235262197 451.0 14778368
1733235288283 452.0 14811136
1733235314627 453.0 14843904
1733235340632 454.0 14876672
1733235369841 455.0 14909440
1733235395876 456.0 14942208
1733235422685 457.0 14974976
1733235448253 458.0 15007744
1733235476720 459.0 15040512
1733235502370 460.0 15073280
1733235528385 461.0 15106048
1733235554419 462.0 15138816
1733235580293 463.0 15171584
1733235609541 464.0 15204352
1733235635234 465.0 15237120
1733235662034 466.0 15269888
1733235687665 467.0 15302656
1733235713645 468.0 15335424
1733235743730 469.0 15368192
1733235769504 470.0 15400960
1733235795609 471.0 15433728
1733235821419 472.0 15466496
1733235847412 473.0 15499264
1733235876234 474.0 15532032
1733235901784 475.0 15564800
1733235928197 476.0 15597568
1733235954270 477.0 15630336
1733235980104 478.0 15663104
1733236009221 479.0 15695872
1733236034879 480.0 15728640
1733236061214 481.0 15761408
1733236086927 482.0 15794176
1733236112604 483.0 15826944
1733236141637 484.0 15859712
1733236167568 485.0 15892480
1733236193456 486.0 15925248
1733236219699 487.0 15958016
1733236246300 488.0 15990784
1733236277754 489.0 16023552
1733236303788 490.0 16056320
1733236329556 491.0 16089088
1733236355418 492.0 16121856
1733236380869 493.0 16154624
1733236409678 494.0 16187392
1733236435234 495.0 16220160
1733236461138 496.0 16252928
1733236487165 497.0 16285696
1733236513390 498.0 16318464
1733236542524 499.0 16351232
1733236567991 500.0 16384000
1733236593807 501.0 16416768
1733236619583 502.0 16449536
1733236648492 503.0 16482304
1733236674318 504.0 16515072
1733236700227 505.0 16547840
1733236726272 506.0 16580608
1733236751548 507.0 16613376
1733236780256 508.0 16646144
1733236805800 509.0 16678912
1733236831992 510.0 16711680
1733236857726 511.0 16744448
1733236883444 512.0 16777216
1733236912372 513.0 16809984
1733236938070 514.0 16842752
1733236963822 515.0 16875520
1733236989889 516.0 16908288
1733237015982 517.0 16941056
1733237044582 518.0 16973824
1733237070576 519.0 17006592
1733237096725 520.0 17039360
1733237122414 521.0 17072128
1733237148563 522.0 17104896
1733237179405 523.0 17137664
1733237204845 524.0 17170432
1733237230654 525.0 17203200
1733237256547 526.0 17235968
1733237282248 527.0 17268736
1733237311120 528.0 17301504
1733237336901 529.0 17334272
1733237363069 530.0 17367040
1733237390777 531.0 17399808
1733237417952 532.0 17432576
1733237446978 533.0 17465344
1733237472461 534.0 17498112
1733237498129 535.0 17530880
1733237523756 536.0 17563648
1733237549365 537.0 17596416
1733237578761 538.0 17629184
1733237604099 539.0 17661952
1733237630221 540.0 17694720
1733237656159 541.0 17727488
1733237685881 542.0 17760256
1733237711391 543.0 17793024
1733237737923 544.0 17825792
1733237763777 545.0 17858560
1733237789390 546.0 17891328
1733237818999 547.0 17924096
1733237844744 548.0 17956864
1733237870774 549.0 17989632
1733237897168 550.0 18022400
1733237923777 551.0 18055168
1733237953036 552.0 18087936
1733237978967 553.0 18120704
1733238005063 554.0 18153472
1733238032855 555.0 18186240
1733238059129 556.0 18219008
1733238090340 557.0 18251776
1733238116334 558.0 18284544
1733238143606 559.0 18317312
1733238170559 560.0 18350080
1733238196233 561.0 18382848
1733238225477 562.0 18415616
1733238251068 563.0 18448384
1733238277278 564.0 18481152
1733238304430 565.0 18513920
1733238329865 566.0 18546688
1733238360695 567.0 18579456
1733238386687 568.0 18612224
1733238412714 569.0 18644992
1733238440008 570.0 18677760
1733238466735 571.0 18710528
1733238497856 572.0 18743296
1733238523837 573.0 18776064
1733238550420 574.0 18808832
1733238578179 575.0 18841600
1733238605476 576.0 18874368
1733238634476 577.0 18907136
1733238660252 578.0 18939904
1733238686136 579.0 18972672
1733238712454 580.0 19005440
1733238738390 581.0 19038208
1733238768081 582.0 19070976
1733238794127 583.0 19103744
1733238821598 584.0 19136512
1733238847669 585.0 19169280
1733238876607 586.0 19202048
1733238902205 587.0 19234816
1733238927922 588.0 19267584
1733238954110 589.0 19300352
1733238979908 590.0 19333120
1733239010848 591.0 19365888
1733239036729 592.0 19398656
1733239062581 593.0 19431424
1733239088270 594.0 19464192
1733239114174 595.0 19496960
1733239144938 596.0 19529728
1733239170911 597.0 19562496
1733239196479 598.0 19595264
1733239222452 599.0 19628032
1733239248650 600.0 19660800
1733239278419 601.0 19693568
1733239304012 602.0 19726336
1733239329996 603.0 19759104
1733239356122 604.0 19791872
1733239381979 605.0 19824640
1733239410904 606.0 19857408
1733239436733 607.0 19890176
1733239462684 608.0 19922944
1733239489202 609.0 19955712
1733239515460 610.0 19988480
1733239544452 611.0 20021248
1733239570354 612.0 20054016
1733239596362 613.0 20086784
1733239622861 614.0 20119552
1733239648864 615.0 20152320
1733239678574 616.0 20185088
1733239704637 617.0 20217856
1733239730870 618.0 20250624
1733239757000 619.0 20283392
1733239782925 620.0 20316160
1733239812301 621.0 20348928
1733239838803 622.0 20381696
1733239864712 623.0 20414464
1733239890506 624.0 20447232
1733239919880 625.0 20480000
1733239945447 626.0 20512768
1733239971398 627.0 20545536
1733239996924 628.0 20578304
1733240022542 629.0 20611072
1733240050776 630.0 20643840
1733240076517 631.0 20676608
1733240103009 632.0 20709376
1733240128729 633.0 20742144
1733240154705 634.0 20774912
1733240183639 635.0 20807680
1733240209206 636.0 20840448
1733240235204 637.0 20873216
1733240261317 638.0 20905984
1733240287659 639.0 20938752
1733240316752 640.0 20971520
1733240342794 641.0 21004288
1733240369178 642.0 21037056
1733240394879 643.0 21069824
1733240421033 644.0 21102592
1733240450797 645.0 21135360
1733240476681 646.0 21168128
1733240502332 647.0 21200896
1733240528041 648.0 21233664
1733240553801 649.0 21266432
1733240582677 650.0 21299200
1733240608511 651.0 21331968
1733240634669 652.0 21364736
1733240660821 653.0 21397504
1733240686863 654.0 21430272
1733240716238 655.0 21463040
1733240741624 656.0 21495808
1733240767274 657.0 21528576
1733240792935 658.0 21561344
1733240818852 659.0 21594112
1733240847329 660.0 21626880
1733240873019 661.0 21659648
1733240898763 662.0 21692416
1733240924215 663.0 21725184
1733240950286 664.0 21757952
1733240979600 665.0 21790720
1733241004950 666.0 21823488
1733241030600 667.0 21856256
1733241056702 668.0 21889024
1733241084978 669.0 21921792
1733241110850 670.0 21954560
1733241137155 671.0 21987328
1733241163519 672.0 22020096
1733241189649 673.0 22052864
1733241218996 674.0 22085632
1733241245044 675.0 22118400
1733241271431 676.0 22151168
1733241297428 677.0 22183936
1733241323404 678.0 22216704
1733241352592 679.0 22249472
1733241378293 680.0 22282240
1733241404547 681.0 22315008
1733241430604 682.0 22347776
1733241456474 683.0 22380544
1733241484950 684.0 22413312
1733241510059 685.0 22446080
1733241536390 686.0 22478848
1733241561991 687.0 22511616
1733241587675 688.0 22544384
1733241616105 689.0 22577152
1733241641789 690.0 22609920
1733241667928 691.0 22642688
1733241693891 692.0 22675456
1733241719238 693.0 22708224
1733241747934 694.0 22740992
1733241773249 695.0 22773760
1733241799090 696.0 22806528
1733241825655 697.0 22839296
1733241851797 698.0 22872064
1733241881042 699.0 22904832
1733241906610 700.0 22937600
1733241932420 701.0 22970368
1733241958696 702.0 23003136
1733241985301 703.0 23035904
1733242014963 704.0 23068672
1733242041314 705.0 23101440
1733242067148 706.0 23134208
1733242093388 707.0 23166976
1733242119009 708.0 23199744
1733242147967 709.0 23232512
1733242173607 710.0 23265280
1733242199436 711.0 23298048
1733242225891 712.0 23330816
1733242255312 713.0 23363584
1733242281077 714.0 23396352
1733242307339 715.0 23429120
1733242334004 716.0 23461888
1733242360349 717.0 23494656
1733242389424 718.0 23527424
1733242415165 719.0 23560192
1733242441117 720.0 23592960
1733242467219 721.0 23625728
1733242493018 722.0 23658496
1733242521920 723.0 23691264
1733242547487 724.0 23724032
1733242573089 725.0 23756800
1733242598515 726.0 23789568
1733242624099 727.0 23822336
1733242653231 728.0 23855104
1733242678875 729.0 23887872
1733242704742 730.0 23920640
1733242731346 731.0 23953408
1733242757319 732.0 23986176
1733242786186 733.0 24018944
1733242811819 734.0 24051712
1733242837597 735.0 24084480
1733242863582 736.0 24117248
1733242889574 737.0 24150016
1733242919249 738.0 24182784
1733242944900 739.0 24215552
1733242970444 740.0 24248320
1733242996352 741.0 24281088
1733243022445 742.0 24313856
1733243051912 743.0 24346624
1733243077879 744.0 24379392
1733243104030 745.0 24412160
1733243129998 746.0 24444928
1733243155833 747.0 24477696
1733243185283 748.0 24510464
1733243211009 749.0 24543232
1733243236952 750.0 24576000
1733243262910 751.0 24608768
1733243292595 752.0 24641536
1733243318235 753.0 24674304
1733243344633 754.0 24707072
1733243370639 755.0 24739840
1733243396286 756.0 24772608
1733243425199 757.0 24805376
1733243450459 758.0 24838144
1733243476234 759.0 24870912
1733243502186 760.0 24903680
1733243527987 761.0 24936448
1733243556262 762.0 24969216
1733243581730 763.0 25001984
1733243607649 764.0 25034752
1733243633811 765.0 25067520
1733243659506 766.0 25100288
1733243688076 767.0 25133056
1733243713517 768.0 25165824
1733243739320 769.0 25198592
1733243765554 770.0 25231360
1733243791137 771.0 25264128
1733243820672 772.0 25296896
1733243846582 773.0 25329664
1733243872516 774.0 25362432
1733243898400 775.0 25395200
1733243924626 776.0 25427968
1733243953327 777.0 25460736
1733243979119 778.0 25493504
1733244004962 779.0 25526272
1733244030590 780.0 25559040
1733244057003 781.0 25591808
1733244086761 782.0 25624576
1733244112199 783.0 25657344
1733244138866 784.0 25690112
1733244164926 785.0 25722880
1733244190835 786.0 25755648
1733244220472 787.0 25788416
1733244246695 788.0 25821184
1733244273670 789.0 25853952
1733244299426 790.0 25886720
1733244325086 791.0 25919488
1733244353764 792.0 25952256
1733244379012 793.0 25985024
1733244405053 794.0 26017792
1733244430772 795.0 26050560
1733244460002 796.0 26083328
1733244485736 797.0 26116096
1733244511533 798.0 26148864
1733244536976 799.0 26181632
1733244562403 800.0 26214400
1733244591112 801.0 26247168
1733244616503 802.0 26279936
1733244642334 803.0 26312704
1733244668246 804.0 26345472
1733244694686 805.0 26378240
1733244723708 806.0 26411008
1733244749408 807.0 26443776
1733244775492 808.0 26476544
1733244801709 809.0 26509312
1733244827905 810.0 26542080
1733244857535 811.0 26574848
1733244883158 812.0 26607616
1733244909046 813.0 26640384
1733244935064 814.0 26673152
1733244961314 815.0 26705920
1733244990278 816.0 26738688
1733245016897 817.0 26771456
1733245044438 818.0 26804224
1733245070417 819.0 26836992
1733245096101 820.0 26869760
1733245125577 821.0 26902528
1733245151338 822.0 26935296
1733245176876 823.0 26968064
1733245202663 824.0 27000832
1733245228231 825.0 27033600
1733245257185 826.0 27066368
1733245282980 827.0 27099136
1733245308212 828.0 27131904
1733245333993 829.0 27164672
1733245359444 830.0 27197440
1733245388086 831.0 27230208
1733245413669 832.0 27262976
1733245439471 833.0 27295744
1733245465847 834.0 27328512
1733245494397 835.0 27361280
1733245519973 836.0 27394048
1733245546000 837.0 27426816
1733245571526 838.0 27459584
1733245597640 839.0 27492352
1733245626726 840.0 27525120
1733245652461 841.0 27557888
1733245678740 842.0 27590656
1733245705988 843.0 27623424
1733245731922 844.0 27656192
1733245761014 845.0 27688960
1733245787056 846.0 27721728
1733245813074 847.0 27754496
1733245839075 848.0 27787264
1733245864852 849.0 27820032
1733245894210 850.0 27852800
1733245919702 851.0 27885568
1733245945462 852.0 27918336
1733245971147 853.0 27951104
1733245997014 854.0 27983872
1733246026115 855.0 28016640
1733246051856 856.0 28049408
1733246077401 857.0 28082176
1733246103428 858.0 28114944
1733246129516 859.0 28147712
1733246157961 860.0 28180480
1733246183370 861.0 28213248
1733246209064 862.0 28246016
1733246234859 863.0 28278784
1733246260643 864.0 28311552
1733246289291 865.0 28344320
1733246314459 866.0 28377088
1733246340160 867.0 28409856
1733246365893 868.0 28442624
1733246391479 869.0 28475392
1733246420605 870.0 28508160
1733246446256 871.0 28540928
1733246472415 872.0 28573696
1733246498153 873.0 28606464
1733246524115 874.0 28639232
1733246553352 875.0 28672000
1733246579260 876.0 28704768
1733246604942 877.0 28737536
1733246630996 878.0 28770304
1733246660079 879.0 28803072
1733246686306 880.0 28835840
1733246712737 881.0 28868608
1733246738892 882.0 28901376
1733246765022 883.0 28934144
1733246796000 884.0 28966912
1733246821982 885.0 28999680
1733246847599 886.0 29032448
1733246873995 887.0 29065216
1733246899921 888.0 29097984
1733246928687 889.0 29130752
1733246954231 890.0 29163520
1733246980348 891.0 29196288
1733247006220 892.0 29229056
1733247032113 893.0 29261824
1733247061145 894.0 29294592
1733247086643 895.0 29327360
1733247112125 896.0 29360128
1733247138125 897.0 29392896
1733247163822 898.0 29425664
1733247192560 899.0 29458432
1733247218116 900.0 29491200
1733247243887 901.0 29523968
1733247269368 902.0 29556736
1733247295360 903.0 29589504
1733247324718 904.0 29622272
1733247350299 905.0 29655040
1733247376275 906.0 29687808
1733247402325 907.0 29720576
1733247428639 908.0 29753344
1733247457585 909.0 29786112
1733247483194 910.0 29818880
1733247509263 911.0 29851648
1733247535168 912.0 29884416
1733247561406 913.0 29917184
1733247590881 914.0 29949952
1733247616720 915.0 29982720
1733247642524 916.0 30015488
1733247668807 917.0 30048256
1733247700290 918.0 30081024
1733247726381 919.0 30113792
1733247752241 920.0 30146560
1733247778436 921.0 30179328
1733247804701 922.0 30212096
1733247833854 923.0 30244864
1733247859678 924.0 30277632
1733247885967 925.0 30310400
1733247912318 926.0 30343168
1733247937913 927.0 30375936
1733247967115 928.0 30408704
1733247992660 929.0 30441472
1733248018656 930.0 30474240
1733248045189 931.0 30507008
1733248071220 932.0 30539776
1733248100637 933.0 30572544
1733248126358 934.0 30605312
1733248152089 935.0 30638080
1733248178631 936.0 30670848
1733248205065 937.0 30703616
1733248234941 938.0 30736384
1733248260741 939.0 30769152
1733248286532 940.0 30801920
1733248312825 941.0 30834688
1733248339091 942.0 30867456
1733248368328 943.0 30900224
1733248394266 944.0 30932992
1733248420415 945.0 30965760
1733248446564 946.0 30998528
1733248472698 947.0 31031296
1733248502007 948.0 31064064
1733248528088 949.0 31096832
1733248554837 950.0 31129600
1733248581203 951.0 31162368
1733248607829 952.0 31195136
1733248637727 953.0 31227904
1733248664169 954.0 31260672
1733248690311 955.0 31293440
1733248716347 956.0 31326208
1733248742290 957.0 31358976
1733248771258 958.0 31391744
1733248797150 959.0 31424512
1733248823827 960.0 31457280
1733248849881 961.0 31490048
1733248878993 962.0 31522816
1733248904181 963.0 31555584
1733248930099 964.0 31588352
1733248956096 965.0 31621120
1733248982139 966.0 31653888
1733249011956 967.0 31686656
1733249037828 968.0 31719424
1733249063998 969.0 31752192
1733249090058 970.0 31784960
1733249115977 971.0 31817728
1733249145800 972.0 31850496
1733249171860 973.0 31883264
1733249197809 974.0 31916032
1733249223589 975.0 31948800
1733249249489 976.0 31981568
1733249278650 977.0 32014336
1733249304788 978.0 32047104
1733249331043 979.0 32079872
1733249357290 980.0 32112640
1733249383243 981.0 32145408
1733249412359 982.0 32178176
1733249437912 983.0 32210944
1733249463646 984.0 32243712
1733249489572 985.0 32276480
1733249515615 986.0 32309248
1733249545146 987.0 32342016
1733249571191 988.0 32374784
1733249597356 989.0 32407552
1733249623328 990.0 32440320
1733249649400 991.0 32473088
1733249679226 992.0 32505856
1733249704642 993.0 32538624
1733249730791 994.0 32571392
1733249757635 995.0 32604160
1733249783677 996.0 32636928
1733249813115 997.0 32669696
1733249838444 998.0 32702464
1733249864654 999.0 32735232
1733249890489 1000.0 32768000
1733249919976 1001.0 32800768
1733249946130 1002.0 32833536
1733249972351 1003.0 32866304
1733249998541 1004.0 32899072
1733250024815 1005.0 32931840
1733250054264 1006.0 32964608
1733250080212 1007.0 32997376
1733250106352 1008.0 33030144
1733250133080 1009.0 33062912
1733250159229 1010.0 33095680
1733250188697 1011.0 33128448
1733250214429 1012.0 33161216
1733250240671 1013.0 33193984
1733250267197 1014.0 33226752
1733250293448 1015.0 33259520
1733250322602 1016.0 33292288
1733250348432 1017.0 33325056
1733250374442 1018.0 33357824
1733250400777 1019.0 33390592
1733250426551 1020.0 33423360
1733250455622 1021.0 33456128
1733250481312 1022.0 33488896
1733250507229 1023.0 33521664
1733250533476 1024.0 33554432
1733250559380 1025.0 33587200
