1733223216371 32768.0 32768
1733223242544 65536.0 65536
1733223268879 98304.0 98304
1733223296296 131072.0 131072
1733223325209 160000.0 160000
1733223326554 163840.0 163840
1733223353405 196608.0 196608
1733223380489 229376.0 229376
1733223407005 262144.0 262144
1733223433824 294912.0 294912
1733223460188 320000.0 320000
1733223462606 327680.0 327680
1733223488967 360448.0 360448
1733223516246 393216.0 393216
1733223543693 425984.0 425984
1733223569769 458752.0 458752
1733223594425 480000.0 480000
1733223598061 491520.0 491520
1733223623799 524288.0 524288
1733223649854 557056.0 557056
1733223676414 589824.0 589824
1733223702789 622592.0 622592
1733223727374 640000.0 640000
1733223732215 655360.0 655360
1733223758207 688128.0 688128
1733223784330 720896.0 720896
1733223810069 753664.0 753664
1733223836065 786432.0 786432
1733223859717 800000.0 800000
1733223865302 819200.0 819200
1733223891229 851968.0 851968
1733223917412 884736.0 884736
1733223943532 917504.0 917504
1733223969739 950272.0 950272
1733223992115 960000.0 960000
1733223998673 983040.0 983040
1733224024890 1015808.0 1015808
1733224051258 1048576.0 1048576
1733224077190 1081344.0 1081344
1733224103147 1114112.0 1114112
1733224123659 1120000.0 1120000
1733224131543 1146880.0 1146880
1733224157120 1179648.0 1179648
1733224182912 1212416.0 1212416
1733224209371 1245184.0 1245184
1733224235522 1277952.0 1277952
1733224255550 1280000.0 1280000
1733224264648 1310720.0 1310720
1733224290642 1343488.0 1343488
1733224317033 1376256.0 1376256
1733224343017 1409024.0 1409024
1733224371467 1440000.0 1440000
1733224372415 1441792.0 1441792
1733224398276 1474560.0 1474560
1733224424102 1507328.0 1507328
1733224450287 1540096.0 1540096
1733224476047 1572864.0 1572864
1733224503063 1600000.0 1600000
1733224505114 1605632.0 1605632
1733224531082 1638400.0 1638400
1733224557356 1671168.0 1671168
1733224583534 1703936.0 1703936
1733224609719 1736704.0 1736704
1733224635969 1760000.0 1760000
1733224639010 1769472.0 1769472
1733224665128 1802240.0 1802240
1733224691346 1835008.0 1835008
1733224717389 1867776.0 1867776
1733224743081 1900544.0 1900544
1733224768015 1920000.0 1920000
1733224771941 1933312.0 1933312
1733224798120 1966080.0 1966080
1733224824392 1998848.0 1998848
1733224850440 2031616.0 2031616
1733224876493 2064384.0 2064384
1733224900244 2080000.0 2080000
1733224905453 2097152.0 2097152
1733224930921 2129920.0 2129920
1733224956563 2162688.0 2162688
1733224982739 2195456.0 2195456
1733225009057 2228224.0 2228224
1733225031624 2240000.0 2240000
1733225038015 2260992.0 2260992
1733225063815 2293760.0 2293760
1733225090151 2326528.0 2326528
1733225116302 2359296.0 2359296
1733225142494 2392064.0 2392064
1733225164317 2400000.0 2400000
1733225172003 2424832.0 2424832
1733225197813 2457600.0 2457600
1733225224235 2490368.0 2490368
1733225249864 2523136.0 2523136
1733225275257 2555904.0 2555904
1733225295820 2560000.0 2560000
1733225304293 2588672.0 2588672
1733225330497 2621440.0 2621440
1733225357642 2654208.0 2654208
1733225383518 2686976.0 2686976
1733225409069 2719744.0 2719744
1733225428634 2720000.0 2720000
1733225438486 2752512.0 2752512
1733225464133 2785280.0 2785280
1733225489763 2818048.0 2818048
1733225515019 2850816.0 2850816
1733225542644 2880000.0 2880000
1733225543932 2883584.0 2883584
1733225569741 2916352.0 2916352
1733225596155 2949120.0 2949120
1733225622551 2981888.0 2981888
1733225649232 3014656.0 3014656
1733225676463 3040000.0 3040000
1733225678977 3047424.0 3047424
1733225705407 3080192.0 3080192
1733225731550 3112960.0 3112960
1733225758097 3145728.0 3145728
1733225784214 3178496.0 3178496
1733225809904 3200000.0 3200000
1733225813423 3211264.0 3211264
1733225839141 3244032.0 3244032
1733225865187 3276800.0 3276800
1733225890960 3309568.0 3309568
1733225917106 3342336.0 3342336
1733225941382 3360000.0 3360000
1733225945919 3375104.0 3375104
1733225971603 3407872.0 3407872
1733225997780 3440640.0 3440640
1733226023399 3473408.0 3473408
1733226048969 3506176.0 3506176
1733226071920 3520000.0 3520000
1733226077410 3538944.0 3538944
1733226102962 3571712.0 3571712
1733226128746 3604480.0 3604480
1733226154581 3637248.0 3637248
1733226180599 3670016.0 3670016
1733226203573 3680000.0 3680000
1733226210390 3702784.0 3702784
1733226235866 3735552.0 3735552
1733226261581 3768320.0 3768320
1733226287909 3801088.0 3801088
1733226313719 3833856.0 3833856
1733226335148 3840000.0 3840000
1733226342869 3866624.0 3866624
1733226368728 3899392.0 3899392
1733226394413 3932160.0 3932160
1733226420106 3964928.0 3964928
1733226446073 3997696.0 3997696
1733226466275 4000000.0 4000000
1733226475215 4030464.0 4030464
1733226501341 4063232.0 4063232
1733226527267 4096000.0 4096000
1733226553035 4128768.0 4128768
1733226581087 4160000.0 4160000
1733226581926 4161536.0 4161536
1733226607450 4194304.0 4194304
1733226633387 4227072.0 4227072
1733226659488 4259840.0 4259840
1733226685714 4292608.0 4292608
1733226712634 4320000.0 4320000
1733226715455 4325376.0 4325376
1733226741217 4358144.0 4358144
1733226767107 4390912.0 4390912
1733226793048 4423680.0 4423680
1733226819068 4456448.0 4456448
1733226845722 4480000.0 4480000
1733226849110 4489216.0 4489216
1733226874769 4521984.0 4521984
1733226900578 4554752.0 4554752
1733226926504 4587520.0 4587520
1733226952289 4620288.0 4620288
1733226977262 4640000.0 4640000
1733226981463 4653056.0 4653056
1733227007473 4685824.0 4685824
1733227033299 4718592.0 4718592
1733227059121 4751360.0 4751360
1733227085201 4784128.0 4784128
1733227108680 4800000.0 4800000
1733227113677 4816896.0 4816896
1733227139320 4849664.0 4849664
1733227165266 4882432.0 4882432
1733227191502 4915200.0 4915200
1733227217349 4947968.0 4947968
1733227240726 4960000.0 4960000
1733227246747 4980736.0 4980736
1733227273099 5013504.0 5013504
1733227299307 5046272.0 5046272
1733227325343 5079040.0 5079040
1733227351418 5111808.0 5111808
1733227373297 5120000.0 5120000
1733227380633 5144576.0 5144576
1733227406186 5177344.0 5177344
1733227432167 5210112.0 5210112
1733227458171 5242880.0 5242880
1733227483880 5275648.0 5275648
1733227504161 5280000.0 5280000
1733227512719 5308416.0 5308416
1733227538323 5341184.0 5341184
1733227564176 5373952.0 5373952
1733227590500 5406720.0 5406720
1733227616285 5439488.0 5439488
1733227635774 5440000.0 5440000
1733227645285 5472256.0 5472256
1733227670586 5505024.0 5505024
1733227696538 5537792.0 5537792
1733227722296 5570560.0 5570560
1733227750169 5600000.0 5600000
1733227751447 5603328.0 5603328
1733227777207 5636096.0 5636096
1733227803457 5668864.0 5668864
1733227829581 5701632.0 5701632
1733227855925 5734400.0 5734400
1733227882847 5760000.0 5760000
1733227885326 5767168.0 5767168
1733227911193 5799936.0 5799936
1733227936894 5832704.0 5832704
1733227963450 5865472.0 5865472
1733227989712 5898240.0 5898240
1733228015015 5920000.0 5920000
1733228018430 5931008.0 5931008
1733228044047 5963776.0 5963776
1733228069912 5996544.0 5996544
1733228095725 6029312.0 6029312
1733228121534 6062080.0 6062080
1733228145786 6080000.0 6080000
1733228150114 6094848.0 6094848
1733228175539 6127616.0 6127616
1733228201513 6160384.0 6160384
1733228227621 6193152.0 6193152
1733228253330 6225920.0 6225920
1733228276822 6240000.0 6240000
1733228282664 6258688.0 6258688
1733228308231 6291456.0 6291456
1733228333857 6324224.0 6324224
1733228359867 6356992.0 6356992
1733228385968 6389760.0 6389760
1733228408780 6400000.0 6400000
1733228415468 6422528.0 6422528
1733228441119 6455296.0 6455296
1733228467320 6488064.0 6488064
1733228493913 6520832.0 6520832
1733228519807 6553600.0 6553600
1733228540830 6560000.0 6560000
1733228548638 6586368.0 6586368
1733228574298 6619136.0 6619136
1733228599966 6651904.0 6651904
1733228625616 6684672.0 6684672
1733228651526 6717440.0 6717440
1733228671815 6720000.0 6720000
1733228680859 6750208.0 6750208
1733228706820 6782976.0 6782976
1733228732761 6815744.0 6815744
1733228758530 6848512.0 6848512
1733228786312 6880000.0 6880000
1733228786996 6881280.0 6881280
1733228812564 6914048.0 6914048
1733228838315 6946816.0 6946816
1733228863941 6979584.0 6979584
1733228889584 7012352.0 7012352
1733228916759 7040000.0 7040000
1733228918501 7045120.0 7045120
1733228944302 7077888.0 7077888
1733228970362 7110656.0 7110656
1733228996255 7143424.0 7143424
1733229022006 7176192.0 7176192
1733229048206 7200000.0 7200000
1733229051081 7208960.0 7208960
1733229076932 7241728.0 7241728
1733229103024 7274496.0 7274496
1733229128958 7307264.0 7307264
1733229155606 7340032.0 7340032
1733229181915 7360000.0 7360000
1733229185718 7372800.0 7372800
1733229211427 7405568.0 7405568
1733229236987 7438336.0 7438336
1733229262889 7471104.0 7471104
1733229288549 7503872.0 7503872
1733229312186 7520000.0 7520000
1733229317672 7536640.0 7536640
1733229343795 7569408.0 7569408
1733229370774 7602176.0 7602176
1733229396324 7634944.0 7634944
1733229422201 7667712.0 7667712
1733229444812 7680000.0 7680000
1733229450927 7700480.0 7700480
1733229476719 7733248.0 7733248
1733229502521 7766016.0 7766016
1733229528420 7798784.0 7798784
1733229554614 7831552.0 7831552
1733229576830 7840000.0 7840000
1733229586056 7864320.0 7864320
1733229612215 7897088.0 7897088
1733229638660 7929856.0 7929856
1733229664699 7962624.0 7962624
1733229690735 7995392.0 7995392
1733229711393 8000000.0 8000000
1733229720020 8028160.0 8028160
1733229745986 8060928.0 8060928
1733229772148 8093696.0 8093696
1733229798171 8126464.0 8126464
1733229824480 8159232.0 8159232
1733229843987 8160000.0 8160000
1733229853147 8192000.0 8192000
1733229878757 8224768.0 8224768
1733229905104 8257536.0 8257536
1733229930800 8290304.0 8290304
1733229958507 8320000.0 8320000
1733229960009 8323072.0 8323072
1733229985941 8355840.0 8355840
1733230012007 8388608.0 8388608
1733230038288 8421376.0 8421376
1733230064471 8454144.0 8454144
1733230091090 8480000.0 8480000
1733230093563 8486912.0 8486912
1733230119722 8519680.0 8519680
1733230146188 8552448.0 8552448
1733230172458 8585216.0 8585216
1733230199247 8617984.0 8617984
1733230225318 8640000.0 8640000
1733230229239 8650752.0 8650752
1733230254866 8683520.0 8683520
1733230282110 8716288.0 8716288
1733230309428 8749056.0 8749056
1733230336966 8781824.0 8781824
1733230362598 8800000.0 8800000
1733230367438 8814592.0 8814592
1733230393370 8847360.0 8847360
1733230420623 8880128.0 8880128
1733230447578 8912896.0 8912896
1733230475023 8945664.0 8945664
1733230498982 8960000.0 8960000
1733230505480 8978432.0 8978432
1733230531104 9011200.0 9011200
1733230557531 9043968.0 9043968
1733230583942 9076736.0 9076736
1733230610716 9109504.0 9109504
1733230633483 9120000.0 9120000
1733230642137 9142272.0 9142272
1733230668491 9175040.0 9175040
1733230695127 9207808.0 9207808
1733230722267 9240576.0 9240576
1733230748731 9273344.0 9273344
1733230770381 9280000.0 9280000
1733230778855 9306112.0 9306112
1733230804746 9338880.0 9338880
1733230831130 9371648.0 9371648
1733230857404 9404416.0 9404416
1733230883133 9437184.0 9437184
1733230903897 9440000.0 9440000
1733230913460 9469952.0 9469952
1733230939016 9502720.0 9502720
1733230965390 9535488.0 9535488
1733230992021 9568256.0 9568256
1733231020548 9600000.0 9600000
1733231022137 9601024.0 9601024
1733231047839 9633792.0 9633792
1733231074049 9666560.0 9666560
1733231100588 9699328.0 9699328
1733231127032 9732096.0 9732096
1733231155611 9760000.0 9760000
1733231157633 9764864.0 9764864
1733231184119 9797632.0 9797632
1733231210394 9830400.0 9830400
1733231237461 9863168.0 9863168
1733231263855 9895936.0 9895936
1733231290803 9920000.0 9920000
1733231294053 9928704.0 9928704
1733231320289 9961472.0 9961472
1733231346862 9994240.0 9994240
1733231372847 10027008.0 10027008
1733231399555 10059776.0 10059776
1733231426152 10080000.0 10080000
1733231430707 10092544.0 10092544
1733231456495 10125312.0 10125312
1733231483003 10158080.0 10158080
1733231509757 10190848.0 10190848
1733231535768 10223616.0 10223616
1733231560642 10240000.0 10240000
1733231566067 10256384.0 10256384
1733231591847 10289152.0 10289152
1733231618616 10321920.0 10321920
1733231644877 10354688.0 10354688
1733231671565 10387456.0 10387456
1733231695438 10400000.0 10400000
1733231702288 10420224.0 10420224
1733231728813 10452992.0 10452992
1733231755351 10485760.0 10485760
1733231781413 10518528.0 10518528
1733231808180 10551296.0 10551296
1733231832070 10560000.0 10560000
1733231839379 10584064.0 10584064
1733231865593 10616832.0 10616832
1733231892684 10649600.0 10649600
1733231919346 10682368.0 10682368
1733231945247 10715136.0 10715136
1733231966361 10720000.0 10720000
1733231974913 10747904.0 10747904
1733232000814 10780672.0 10780672
1733232027070 10813440.0 10813440
1733232052995 10846208.0 10846208
1733232078593 10878976.0 10878976
1733232098579 10880000.0 10880000
1733232107973 10911744.0 10911744
1733232133484 10944512.0 10944512
1733232159004 10977280.0 10977280
1733232185026 11010048.0 11010048
1733232214425 11040000.0 11040000
1733232215713 11042816.0 11042816
1733232241511 11075584.0 11075584
1733232267509 11108352.0 11108352
1733232294031 11141120.0 11141120
1733232320386 11173888.0 11173888
1733232347553 11200000.0 11200000
1733232349653 11206656.0 11206656
1733232375760 11239424.0 11239424
1733232401803 11272192.0 11272192
1733232428438 11304960.0 11304960
1733232454609 11337728.0 11337728
1733232480417 11360000.0 11360000
1733232483703 11370496.0 11370496
1733232509503 11403264.0 11403264
1733232535091 11436032.0 11436032
1733232561013 11468800.0 11468800
1733232586881 11501568.0 11501568
1733232611621 11520000.0 11520000
1733232616113 11534336.0 11534336
1733232642040 11567104.0 11567104
1733232669505 11599872.0 11599872
1733232695648 11632640.0 11632640
1733232721151 11665408.0 11665408
1733232744104 11680000.0 11680000
1733232749640 11698176.0 11698176
1733232774925 11730944.0 11730944
1733232801183 11763712.0 11763712
1733232827102 11796480.0 11796480
1733232853084 11829248.0 11829248
1733232875707 11840000.0 11840000
1733232882342 11862016.0 11862016
1733232908285 11894784.0 11894784
1733232934669 11927552.0 11927552
1733232960686 11960320.0 11960320
1733232987337 11993088.0 11993088
1733233008344 12000000.0 12000000
1733233016107 12025856.0 12025856
1733233041734 12058624.0 12058624
1733233067603 12091392.0 12091392
1733233093338 12124160.0 12124160
1733233118914 12156928.0 12156928
1733233139187 12160000.0 12160000
1733233148162 12189696.0 12189696
1733233173865 12222464.0 12222464
1733233200340 12255232.0 12255232
1733233225933 12288000.0 12288000
1733233254210 12320000.0 12320000
1733233254749 12320768.0 12320768
1733233280224 12353536.0 12353536
1733233306159 12386304.0 12386304
1733233332059 12419072.0 12419072
1733233358093 12451840.0 12451840
1733233386056 12480000.0 12480000
1733233389604 12484608.0 12484608
1733233415518 12517376.0 12517376
1733233441968 12550144.0 12550144
1733233468110 12582912.0 12582912
1733233493911 12615680.0 12615680
1733233520118 12640000.0 12640000
1733233522886 12648448.0 12648448
1733233548703 12681216.0 12681216
1733233574470 12713984.0 12713984
1733233600288 12746752.0 12746752
1733233626647 12779520.0 12779520
1733233652058 12800000.0 12800000
1733233656304 12812288.0 12812288
1733233681902 12845056.0 12845056
1733233708517 12877824.0 12877824
1733233735341 12910592.0 12910592
1733233761332 12943360.0 12943360
1733233785954 12960000.0 12960000
1733233790823 12976128.0 12976128
1733233816516 13008896.0 13008896
1733233842871 13041664.0 13041664
1733233869162 13074432.0 13074432
1733233895283 13107200.0 13107200
1733233918603 13120000.0 13120000
1733233924509 13139968.0 13139968
1733233950908 13172736.0 13172736
1733233977486 13205504.0 13205504
1733234003853 13238272.0 13238272
1733234030344 13271040.0 13271040
1733234052310 13280000.0 13280000
1733234059761 13303808.0 13303808
1733234085905 13336576.0 13336576
1733234112069 13369344.0 13369344
1733234138332 13402112.0 13402112
1733234164576 13434880.0 13434880
1733234185555 13440000.0 13440000
1733234193964 13467648.0 13467648
1733234219276 13500416.0 13500416
1733234244849 13533184.0 13533184
1733234270802 13565952.0 13565952
1733234296804 13598720.0 13598720
1733234317267 13600000.0 13600000
1733234326757 13631488.0 13631488
1733234353000 13664256.0 13664256
1733234379335 13697024.0 13697024
1733234405102 13729792.0 13729792
1733234433094 13760000.0 13760000
1733234434315 13762560.0 13762560
1733234459884 13795328.0 13795328
1733234485812 13828096.0 13828096
1733234512489 13860864.0 13860864
1733234538215 13893632.0 13893632
1733234565294 13920000.0 13920000
1733234567398 13926400.0 13926400
1733234593225 13959168.0 13959168
1733234619009 13991936.0 13991936
1733234644660 14024704.0 14024704
1733234670820 14057472.0 14057472
1733234696201 14080000.0 14080000
1733234699604 14090240.0 14090240
1733234725193 14123008.0 14123008
1733234751314 14155776.0 14155776
1733234777097 14188544.0 14188544
1733234803324 14221312.0 14221312
1733234827613 14240000.0 14240000
1733234832262 14254080.0 14254080
1733234857863 14286848.0 14286848
1733234884211 14319616.0 14319616
1733234910003 14352384.0 14352384
1733234935594 14385152.0 14385152
1733234959092 14400000.0 14400000
1733234964554 14417920.0 14417920
1733234990113 14450688.0 14450688
1733235015857 14483456.0 14483456
1733235042039 14516224.0 14516224
1733235068343 14548992.0 14548992
1733235091184 14560000.0 14560000
1733235100625 14581760.0 14581760
1733235126424 14614528.0 14614528
1733235152527 14647296.0 14647296
1733235178903 14680064.0 14680064
1733235205155 14712832.0 14712832
1733235226973 14720000.0 14720000
1733235236504 14745600.0 14745600
1733235262317 14778368.0 14778368
1733235288331 14811136.0 14811136
1733235314748 14843904.0 14843904
1733235340687 14876672.0 14876672
1733235361115 14880000.0 14880000
1733235370085 14909440.0 14909440
1733235395928 14942208.0 14942208
1733235422760 14974976.0 14974976
1733235448345 15007744.0 15007744
1733235476284 15040000.0 15040000
1733235476737 15040512.0 15040512
1733235502496 15073280.0 15073280
1733235528413 15106048.0 15106048
1733235554476 15138816.0 15138816
1733235580420 15171584.0 15171584
1733235608005 15200000.0 15200000
1733235609575 15204352.0 15204352
1733235635283 15237120.0 15237120
1733235662082 15269888.0 15269888
1733235687719 15302656.0 15302656
1733235713695 15335424.0 15335424
1733235740528 15360000.0 15360000
1733235743826 15368192.0 15368192
1733235769554 15400960.0 15400960
1733235795647 15433728.0 15433728
1733235821532 15466496.0 15466496
1733235847472 15499264.0 15499264
1733235872554 15520000.0 15520000
1733235876259 15532032.0 15532032
1733235901831 15564800.0 15564800
1733235928259 15597568.0 15597568
1733235954307 15630336.0 15630336
1733235980213 15663104.0 15663104
1733236004559 15680000.0 15680000
1733236009255 15695872.0 15695872
1733236034969 15728640.0 15728640
1733236061256 15761408.0 15761408
1733236086979 15794176.0 15794176
1733236112620 15826944.0 15826944
1733236135589 15840000.0 15840000
1733236141659 15859712.0 15859712
1733236167593 15892480.0 15892480
1733236193505 15925248.0 15925248
1733236219770 15958016.0 15958016
1733236246558 15990784.0 15990784
1733236270189 16000000.0 16000000
1733236277773 16023552.0 16023552
1733236303833 16056320.0 16056320
1733236329606 16089088.0 16089088
1733236355435 16121856.0 16121856
1733236380886 16154624.0 16154624
1733236401608 16160000.0 16160000
1733236409694 16187392.0 16187392
1733236435294 16220160.0 16220160
1733236461188 16252928.0 16252928
1733236487214 16285696.0 16285696
1733236513442 16318464.0 16318464
1733236533244 16320000.0 16320000
1733236542585 16351232.0 16351232
1733236568041 16384000.0 16384000
1733236593841 16416768.0 16416768
1733236619633 16449536.0 16449536
1733236647403 16480000.0 16480000
1733236648511 16482304.0 16482304
1733236674361 16515072.0 16515072
1733236700276 16547840.0 16547840
1733236726358 16580608.0 16580608
1733236751598 16613376.0 16613376
1733236778169 16640000.0 16640000
1733236780273 16646144.0 16646144
1733236805866 16678912.0 16678912
1733236832059 16711680.0 16711680
1733236857941 16744448.0 16744448
1733236883533 16777216.0 16777216
1733236909066 16800000.0 16800000
1733236912464 16809984.0 16809984
1733236938123 16842752.0 16842752
1733236963893 16875520.0 16875520
1733236989997 16908288.0 16908288
1733237015999 16941056.0 16941056
1733237040433 16960000.0 16960000
1733237044624 16973824.0 16973824
1733237070679 17006592.0 17006592
1733237096779 17039360.0 17039360
1733237122442 17072128.0 17072128
1733237148813 17104896.0 17104896
1733237173919 17120000.0 17120000
1733237179465 17137664.0 17137664
1733237204998 17170432.0 17170432
1733237230671 17203200.0 17203200
1733237256573 17235968.0 17235968
1733237282265 17268736.0 17268736
1733237304508 17280000.0 17280000
1733237311209 17301504.0 17301504
1733237336984 17334272.0 17334272
1733237363317 17367040.0 17367040
1733237391027 17399808.0 17399808
1733237418002 17432576.0 17432576
1733237439486 17440000.0 17440000
1733237447061 17465344.0 17465344
1733237472512 17498112.0 17498112
1733237498175 17530880.0 17530880
1733237523780 17563648.0 17563648
1733237549423 17596416.0 17596416
1733237569979 17600000.0 17600000
1733237578790 17629184.0 17629184
1733237604166 17661952.0 17661952
1733237630276 17694720.0 17694720
1733237656203 17727488.0 17727488
1733237684879 17760000.0 17760000
1733237685924 17760256.0 17760256
1733237711454 17793024.0 17793024
1733237737978 17825792.0 17825792
1733237763806 17858560.0 17858560
1733237789442 17891328.0 17891328
1733237817282 17920000.0 17920000
1733237819037 17924096.0 17924096
1733237844788 17956864.0 17956864
1733237870858 17989632.0 17989632
1733237897206 18022400.0 18022400
1733237923852 18055168.0 18055168
1733237950550 18080000.0 18080000
1733237953071 18087936.0 18087936
1733237979013 18120704.0 18120704
1733238005337 18153472.0 18153472
1733238032873 18186240.0 18186240
1733238059190 18219008.0 18219008
1733238085030 18240000.0 18240000
1733238090596 18251776.0 18251776
1733238116367 18284544.0 18284544
1733238143957 18317312.0 18317312
1733238170609 18350080.0 18350080
1733238196257 18382848.0 18382848
1733238220669 18400000.0 18400000
1733238225493 18415616.0 18415616
1733238251103 18448384.0 18448384
1733238277560 18481152.0 18481152
1733238304447 18513920.0 18513920
1733238329957 18546688.0 18546688
1733238353333 18560000.0 18560000
1733238360957 18579456.0 18579456
1733238386707 18612224.0 18612224
1733238412989 18644992.0 18644992
1733238440043 18677760.0 18677760
1733238467035 18710528.0 18710528
1733238490944 18720000.0 18720000
1733238497931 18743296.0 18743296
1733238523869 18776064.0 18776064
1733238550659 18808832.0 18808832
1733238578467 18841600.0 18841600
1733238605496 18874368.0 18874368
1733238626794 18880000.0 18880000
1733238634496 18907136.0 18907136
1733238660301 18939904.0 18939904
1733238686241 18972672.0 18972672
1733238712503 19005440.0 19005440
1733238738439 19038208.0 19038208
1733238758472 19040000.0 19040000
1733238768113 19070976.0 19070976
1733238794398 19103744.0 19103744
1733238821656 19136512.0 19136512
1733238847754 19169280.0 19169280
1733238875693 19200000.0 19200000
1733238876696 19202048.0 19202048
1733238902258 19234816.0 19234816
1733238927972 19267584.0 19267584
1733238954136 19300352.0 19300352
1733238979958 19333120.0 19333120
1733239007290 19360000.0 19360000
1733239011100 19365888.0 19365888
1733239036813 19398656.0 19398656
1733239062626 19431424.0 19431424
1733239088374 19464192.0 19464192
1733239114279 19496960.0 19496960
1733239140263 19520000.0 19520000
1733239145191 19529728.0 19529728
1733239170975 19562496.0 19562496
1733239196512 19595264.0 19595264
1733239222577 19628032.0 19628032
1733239248719 19660800.0 19660800
1733239274033 19680000.0 19680000
1733239278482 19693568.0 19693568
1733239304062 19726336.0 19726336
1733239330030 19759104.0 19759104
1733239356147 19791872.0 19791872
1733239382034 19824640.0 19824640
1733239405627 19840000.0 19840000
1733239410923 19857408.0 19857408
1733239436782 19890176.0 19890176
1733239462742 19922944.0 19922944
1733239489266 19955712.0 19955712
1733239515516 19988480.0 19988480
1733239538260 20000000.0 20000000
1733239544502 20021248.0 20021248
1733239570370 20054016.0 20054016
1733239596709 20086784.0 20086784
1733239622930 20119552.0 20119552
1733239648927 20152320.0 20152320
1733239671120 20160000.0 20160000
1733239678676 20185088.0 20185088
1733239704682 20217856.0 20217856
1733239730901 20250624.0 20250624
1733239757050 20283392.0 20283392
1733239782970 20316160.0 20316160
1733239803835 20320000.0 20320000
1733239812376 20348928.0 20348928
1733239838828 20381696.0 20381696
1733239864756 20414464.0 20414464
1733239890568 20447232.0 20447232
1733239919509 20480000.0 20480000
1733239919946 20480000.0 20480000
1733239945505 20512768.0 20512768
1733239971448 20545536.0 20545536
1733239996941 20578304.0 20578304
1733240022559 20611072.0 20611072
1733240049375 20640000.0 20640000
1733240050799 20643840.0 20643840
1733240076635 20676608.0 20676608
1733240103044 20709376.0 20709376
1733240128789 20742144.0 20742144
1733240154789 20774912.0 20774912
1733240181163 20800000.0 20800000
1733240183655 20807680.0 20807680
1733240209266 20840448.0 20840448
1733240235242 20873216.0 20873216
1733240261333 20905984.0 20905984
1733240287719 20938752.0 20938752
1733240313078 20960000.0 20960000
1733240316787 20971520.0 20971520
1733240342844 21004288.0 21004288
1733240369228 21037056.0 21037056
1733240394929 21069824.0 21069824
1733240421127 21102592.0 21102592
1733240446305 21120000.0 21120000
1733240450813 21135360.0 21135360
1733240476698 21168128.0 21168128
1733240502349 21200896.0 21200896
1733240528092 21233664.0 21233664
1733240553854 21266432.0 21266432
1733240576923 21280000.0 21280000
1733240582751 21299200.0 21299200
1733240608561 21331968.0 21331968
1733240634720 21364736.0 21364736
1733240660871 21397504.0 21397504
1733240686914 21430272.0 21430272
1733240709096 21440000.0 21440000
1733240716300 21463040.0 21463040
1733240741674 21495808.0 21495808
1733240767310 21528576.0 21528576
1733240793002 21561344.0 21561344
1733240818902 21594112.0 21594112
1733240839670 21600000.0 21600000
1733240847347 21626880.0 21626880
1733240873075 21659648.0 21659648
1733240898813 21692416.0 21692416
1733240924281 21725184.0 21725184
1733240950358 21757952.0 21757952
1733240970214 21760000.0 21760000
1733240979662 21790720.0 21790720
1733241005028 21823488.0 21823488
1733241030624 21856256.0 21856256
1733241056752 21889024.0 21889024
1733241084174 21920000.0 21920000
1733241084994 21921792.0 21921792
1733241110913 21954560.0 21954560
1733241137184 21987328.0 21987328
1733241163553 22020096.0 22020096
1733241189699 22052864.0 22052864
1733241216541 22080000.0 22080000
1733241219066 22085632.0 22085632
1733241245066 22118400.0 22118400
1733241271491 22151168.0 22151168
1733241297460 22183936.0 22183936
1733241323419 22216704.0 22216704
1733241349670 22240000.0 22240000
1733241352611 22249472.0 22249472
1733241378346 22282240.0 22282240
1733241404563 22315008.0 22315008
1733241430662 22347776.0 22347776
1733241456524 22380544.0 22380544
1733241481055 22400000.0 22400000
1733241484988 22413312.0 22413312
1733241510109 22446080.0 22446080
1733241536448 22478848.0 22478848
1733241562049 22511616.0 22511616
1733241587700 22544384.0 22544384
1733241611081 22560000.0 22560000
1733241616140 22577152.0 22577152
1733241641843 22609920.0 22609920
1733241667977 22642688.0 22642688
1733241693941 22675456.0 22675456
1733241719292 22708224.0 22708224
1733241741858 22720000.0 22720000
1733241747976 22740992.0 22740992
1733241773281 22773760.0 22773760
1733241799169 22806528.0 22806528
1733241825674 22839296.0 22839296
1733241851865 22872064.0 22872064
1733241873693 22880000.0 22880000
1733241881072 22904832.0 22904832
1733241906660 22937600.0 22937600
1733241932485 22970368.0 22970368
1733241958902 23003136.0 23003136
1733241985381 23035904.0 23035904
1733242006600 23040000.0 23040000
1733242015088 23068672.0 23068672
1733242041370 23101440.0 23101440
1733242067165 23134208.0 23134208
1733242093407 23166976.0 23166976
1733242119050 23199744.0 23199744
1733242138618 23200000.0 23200000
1733242148017 23232512.0 23232512
1733242173679 23265280.0 23265280
1733242199542 23298048.0 23298048
1733242225963 23330816.0 23330816
1733242254029 23360000.0 23360000
1733242255328 23363584.0 23363584
1733242281125 23396352.0 23396352
1733242307355 23429120.0 23429120
1733242334023 23461888.0 23461888
1733242360398 23494656.0 23494656
1733242386972 23520000.0 23520000
1733242389440 23527424.0 23527424
1733242415204 23560192.0 23560192
1733242441199 23592960.0 23592960
1733242467252 23625728.0 23625728
1733242493061 23658496.0 23658496
1733242518446 23680000.0 23680000
1733242521945 23691264.0 23691264
1733242547504 23724032.0 23724032
1733242573138 23756800.0 23756800
1733242598565 23789568.0 23789568
1733242624149 23822336.0 23822336
1733242648598 23840000.0 23840000
1733242653249 23855104.0 23855104
1733242678948 23887872.0 23887872
1733242704785 23920640.0 23920640
1733242731502 23953408.0 23953408
1733242757336 23986176.0 23986176
1733242780460 24000000.0 24000000
1733242786203 24018944.0 24018944
1733242811896 24051712.0 24051712
1733242837640 24084480.0 24084480
1733242863641 24117248.0 24117248
1733242889624 24150016.0 24150016
1733242912521 24160000.0 24160000
1733242919266 24182784.0 24182784
1733242944917 24215552.0 24215552
1733242970462 24248320.0 24248320
1733242996369 24281088.0 24281088
1733243022519 24313856.0 24313856
1733243043948 24320000.0 24320000
1733243051937 24346624.0 24346624
1733243077989 24379392.0 24379392
1733243104080 24412160.0 24412160
1733243130048 24444928.0 24444928
1733243155916 24477696.0 24477696
1733243176229 24480000.0 24480000
1733243185299 24510464.0 24510464
1733243211046 24543232.0 24543232
1733243236968 24576000.0 24576000
1733243262961 24608768.0 24608768
1733243291555 24640000.0 24640000
1733243292619 24641536.0 24641536
1733243318254 24674304.0 24674304
1733243344711 24707072.0 24707072
1733243370659 24739840.0 24739840
1733243396382 24772608.0 24772608
1733243423447 24800000.0 24800000
1733243425215 24805376.0 24805376
1733243450477 24838144.0 24838144
1733243476324 24870912.0 24870912
1733243502247 24903680.0 24903680
1733243528038 24936448.0 24936448
1733243553208 24960000.0 24960000
1733243556331 24969216.0 24969216
1733243581782 25001984.0 25001984
1733243607721 25034752.0 25034752
1733243633840 25067520.0 25067520
1733243659541 25100288.0 25100288
1733243684272 25120000.0 25120000
1733243688100 25133056.0 25133056
1733243713535 25165824.0 25165824
1733243739400 25198592.0 25198592
1733243765604 25231360.0 25231360
1733243791182 25264128.0 25264128
1733243815569 25280000.0 25280000
1733243820695 25296896.0 25296896
1733243846656 25329664.0 25329664
1733243872533 25362432.0 25362432
1733243898431 25395200.0 25395200
1733243924704 25427968.0 25427968
1733243947369 25440000.0 25440000
1733243953343 25460736.0 25460736
1733243979192 25493504.0 25493504
1733244005012 25526272.0 25526272
1733244030645 25559040.0 25559040
1733244057056 25591808.0 25591808
1733244079484 25600000.0 25600000
1733244086797 25624576.0 25624576
1733244112295 25657344.0 25657344
1733244138883 25690112.0 25690112
1733244164976 25722880.0 25722880
1733244190885 25755648.0 25755648
1733244211904 25760000.0 25760000
1733244220752 25788416.0 25788416
1733244246750 25821184.0 25821184
1733244273720 25853952.0 25853952
1733244299507 25886720.0 25886720
1733244325118 25919488.0 25919488
1733244344621 25920000.0 25920000
1733244353794 25952256.0 25952256
1733244379066 25985024.0 25985024
1733244405083 26017792.0 26017792
1733244430826 26050560.0 26050560
1733244458536 26080000.0 26080000
1733244460043 26083328.0 26083328
1733244485824 26116096.0 26116096
1733244511587 26148864.0 26148864
1733244536997 26181632.0 26181632
1733244562434 26214400.0 26214400
1733244588741 26240000.0 26240000
1733244591135 26247168.0 26247168
1733244616562 26279936.0 26279936
1733244642384 26312704.0 26312704
1733244668342 26345472.0 26345472
1733244694732 26378240.0 26378240
1733244720246 26400000.0 26400000
1733244723805 26411008.0 26411008
1733244749458 26443776.0 26443776
1733244775508 26476544.0 26476544
1733244801726 26509312.0 26509312
1733244827970 26542080.0 26542080
1733244852937 26560000.0 26560000
1733244857552 26574848.0 26574848
1733244883211 26607616.0 26607616
1733244909072 26640384.0 26640384
1733244935130 26673152.0 26673152
1733244961364 26705920.0 26705920
1733244984642 26720000.0 26720000
1733244990298 26738688.0 26738688
1733245017137 26771456.0 26771456
1733245044458 26804224.0 26804224
1733245070434 26836992.0 26836992
1733245096152 26869760.0 26869760
1733245118763 26880000.0 26880000
1733245125626 26902528.0 26902528
1733245151369 26935296.0 26935296
1733245176920 26968064.0 26968064
1733245202721 27000832.0 27000832
1733245228247 27033600.0 27033600
1733245249232 27040000.0 27040000
1733245257215 27066368.0 27066368
1733245282999 27099136.0 27099136
1733245308267 27131904.0 27131904
1733245334057 27164672.0 27164672
1733245359494 27197440.0 27197440
1733245379390 27200000.0 27200000
1733245388218 27230208.0 27230208
1733245413712 27262976.0 27262976
1733245439523 27295744.0 27295744
1733245465880 27328512.0 27328512
1733245493802 27360000.0 27360000
1733245494421 27361280.0 27361280
1733245520032 27394048.0 27394048
1733245546049 27426816.0 27426816
1733245571600 27459584.0 27459584
1733245597684 27492352.0 27492352
1733245624999 27520000.0 27520000
1733245626743 27525120.0 27525120
1733245652511 27557888.0 27557888
1733245679029 27590656.0 27590656
1733245706012 27623424.0 27623424
1733245731972 27656192.0 27656192
1733245758251 27680000.0 27680000
1733245761030 27688960.0 27688960
1733245787106 27721728.0 27721728
1733245813125 27754496.0 27754496
1733245839125 27787264.0 27787264
1733245864893 27820032.0 27820032
1733245890379 27840000.0 27840000
1733245894248 27852800.0 27852800
1733245919719 27885568.0 27885568
1733245945479 27918336.0 27918336
1733245971198 27951104.0 27951104
1733245997055 27983872.0 27983872
1733246021100 28000000.0 28000000
1733246026162 28016640.0 28016640
1733246051899 28049408.0 28049408
1733246077475 28082176.0 28082176
1733246103478 28114944.0 28114944
1733246129537 28147712.0 28147712
1733246152212 28160000.0 28160000
1733246157977 28180480.0 28180480
1733246183445 28213248.0 28213248
1733246209121 28246016.0 28246016
1733246234897 28278784.0 28278784
1733246260674 28311552.0 28311552
1733246282583 28320000.0 28320000
1733246289332 28344320.0 28344320
1733246314551 28377088.0 28377088
1733246340176 28409856.0 28409856
1733246365966 28442624.0 28442624
1733246391512 28475392.0 28475392
1733246412436 28480000.0 28480000
1733246420663 28508160.0 28508160
1733246446322 28540928.0 28540928
1733246472474 28573696.0 28573696
1733246498182 28606464.0 28606464
1733246524158 28639232.0 28639232
1733246543996 28640000.0 28640000
1733246553392 28672000.0 28672000
1733246579285 28704768.0 28704768
1733246604986 28737536.0 28737536
1733246631054 28770304.0 28770304
1733246658926 28800000.0 28800000
1733246660095 28803072.0 28803072
1733246686346 28835840.0 28835840
1733246712781 28868608.0 28868608
1733246738950 28901376.0 28901376
1733246765066 28934144.0 28934144
1733246792180 28960000.0 28960000
1733246796277 28966912.0 28966912
1733246822008 28999680.0 28999680
1733246847642 29032448.0 29032448
1733246874061 29065216.0 29065216
1733246899961 29097984.0 29097984
1733246925329 29120000.0 29120000
1733246928709 29130752.0 29130752
1733246954283 29163520.0 29163520
1733246980389 29196288.0 29196288
1733247006265 29229056.0 29229056
1733247032133 29261824.0 29261824
1733247056692 29280000.0 29280000
1733247061166 29294592.0 29294592
1733247086659 29327360.0 29327360
1733247112179 29360128.0 29360128
1733247138177 29392896.0 29392896
1733247163868 29425664.0 29425664
1733247187078 29440000.0 29440000
1733247192580 29458432.0 29458432
1733247218164 29491200.0 29491200
1733247243909 29523968.0 29523968
1733247269392 29556736.0 29556736
1733247295425 29589504.0 29589504
1733247318137 29600000.0 29600000
1733247324808 29622272.0 29622272
1733247350344 29655040.0 29655040
1733247376328 29687808.0 29687808
1733247402367 29720576.0 29720576
1733247428693 29753344.0 29753344
1733247449991 29760000.0 29760000
1733247457652 29786112.0 29786112
1733247483211 29818880.0 29818880
1733247509296 29851648.0 29851648
1733247535213 29884416.0 29884416
1733247561447 29917184.0 29917184
1733247582144 29920000.0 29920000
1733247590922 29949952.0 29949952
1733247616753 29982720.0 29982720
1733247642620 30015488.0 30015488
1733247668867 30048256.0 30048256
1733247697745 30080000.0 30080000
1733247700578 30081024.0 30081024
1733247726417 30113792.0 30113792
1733247752285 30146560.0 30146560
1733247778747 30179328.0 30179328
1733247804740 30212096.0 30212096
1733247832129 30240000.0 30240000
1733247833889 30244864.0 30244864
1733247859747 30277632.0 30277632
1733247886004 30310400.0 30310400
1733247912357 30343168.0 30343168
1733247937974 30375936.0 30375936
1733247964368 30400000.0 30400000
1733247967157 30408704.0 30408704
1733247992694 30441472.0 30441472
1733248018811 30474240.0 30474240
1733248045263 30507008.0 30507008
1733248071300 30539776.0 30539776
1733248096529 30560000.0 30560000
1733248100681 30572544.0 30572544
1733248126417 30605312.0 30605312
1733248152157 30638080.0 30638080
1733248178716 30670848.0 30670848
1733248205115 30703616.0 30703616
1733248229808 30720000.0 30720000
1733248234981 30736384.0 30736384
1733248260777 30769152.0 30769152
1733248286566 30801920.0 30801920
1733248312879 30834688.0 30834688
1733248339127 30867456.0 30867456
1733248362238 30880000.0 30880000
1733248368353 30900224.0 30900224
1733248394320 30932992.0 30932992
1733248420513 30965760.0 30965760
1733248446599 30998528.0 30998528
1733248472732 31031296.0 31031296
1733248494919 31040000.0 31040000
1733248502040 31064064.0 31064064
1733248528201 31096832.0 31096832
1733248554876 31129600.0 31129600
1733248581241 31162368.0 31162368
1733248607920 31195136.0 31195136
1733248629430 31200000.0 31200000
1733248637765 31227904.0 31227904
1733248664204 31260672.0 31260672
1733248690363 31293440.0 31293440
1733248716416 31326208.0 31326208
1733248742323 31358976.0 31358976
1733248762101 31360000.0 31360000
1733248771306 31391744.0 31391744
1733248797250 31424512.0 31424512
1733248823864 31457280.0 31457280
1733248849942 31490048.0 31490048
1733248877852 31520000.0 31520000
1733248879009 31522816.0 31522816
1733248904227 31555584.0 31555584
1733248930128 31588352.0 31588352
1733248956113 31621120.0 31621120
1733248982173 31653888.0 31653888
1733249009196 31680000.0 31680000
1733249011985 31686656.0 31686656
1733249037908 31719424.0 31719424
1733249064060 31752192.0 31752192
1733249090125 31784960.0 31784960
1733249116018 31817728.0 31817728
1733249142102 31840000.0 31840000
1733249145952 31850496.0 31850496
1733249171939 31883264.0 31883264
1733249197843 31916032.0 31916032
1733249223623 31948800.0 31948800
1733249249525 31981568.0 31981568
1733249274028 32000000.0 32000000
1733249278765 32014336.0 32014336
1733249304893 32047104.0 32047104
1733249331092 32079872.0 32079872
1733249357321 32112640.0 32112640
1733249383286 32145408.0 32145408
1733249406952 32160000.0 32160000
1733249412384 32178176.0 32178176
1733249437928 32210944.0 32210944
1733249463691 32243712.0 32243712
1733249489664 32276480.0 32276480
1733249515634 32309248.0 32309248
1733249538351 32320000.0 32320000
1733249545238 32342016.0 32342016
1733249571217 32374784.0 32374784
1733249597494 32407552.0 32407552
1733249623384 32440320.0 32440320
1733249649439 32473088.0 32473088
1733249671392 32480000.0 32480000
1733249679271 32505856.0 32505856
1733249704701 32538624.0 32538624
1733249730871 32571392.0 32571392
1733249757687 32604160.0 32604160
1733249783733 32636928.0 32636928
1733249804151 32640000.0 32640000
1733249813208 32669696.0 32669696
1733249838597 32702464.0 32702464
1733249864711 32735232.0 32735232
1733249890536 32768000.0 32768000
1733249919283 32800000.0 32800000
1733249920017 32800768.0 32800768
1733249946224 32833536.0 32833536
1733249972456 32866304.0 32866304
1733249998605 32899072.0 32899072
1733250024875 32931840.0 32931840
1733250052310 32960000.0 32960000
1733250054298 32964608.0 32964608
1733250080337 32997376.0 32997376
1733250106462 33030144.0 33030144
1733250133174 33062912.0 33062912
1733250159321 33095680.0 33095680
1733250185664 33120000.0 33120000
1733250188831 33128448.0 33128448
1733250214557 33161216.0 33161216
1733250240765 33193984.0 33193984
1733250267270 33226752.0 33226752
1733250293485 33259520.0 33259520
1733250318554 33280000.0 33280000
1733250322626 33292288.0 33292288
1733250348658 33325056.0 33325056
1733250374475 33357824.0 33357824
1733250400811 33390592.0 33390592
1733250426587 33423360.0 33423360
1733250450528 33440000.0 33440000
1733250455648 33456128.0 33456128
1733250481434 33488896.0 33488896
1733250507343 33521664.0 33521664
1733250533614 33554432.0 33554432
1733250559431 33587200.0 33587200
1733250582353 33600000.0 33600000
