1733223260122 0.1518280029296875 65536
1733223303514 0.164862060546875 98304
1733223347431 0.1706939697265625 131072
1733223391077 0.180303955078125 160000
1733223435431 0.178875732421875 196608
1733223478020 0.1933441162109375 229376
1733223521382 0.203570556640625 262144
1733223565119 0.202294921875 294912
1733223605725 0.2030670166015625 320000
1733223650529 0.20673828125 360448
1733223692150 0.21744384765625 393216
1733223734688 0.2208251953125 425984
1733223776752 0.2348541259765625 458752
1733223816207 0.236474609375 480000
1733223863244 0.229351806640625 524288
1733223905823 0.2399444580078125 557056
1733223947654 0.2498504638671875 589824
1733223989309 0.2438507080078125 622592
1733224027673 0.240576171875 640000
1733224075610 0.2504913330078125 688128
1733224117484 0.25023193359375 720896
1733224159945 0.2409393310546875 753664
1733224201891 0.2573760986328125 786432
1733224239247 0.2641754150390625 800000
1733224289212 0.2607269287109375 851968
1733224331670 0.266998291015625 884736
1733224373793 0.266351318359375 917504
1733224415615 0.2701904296875 950272
1733224450736 0.2637451171875 960000
1733224502000 0.272998046875 1015808
1733224543587 0.2795379638671875 1048576
1733224585275 0.27042236328125 1081344
1733224628047 0.2715362548828125 1114112
1733224661855 0.2715972900390625 1120000
1733224714681 0.272344970703125 1179648
1733224756165 0.2730621337890625 1212416
1733224797763 0.2740478515625 1245184
1733224840021 0.27974853515625 1277952
1733224872619 0.284490966796875 1280000
1733224927027 0.279718017578125 1343488
1733224968910 0.288275146484375 1376256
1733225011286 0.28382568359375 1409024
1733225054403 0.2827972412109375 1440000
1733225097133 0.2761322021484375 1474560
1733225139005 0.281060791015625 1507328
1733225181255 0.2809417724609375 1540096
1733225223726 0.2863861083984375 1572864
1733225265775 0.2834686279296875 1600000
1733225310365 0.276629638671875 1638400
1733225353174 0.2812255859375 1671168
1733225395953 0.2845245361328125 1703936
1733225437816 0.2829193115234375 1736704
1733225478932 0.2822265625 1760000
1733225524541 0.280194091796875 1802240
1733225566846 0.28612060546875 1835008
1733225609231 0.2846343994140625 1867776
1733225651422 0.284417724609375 1900544
1733225690725 0.2853759765625 1920000
1733225738589 0.2840911865234375 1966080
1733225780536 0.2808563232421875 1998848
1733225822833 0.28212890625 2031616
1733225864679 0.278546142578125 2064384
1733225902458 0.2762237548828125 2080000
1733225951544 0.27728271484375 2129920
1733225993232 0.2801666259765625 2162688
1733226035755 0.2804840087890625 2195456
1733226077817 0.2820343017578125 2228224
1733226114833 0.2773681640625 2240000
1733226165494 0.279949951171875 2293760
1733226207774 0.2791839599609375 2326528
1733226250768 0.279345703125 2359296
1733226292691 0.275634765625 2392064
1733226328035 0.2797760009765625 2400000
1733226380591 0.27955322265625 2457600
1733226423092 0.2793975830078125 2490368
1733226464876 0.2729095458984375 2523136
1733226506506 0.2761871337890625 2555904
1733226540171 0.2735870361328125 2560000
1733226593744 0.2705352783203125 2621440
1733226636190 0.2791107177734375 2654208
1733226678132 0.27591552734375 2686976
1733226720037 0.2766021728515625 2719744
1733226751719 0.276318359375 2720000
1733226806722 0.2803436279296875 2785280
1733226849618 0.2752838134765625 2818048
1733226893139 0.2761688232421875 2850816
1733226937182 0.2795257568359375 2880000
1733226981081 0.274017333984375 2916352
1733227023660 0.274261474609375 2949120
1733227066074 0.277813720703125 2981888
1733227107771 0.275 3014656
1733227149641 0.2776123046875 3040000
1733227195380 0.27017822265625 3080192
1733227237651 0.277728271484375 3112960
1733227279373 0.274749755859375 3145728
1733227321169 0.2814117431640625 3178496
1733227361162 0.2787567138671875 3200000
1733227407882 0.2773773193359375 3244032
1733227450682 0.2727935791015625 3276800
1733227493353 0.2734283447265625 3309568
1733227535099 0.273358154296875 3342336
1733227574174 0.2699066162109375 3360000
1733227622504 0.2728729248046875 3407872
1733227664376 0.2740203857421875 3440640
1733227706271 0.27880859375 3473408
1733227748497 0.2775390625 3506176
1733227785408 0.2685760498046875 3520000
1733227835385 0.2683624267578125 3571712
1733227877638 0.27607421875 3604480
1733227919530 0.2777618408203125 3637248
1733227962018 0.273126220703125 3670016
1733227997535 0.2767242431640625 3680000
1733228048875 0.273724365234375 3735552
1733228091130 0.2711761474609375 3768320
1733228133401 0.2707550048828125 3801088
1733228175053 0.278070068359375 3833856
1733228209050 0.2780364990234375 3840000
1733228262042 0.2757293701171875 3899392
1733228303764 0.2750701904296875 3932160
1733228346837 0.274462890625 3964928
1733228389583 0.2751129150390625 3997696
1733228423221 0.2772247314453125 4000000
1733228477714 0.27308349609375 4063232
1733228520418 0.2794769287109375 4096000
1733228562591 0.270428466796875 4128768
1733228607263 0.279083251953125 4160000
1733228650143 0.275848388671875 4194304
1733228693895 0.2702850341796875 4227072
1733228736134 0.270477294921875 4259840
1733228778257 0.27177734375 4292608
1733228820427 0.2692779541015625 4320000
1733228865673 0.2784912109375 4358144
1733228907883 0.278057861328125 4390912
1733228949844 0.27303466796875 4423680
1733228992846 0.2752044677734375 4456448
1733229034184 0.2756927490234375 4480000
1733229080455 0.2757110595703125 4521984
1733229122651 0.2747650146484375 4554752
1733229165023 0.2720611572265625 4587520
1733229208467 0.2695098876953125 4620288
1733229247663 0.2736480712890625 4640000
1733229296302 0.2755828857421875 4685824
1733229339115 0.2719512939453125 4718592
1733229382495 0.2748626708984375 4751360
1733229426065 0.2708648681640625 4784128
1733229464026 0.2760833740234375 4800000
1733229513967 0.2743377685546875 4849664
1733229556891 0.275677490234375 4882432
1733229599753 0.274798583984375 4915200
1733229643638 0.275799560546875 4947968
1733229680419 0.2725433349609375 4960000
1733229731254 0.2729705810546875 5013504
1733229774232 0.2710235595703125 5046272
1733229816914 0.277947998046875 5079040
1733229859128 0.2788299560546875 5111808
1733229893450 0.2759002685546875 5120000
1733229946392 0.2719818115234375 5177344
1733229989208 0.2676177978515625 5210112
1733230031462 0.272113037109375 5242880
1733230075506 0.2772125244140625 5275648
1733230108349 0.2736724853515625 5280000
1733230162407 0.2716888427734375 5341184
1733230204760 0.26795654296875 5373952
1733230246924 0.2691070556640625 5406720
1733230290688 0.2728179931640625 5439488
1733230322946 0.272900390625 5440000
1733230380220 0.26947021484375 5505024
1733230423378 0.26993408203125 5537792
1733230467370 0.2695281982421875 5570560
1733230511925 0.272222900390625 5600000
1733230556411 0.2687347412109375 5636096
1733230599221 0.27152099609375 5668864
1733230642774 0.275665283203125 5701632
1733230686864 0.266552734375 5734400
1733230729690 0.2689971923828125 5760000
1733230775770 0.2635711669921875 5799936
1733230818306 0.265789794921875 5832704
1733230861558 0.26904296875 5865472
1733230904272 0.268157958984375 5898240
1733230945003 0.270233154296875 5920000
1733230992760 0.2716949462890625 5963776
1733231036116 0.2683380126953125 5996544
1733231079248 0.2623565673828125 6029312
1733231122446 0.275048828125 6062080
1733231161281 0.2696685791015625 6080000
1733231211176 0.2678802490234375 6127616
1733231253359 0.262957763671875 6160384
1733231296021 0.2556182861328125 6193152
1733231338382 0.2666015625 6225920
1733231375313 0.261895751953125 6240000
1733231427367 0.2602508544921875 6291456
1733231471942 0.2650634765625 6324224
1733231514515 0.2646209716796875 6356992
1733231557892 0.2676788330078125 6389760
1733231593089 0.257965087890625 6400000
1733231646239 0.258953857421875 6455296
1733231689219 0.2600341796875 6488064
1733231732178 0.2644073486328125 6520832
1733231775513 0.2519287109375 6553600
1733231809597 0.266107177734375 6560000
1733231864764 0.25792236328125 6619136
1733231907420 0.2519287109375 6651904
1733231950110 0.2565399169921875 6684672
1733231993572 0.251605224609375 6717440
1733232025862 0.2521087646484375 6720000
1733232081438 0.255438232421875 6782976
1733232124134 0.2562408447265625 6815744
1733232167269 0.258154296875 6848512
1733232211950 0.25096435546875 6880000
1733232256599 0.247442626953125 6914048
1733232299550 0.2493743896484375 6946816
1733232342054 0.2541473388671875 6979584
1733232385686 0.2526885986328125 7012352
1733232429037 0.2506561279296875 7040000
1733232473806 0.244866943359375 7077888
1733232516700 0.24215087890625 7110656
1733232559324 0.24310302734375 7143424
1733232601333 0.2505706787109375 7176192
1733232643387 0.244647216796875 7200000
1733232691318 0.25225830078125 7241728
1733232734502 0.243072509765625 7274496
1733232776973 0.2447174072265625 7307264
1733232820127 0.2438232421875 7340032
1733232859876 0.2488494873046875 7360000
1733232908265 0.2403045654296875 7405568
1733232951257 0.2436248779296875 7438336
1733232993503 0.23724365234375 7471104
1733233036130 0.23287353515625 7503872
1733233073521 0.2423492431640625 7520000
1733233123862 0.244757080078125 7569408
1733233166516 0.240765380859375 7602176
1733233208664 0.246173095703125 7634944
1733233251909 0.2392181396484375 7667712
1733233288099 0.2397735595703125 7680000
1733233339075 0.2346435546875 7733248
1733233382678 0.233575439453125 7766016
1733233425825 0.2326019287109375 7798784
1733233469368 0.23212890625 7831552
1733233503886 0.239306640625 7840000
1733233557950 0.237060546875 7897088
1733233600580 0.23148193359375 7929856
1733233643702 0.2307861328125 7962624
1733233686905 0.22391357421875 7995392
1733233721434 0.229315185546875 8000000
1733233776820 0.233160400390625 8060928
1733233819932 0.237750244140625 8093696
1733233862160 0.2319610595703125 8126464
1733233905831 0.230511474609375 8159232
1733233936782 0.2372344970703125 8160000
1733233993406 0.23212890625 8224768
1733234036710 0.2265594482421875 8257536
1733234079565 0.2322113037109375 8290304
1733234122703 0.221087646484375 8320000
1733234167624 0.2256988525390625 8355840
1733234210292 0.2164703369140625 8388608
1733234253639 0.2220947265625 8421376
1733234296914 0.2173614501953125 8454144
1733234338545 0.2250946044921875 8480000
1733234385542 0.2247711181640625 8519680
1733234428729 0.2196868896484375 8552448
1733234471625 0.21845703125 8585216
1733234514801 0.2165618896484375 8617984
1733234554985 0.2177276611328125 8640000
1733234602392 0.2123382568359375 8683520
1733234645121 0.21497802734375 8716288
1733234688316 0.214007568359375 8749056
1733234731189 0.215826416015625 8781824
1733234769926 0.215533447265625 8800000
1733234819069 0.21788330078125 8847360
1733234861966 0.2092926025390625 8880128
1733234905421 0.2135467529296875 8912896
1733234948798 0.215948486328125 8945664
1733234986661 0.2064208984375 8960000
1733235038500 0.20994873046875 9011200
1733235083218 0.2047576904296875 9043968
1733235127177 0.20994873046875 9076736
1733235170090 0.2102935791015625 9109504
1733235205833 0.20640869140625 9120000
1733235259430 0.2085296630859375 9175040
1733235303162 0.2064361572265625 9207808
1733235346786 0.2006317138671875 9240576
1733235390326 0.204449462890625 9273344
1733235425272 0.20682373046875 9280000
1733235479906 0.2041656494140625 9338880
1733235522943 0.2066436767578125 9371648
1733235565940 0.200689697265625 9404416
1733235608809 0.198333740234375 9437184
1733235641625 0.2061431884765625 9440000
1733235697144 0.2001953125 9502720
1733235740771 0.198223876953125 9535488
1733235783189 0.203662109375 9568256
1733235827629 0.204931640625 9600000
1733235871654 0.1991302490234375 9633792
1733235914921 0.1966796875 9666560
1733235957548 0.1991241455078125 9699328
1733236001012 0.2037567138671875 9732096
1733236044108 0.194061279296875 9760000
1733236090016 0.1970001220703125 9797632
1733236133395 0.20567626953125 9830400
1733236176719 0.200103759765625 9863168
1733236219298 0.202056884765625 9895936
1733236259562 0.2070281982421875 9920000
1733236307797 0.193121337890625 9961472
1733236351126 0.203802490234375 9994240
1733236394426 0.196002197265625 10027008
1733236437121 0.195465087890625 10059776
1733236476789 0.1994659423828125 10080000
1733236525513 0.196484375 10125312
1733236568482 0.191119384765625 10158080
1733236611669 0.1893798828125 10190848
1733236654790 0.1864044189453125 10223616
1733236692578 0.19400634765625 10240000
1733236743118 0.1950714111328125 10289152
1733236786234 0.191119384765625 10321920
1733236828793 0.1903839111328125 10354688
1733236871688 0.190948486328125 10387456
1733236908455 0.19384765625 10400000
1733236959772 0.1925201416015625 10452992
1733237003736 0.1866973876953125 10485760
1733237046912 0.1898406982421875 10518528
1733237090225 0.1885223388671875 10551296
1733237124881 0.189892578125 10560000
1733237179495 0.182568359375 10616832
1733237222978 0.1879486083984375 10649600
1733237266502 0.186566162109375 10682368
1733237309461 0.19248046875 10715136
1733237342995 0.1904052734375 10720000
1733237401299 0.1799957275390625 10780672
1733237445832 0.1825042724609375 10813440
1733237488534 0.188214111328125 10846208
1733237531806 0.1877899169921875 10878976
1733237563577 0.1830047607421875 10880000
1733237619590 0.195196533203125 10944512
1733237662994 0.1823944091796875 10977280
1733237705979 0.176104736328125 11010048
1733237749165 0.188348388671875 11040000
1733237793887 0.19111328125 11075584
1733237837164 0.186114501953125 11108352
1733237881276 0.1886505126953125 11141120
1733237924112 0.186669921875 11173888
1733237965489 0.17901611328125 11200000
1733238012831 0.1911285400390625 11239424
1733238056273 0.1851226806640625 11272192
1733238100164 0.182135009765625 11304960
1733238144436 0.1841644287109375 11337728
1733238184265 0.1920013427734375 11360000
1733238231728 0.181683349609375 11403264
1733238275176 0.1775054931640625 11436032
1733238319362 0.180328369140625 11468800
1733238363099 0.181182861328125 11501568
1733238402553 0.1806121826171875 11520000
1733238453813 0.180828857421875 11567104
1733238497317 0.18363037109375 11599872
1733238540588 0.1895355224609375 11632640
1733238585429 0.1796356201171875 11665408
1733238623124 0.180645751953125 11680000
1733238674231 0.18841552734375 11730944
1733238716811 0.1862640380859375 11763712
1733238759209 0.1788665771484375 11796480
1733238802857 0.1778350830078125 11829248
1733238839488 0.1789520263671875 11840000
1733238892334 0.181646728515625 11894784
1733238935471 0.18037109375 11927552
1733238978269 0.1732696533203125 11960320
1733239022788 0.1757171630859375 11993088
1733239057308 0.177642822265625 12000000
1733239111128 0.177862548828125 12058624
1733239154444 0.1807891845703125 12091392
1733239198096 0.1864654541015625 12124160
1733239240953 0.1808837890625 12156928
1733239273423 0.1757781982421875 12160000
1733239329836 0.188031005859375 12222464
1733239372893 0.183062744140625 12255232
1733239415213 0.1768524169921875 12288000
1733239460222 0.17305908203125 12320000
1733239504340 0.1814117431640625 12353536
1733239546991 0.166534423828125 12386304
1733239589634 0.1752105712890625 12419072
1733239632465 0.169915771484375 12451840
1733239675462 0.1732208251953125 12480000
1733239721295 0.1663909912109375 12517376
1733239763766 0.177301025390625 12550144
1733239807524 0.1673187255859375 12582912
1733239850373 0.1671142578125 12615680
1733239891860 0.171661376953125 12640000
1733239938400 0.1709320068359375 12681216
1733239981013 0.1707977294921875 12713984
1733240024572 0.183978271484375 12746752
1733240067804 0.1740447998046875 12779520
1733240106798 0.1721343994140625 12800000
1733240155536 0.1791656494140625 12845056
1733240198462 0.1738525390625 12877824
1733240241600 0.165960693359375 12910592
1733240284978 0.1782958984375 12943360
1733240323275 0.1793304443359375 12960000
1733240373413 0.17781982421875 13008896
1733240416709 0.170196533203125 13041664
1733240460017 0.164178466796875 13074432
1733240503546 0.17060546875 13107200
1733240539627 0.17225341796875 13120000
1733240591766 0.1677703857421875 13172736
1733240634403 0.16513671875 13205504
1733240677878 0.164544677734375 13238272
1733240721710 0.1670623779296875 13271040
1733240756555 0.163800048828125 13280000
1733240809739 0.1748870849609375 13336576
1733240853384 0.1703857421875 13369344
1733240896671 0.1666107177734375 13402112
1733240939566 0.175189208984375 13434880
1733240972230 0.17095947265625 13440000
1733241026604 0.1704193115234375 13500416
1733241069841 0.1621429443359375 13533184
1733241112379 0.164520263671875 13565952
1733241155757 0.16126708984375 13598720
1733241187501 0.1642242431640625 13600000
1733241244326 0.1708740234375 13664256
1733241287888 0.160992431640625 13697024
1733241330872 0.1643829345703125 13729792
1733241374362 0.166387939453125 13760000
1733241419515 0.167010498046875 13795328
1733241462551 0.158551025390625 13828096
1733241506048 0.1638336181640625 13860864
1733241549252 0.1680267333984375 13893632
1733241591804 0.163873291015625 13920000
1733241637699 0.158013916015625 13959168
1733241681396 0.1705718994140625 13991936
1733241724144 0.1637664794921875 14024704
1733241767264 0.1661102294921875 14057472
1733241807651 0.168792724609375 14080000
1733241855410 0.16395263671875 14123008
1733241899048 0.1715423583984375 14155776
1733241942671 0.16292724609375 14188544
1733241986055 0.1700103759765625 14221312
1733242025072 0.17525634765625 14240000
1733242073998 0.1631378173828125 14286848
1733242117962 0.1657470703125 14319616
1733242161491 0.1648529052734375 14352384
1733242204540 0.1674530029296875 14385152
1733242241516 0.164044189453125 14400000
1733242292172 0.158551025390625 14450688
1733242334974 0.1634124755859375 14483456
1733242378631 0.164715576171875 14516224
1733242421809 0.1615234375 14548992
1733242456821 0.1600006103515625 14560000
1733242508700 0.1605224609375 14614528
1733242552250 0.1619903564453125 14647296
1733242595191 0.1607269287109375 14680064
1733242638137 0.1572662353515625 14712832
1733242671718 0.154193115234375 14720000
1733242726235 0.158392333984375 14778368
1733242768906 0.173675537109375 14811136
1733242811477 0.1590301513671875 14843904
1733242854381 0.157916259765625 14876672
1733242886709 0.1570465087890625 14880000
1733242942222 0.154290771484375 14942208
1733242985917 0.1687103271484375 14974976
1733243029479 0.1589935302734375 15007744
1733243074816 0.1576080322265625 15040000
1733243118412 0.15374755859375 15073280
1733243161789 0.1638519287109375 15106048
1733243204965 0.157177734375 15138816
1733243248233 0.1528656005859375 15171584
1733243290246 0.1584442138671875 15200000
1733243335672 0.159124755859375 15237120
1733243378515 0.16224365234375 15269888
1733243422157 0.1619384765625 15302656
1733243465941 0.1599273681640625 15335424
1733243507056 0.169189453125 15360000
1733243553636 0.156170654296875 15400960
1733243596762 0.1593017578125 15433728
1733243639932 0.1615081787109375 15466496
1733243682761 0.159368896484375 15499264
1733243721661 0.151422119140625 15520000
1733243769618 0.1579925537109375 15564800
1733243812248 0.1490386962890625 15597568
1733243854969 0.1615478515625 15630336
1733243898348 0.1574371337890625 15663104
1733243936236 0.1576141357421875 15680000
1733243985722 0.153009033203125 15728640
1733244028726 0.1535247802734375 15761408
1733244072013 0.1551055908203125 15794176
1733244115426 0.1509124755859375 15826944
1733244151725 0.1486724853515625 15840000
1733244202547 0.155706787109375 15892480
1733244246177 0.1588714599609375 15925248
1733244290665 0.154345703125 15958016
1733244334274 0.1514923095703125 15990784
1733244369394 0.156146240234375 16000000
1733244421985 0.1551483154296875 16056320
1733244464525 0.1565673828125 16089088
1733244507765 0.164642333984375 16121856
1733244550438 0.151251220703125 16154624
1733244583736 0.1571319580078125 16160000
1733244637962 0.1543792724609375 16220160
1733244681200 0.1548980712890625 16252928
1733244724251 0.1589569091796875 16285696
1733244767304 0.150396728515625 16318464
1733244798189 0.151409912109375 16320000
1733244854636 0.1530548095703125 16384000
1733244897690 0.1526611328125 16416768
1733244941144 0.15223388671875 16449536
1733244985052 0.1549468994140625 16480000
1733245030053 0.15316162109375 16515072
1733245073709 0.1566741943359375 16547840
1733245117263 0.1545623779296875 16580608
1733245160100 0.1460479736328125 16613376
1733245202199 0.1494171142578125 16640000
1733245248249 0.1577667236328125 16678912
1733245291270 0.165435791015625 16711680
1733245335032 0.15198974609375 16744448
1733245378391 0.1605377197265625 16777216
1733245418968 0.1503631591796875 16800000
1733245466562 0.1552032470703125 16842752
1733245509730 0.15611572265625 16875520
1733245553302 0.157684326171875 16908288
1733245596154 0.1486480712890625 16941056
1733245635297 0.1518402099609375 16960000
1733245685407 0.15374755859375 17006592
1733245729584 0.1431060791015625 17039360
1733245772122 0.152105712890625 17072128
1733245815267 0.1531951904296875 17104896
1733245852335 0.1503173828125 17120000
1733245903649 0.15072021484375 17170432
1733245947420 0.1477447509765625 17203200
1733245990932 0.1599822998046875 17235968
1733246034460 0.1551116943359375 17268736
1733246070317 0.1452117919921875 17280000
1733246122992 0.1505584716796875 17334272
1733246166337 0.1443450927734375 17367040
1733246210162 0.1509979248046875 17399808
1733246253171 0.1517181396484375 17432576
1733246287446 0.1502227783203125 17440000
1733246341494 0.1546051025390625 17498112
1733246385015 0.1570526123046875 17530880
1733246428627 0.1484771728515625 17563648
1733246471572 0.1453521728515625 17596416
1733246503802 0.1551177978515625 17600000
1733246559588 0.195086669921875 17661952
1733246603091 0.1674896240234375 17694720
1733246646829 0.1511871337890625 17727488
1733246691591 0.143341064453125 17760000
1733246735294 0.155047607421875 17793024
1733246778048 0.1568603515625 17825792
1733246821710 0.15072021484375 17858560
1733246865722 0.15101318359375 17891328
1733246908892 0.1513153076171875 17920000
1733246954467 0.1789886474609375 17956864
1733246997891 0.16590576171875 17989632
1733247040936 0.1573974609375 18022400
1733247084391 0.150970458984375 18055168
1733247125872 0.1502593994140625 18080000
1733247172364 0.1550048828125 18120704
1733247214854 0.1433258056640625 18153472
1733247258124 0.1515594482421875 18186240
1733247300835 0.154010009765625 18219008
1733247340207 0.14296875 18240000
1733247388520 0.146759033203125 18284544
1733247431729 0.1658233642578125 18317312
1733247474695 0.2061614990234375 18350080
1733247517220 0.1571624755859375 18382848
1733247555582 0.152825927734375 18400000
1733247605862 0.15360107421875 18448384
1733247649397 0.158306884765625 18481152
1733247692895 0.1556732177734375 18513920
1733247736698 0.150262451171875 18546688
1733247772889 0.1401275634765625 18560000
1733247824628 0.1491668701171875 18612224
1733247867591 0.146240234375 18644992
1733247910666 0.1534942626953125 18677760
1733247954307 0.1472198486328125 18710528
1733247989751 0.1610107421875 18720000
1733248042412 0.167413330078125 18776064
1733248084898 0.1439208984375 18808832
1733248128038 0.1578765869140625 18841600
1733248170842 0.1427337646484375 18874368
1733248203437 0.1468231201171875 18880000
1733248258543 0.14500732421875 18939904
1733248301627 0.147216796875 18972672
1733248345069 0.1733001708984375 19005440
1733248388299 0.1392913818359375 19038208
1733248420873 0.1494384765625 19040000
1733248477621 0.1433319091796875 19103744
1733248520402 0.1449859619140625 19136512
1733248563736 0.1427490234375 19169280
1733248607619 0.1436737060546875 19200000
1733248652186 0.1488037109375 19234816
1733248695189 0.1416534423828125 19267584
1733248739253 0.143402099609375 19300352
1733248782797 0.13876953125 19333120
1733248825174 0.143463134765625 19360000
1733248870952 0.151251220703125 19398656
1733248914433 0.163690185546875 19431424
1733248957888 0.1462493896484375 19464192
1733249001622 0.1430511474609375 19496960
1733249042020 0.136676025390625 19520000
1733249089440 0.144500732421875 19562496
1733249133163 0.1396240234375 19595264
1733249176551 0.1416168212890625 19628032
1733249219814 0.14296875 19660800
1733249258714 0.13779296875 19680000
1733249308424 0.1434051513671875 19726336
1733249351728 0.132781982421875 19759104
1733249394841 0.1433258056640625 19791872
1733249438246 0.1454315185546875 19824640
1733249475184 0.154901123046875 19840000
1733249525994 0.139874267578125 19890176
1733249568794 0.1395355224609375 19922944
1733249611928 0.148760986328125 19955712
1733249655453 0.13731689453125 19988480
1733249691542 0.1403045654296875 20000000
1733249744653 0.1418487548828125 20054016
1733249787945 0.1426300048828125 20086784
1733249831243 0.1396453857421875 20119552
1733249874784 0.1325714111328125 20152320
1733249909608 0.1356201171875 20160000
1733249964264 0.1390380859375 20217856
1733250007702 0.13602294921875 20250624
1733250051129 0.1409820556640625 20283392
1733250095192 0.1388641357421875 20316160
1733250127813 0.1364776611328125 20320000
1733250183488 0.1422821044921875 20381696
1733250227321 0.1434417724609375 20414464
1733250270278 0.1443328857421875 20447232
1733250314568 0.1410980224609375 20480000
1733250358670 0.13670654296875 20512768
1733250401314 0.1345947265625 20545536
1733250444884 0.1333953857421875 20578304
1733250489036 0.1382080078125 20611072
1733250532015 0.136956787109375 20640000
1733250577028 0.132464599609375 20676608
1733250620350 0.1391265869140625 20709376
1733250663422 0.134637451171875 20742144
1733250707346 0.147601318359375 20774912
1733250749560 0.1502655029296875 20800000
1733250796938 0.1417938232421875 20840448
1733250840534 0.1494171142578125 20873216
1733250883862 0.1384521484375 20905984
1733250927600 0.1433929443359375 20938752
1733250968011 0.148028564453125 20960000
1733251016867 0.144390869140625 21004288
1733251060158 0.1351806640625 21037056
1733251103711 0.1406280517578125 21069824
1733251147612 0.136798095703125 21102592
1733251185789 0.1392242431640625 21120000
1733251235672 0.1332550048828125 21168128
1733251279318 0.13310546875 21200896
1733251322531 0.1381988525390625 21233664
1733251365831 0.1348114013671875 21266432
1733251402031 0.13028564453125 21280000
1733251454417 0.1340667724609375 21331968
1733251497688 0.129351806640625 21364736
1733251541383 0.13675537109375 21397504
1733251584779 0.1394378662109375 21430272
1733251619320 0.1409912109375 21440000
1733251672315 0.1410186767578125 21495808
1733251714936 0.1405181884765625 21528576
1733251758744 0.1433868408203125 21561344
1733251802448 0.13797607421875 21594112
1733251835604 0.1339813232421875 21600000
1733251891167 0.1409698486328125 21659648
1733251934686 0.131988525390625 21692416
1733251978895 0.1287353515625 21725184
1733252021920 0.1384002685546875 21757952
1733252053301 0.1307525634765625 21760000
1733252110086 0.13619384765625 21823488
1733252153673 0.133648681640625 21856256
1733252197327 0.128863525390625 21889024
1733252241387 0.137115478515625 21920000
1733252285396 0.1356231689453125 21954560
1733252327992 0.1343231201171875 21987328
1733252370674 0.1375244140625 22020096
1733252414469 0.1378692626953125 22052864
1733252455905 0.1383148193359375 22080000
1733252502119 0.1354248046875 22118400
1733252544765 0.13409423828125 22151168
1733252588283 0.1365966796875 22183936
1733252631200 0.1422637939453125 22216704
1733252671387 0.143994140625 22240000
1733252718851 0.140289306640625 22282240
1733252762354 0.1322601318359375 22315008
1733252806208 0.1375885009765625 22347776
1733252848882 0.1436279296875 22380544
1733252887519 0.1414306640625 22400000
1733252936221 0.1336273193359375 22446080
1733252979665 0.1411529541015625 22478848
1733253022309 0.136767578125 22511616
1733253065810 0.1352630615234375 22544384
1733253103756 0.141058349609375 22560000
1733253154736 0.1304931640625 22609920
1733253198166 0.1314788818359375 22642688
1733253241541 0.1316131591796875 22675456
1733253284802 0.122308349609375 22708224
1733253321580 0.127410888671875 22720000
1733253374787 0.135125732421875 22773760
1733253417588 0.132537841796875 22806528
1733253460588 0.135064697265625 22839296
1733253504206 0.1324951171875 22872064
1733253538027 0.1447418212890625 22880000
1733253591724 0.1534271240234375 22937600
1733253634736 0.1434326171875 22970368
1733253677568 0.1347412109375 23003136
1733253721263 0.1361297607421875 23035904
1733253754025 0.1384002685546875 23040000
1733253808939 0.1363067626953125 23101440
1733253851885 0.1323974609375 23134208
1733253894984 0.137689208984375 23166976
1733253938390 0.131207275390625 23199744
1733253969465 0.136187744140625 23200000
1733254027237 0.137933349609375 23265280
1733254070948 0.1353973388671875 23298048
1733254114060 0.132879638671875 23330816
1733254157311 0.13658447265625 23360000
1733254202568 0.132952880859375 23396352
1733254245677 0.12845458984375 23429120
1733254289083 0.12431640625 23461888
1733254332822 0.1326873779296875 23494656
1733254374729 0.1279571533203125 23520000
1733254421511 0.129888916015625 23560192
1733254464681 0.1275299072265625 23592960
1733254508188 0.1338958740234375 23625728
1733254551955 0.1396240234375 23658496
1733254591156 0.1332763671875 23680000
