1733223260160 -3.791671436978504 65536
1733223303802 -3.7757819223683327 98304
1733223347472 -3.7480444198008627 131072
1733223391094 -3.772799001913518 160000
1733223435492 -3.749874737346545 196608
1733223478137 -3.7109908629208803 229376
1733223521646 -3.695571929961443 262144
1733223565162 -3.6400021028704943 294912
1733223605755 -3.620396569231525 320000
1733223650595 -3.5966747641563415 360448
1733223692184 -3.6174070021603257 393216
1733223734752 -3.5765032407827677 425984
1733223776809 -3.5422895532101393 458752
1733223816232 -3.4831289120484143 480000
1733223863336 -3.489624641183764 524288
1733223905851 -3.469701525848359 557056
1733223947687 -3.415340398717672 589824
1733223989342 -3.367765938816592 622592
1733224027715 -3.366905293893069 640000
1733224075643 -3.3502002384979277 688128
1733224117547 -3.294960797438398 720896
1733224160015 -3.2305417399387806 753664
1733224201923 -3.222646372066811 786432
1733224239281 -3.190294082183391 800000
1733224289304 -3.146342987101525 851968
1733224331720 -3.100679337885231 884736
1733224373845 -3.0692967873997987 917504
1733224415667 -3.0426572677213697 950272
1733224450756 -3.0048024292103945 960000
1733224502036 -2.9605476402211934 1015808
1733224543632 -2.93921690559946 1048576
1733224585393 -2.887221967894584 1081344
1733224628108 -2.8500289406627415 1114112
1733224661888 -2.814776681549847 1120000
1733224714715 -2.7502499998081475 1179648
1733224756220 -2.729272296046838 1212416
1733224797876 -2.697448920970783 1245184
1733224840056 -2.6423323803115637 1277952
1733224872645 -2.599841717304662 1280000
1733224927064 -2.570837142923847 1343488
1733224968954 -2.533065270166844 1376256
1733225011316 -2.4773896156810222 1409024
1733225054436 -2.454957812419161 1440000
1733225097170 -2.4120545421727 1474560
1733225139043 -2.385082888696343 1507328
1733225181288 -2.3495357516687365 1540096
1733225223760 -2.334004396107048 1572864
1733225265810 -2.313423477858305 1600000
1733225310410 -2.2743692949647083 1638400
1733225353426 -2.2366938073886558 1671168
1733225395994 -2.209533583582379 1703936
1733225437856 -2.1823469126597046 1736704
1733225478963 -2.14751716228202 1760000
1733225524584 -2.1021617244463413 1802240
1733225566879 -2.107228835159913 1835008
1733225609436 -2.0523697972064836 1867776
1733225651456 -2.04041995331645 1900544
1733225690762 -2.0390979897463692 1920000
1733225738623 -1.998652768251486 1966080
1733225780569 -1.9738976328866555 1998848
1733225822882 -1.9554417514707894 2031616
1733225864704 -1.929350941767916 2064384
1733225902485 -1.912826993665658 2080000
1733225951603 -1.914378014812246 2129920
1733225993268 -1.8637147890636698 2162688
1733226035802 -1.8580741186859087 2195456
1733226077852 -1.8354429465951398 2228224
1733226114892 -1.7964615730568767 2240000
1733226165527 -1.7825461186235771 2293760
1733226207814 -1.7725135743850842 2326528
1733226250835 -1.7658776490949095 2359296
1733226292743 -1.7262203817022965 2392064
1733226328090 -1.722286706417799 2400000
1733226380651 -1.7000698630232365 2457600
1733226423121 -1.695634601637721 2490368
1733226464909 -1.6476291993865744 2523136
1733226506539 -1.6502379431854934 2555904
1733226540211 -1.6309735289542004 2560000
1733226593781 -1.6232436346355825 2621440
1733226636270 -1.6077095080632717 2654208
1733226678176 -1.5968968532746657 2686976
1733226720071 -1.6087612670846283 2719744
1733226751747 -1.5824036410078406 2720000
1733226806755 -1.5577933098422363 2785280
1733226849725 -1.5542802517069503 2818048
1733226893287 -1.5401471633231267 2850816
1733226937202 -1.5269101997371763 2880000
1733226981115 -1.512740643764846 2916352
1733227023694 -1.508906346349977 2949120
1733227066110 -1.4826856031082571 2981888
1733227107804 -1.4711489673005418 3014656
1733227149692 -1.45779005845543 3040000
1733227195413 -1.4537558468990028 3080192
1733227237691 -1.4561714163282886 3112960
1733227279412 -1.43358107553795 3145728
1733227321220 -1.4458046513143927 3178496
1733227361192 -1.3993473974755033 3200000
1733227407908 -1.402085813228041 3244032
1733227450734 -1.3938939495244995 3276800
1733227493389 -1.3645107842981816 3309568
1733227535126 -1.386285139597021 3342336
1733227574213 -1.3680773293599486 3360000
1733227622535 -1.3620736361015588 3407872
1733227664399 -1.3445095099275932 3440640
1733227706309 -1.3472940961597488 3473408
1733227748539 -1.3248973455978557 3506176
1733227785533 -1.309321665437892 3520000
1733227835426 -1.3072420420241542 3571712
1733227877814 -1.3056049555772915 3604480
1733227919565 -1.3033898792462424 3637248
1733227962076 -1.2864450084627606 3670016
1733227997568 -1.2987370809307321 3680000
1733228048914 -1.2657198030035943 3735552
1733228091167 -1.2592798721627332 3768320
1733228133451 -1.2619104890851305 3801088
1733228175092 -1.2727302391314879 3833856
1733228209089 -1.2668738393229433 3840000
1733228262069 -1.2397678525187075 3899392
1733228303790 -1.2392629644018598 3932160
1733228346875 -1.2363511838717387 3964928
1733228389621 -1.225374476041179 3997696
1733228423258 -1.2105372866149993 4000000
1733228477756 -1.219433891121298 4063232
1733228520467 -1.2113835713476875 4096000
1733228562619 -1.198740388895385 4128768
1733228607286 -1.1906527816434391 4160000
1733228650176 -1.1812004022533074 4194304
1733228693930 -1.1838716136408038 4227072
1733228736193 -1.1681646768585778 4259840
1733228778284 -1.147881630412303 4292608
1733228820469 -1.1576781790936366 4320000
1733228865708 -1.1562044351012446 4358144
1733228907933 -1.148878599528689 4390912
1733228949868 -1.1477887569577434 4423680
1733228992879 -1.1298082201275974 4456448
1733229034223 -1.140043604641687 4480000
1733229080495 -1.1286457829643042 4521984
1733229122684 -1.117501318338327 4554752
1733229165289 -1.1154069892480039 4587520
1733229208535 -1.1068365333369001 4620288
1733229247705 -1.1021482319221831 4640000
1733229296344 -1.1034523365437052 4685824
1733229339153 -1.0716191201587209 4718592
1733229382752 -1.0859498389065265 4751360
1733229426126 -1.066126827232074 4784128
1733229464059 -1.0647082075243817 4800000
1733229513996 -1.0601827349164523 4849664
1733229556928 -1.0534394451067783 4882432
1733229600050 -1.0565023922361434 4915200
1733229643670 -1.049253962293733 4947968
1733229680477 -1.0474699731450527 4960000
1733229731279 -1.0394564586458728 5013504
1733229774265 -1.0248000027495436 5046272
1733229816947 -1.0214299493585712 5079040
1733229859165 -1.0119398572365754 5111808
1733229893476 -1.0066557848243973 5120000
1733229946429 -0.992905240575783 5177344
1733229989240 -0.9906668354873546 5210112
1733230031526 -0.9929268330684863 5242880
1733230075592 -0.9893186335917562 5275648
1733230108373 -0.9694731188821606 5280000
1733230162475 -0.9620172837283463 5341184
1733230204829 -0.957140690018423 5373952
1733230246988 -0.9465402678935788 5406720
1733230290998 -0.9525487282196992 5439488
1733230323135 -0.9498763795243577 5440000
1733230380297 -0.9356501874513924 5505024
1733230423710 -0.9225469968165271 5537792
1733230467460 -0.9233426714083179 5570560
1733230512020 -0.9256427268963308 5600000
1733230556551 -0.9197317577665671 5636096
1733230599296 -0.9161165216122754 5668864
1733230643038 -0.9070969797554426 5701632
1733230686956 -0.8971466065850109 5734400
1733230729780 -0.896007536072284 5760000
1733230775924 -0.8879287318675779 5799936
1733230818390 -0.8861000948701985 5832704
1733230861623 -0.88994943437865 5865472
1733230904350 -0.8687340776086785 5898240
1733230945070 -0.8731531932833605 5920000
1733230992854 -0.8646928132977336 5963776
1733231036268 -0.8535354482242837 5996544
1733231079316 -0.8396972763119266 6029312
1733231122546 -0.8394987668492832 6062080
1733231161363 -0.8333614241098986 6080000
1733231211291 -0.8335558229940944 6127616
1733231253453 -0.8231441303505562 6160384
1733231296113 -0.8152323372894899 6193152
1733231338515 -0.815634051640518 6225920
1733231375443 -0.8085301134735345 6240000
1733231427645 -0.8041326927253977 6291456
1733231472028 -0.7955207486404106 6324224
1733231514579 -0.793173885019496 6356992
1733231557953 -0.7889857078669593 6389760
1733231593132 -0.7737205305835232 6400000
1733231646323 -0.7791283476632088 6455296
1733231689290 -0.768255797890015 6488064
1733231732259 -0.7616970433737151 6520832
1733231775610 -0.749704096390633 6553600
1733231809851 -0.750164075801149 6560000
1733231864898 -0.7409863430424594 6619136
1733231907460 -0.7363301003235392 6651904
1733231950184 -0.7235957758384757 6684672
1733231993630 -0.7238240723730996 6717440
1733232025903 -0.7162115241982974 6720000
1733232081479 -0.7176922183483839 6782976
1733232124174 -0.7118036739935633 6815744
1733232167546 -0.7085019665304572 6848512
1733232212216 -0.7020633303909563 6880000
1733232256640 -0.6949245967203751 6914048
1733232299584 -0.6906303952215239 6946816
1733232342137 -0.6801475308137015 6979584
1733232385726 -0.6788747871934901 7012352
1733232429080 -0.67683768941788 7040000
1733232473846 -0.6729394006135407 7077888
1733232516737 -0.661859804019332 7110656
1733232559374 -0.6642585642053745 7143424
1733232601370 -0.6596125717216637 7176192
1733232643652 -0.6539542285667267 7200000
1733232691351 -0.6504821066686418 7241728
1733232734530 -0.641490423277719 7274496
1733232777017 -0.640039290918503 7307264
1733232820178 -0.6304349759011529 7340032
1733232859915 -0.6300547320162877 7360000
1733232908385 -0.6207707005611155 7405568
1733232951307 -0.6191740900161676 7438336
1733232993537 -0.6050912015256472 7471104
1733233036157 -0.604866393993143 7503872
1733233073579 -0.6078231615829282 7520000
1733233123889 -0.6030666432634462 7569408
1733233166549 -0.6049620160541963 7602176
1733233208726 -0.5973106881370768 7634944
1733233251943 -0.5928402720892336 7667712
1733233288140 -0.5908027614408639 7680000
1733233339127 -0.5801446878525894 7733248
1733233383012 -0.580821067414945 7766016
1733233425876 -0.571776569337817 7798784
1733233469496 -0.5682448489125818 7831552
1733233503909 -0.5726250382023863 7840000
1733233557993 -0.5714435234724078 7897088
1733233600622 -0.5615523115731775 7929856
1733233643735 -0.5545733949227725 7962624
1733233687156 -0.5540633552707732 7995392
1733233721478 -0.5527835836284793 8000000
1733233776859 -0.5419401026912964 8060928
1733233819966 -0.549095441272948 8093696
1733233862186 -0.5354104724247009 8126464
1733233905861 -0.5347128136025276 8159232
1733233936806 -0.536980678740656 8160000
1733233993441 -0.5298711536452174 8224768
1733234036776 -0.5268458880367689 8257536
1733234079634 -0.5202581773744896 8290304
1733234122765 -0.511496973602334 8320000
1733234167742 -0.5076473982015159 8355840
1733234210325 -0.4978992252785247 8388608
1733234253672 -0.49990376363857647 8421376
1733234297002 -0.49859472897369417 8454144
1733234338589 -0.4974991629947908 8480000
1733234385607 -0.49061499601812103 8519680
1733234428764 -0.4865953275817446 8552448
1733234471664 -0.4831156163767446 8585216
1733234514835 -0.4760118473204784 8617984
1733234555016 -0.4777363499219064 8640000
1733234602441 -0.4691997106419876 8683520
1733234645197 -0.46349953109456693 8716288
1733234688384 -0.46139873602078296 8749056
1733234731222 -0.4658158108824864 8781824
1733234769951 -0.4603105320536997 8800000
1733234819095 -0.45673547565820627 8847360
1733234861999 -0.45207639191648924 8880128
1733234905454 -0.45009082567994485 8912896
1733234948838 -0.45093887200346217 8945664
1733234986701 -0.4404280528018717 8960000
1733235038594 -0.4436630309239263 9011200
1733235083468 -0.442140061192913 9043968
1733235127208 -0.4434360936284065 9076736
1733235170186 -0.435338649834739 9109504
1733235205864 -0.42730394667305516 9120000
1733235259717 -0.4333797708415659 9175040
1733235303287 -0.4256243236770388 9207808
1733235346814 -0.4209394966281252 9240576
1733235390571 -0.4199518527428154 9273344
1733235425322 -0.42028245559195054 9280000
1733235479941 -0.41629489783954343 9338880
1733235523118 -0.41315566888370087 9371648
1733235565977 -0.4095252981525846 9404416
1733235608868 -0.40253825692052486 9437184
1733235641662 -0.40650800317234825 9440000
1733235697193 -0.40116729043947996 9502720
1733235740876 -0.3990438174863812 9535488
1733235783222 -0.40066485790885054 9568256
1733235827686 -0.39764541264157743 9600000
1733235871714 -0.39893857075367123 9633792
1733235915040 -0.3907897170749493 9666560
1733235957581 -0.3895118133077631 9699328
1733236001067 -0.38889566916041074 9732096
1733236044173 -0.3771754969609901 9760000
1733236090073 -0.37988344400073404 9797632
1733236133439 -0.380138263545814 9830400
1733236176752 -0.3785145195754012 9863168
1733236219382 -0.383344264808693 9895936
1733236259807 -0.3857415607315488 9920000
1733236307857 -0.3684211607062025 9961472
1733236351155 -0.3731184475269401 9994240
1733236394463 -0.36768743283173533 10027008
1733236437159 -0.3631108730478445 10059776
1733236476822 -0.3620657068240689 10080000
1733236525622 -0.3627265523042297 10125312
1733236568520 -0.35503417219151745 10158080
1733236611720 -0.3489213445514906 10190848
1733236654828 -0.35304878156166525 10223616
1733236692604 -0.35860328024136834 10240000
1733236743200 -0.35421354666759725 10289152
1733236786272 -0.34741823442454917 10321920
1733236828844 -0.345383635602775 10354688
1733236871739 -0.34261263433727435 10387456
1733236908478 -0.345235619196319 10400000
1733236959823 -0.33776305530045647 10452992
1733237003795 -0.337280026904773 10485760
1733237047007 -0.3350885555148125 10518528
1733237090274 -0.3334926198120229 10551296
1733237124913 -0.3349017640925013 10560000
1733237179748 -0.32782577501493504 10616832
1733237223083 -0.33073014129768125 10649600
1733237266543 -0.32661226081254424 10682368
1733237309552 -0.3325631507934304 10715136
1733237343063 -0.3284098912001355 10720000
1733237401543 -0.3155143189826049 10780672
1733237445863 -0.32240472552075516 10813440
1733237488575 -0.3242142348899506 10846208
1733237531836 -0.3205915087688481 10878976
1733237563603 -0.31880656675202773 10880000
1733237619646 -0.33002298781648276 10944512
1733237663040 -0.3216705399012426 10977280
1733237706034 -0.31052988244628066 11010048
1733237749204 -0.323360139579745 11040000
1733237793928 -0.31911656523880083 11075584
1733237837207 -0.31605582348420286 11108352
1733237881366 -0.31840627745259553 11141120
1733237924204 -0.31651653434382754 11173888
1733237965588 -0.3129435719543835 11200000
1733238013158 -0.31697099619777874 11239424
1733238056339 -0.30960681157885117 11272192
1733238100453 -0.307011554390192 11304960
1733238144471 -0.3070746584358858 11337728
1733238184302 -0.3099617790954653 11360000
1733238231763 -0.30218054429860786 11403264
1733238275409 -0.30203137404459995 11436032
1733238319412 -0.3037499868456507 11468800
1733238363499 -0.3044121457642177 11501568
1733238402588 -0.30511194364808036 11520000
1733238454076 -0.29971909246523865 11567104
1733238497352 -0.3024231689196313 11599872
1733238540871 -0.3090569479827536 11632640
1733238585708 -0.2939091982989339 11665408
1733238623147 -0.29384321556135545 11680000
1733238674265 -0.2977857456222409 11730944
1733238716848 -0.28862557040411047 11763712
1733238759306 -0.29169053576188164 11796480
1733238803159 -0.29536506366566756 11829248
1733238839541 -0.2932332729687914 11840000
1733238892359 -0.28460907521948686 11894784
1733238935505 -0.2918253064271994 11927552
1733238978296 -0.28138641647819895 11960320
1733239023038 -0.28467577195260674 11993088
1733239057350 -0.28555604674329516 12000000
1733239111182 -0.28794644782174145 12058624
1733239154710 -0.28663803325325715 12091392
1733239198142 -0.28774726487754376 12124160
1733239240995 -0.28365735605184456 12156928
1733239273502 -0.2772089533973485 12160000
1733239329981 -0.28592880885407795 12222464
1733239372971 -0.2802402005385375 12255232
1733239415259 -0.27829345389909577 12288000
1733239460241 -0.27334405630535913 12320000
1733239504370 -0.2812619500153232 12353536
1733239547087 -0.2693906781700207 12386304
1733239589762 -0.27381470397522206 12419072
1733239632507 -0.26548412748379635 12451840
1733239675496 -0.2668095643282868 12480000
1733239721331 -0.2683410997793544 12517376
1733239763830 -0.2733047577610705 12550144
1733239807616 -0.25882559386081994 12582912
1733239850419 -0.26027589103323406 12615680
1733239891889 -0.2633140324585838 12640000
1733239938434 -0.2643355035368586 12681216
1733239981055 -0.26520221404207406 12713984
1733240024606 -0.26972898907552006 12746752
1733240067842 -0.2646253591228742 12779520
1733240106817 -0.26202966788841875 12800000
1733240155592 -0.26984449403971666 12845056
1733240198498 -0.2629706514358986 12877824
1733240241636 -0.2622333475519554 12910592
1733240285040 -0.2686517232796177 12943360
1733240323414 -0.271394662981038 12960000
1733240373447 -0.265583474439336 13008896
1733240416800 -0.25777553279767745 13041664
1733240460063 -0.253367777398671 13074432
1733240503618 -0.2549863766544149 13107200
1733240539665 -0.2556827475986211 13120000
1733240591795 -0.2545461402783985 13172736
1733240634439 -0.2542270087389625 13205504
1733240677915 -0.2511409315222409 13238272
1733240721764 -0.2531589194215485 13271040
1733240756586 -0.2526561061589746 13280000
1733240809780 -0.25765663450874854 13336576
1733240853422 -0.25788939495396335 13369344
1733240896709 -0.25126491994597017 13402112
1733240939605 -0.25678036847966723 13434880
1733240972262 -0.2519417882343987 13440000
1733241026681 -0.2523452104185708 13500416
1733241069878 -0.24473707044380716 13533184
1733241112443 -0.24433662002556958 13565952
1733241155839 -0.24323289310705148 13598720
1733241187540 -0.24252475278044586 13600000
1733241244367 -0.24729733830317854 13664256
1733241287930 -0.24147431032179156 13697024
1733241330916 -0.24221342583332445 13729792
1733241374407 -0.24615125459677073 13760000
1733241419557 -0.24409940287587234 13795328
1733241462611 -0.2339875925463275 13828096
1733241506106 -0.24072533050057246 13860864
1733241549273 -0.24379381029575597 13893632
1733241591845 -0.23730358764296397 13920000
1733241637732 -0.23809439753968037 13959168
1733241681454 -0.24116294111590833 13991936
1733241724183 -0.23681532248447185 14024704
1733241767329 -0.23667462938756217 14057472
1733241807683 -0.23789207985828398 14080000
1733241855511 -0.23271822733659064 14123008
1733241899154 -0.24311794538371032 14155776
1733241942903 -0.23532705195539166 14188544
1733241986080 -0.24213087347743567 14221312
1733242025095 -0.24013304122636328 14240000
1733242074029 -0.23316260556457563 14286848
1733242118046 -0.2369637181298458 14319616
1733242161534 -0.2327680123562459 14352384
1733242204576 -0.23343464091740315 14385152
1733242241538 -0.23379363939457107 14400000
1733242292206 -0.22904146946093534 14450688
1733242335086 -0.22929771437193266 14483456
1733242378667 -0.23409457767702407 14516224
1733242421848 -0.22724759015254675 14548992
1733242456842 -0.22712108270497994 14560000
1733242508749 -0.22514376204198924 14614528
1733242552275 -0.22500437796261394 14647296
1733242595243 -0.22206090783438412 14680064
1733242638178 -0.22154916197177954 14712832
1733242671735 -0.2170246068853885 14720000
1733242726276 -0.22465364235977175 14778368
1733242768940 -0.22703126695560058 14811136
1733242811516 -0.21907514278282178 14843904
1733242854456 -0.2237708516040584 14876672
1733242886746 -0.2197366588297882 14880000
1733242942285 -0.2153851874129032 14942208
1733242985968 -0.22697437309252563 14974976
1733243029543 -0.21345499567105436 15007744
1733243074874 -0.21991398832615233 15040000
1733243118497 -0.21459737635595957 15073280
1733243161858 -0.21820430817460873 15106048
1733243205002 -0.21586812555324286 15138816
1733243248282 -0.2137906440446386 15171584
1733243290272 -0.2199288254370913 15200000
1733243335708 -0.22200154117017518 15237120
1733243378551 -0.21963786931737558 15269888
1733243422235 -0.22014342704351292 15302656
1733243466184 -0.21924313652707497 15335424
1733243507083 -0.2228246411701548 15360000
1733243553691 -0.21306447222450514 15400960
1733243596824 -0.21461366648727562 15433728
1733243639967 -0.2157772461112472 15466496
1733243682824 -0.2166559272503946 15499264
1733243721688 -0.20953312912461114 15520000
1733243769652 -0.21271341526007745 15564800
1733243812304 -0.20691596550459507 15597568
1733243855004 -0.21049353292764864 15630336
1733243898415 -0.2103591755469097 15663104
1733243936253 -0.21175348412944003 15680000
1733243985768 -0.20713857342198025 15728640
1733244028783 -0.20538774265005486 15761408
1733244072045 -0.20877022102067713 15794176
1733244115459 -0.20429446786583866 15826944
1733244151756 -0.20258583433023886 15840000
1733244202591 -0.20740372252912492 15892480
1733244246478 -0.20486604689940577 15925248
1733244290690 -0.20576519921887665 15958016
1733244334311 -0.20114368890062906 15990784
1733244369430 -0.20573322988202564 16000000
1733244422023 -0.2036930863294401 16056320
1733244464556 -0.20160123800887958 16089088
1733244507818 -0.21100237789796666 16121856
1733244550474 -0.19711603915930026 16154624
1733244583767 -0.20458810128184268 16160000
1733244638067 -0.20128912465297616 16220160
1733244681225 -0.20014188929781085 16252928
1733244724294 -0.20517035077500623 16285696
1733244767337 -0.19847630922449752 16318464
1733244798215 -0.19808166865259408 16320000
1733244854694 -0.20016033904394134 16384000
1733244897756 -0.20001045310200424 16416768
1733244941192 -0.20024846969026838 16449536
1733244985081 -0.20142648496403126 16480000
1733245030322 -0.19895271492423489 16515072
1733245073746 -0.2028077710463549 16547840
1733245117291 -0.19827542327402625 16580608
1733245160190 -0.19232508001296084 16613376
1733245202224 -0.19649016037292313 16640000
1733245248288 -0.20045702937350143 16678912
1733245291310 -0.20535732397984247 16711680
1733245335105 -0.19548171416681726 16744448
1733245378470 -0.2011972081818385 16777216
1733245419002 -0.19377637496945682 16800000
1733245466631 -0.19572168504964793 16842752
1733245509772 -0.19773991752736036 16875520
1733245553391 -0.20179113614867675 16908288
1733245596191 -0.19376868989202195 16941056
1733245635335 -0.1906670179901994 16960000
1733245685788 -0.19606488964491292 17006592
1733245729629 -0.18968818278444816 17039360
1733245772154 -0.19171185207815142 17072128
1733245815312 -0.19483427195809783 17104896
1733245852356 -0.191174585466797 17120000
1733245903674 -0.19437545724067604 17170432
1733245947531 -0.19068913218798117 17203200
1733245990960 -0.20062510710267817 17235968
1733246034494 -0.195511132820684 17268736
1733246070342 -0.18807296737941215 17280000
1733246123026 -0.19352210982469842 17334272
1733246166380 -0.18697368912253295 17367040
1733246210303 -0.1931723876914475 17399808
1733246253202 -0.18823229059926233 17432576
1733246287468 -0.18958363387500868 17440000
1733246341526 -0.19224335618055194 17498112
1733246385042 -0.19644256466126536 17530880
1733246428659 -0.18594053552951664 17563648
1733246471604 -0.18378058798552957 17596416
1733246503821 -0.1924547742251889 17600000
1733246559623 -0.20763610022695503 17661952
1733246603202 -0.19546134984120728 17694720
1733246646864 -0.19396813583734912 17727488
1733246691615 -0.18406813350738957 17760000
1733246735324 -0.19121617567143404 17793024
1733246778076 -0.19316842260959674 17825792
1733246821960 -0.18770271305256755 17858560
1733246865747 -0.18889764265477424 17891328
1733246908910 -0.1840841649347567 17920000
1733246954612 -0.20836457098193933 17956864
1733246997916 -0.2020139748143265 17989632
1733247040984 -0.18715208623179933 18022400
1733247084433 -0.1880078980480903 18055168
1733247125956 -0.18669047355215299 18080000
1733247172401 -0.1894644252708531 18120704
1733247214936 -0.18100826617592247 18153472
1733247258156 -0.18429598643124337 18186240
1733247300872 -0.1873268628914957 18219008
1733247340244 -0.17883749942848226 18240000
1733247388553 -0.17951158761570696 18284544
1733247431768 -0.19272652282961644 18317312
1733247474717 -0.2146417750584078 18350080
1733247517256 -0.1884144560826826 18382848
1733247555661 -0.18679469650087413 18400000
1733247605924 -0.1875032484618714 18448384
1733247649435 -0.18838636075670365 18481152
1733247693141 -0.18193399801821214 18513920
1733247736738 -0.18279338778083912 18546688
1733247772921 -0.17573470832867316 18560000
1733247824664 -0.179940703252214 18612224
1733247867644 -0.17699004553433043 18644992
1733247910698 -0.18432138875068632 18677760
1733247954408 -0.17879165267877398 18710528
1733247989815 -0.19047466421616263 18720000
1733248042444 -0.18794351979595375 18776064
1733248084965 -0.1782199924426095 18808832
1733248128075 -0.18595480905205478 18841600
1733248170873 -0.17320976021728712 18874368
1733248203503 -0.17672942136996425 18880000
1733248258586 -0.17665318395738722 18939904
1733248301672 -0.17799925364306546 18972672
1733248345135 -0.18498409716848982 19005440
1733248388348 -0.17089588826929686 19038208
1733248420952 -0.18159031317918561 19040000
1733248477687 -0.17464958705750178 19103744
1733248520446 -0.17709048657416132 19136512
1733248563777 -0.17301577330217696 19169280
1733248607750 -0.17345504297409206 19200000
1733248652220 -0.17748398354597156 19234816
1733248695215 -0.17243325396848377 19267584
1733248739336 -0.1721903299971018 19300352
1733248782919 -0.17156966082839062 19333120
1733248825207 -0.16964708391024033 19360000
1733248870995 -0.1769690893488587 19398656
1733248914459 -0.18039515835407655 19431424
1733248957917 -0.1732113059348194 19464192
1733249001675 -0.17347060150204924 19496960
1733249042059 -0.16843889377632876 19520000
1733249089469 -0.17051912275710493 19562496
1733249133245 -0.1662493758230994 19595264
1733249176647 -0.16562375859793974 19628032
1733249219862 -0.16957921491266462 19660800
1733249258745 -0.16182649251495604 19680000
1733249308459 -0.16649805174092763 19726336
1733249351763 -0.1590914633794455 19759104
1733249394880 -0.1635505966252822 19791872
1733249438279 -0.16530729847872863 19824640
1733249475205 -0.16869690171297408 19840000
1733249526056 -0.16466294662968722 19890176
1733249568840 -0.16306985988921952 19922944
1733249612000 -0.16999082602123963 19955712
1733249655529 -0.1627564253663877 19988480
1733249691608 -0.16355193656636402 20000000
1733249744732 -0.16258792327571428 20054016
1733249787976 -0.16201378412151826 20086784
1733249831274 -0.16130267670523607 20119552
1733249874838 -0.15687439048997476 20152320
1733249909640 -0.15771175060071982 20160000
1733249964371 -0.16027408543013735 20217856
1733250007783 -0.15834854201093548 20250624
1733250051264 -0.1617619955984992 20283392
1733250095285 -0.1614334392535966 20316160
1733250127899 -0.16094291343106307 20320000
1733250183570 -0.16293943014607065 20381696
1733250227374 -0.16582771149624023 20414464
1733250270373 -0.1656492107125814 20447232
1733250314602 -0.16076049860857894 20480000
1733250358729 -0.15545372649576167 20512768
1733250401353 -0.1560971346014412 20545536
1733250444940 -0.15541078500609729 20578304
1733250489121 -0.1594481061634724 20611072
1733250532065 -0.15313618927903008 20640000
1733250577067 -0.15088120420332415 20676608
1733250620477 -0.15807021736181923 20709376
1733250663585 -0.1573432862343907 20742144
1733250707433 -0.1662249843342579 20774912
1733250749624 -0.16367147902783472 20800000
1733250797055 -0.16112502136820694 20840448
1733250840592 -0.16634842093189944 20873216
1733250883961 -0.16079835158889183 20905984
1733250927666 -0.1631452783665736 20938752
1733250968043 -0.16441372537374263 20960000
1733251016952 -0.164146934121527 21004288
1733251060210 -0.15779373683108133 21037056
1733251103737 -0.16238345784367994 21069824
1733251147662 -0.15610755047600833 21102592
1733251185864 -0.15658910173224286 21120000
1733251235783 -0.15456446669704746 21168128
1733251279429 -0.15410307361889863 21200896
1733251322653 -0.15539933127438416 21233664
1733251365935 -0.15232546064216876 21266432
1733251402163 -0.1507440969326126 21280000
1733251454512 -0.1513332103015273 21331968
1733251497744 -0.15180231057456695 21364736
1733251541408 -0.15542412539070938 21397504
1733251584823 -0.15532029187306762 21430272
1733251619404 -0.15820284851142788 21440000
1733251672362 -0.1574630336392147 21495808
1733251714974 -0.16028745381045156 21528576
1733251758776 -0.15850681045558304 21561344
1733251802515 -0.1534326018569118 21594112
1733251835656 -0.1489587067750108 21600000
1733251891237 -0.1544375705991115 21659648
1733251934727 -0.14929579653107794 21692416
1733251978931 -0.14665627525464514 21725184
1733252022005 -0.15457385512345354 21757952
1733252053403 -0.15151921598953777 21760000
1733252110230 -0.15317472383394487 21823488
1733252153715 -0.1515780215668201 21856256
1733252197404 -0.15017507253869553 21889024
1733252241436 -0.15299995209861664 21920000
1733252285423 -0.15553886669222267 21954560
1733252328028 -0.15196721025931764 21987328
1733252370756 -0.1539123922397266 22020096
1733252414503 -0.15354604411622857 22052864
1733252455930 -0.15603279955830657 22080000
1733252502166 -0.1507550787369837 22118400
1733252544834 -0.15189488614341826 22151168
1733252588316 -0.15274966008437332 22183936
1733252631252 -0.1585159433852823 22216704
1733252671435 -0.15883894818034605 22240000
1733252718886 -0.15516309277445545 22282240
1733252762387 -0.1494536289392272 22315008
1733252806258 -0.15527087418013252 22347776
1733252848916 -0.15896977689044434 22380544
1733252887562 -0.15378318643706734 22400000
1733252936285 -0.15333764411625453 22446080
1733252979693 -0.15985615458048413 22478848
1733253022358 -0.1535009154918953 22511616
1733253065888 -0.14970179639567505 22544384
1733253103781 -0.15134825854620432 22560000
1733253154799 -0.14630822001490743 22609920
1733253198192 -0.15123700822514366 22642688
1733253241591 -0.14750084436163888 22675456
1733253284832 -0.14121406156555166 22708224
1733253321623 -0.14351855945715214 22720000
1733253374814 -0.14931096503860317 22773760
1733253417622 -0.147500984693761 22806528
1733253460625 -0.1524547938388423 22839296
1733253504233 -0.1492818777456705 22872064
1733253538078 -0.15803453236439963 22880000
1733253591788 -0.15880919751216424 22937600
1733253634777 -0.15947312598727875 22970368
1733253677595 -0.15101281865936472 23003136
1733253721391 -0.15213397136249113 23035904
1733253754175 -0.15383812875443253 23040000
1733253808970 -0.1490091583793401 23101440
1733253851913 -0.14812139562345691 23134208
1733253895011 -0.1525166906438244 23166976
1733253938466 -0.14521005929127567 23199744
1733253969530 -0.15196637860863121 23200000
1733254027333 -0.15013981169176988 23265280
1733254070990 -0.15165439593984048 23298048
1733254114091 -0.14712931453832426 23330816
1733254157331 -0.14782749774167314 23360000
1733254202643 -0.14691887609515106 23396352
1733254245706 -0.13918762837129178 23429120
1733254289112 -0.1386501635548484 23461888
1733254332871 -0.14296480728007738 23494656
1733254374784 -0.13895850328262896 23520000
1733254421563 -0.1408956915642193 23560192
1733254464714 -0.14013718501737457 23592960
1733254508244 -0.14448313922985107 23625728
1733254551987 -0.14751082601142115 23658496
1733254591177 -0.1436729425295198 23680000
