1733223260193 0.0003 65536
1733223304075 0.0003 98304
1733223347490 0.0003 131072
1733223391111 0.0003 160000
1733223435507 0.0003 196608
1733223478203 0.0003 229376
1733223521907 0.0003 262144
1733223565178 0.0003 294912
1733223605775 0.0003 320000
1733223650633 0.0003 360448
1733223692201 0.0003 393216
1733223734822 0.0003 425984
1733223776852 0.0003 458752
1733223816249 0.0003 480000
1733223863395 0.0003 524288
1733223905891 0.0003 557056
1733223947725 0.0003 589824
1733223989359 0.0003 622592
1733224027732 0.0003 640000
1733224075660 0.0003 688128
1733224117690 0.0003 720896
1733224160069 0.0003 753664
1733224201942 0.0003 786432
1733224239298 0.0003 800000
1733224289393 0.0003 851968
1733224331806 0.0003 884736
1733224373867 0.0003 917504
1733224415699 0.0003 950272
1733224450773 0.0003 960000
1733224502058 0.0003 1015808
1733224543661 0.0003 1048576
1733224585533 0.0003 1081344
1733224628156 0.0003 1114112
1733224661905 0.0003 1120000
1733224714732 0.0003 1179648
1733224756237 0.0003 1212416
1733224797948 0.0003 1245184
1733224840119 0.0003 1277952
1733224872663 0.0003 1280000
1733224927081 0.0003 1343488
1733224968977 0.0003 1376256
1733225011340 0.0003 1409024
1733225054503 0.0003 1440000
1733225097191 0.0003 1474560
1733225139068 0.0003 1507328
1733225181310 0.0003 1540096
1733225223781 0.0003 1572864
1733225265832 0.0003 1600000
1733225310427 0.0003 1638400
1733225353682 0.0003 1671168
1733225396012 0.0003 1703936
1733225437885 0.0003 1736704
1733225478980 0.0003 1760000
1733225524617 0.0003 1802240
1733225566897 0.0003 1835008
1733225609461 0.0003 1867776
1733225651473 0.0003 1900544
1733225690838 0.0003 1920000
1733225738640 0.0003 1966080
1733225780586 0.0003 1998848
1733225822948 0.0003 2031616
1733225864721 0.0003 2064384
1733225902502 0.0003 2080000
1733225951680 0.0003 2129920
1733225993285 0.0003 2162688
1733226035823 0.0003 2195456
1733226077869 0.0003 2228224
1733226114909 0.0003 2240000
1733226165544 0.0003 2293760
1733226207862 0.0003 2326528
1733226250903 0.0003 2359296
1733226292776 0.0003 2392064
1733226328124 0.0003 2400000
1733226380789 0.0003 2457600
1733226423138 0.0003 2490368
1733226464926 0.0003 2523136
1733226506556 0.0003 2555904
1733226540230 0.0003 2560000
1733226593798 0.0003 2621440
1733226636337 0.0003 2654208
1733226678191 0.0003 2686976
1733226720088 0.0003 2719744
1733226751762 0.0003 2720000
1733226806772 0.0003 2785280
1733226849769 0.0003 2818048
1733226893341 0.0003 2850816
1733226937219 0.0003 2880000
1733226981132 0.0003 2916352
1733227023711 0.0003 2949120
1733227066133 0.0003 2981888
1733227107822 0.0003 3014656
1733227149718 0.0003 3040000
1733227195430 0.0003 3080192
1733227237710 0.0003 3112960
1733227279440 0.0003 3145728
1733227321237 0.0003 3178496
1733227361209 0.0003 3200000
1733227407984 0.0003 3244032
1733227450814 0.0003 3276800
1733227493470 0.0003 3309568
1733227535144 0.0003 3342336
1733227574233 0.0003 3360000
1733227622566 0.0003 3407872
1733227664416 0.0003 3440640
1733227706335 0.0003 3473408
1733227748564 0.0003 3506176
1733227785631 0.0003 3520000
1733227835443 0.0003 3571712
1733227877836 0.0003 3604480
1733227919591 0.0003 3637248
1733227962112 0.0003 3670016
1733227997589 0.0003 3680000
1733228048938 0.0003 3735552
1733228091192 0.0003 3768320
1733228133491 0.0003 3801088
1733228175120 0.0003 3833856
1733228209114 0.0003 3840000
1733228262086 0.0003 3899392
1733228303812 0.0003 3932160
1733228346904 0.0003 3964928
1733228389642 0.0003 3997696
1733228423282 0.0003 4000000
1733228477775 0.0003 4063232
1733228520553 0.0003 4096000
1733228562756 0.0003 4128768
1733228607305 0.0003 4160000
1733228650193 0.0003 4194304
1733228693947 0.0003 4227072
1733228736219 0.0003 4259840
1733228778307 0.0003 4292608
1733228820553 0.0003 4320000
1733228865741 0.0003 4358144
1733228908004 0.0003 4390912
1733228949885 0.0003 4423680
1733228992897 0.0003 4456448
1733229034243 0.0003 4480000
1733229080513 0.0003 4521984
1733229122701 0.0003 4554752
1733229165544 0.0003 4587520
1733229208552 0.0003 4620288
1733229247798 0.0003 4640000
1733229296360 0.0003 4685824
1733229339341 0.0003 4718592
1733229383011 0.0003 4751360
1733229426167 0.0003 4784128
1733229464080 0.0003 4800000
1733229514063 0.0003 4849664
1733229556946 0.0003 4882432
1733229600342 0.0003 4915200
1733229643688 0.0003 4947968
1733229680571 0.0003 4960000
1733229731297 0.0003 5013504
1733229774304 0.0003 5046272
1733229816964 0.0003 5079040
1733229859186 0.0003 5111808
1733229893493 0.0003 5120000
1733229946469 0.0003 5177344
1733229989287 0.0003 5210112
1733230031589 0.0003 5242880
1733230075617 0.0003 5275648
1733230108441 0.0003 5280000
1733230162535 0.0003 5341184
1733230204943 0.0003 5373952
1733230247071 0.0003 5406720
1733230291284 0.0003 5439488
1733230323300 0.0003 5440000
1733230380457 0.0003 5505024
1733230424005 0.0003 5537792
1733230467519 0.0003 5570560
1733230512076 0.0003 5600000
1733230556593 0.0003 5636096
1733230599364 0.0003 5668864
1733230643330 0.0003 5701632
1733230687091 0.0003 5734400
1733230729884 0.0003 5760000
1733230776028 0.0003 5799936
1733230818557 0.0003 5832704
1733230861686 0.0003 5865472
1733230904564 0.0003 5898240
1733230945153 0.0003 5920000
1733230992967 0.0003 5963776
1733231036720 0.0003 5996544
1733231079424 0.0003 6029312
1733231122613 0.0003 6062080
1733231161436 0.0003 6080000
1733231211361 0.0003 6127616
1733231253516 0.0003 6160384
1733231296203 0.0003 6193152
1733231338623 0.0003 6225920
1733231375518 0.0003 6240000
1733231427917 0.0003 6291456
1733231472103 0.0003 6324224
1733231514659 0.0003 6356992
1733231558002 0.0003 6389760
1733231593197 0.0003 6400000
1733231646374 0.0003 6455296
1733231689316 0.0003 6488064
1733231732351 0.0003 6520832
1733231775894 0.0003 6553600
1733231810128 0.0003 6560000
1733231865012 0.0003 6619136
1733231907502 0.0003 6651904
1733231950213 0.0003 6684672
1733231993663 0.0003 6717440
1733232025939 0.0003 6720000
1733232081512 0.0003 6782976
1733232124224 0.0003 6815744
1733232167598 0.0003 6848512
1733232212458 0.0003 6880000
1733232256672 0.0003 6914048
1733232299617 0.0003 6946816
1733232342163 0.0003 6979584
1733232385776 0.0003 7012352
1733232429151 0.0003 7040000
1733232473871 0.0003 7077888
1733232516761 0.0003 7110656
1733232559434 0.0003 7143424
1733232601386 0.0003 7176192
1733232643951 0.0003 7200000
1733232691393 0.0003 7241728
1733232734547 0.0003 7274496
1733232777034 0.0003 7307264
1733232820245 0.0003 7340032
1733232859934 0.0003 7360000
1733232908447 0.0003 7405568
1733232951324 0.0003 7438336
1733232993553 0.0003 7471104
1733233036174 0.0003 7503872
1733233073604 0.0003 7520000
1733233123906 0.0003 7569408
1733233166568 0.0003 7602176
1733233208754 0.0003 7634944
1733233251959 0.0003 7667712
1733233288157 0.0003 7680000
1733233339150 0.0003 7733248
1733233383332 0.0003 7766016
1733233425942 0.0003 7798784
1733233469527 0.0003 7831552
1733233503926 0.0003 7840000
1733233558027 0.0003 7897088
1733233600639 0.0003 7929856
1733233643777 0.0003 7962624
1733233687407 0.0003 7995392
1733233721529 0.0003 8000000
1733233776878 0.0003 8060928
1733233819982 0.0003 8093696
1733233862203 0.0003 8126464
1733233905890 0.0003 8159232
1733233936823 0.0003 8160000
1733233993532 0.0003 8224768
1733234036811 0.0003 8257536
1733234079706 0.0003 8290304
1733234122798 0.0003 8320000
1733234167866 0.0003 8355840
1733234210468 0.0003 8388608
1733234253727 0.0003 8421376
1733234297361 0.0003 8454144
1733234338622 0.0003 8480000
1733234385651 0.0003 8519680
1733234428798 0.0003 8552448
1733234471697 0.0003 8585216
1733234514851 0.0003 8617984
1733234555072 0.0003 8640000
1733234602459 0.0003 8683520
1733234645246 0.0003 8716288
1733234688472 0.0003 8749056
1733234731238 0.0003 8781824
1733234769968 0.0003 8800000
1733234819113 0.0003 8847360
1733234862016 0.0003 8880128
1733234905540 0.0003 8912896
1733234948856 0.0003 8945664
1733234986747 0.0003 8960000
1733235038860 0.0003 9011200
1733235083744 0.0003 9043968
1733235127252 0.0003 9076736
1733235170250 0.0003 9109504
1733235205881 0.0003 9120000
1733235259980 0.0003 9175040
1733235303319 0.0003 9207808
1733235346831 0.0003 9240576
1733235390837 0.0003 9273344
1733235425341 0.0003 9280000
1733235479958 0.0003 9338880
1733235523194 0.0003 9371648
1733235566024 0.0003 9404416
1733235608895 0.0003 9437184
1733235641712 0.0003 9440000
1733235697227 0.0003 9502720
1733235740968 0.0003 9535488
1733235783272 0.0003 9568256
1733235827714 0.0003 9600000
1733235871789 0.0003 9633792
1733235915068 0.0003 9666560
1733235957623 0.0003 9699328
1733236001093 0.0003 9732096
1733236044284 0.0003 9760000
1733236090116 0.0003 9797632
1733236133465 0.0003 9830400
1733236176777 0.0003 9863168
1733236219449 0.0003 9895936
1733236260064 0.0003 9920000
1733236307913 0.0003 9961472
1733236351180 0.0003 9994240
1733236394515 0.0003 10027008
1733236437248 0.0003 10059776
1733236476847 0.0003 10080000
1733236525658 0.0003 10125312
1733236568545 0.0003 10158080
1733236611758 0.0003 10190848
1733236654858 0.0003 10223616
1733236692629 0.0003 10240000
1733236743239 0.0003 10289152
1733236786292 0.0003 10321920
1733236828924 0.0003 10354688
1733236871801 0.0003 10387456
1733236908503 0.0003 10400000
1733236959844 0.0003 10452992
1733237003844 0.0003 10485760
1733237047062 0.0003 10518528
1733237090302 0.0003 10551296
1733237124947 0.0003 10560000
1733237180004 0.0003 10616832
1733237223159 0.0003 10649600
1733237266616 0.0003 10682368
1733237309704 0.0003 10715136
1733237343116 0.0003 10720000
1733237401768 0.0003 10780672
1733237445880 0.0003 10813440
1733237488592 0.0003 10846208
1733237531855 0.0003 10878976
1733237563620 0.0003 10880000
1733237619749 0.0003 10944512
1733237663073 0.0003 10977280
1733237706127 0.0003 11010048
1733237749238 0.0003 11040000
1733237793962 0.0003 11075584
1733237837374 0.0003 11108352
1733237881393 0.0003 11141120
1733237924330 0.0003 11173888
1733237965629 0.0003 11200000
1733238013465 0.0003 11239424
1733238056357 0.0003 11272192
1733238100698 0.0003 11304960
1733238144506 0.0003 11337728
1733238184319 0.0003 11360000
1733238231788 0.0003 11403264
1733238275646 0.0003 11436032
1733238319479 0.0003 11468800
1733238363757 0.0003 11501568
1733238402621 0.0003 11520000
1733238454297 0.0003 11567104
1733238497367 0.0003 11599872
1733238541138 0.0003 11632640
1733238585958 0.0003 11665408
1733238623166 0.0003 11680000
1733238674282 0.0003 11730944
1733238716869 0.0003 11763712
1733238759401 0.0003 11796480
1733238803419 0.0003 11829248
1733238839608 0.0003 11840000
1733238892376 0.0003 11894784
1733238935521 0.0003 11927552
1733238978317 0.0003 11960320
1733239023308 0.0003 11993088
1733239057383 0.0003 12000000
1733239111227 0.0003 12058624
1733239154947 0.0003 12091392
1733239198208 0.0003 12124160
1733239241065 0.0003 12156928
1733239273657 0.0003 12160000
1733239330022 0.0003 12222464
1733239373017 0.0003 12255232
1733239415296 0.0003 12288000
1733239460258 0.0003 12320000
1733239504387 0.0003 12353536
1733239547108 0.0003 12386304
1733239589835 0.0003 12419072
1733239632551 0.0003 12451840
1733239675520 0.0003 12480000
1733239721348 0.0003 12517376
1733239763871 0.0003 12550144
1733239807672 0.0003 12582912
1733239850443 0.0003 12615680
1733239891906 0.0003 12640000
1733239938459 0.0003 12681216
1733239981129 0.0003 12713984
1733240024625 0.0003 12746752
1733240067878 0.0003 12779520
1733240106834 0.0003 12800000
1733240155619 0.0003 12845056
1733240198515 0.0003 12877824
1733240241661 0.0003 12910592
1733240285107 0.0003 12943360
1733240323503 0.0003 12960000
1733240373480 0.0003 13008896
1733240416887 0.0003 13041664
1733240460095 0.0003 13074432
1733240503667 0.0003 13107200
1733240539715 0.0003 13120000
1733240591820 0.0003 13172736
1733240634461 0.0003 13205504
1733240677944 0.0003 13238272
1733240721798 0.0003 13271040
1733240756604 0.0003 13280000
1733240809797 0.0003 13336576
1733240853451 0.0003 13369344
1733240896729 0.0003 13402112
1733240939668 0.0003 13434880
1733240972282 0.0003 13440000
1733241026699 0.0003 13500416
1733241069894 0.0003 13533184
1733241112468 0.0003 13565952
1733241156028 0.0003 13598720
1733241187560 0.0003 13600000
1733241244384 0.0003 13664256
1733241287995 0.0003 13697024
1733241330934 0.0003 13729792
1733241374446 0.0003 13760000
1733241419574 0.0003 13795328
1733241462704 0.0003 13828096
1733241506124 0.0003 13860864
1733241549294 0.0003 13893632
1733241591864 0.0003 13920000
1733241637817 0.0003 13959168
1733241681563 0.0003 13991936
1733241724224 0.0003 14024704
1733241767354 0.0003 14057472
1733241807708 0.0003 14080000
1733241855612 0.0003 14123008
1733241899185 0.0003 14155776
1733241942935 0.0003 14188544
1733241986100 0.0003 14221312
1733242025110 0.0003 14240000
1733242074057 0.0003 14286848
1733242118100 0.0003 14319616
1733242161612 0.0003 14352384
1733242204656 0.0003 14385152
1733242241554 0.0003 14400000
1733242292223 0.0003 14450688
1733242335171 0.0003 14483456
1733242378689 0.0003 14516224
1733242421868 0.0003 14548992
1733242456858 0.0003 14560000
1733242508772 0.0003 14614528
1733242552304 0.0003 14647296
1733242595266 0.0003 14680064
1733242638211 0.0003 14712832
1733242671751 0.0003 14720000
1733242726294 0.0003 14778368
1733242768984 0.0003 14811136
1733242811567 0.0003 14843904
1733242854528 0.0003 14876672
1733242886763 0.0003 14880000
1733242942338 0.0003 14942208
1733242985998 0.0003 14974976
1733243029579 0.0003 15007744
1733243074899 0.0003 15040000
1733243118554 0.0003 15073280
1733243161882 0.0003 15106048
1733243205032 0.0003 15138816
1733243248315 0.0003 15171584
1733243290294 0.0003 15200000
1733243335730 0.0003 15237120
1733243378591 0.0003 15269888
1733243422287 0.0003 15302656
1733243466208 0.0003 15335424
1733243507105 0.0003 15360000
1733243553775 0.0003 15400960
1733243596853 0.0003 15433728
1733243639984 0.0003 15466496
1733243682883 0.0003 15499264
1733243721708 0.0003 15520000
1733243769677 0.0003 15564800
1733243812331 0.0003 15597568
1733243855027 0.0003 15630336
1733243898437 0.0003 15663104
1733243936270 0.0003 15680000
1733243985881 0.0003 15728640
1733244028882 0.0003 15761408
1733244072063 0.0003 15794176
1733244115475 0.0003 15826944
1733244151773 0.0003 15840000
1733244202608 0.0003 15892480
1733244246742 0.0003 15925248
1733244290707 0.0003 15958016
1733244334327 0.0003 15990784
1733244369450 0.0003 16000000
1733244422075 0.0003 16056320
1733244464572 0.0003 16089088
1733244507838 0.0003 16121856
1733244550545 0.0003 16154624
1733244583787 0.0003 16160000
1733244638117 0.0003 16220160
1733244681279 0.0003 16252928
1733244724338 0.0003 16285696
1733244767362 0.0003 16318464
1733244798244 0.0003 16320000
1733244854782 0.0003 16384000
1733244897778 0.0003 16416768
1733244941266 0.0003 16449536
1733244985097 0.0003 16480000
1733245030572 0.0003 16515072
1733245073809 0.0003 16547840
1733245117308 0.0003 16580608
1733245160212 0.0003 16613376
1733245202247 0.0003 16640000
1733245248319 0.0003 16678912
1733245291343 0.0003 16711680
1733245335135 0.0003 16744448
1733245378542 0.0003 16777216
1733245419027 0.0003 16800000
1733245466676 0.0003 16842752
1733245509791 0.0003 16875520
1733245553462 0.0003 16908288
1733245596216 0.0003 16941056
1733245635365 0.0003 16960000
1733245686023 0.0003 17006592
1733245729657 0.0003 17039360
1733245772186 0.0003 17072128
1733245815336 0.0003 17104896
1733245852373 0.0003 17120000
1733245903691 0.0003 17170432
1733245947570 0.0003 17203200
1733245990998 0.0003 17235968
1733246034510 0.0003 17268736
1733246070367 0.0003 17280000
1733246123042 0.0003 17334272
1733246166463 0.0003 17367040
1733246210341 0.0003 17399808
1733246253229 0.0003 17432576
1733246287485 0.0003 17440000
1733246341566 0.0003 17498112
1733246385065 0.0003 17530880
1733246428753 0.0003 17563648
1733246471631 0.0003 17596416
1733246503838 0.0003 17600000
1733246559638 0.0003 17661952
1733246603324 0.0003 17694720
1733246646897 0.0003 17727488
1733246691632 0.0003 17760000
1733246735344 0.0003 17793024
1733246778098 0.0003 17825792
1733246822231 0.0003 17858560
1733246865763 0.0003 17891328
1733246908926 0.0003 17920000
1733246954637 0.0003 17956864
1733246997932 0.0003 17989632
1733247041003 0.0003 18022400
1733247084482 0.0003 18055168
1733247126044 0.0003 18080000
1733247172417 0.0003 18120704
1733247214958 0.0003 18153472
1733247258172 0.0003 18186240
1733247300893 0.0003 18219008
1733247340286 0.0003 18240000
1733247388583 0.0003 18284544
1733247431788 0.0003 18317312
1733247474733 0.0003 18350080
1733247517312 0.0003 18382848
1733247555719 0.0003 18400000
1733247605977 0.0003 18448384
1733247649468 0.0003 18481152
1733247693378 0.0003 18513920
1733247736840 0.0003 18546688
1733247772989 0.0003 18560000
1733247824697 0.0003 18612224
1733247867708 0.0003 18644992
1733247910732 0.0003 18677760
1733247954512 0.0003 18710528
1733247989848 0.0003 18720000
1733248042477 0.0003 18776064
1733248084999 0.0003 18808832
1733248128109 0.0003 18841600
1733248170906 0.0003 18874368
1733248203578 0.0003 18880000
1733248258661 0.0003 18939904
1733248301705 0.0003 18972672
1733248345168 0.0003 19005440
1733248388381 0.0003 19038208
1733248421002 0.0003 19040000
1733248477712 0.0003 19103744
1733248520526 0.0003 19136512
1733248563803 0.0003 19169280
1733248607840 0.0003 19200000
1733248652253 0.0003 19234816
1733248695267 0.0003 19267584
1733248739420 0.0003 19300352
1733248782954 0.0003 19333120
1733248825240 0.0003 19360000
1733248871022 0.0003 19398656
1733248914484 0.0003 19431424
1733248957942 0.0003 19464192
1733249001701 0.0003 19496960
1733249042104 0.0003 19520000
1733249089556 0.0003 19562496
1733249133288 0.0003 19595264
1733249176750 0.0003 19628032
1733249219914 0.0003 19660800
1733249258782 0.0003 19680000
1733249308572 0.0003 19726336
1733249351797 0.0003 19759104
1733249394922 0.0003 19791872
1733249438310 0.0003 19824640
1733249475222 0.0003 19840000
1733249526086 0.0003 19890176
1733249568926 0.0003 19922944
1733249612038 0.0003 19955712
1733249655593 0.0003 19988480
1733249691666 0.0003 20000000
1733249744808 0.0003 20054016
1733249788023 0.0003 20086784
1733249831308 0.0003 20119552
1733249874900 0.0003 20152320
1733249909700 0.0003 20160000
1733249964414 0.0003 20217856
1733250007884 0.0003 20250624
1733250051322 0.0003 20283392
1733250095369 0.0003 20316160
1733250127967 0.0003 20320000
1733250183606 0.0003 20381696
1733250227421 0.0003 20414464
1733250270441 0.0003 20447232
1733250314643 0.0003 20480000
1733250358758 0.0003 20512768
1733250401397 0.0003 20545536
1733250445027 0.0003 20578304
1733250489176 0.0003 20611072
1733250532090 0.0003 20640000
1733250577145 0.0003 20676608
1733250620535 0.0003 20709376
1733250663681 0.0003 20742144
1733250707485 0.0003 20774912
1733250749716 0.0003 20800000
1733250797180 0.0003 20840448
1733250840642 0.0003 20873216
1733250884007 0.0003 20905984
1733250927773 0.0003 20938752
1733250968077 0.0003 20960000
1733251017004 0.0003 21004288
1733251060256 0.0003 21037056
1733251103779 0.0003 21069824
1733251147712 0.0003 21102592
1733251185954 0.0003 21120000
1733251235912 0.0003 21168128
1733251279500 0.0003 21200896
1733251322720 0.0003 21233664
1733251366015 0.0003 21266432
1733251402259 0.0003 21280000
1733251454578 0.0003 21331968
1733251497803 0.0003 21364736
1733251541442 0.0003 21397504
1733251584866 0.0003 21430272
1733251619472 0.0003 21440000
1733251672403 0.0003 21495808
1733251715027 0.0003 21528576
1733251758830 0.0003 21561344
1733251802569 0.0003 21594112
1733251835696 0.0003 21600000
1733251891287 0.0003 21659648
1733251934794 0.0003 21692416
1733251978950 0.0003 21725184
1733252022079 0.0003 21757952
1733252053517 0.0003 21760000
1733252110468 0.0003 21823488
1733252153736 0.0003 21856256
1733252197531 0.0003 21889024
1733252241502 0.0003 21920000
1733252285439 0.0003 21954560
1733252328068 0.0003 21987328
1733252370789 0.0003 22020096
1733252414580 0.0003 22052864
1733252455947 0.0003 22080000
1733252502200 0.0003 22118400
1733252544854 0.0003 22151168
1733252588339 0.0003 22183936
1733252631294 0.0003 22216704
1733252671450 0.0003 22240000
1733252718911 0.0003 22282240
1733252762407 0.0003 22315008
1733252806316 0.0003 22347776
1733252849002 0.0003 22380544
1733252887578 0.0003 22400000
1733252936361 0.0003 22446080
1733252979715 0.0003 22478848
1733253022415 0.0003 22511616
1733253065939 0.0003 22544384
1733253103819 0.0003 22560000
1733253154839 0.0003 22609920
1733253198211 0.0003 22642688
1733253241661 0.0003 22675456
1733253284857 0.0003 22708224
1733253321646 0.0003 22720000
1733253374839 0.0003 22773760
1733253417686 0.0003 22806528
1733253460650 0.0003 22839296
1733253504264 0.0003 22872064
1733253538103 0.0003 22880000
1733253591881 0.0003 22937600
1733253634799 0.0003 22970368
1733253677620 0.0003 23003136
1733253721485 0.0003 23035904
1733253754248 0.0003 23040000
1733253809042 0.0003 23101440
1733253851966 0.0003 23134208
1733253895034 0.0003 23166976
1733253938496 0.0003 23199744
1733253969562 0.0003 23200000
1733254027392 0.0003 23265280
1733254071007 0.0003 23298048
1733254114149 0.0003 23330816
1733254157347 0.0003 23360000
1733254202707 0.0003 23396352
1733254245753 0.0003 23429120
1733254289145 0.0003 23461888
1733254332943 0.0003 23494656
1733254374818 0.0003 23520000
1733254421657 0.0003 23560192
1733254464802 0.0003 23592960
1733254508298 0.0003 23625728
1733254552020 0.0003 23658496
1733254591205 0.0003 23680000
