1733223260210 -0.05788534879684448 65536
1733223304210 -0.06406688690185547 98304
1733223347498 -0.05170808732509613 131072
1733223391119 -0.0488889180123806 160000
1733223435515 -0.04603893682360649 196608
1733223478227 -0.026731478050351143 229376
1733223522049 -0.0029257740825414658 262144
1733223565187 -0.0013487949036061764 294912
1733223605784 -0.047502607107162476 320000
1733223650675 -0.025325438007712364 360448
1733223692209 -0.03821058198809624 393216
1733223734839 -0.04079221189022064 425984
1733223776860 -0.051197025924921036 458752
1733223816258 -0.04133393242955208 480000
1733223863403 -0.05175507441163063 524288
1733223905903 -0.0392167754471302 557056
1733223947742 -0.03260226547718048 589824
1733223989368 -0.03889038786292076 622592
1733224027740 -0.0021122065372765064 640000
1733224075669 -0.022757578641176224 688128
1733224117706 -0.048349469900131226 720896
1733224160122 -0.02717464789748192 753664
1733224201950 -0.021880367770791054 786432
1733224239306 -0.03939057141542435 800000
1733224289535 -0.05258432775735855 851968
1733224331814 -0.03531945124268532 884736
1733224373891 -0.05939878150820732 917504
1733224415707 -0.024827659130096436 950272
1733224450781 -0.041952911764383316 960000
1733224502066 -0.049182094633579254 1015808
1733224543703 -0.042339809238910675 1048576
1733224585573 -0.045883908867836 1081344
1733224628166 -0.043146826326847076 1114112
1733224661914 -0.048378102481365204 1120000
1733224714740 -0.035317014902830124 1179648
1733224756245 -0.04541464522480965 1212416
1733224797996 -0.04889499023556709 1245184
1733224840205 -0.01902882009744644 1277952
1733224872671 -0.03836708143353462 1280000
1733224927089 -0.06793376803398132 1343488
1733224968986 -0.0278696920722723 1376256
1733225011349 -0.0696590468287468 1409024
1733225054520 -0.04512884467840195 1440000
1733225097200 -0.03637798875570297 1474560
1733225139107 -0.040544793009757996 1507328
1733225181322 -0.05492991954088211 1540096
1733225223793 -0.05697001516819 1572864
1733225265841 -0.03301960602402687 1600000
1733225310436 -0.04868616163730621 1638400
1733225353837 -0.023299720138311386 1671168
1733225396020 -0.04971303045749664 1703936
1733225437896 -0.042940884828567505 1736704
1733225478988 -0.018606357276439667 1760000
1733225524648 -0.06393256038427353 1802240
1733225566905 -0.05075358226895332 1835008
1733225609473 -0.052390486001968384 1867776
1733225651481 -0.011124061420559883 1900544
1733225690924 -0.03653489425778389 1920000
1733225738648 -0.0348576121032238 1966080
1733225780595 -0.04612073302268982 1998848
1733225822971 -0.062118131667375565 2031616
1733225864729 -0.06702399253845215 2064384
1733225902510 -0.047499217092990875 2080000
1733225951712 -0.020259566605091095 2129920
1733225993293 -0.04147986322641373 2162688
1733226035831 -0.030310947448015213 2195456
1733226077877 -0.0485883466899395 2228224
1733226114917 -0.026937684044241905 2240000
1733226165553 -0.026638947427272797 2293760
1733226207879 -0.011245845817029476 2326528
1733226250912 -0.03620128706097603 2359296
1733226292791 -0.044392965734004974 2392064
1733226328135 -0.04798325523734093 2400000
1733226380825 -0.03308241814374924 2457600
1733226423147 -0.021116621792316437 2490368
1733226464935 -0.044489920139312744 2523136
1733226506565 -0.05731453746557236 2555904
1733226540239 -0.04157079756259918 2560000
1733226593807 -0.03626013547182083 2621440
1733226636370 -0.025898732244968414 2654208
1733226678200 -0.025401316583156586 2686976
1733226720096 -0.03583228588104248 2719744
1733226751771 -0.05247870460152626 2720000
1733226806780 -0.04634427651762962 2785280
1733226849794 -0.022952523082494736 2818048
1733226893364 -0.02752482332289219 2850816
1733226937227 -0.023390715941786766 2880000
1733226981140 -0.02929711900651455 2916352
1733227023720 -0.07105989754199982 2949120
1733227066141 -0.018054302781820297 2981888
1733227107830 -0.05303711071610451 3014656
1733227149726 -0.04744811728596687 3040000
1733227195438 -0.0706065371632576 3080192
1733227237718 -0.03871392086148262 3112960
1733227279480 -0.06453122943639755 3145728
1733227321245 -0.06710564345121384 3178496
1733227361217 -0.043912094086408615 3200000
1733227408029 -0.06624124199151993 3244032
1733227450834 -0.04140567034482956 3276800
1733227493509 -0.04458349570631981 3309568
1733227535152 -0.03548533841967583 3342336
1733227574241 -0.024792764335870743 3360000
1733227622582 -0.06098385527729988 3407872
1733227664424 -0.024234293028712273 3440640
1733227706346 -0.06231383979320526 3473408
1733227748584 -0.048172809183597565 3506176
1733227785662 0.005866245366632938 3520000
1733227835457 -0.04143112525343895 3571712
1733227877848 -0.039968762546777725 3604480
1733227919603 -0.04302360862493515 3637248
1733227962124 -0.03709233179688454 3670016
1733227997598 -0.016238709911704063 3680000
1733228048950 -0.02450483851134777 3735552
1733228091205 -0.047107674181461334 3768320
1733228133522 -0.03536316007375717 3801088
1733228175150 -0.010292813181877136 3833856
1733228209128 0.0028519381303340197 3840000
1733228262094 -0.03232820704579353 3899392
1733228303824 -0.05460088700056076 3932160
1733228346935 -0.03686022758483887 3964928
1733228389657 -0.01832680031657219 3997696
1733228423290 -0.07932363450527191 4000000
1733228477783 -0.05171201005578041 4063232
1733228520563 0.0017294760327786207 4096000
1733228562782 -0.03146293759346008 4128768
1733228607313 -0.0627894327044487 4160000
1733228650201 -0.040783677250146866 4194304
1733228693955 -0.050635334104299545 4227072
1733228736227 -0.0419427864253521 4259840
1733228778315 -0.04589308798313141 4292608
1733228820603 -0.03198177367448807 4320000
1733228865758 -0.033287163823843 4358144
1733228908012 -0.02975465916097164 4390912
1733228949893 -0.07111857831478119 4423680
1733228992906 -0.03145889192819595 4456448
1733229034251 -0.0211553405970335 4480000
1733229080521 -0.03469879925251007 4521984
1733229122709 -0.04152623191475868 4554752
1733229165672 -0.07882796227931976 4587520
1733229208560 -0.026243800297379494 4620288
1733229247822 -0.04102669656276703 4640000
1733229296369 -0.03035527467727661 4685824
1733229339382 -0.05247771367430687 4718592
1733229383141 -0.062063269317150116 4751360
1733229426174 -0.04023918882012367 4784128
1733229464088 -0.059148989617824554 4800000
1733229514077 -0.01973019354045391 4849664
1733229556954 -0.043057605624198914 4882432
1733229600459 -0.025714736431837082 4915200
1733229643696 -0.06459689885377884 4947968
1733229680586 -0.06244569271802902 4960000
1733229731305 -0.0362381748855114 5013504
1733229774362 -0.03791715204715729 5046272
1733229816973 -0.06849944591522217 5079040
1733229859194 -0.04924720898270607 5111808
1733229893501 -0.012190953828394413 5120000
1733229946498 -0.07218994945287704 5177344
1733229989304 -0.07056595385074615 5210112
1733230031606 0.005880078300833702 5242880
1733230075634 -0.04622583091259003 5275648
1733230108548 -0.0338265523314476 5280000
1733230162615 -0.05093317851424217 5341184
1733230204979 -0.04909440875053406 5373952
1733230247096 -0.03821970149874687 5406720
1733230291421 -0.02344558946788311 5439488
1733230323354 -0.01412266306579113 5440000
1733230380492 -0.03795899823307991 5505024
1733230424154 -0.04510512948036194 5537792
1733230467599 -0.04931677132844925 5570560
1733230512137 -0.04901851713657379 5600000
1733230556639 -0.03976143151521683 5636096
1733230599422 -0.07202668488025665 5668864
1733230643480 -0.08256231248378754 5701632
1733230687149 -0.060685817152261734 5734400
1733230729922 -0.02045305259525776 5760000
1733230776068 -0.015558158047497272 5799936
1733230818600 -0.05687806382775307 5832704
1733230861744 -0.06704817712306976 5865472
1733230904719 -0.025966636836528778 5898240
1733230945203 -0.008415492251515388 5920000
1733230993013 -0.044240012764930725 5963776
1733231036803 -0.04270804300904274 5996544
1733231079464 -0.044000282883644104 6029312
1733231122671 -0.03080878220498562 6062080
1733231161470 -0.06178372725844383 6080000
1733231211396 -0.04789380356669426 6127616
1733231253537 -0.04955215007066727 6160384
1733231296239 -0.044192783534526825 6193152
1733231338650 -0.034249089658260345 6225920
1733231375556 -0.02496407926082611 6240000
1733231428087 -0.04996640607714653 6291456
1733231472152 -0.05441245809197426 6324224
1733231514703 -0.03629343956708908 6356992
1733231558034 -0.08072087913751602 6389760
1733231593259 -0.027072947472333908 6400000
1733231646459 -0.055520687252283096 6455296
1733231689349 -0.03445614129304886 6488064
1733231732376 -0.056372735649347305 6520832
1733231775931 -0.06369175761938095 6553600
1733231810259 -0.06446338444948196 6560000
1733231865072 -0.008661914616823196 6619136
1733231907518 -0.05289430916309357 6651904
1733231950228 -0.03788920119404793 6684672
1733231993680 -0.021826675161719322 6717440
1733232025955 -0.05996331200003624 6720000
1733232081531 -0.05014479532837868 6782976
1733232124240 -0.05035120248794556 6815744
1733232167637 -0.02712835744023323 6848512
1733232212580 -0.058340683579444885 6880000
1733232256689 -0.07174795866012573 6914048
1733232299634 -0.045346107333898544 6946816
1733232342184 -0.06313734501600266 6979584
1733232385796 -0.038860488682985306 7012352
1733232429167 -0.03231164813041687 7040000
1733232473889 -0.05575874447822571 7077888
1733232516776 -0.028133824467658997 7110656
1733232559447 -0.06433913856744766 7143424
1733232601402 -0.06956720352172852 7176192
1733232644091 -0.07286720722913742 7200000
1733232691410 -0.036153942346572876 7241728
1733232734557 -0.04230682551860809 7274496
1733232777045 -0.039659302681684494 7307264
1733232820258 -0.05000174045562744 7340032
1733232859954 -0.026039933785796165 7360000
1733232908467 -0.018134770914912224 7405568
1733232951338 -0.05633409693837166 7438336
1733232993568 -0.035366982221603394 7471104
1733233036189 -0.055428989231586456 7503872
1733233073621 -0.05378636717796326 7520000
1733233123923 -0.03149035573005676 7569408
1733233166584 -0.06102076545357704 7602176
1733233208775 -0.06109980493783951 7634944
1733233251976 -0.03763507306575775 7667712
1733233288169 -0.03729824721813202 7680000
1733233339163 -0.045721519738435745 7733248
1733233383484 -0.0485093854367733 7766016
1733233425964 -0.03779898211359978 7798784
1733233469552 -0.053053319454193115 7831552
1733233503942 -0.036461226642131805 7840000
1733233558043 -0.057957008481025696 7897088
1733233600657 -0.03259524330496788 7929856
1733233643793 -0.03523979336023331 7962624
1733233687525 -0.025766044855117798 7995392
1733233721553 -0.02508923038840294 8000000
1733233776895 -0.04533124715089798 8060928
1733233819995 -0.04521046578884125 8093696
1733233862217 -0.039690375328063965 8126464
1733233905905 -0.06248006597161293 8159232
1733233936842 -0.0742030069231987 8160000
1733233993549 -0.0228364747017622 8224768
1733234036842 -0.05440647155046463 8257536
1733234079781 -0.03163130581378937 8290304
1733234122835 -0.014897546730935574 8320000
1733234167886 -0.06611961871385574 8355840
1733234210490 -0.06079854443669319 8388608
1733234253744 -0.0357283353805542 8421376
1733234297381 -0.05752045288681984 8454144
1733234338639 -0.052754223346710205 8480000
1733234385675 -0.01926674321293831 8519680
1733234428817 -0.04430442675948143 8552448
1733234471714 -0.05444053187966347 8585216
1733234514868 -0.06247549131512642 8617984
1733234555083 -0.04499271139502525 8640000
1733234602470 -0.048453330993652344 8683520
1733234645263 -0.03166206553578377 8716288
1733234688497 -0.031173063442111015 8749056
1733234731250 -0.038601480424404144 8781824
1733234769981 -0.009298527613282204 8800000
1733234819126 -0.05119853839278221 8847360
1733234862030 -0.056539762765169144 8880128
1733234905584 -0.06288524717092514 8912896
1733234948873 -0.050402842462062836 8945664
1733234986766 -0.059702351689338684 8960000
1733235038917 -0.018834758549928665 9011200
1733235083889 -0.047894299030303955 9043968
1733235127265 -0.03665829077363014 9076736
1733235170276 -0.033511362969875336 9109504
1733235205891 -0.028923016041517258 9120000
1733235260110 -0.05168857425451279 9175040
1733235303339 -0.04975330829620361 9207808
1733235346844 -0.025066280737519264 9240576
1733235390979 -0.05911899358034134 9273344
1733235425355 -0.03418946638703346 9280000
1733235479981 -0.041318684816360474 9338880
1733235523219 -0.03578861430287361 9371648
1733235566041 -0.03103678487241268 9404416
1733235608904 -0.039813727140426636 9437184
1733235641731 -0.024729616940021515 9440000
1733235697236 -0.04325001686811447 9502720
1733235741010 -0.035814203321933746 9535488
1733235783311 -0.06028671935200691 9568256
1733235827731 -0.064224012196064 9600000
1733235871801 -0.04518294706940651 9633792
1733235915085 -0.026309818029403687 9666560
1733235957640 -0.06746780127286911 9699328
1733236001110 -0.05144037306308746 9732096
1733236044342 -0.05125504359602928 9760000
1733236090128 -0.04068755358457565 9797632
1733236133482 -0.055840082466602325 9830400
1733236176811 -0.050538185983896255 9863168
1733236219482 5.532221985049546e-05 9895936
1733236260210 -0.03921633958816528 9920000
1733236307922 -0.040251318365335464 9961472
1733236351193 -0.043882809579372406 9994240
1733236394545 -0.04275365546345711 10027008
1733236437285 -0.03648463264107704 10059776
1733236476860 -0.036813706159591675 10080000
1733236525674 -0.032267820090055466 10125312
1733236568557 -0.035980693995952606 10158080
1733236611769 -0.05424240231513977 10190848
1733236654894 -0.03454575315117836 10223616
1733236692637 -0.0327676422894001 10240000
1733236743247 -0.03309447318315506 10289152
1733236786301 -0.03775474429130554 10321920
1733236828952 -0.02510928362607956 10354688
1733236871827 -0.04399874433875084 10387456
1733236908523 -0.035708509385585785 10400000
1733236959854 -0.03583510220050812 10452992
1733237003861 -0.042409904301166534 10485760
1733237047073 -0.029548371210694313 10518528
1733237090310 -0.051995985209941864 10551296
1733237124967 -0.044863104820251465 10560000
1733237180130 -0.035706907510757446 10616832
1733237223233 -0.05360851809382439 10649600
1733237266632 -0.059555113315582275 10682368
1733237309735 0.5951403379440308 10715136
1733237343132 -0.06238372623920441 10720000
1733237401893 -0.02126672863960266 10780672
1733237445888 -0.037252042442560196 10813440
1733237488600 -0.02345728687942028 10846208
1733237531863 -0.024494536221027374 10878976
1733237563628 -0.026212653145194054 10880000
1733237619769 -0.0695120096206665 10944512
1733237663098 -0.01761363446712494 10977280
1733237706151 -0.02295493520796299 11010048
1733237749259 -0.0406842939555645 11040000
1733237793978 -0.042939476668834686 11075584
1733237837407 -0.037306513637304306 11108352
1733237881410 -0.027860144153237343 11141120
1733237924382 -0.03869960084557533 11173888
1733237965687 -0.029242869466543198 11200000
1733238013625 -0.05370917171239853 11239424
1733238056365 -0.03641802445054054 11272192
1733238100810 -0.03715688735246658 11304960
1733238144522 -0.026366593316197395 11337728
1733238184327 -0.07434401661157608 11360000
1733238231796 -0.03732790797948837 11403264
1733238275776 -0.01656845025718212 11436032
1733238319512 -0.051872868090867996 11468800
1733238363865 -0.026168566197156906 11501568
1733238402638 -0.044415734708309174 11520000
1733238454414 -0.06933128088712692 11567104
1733238497376 -0.037353914231061935 11599872
1733238541289 -0.06403817236423492 11632640
1733238586103 -0.011549973860383034 11665408
1733238623174 -0.005653206259012222 11680000
1733238674290 -0.07327573001384735 11730944
1733238716877 -0.015510866418480873 11763712
1733238759452 -0.027443792670965195 11796480
1733238803544 -0.05387342348694801 11829248
1733238839641 -0.01468864269554615 11840000
1733238892384 -0.035972628742456436 11894784
1733238935530 -0.05994671210646629 11927552
1733238978330 -0.04091133549809456 11960320
1733239023421 -0.030176648870110512 11993088
1733239057400 -0.015836752951145172 12000000
1733239111252 -0.03989669308066368 12058624
1733239155101 -0.05126066133379936 12091392
1733239198224 -0.07104846090078354 12124160
1733239241095 -0.03296830505132675 12156928
1733239273694 -0.044936537742614746 12160000
1733239330038 -0.03039531223475933 12222464
1733239373034 -0.035591185092926025 12255232
1733239415329 -0.05659175664186478 12288000
1733239460300 -0.04332584887742996 12320000
1733239504395 -0.03547276183962822 12353536
1733239547116 -0.017144829034805298 12386304
1733239589861 -0.05133220553398132 12419072
1733239632587 -0.046573441475629807 12451840
1733239675528 -0.04184570908546448 12480000
1733239721356 -0.04444212093949318 12517376
1733239763883 -0.055554524064064026 12550144
1733239807703 -0.035689499229192734 12582912
1733239850493 -0.0416659377515316 12615680
1733239891914 -0.03470301628112793 12640000
1733239938492 -0.021630030125379562 12681216
1733239981140 -0.032447509467601776 12713984
1733240024633 -0.026860816404223442 12746752
1733240067922 -0.0337599478662014 12779520
1733240106842 -0.043179403990507126 12800000
1733240155628 -0.0260957982391119 12845056
1733240198523 -0.005173115059733391 12877824
1733240241674 -0.05711967125535011 12910592
1733240285166 -0.05326765030622482 12943360
1733240323548 -0.0586116723716259 12960000
1733240373507 -0.045895785093307495 13008896
1733240416934 -0.03352679684758186 13041664
1733240460130 -0.025090305134654045 13074432
1733240503679 -0.019143782556056976 13107200
1733240539740 -0.05412012338638306 13120000
1733240591856 -0.06079074740409851 13172736
1733240634474 -0.02812105603516102 13205504
1733240677966 -0.027994874864816666 13238272
1733240721810 -0.04420577362179756 13271040
1733240756612 -0.04268934205174446 13280000
1733240809805 -0.03076314553618431 13336576
1733240853463 -0.06175524368882179 13369344
1733240896737 -0.0344637930393219 13402112
1733240939690 -0.05634448304772377 13434880
1733240972295 -0.03122319094836712 13440000
1733241026707 -0.019726281985640526 13500416
1733241069903 -0.030474860221147537 13533184
1733241112478 -0.030917061492800713 13565952
1733241156040 -0.03829037770628929 13598720
1733241187568 -0.04702788591384888 13600000
1733241244392 -0.05784334987401962 13664256
1733241288010 -0.050055619329214096 13697024
1733241330942 -0.03825695067644119 13729792
1733241374462 -0.026040799915790558 13760000
1733241419582 -0.028410490602254868 13795328
1733241462725 -0.02762014977633953 13828096
1733241506131 -0.041882965713739395 13860864
1733241549302 -0.04366261884570122 13893632
1733241591872 -0.025870809331536293 13920000
1733241637826 -0.027464715763926506 13959168
1733241681573 -0.01701313629746437 13991936
1733241724262 -0.046912141144275665 14024704
1733241767362 -0.04283039644360542 14057472
1733241807717 -0.020622916519641876 14080000
1733241855629 -0.05530363321304321 14123008
1733241899198 -0.029278432950377464 14155776
1733241942948 -0.042003825306892395 14188544
1733241986112 -0.04900030791759491 14221312
1733242025119 -0.04084449261426926 14240000
1733242074070 -0.028848320245742798 14286848
1733242118108 -0.04533880203962326 14319616
1733242161620 9.137074812315404e-05 14352384
1733242204665 -0.04129616543650627 14385152
1733242241563 -0.023637937381863594 14400000
1733242292231 -0.02871599793434143 14450688
1733242335207 -0.0319623202085495 14483456
1733242378697 -0.03463703766465187 14516224
1733242421876 -0.039089057594537735 14548992
1733242456867 -0.05434238165616989 14560000
1733242508783 -0.014575946144759655 14614528
1733242552312 -0.026083769276738167 14647296
1733242595274 -0.002506798366084695 14680064
1733242638220 -0.04270780831575394 14712832
1733242671760 -0.028772572055459023 14720000
1733242726302 -0.026312625035643578 14778368
1733242768992 -0.047688473016023636 14811136
1733242811598 -0.04138306528329849 14843904
1733242854551 -0.04122012108564377 14876672
1733242886771 -0.020530851557850838 14880000
1733242942364 -0.016162637621164322 14942208
1733242986009 -0.03241207078099251 14974976
1733243029587 -0.05778006836771965 15007744
1733243074907 -0.043245576322078705 15040000
1733243118563 -0.0324496291577816 15073280
1733243161890 -0.057403918355703354 15106048
1733243205070 -0.04817010462284088 15138816
1733243248331 -0.03096434287726879 15171584
1733243290302 -0.01316628698259592 15200000
1733243335739 -0.05172469839453697 15237120
1733243378607 -0.05255715921521187 15269888
1733243422312 -0.023341918364167213 15302656
1733243466217 -0.030633455142378807 15335424
1733243507113 -0.03632478043437004 15360000
1733243553800 -0.011531428433954716 15400960
1733243596862 -0.04631771892309189 15433728
1733243639992 -0.008403311483561993 15466496
1733243682894 -0.03883625939488411 15499264
1733243721716 -0.032483603805303574 15520000
1733243769685 -0.04240043833851814 15564800
1733243812340 -0.0383073054254055 15597568
1733243855035 -0.0189103614538908 15630336
1733243898454 -0.041077807545661926 15663104
1733243936278 -0.06600596755743027 15680000
1733243985902 -0.030658023431897163 15728640
1733244028892 -0.050867121666669846 15761408
1733244072071 -0.03894248232245445 15794176
1733244115483 -0.04872032627463341 15826944
1733244151781 -0.019608626142144203 15840000
1733244202616 -0.047913141548633575 15892480
1733244246863 -0.04020307958126068 15925248
1733244290715 -0.045882899314165115 15958016
1733244334336 -0.04394233226776123 15990784
1733244369458 -0.03547791391611099 16000000
1733244422108 -0.01030523981899023 16056320
1733244464580 -0.020704418420791626 16089088
1733244507847 -0.05420144647359848 16121856
1733244550617 -0.03298654407262802 16154624
1733244583795 -0.04839817434549332 16160000
1733244638132 -0.021003732457756996 16220160
1733244681291 -0.019779209047555923 16252928
1733244724359 -0.01735510304570198 16285696
1733244767374 -0.031108029186725616 16318464
1733244798257 -0.015892012044787407 16320000
1733244854794 -0.016232997179031372 16384000
1733244897790 -0.026759421452879906 16416768
1733244941277 -0.024666830897331238 16449536
1733244985105 -0.02051243558526039 16480000
1733245030714 -0.022138481959700584 16515072
1733245073842 -0.019825957715511322 16547840
1733245117316 -0.034326352179050446 16580608
1733245160220 -0.016607826575636864 16613376
1733245202264 -0.0037481184117496014 16640000
1733245248327 -0.02309165894985199 16678912
1733245291383 -0.04155365377664566 16711680
1733245335155 -0.04172121360898018 16744448
1733245378581 -0.05763023719191551 16777216
1733245419035 -0.01716925948858261 16800000
1733245466687 -0.04902716353535652 16842752
1733245509800 -0.048050135374069214 16875520
1733245553470 -0.025775596499443054 16908288
1733245596225 -0.0494990348815918 16941056
1733245635382 -0.03976094350218773 16960000
1733245686147 -0.05003559589385986 17006592
1733245729667 -0.03966023772954941 17039360
1733245772197 -0.025920351967215538 17072128
1733245815348 -0.03516450896859169 17104896
1733245852381 -0.040381379425525665 17120000
1733245903699 -0.06018061190843582 17170432
1733245947586 -0.060847580432891846 17203200
1733245991011 -0.024272063747048378 17235968
1733246034519 -0.02779027633368969 17268736
1733246070407 -0.03240393102169037 17280000
1733246123051 -0.010914864018559456 17334272
1733246166528 -0.0332479402422905 17367040
1733246210350 -0.03928574547171593 17399808
1733246253237 0.04591531679034233 17432576
1733246287494 -0.04577453061938286 17440000
1733246341635 -0.03876519948244095 17498112
1733246385073 -0.03876578435301781 17530880
1733246428760 -0.03992893546819687 17563648
1733246471639 -0.03313259780406952 17596416
1733246503846 -0.029504338279366493 17600000
1733246559646 -0.03405037149786949 17661952
1733246603333 -0.057932645082473755 17694720
1733246646914 -0.033867865800857544 17727488
1733246691640 -0.02841373346745968 17760000
1733246735352 -0.034129928797483444 17793024
1733246778106 -0.05115566402673721 17825792
1733246822351 -0.04353375360369682 17858560
1733246865772 -0.026306604966521263 17891328
1733246908938 -0.030557483434677124 17920000
1733246954654 -0.013906236737966537 17956864
1733246997941 -0.04250813275575638 17989632
1733247041011 -0.045096926391124725 18022400
1733247084507 -0.029911017045378685 18055168
1733247126101 -0.046992190182209015 18080000
1733247172431 -0.03648170456290245 18120704
1733247215010 -0.015240739099681377 18153472
1733247258181 -0.03851601108908653 18186240
1733247300901 -0.0408354327082634 18219008
1733247340319 -0.044455211609601974 18240000
1733247388592 -0.05518658086657524 18284544
1733247431805 -0.056113678961992264 18317312
1733247474742 -0.03483723849058151 18350080
1733247517321 -0.03852860629558563 18382848
1733247555749 -0.018091285601258278 18400000
1733247605986 -0.03658754751086235 18448384
1733247649485 -0.045875608921051025 18481152
1733247693503 -0.021655762568116188 18513920
1733247736858 -0.05266494303941727 18546688
1733247773005 -0.037715088576078415 18560000
1733247824714 -0.03369496762752533 18612224
1733247867723 -0.041301701217889786 18644992
1733247910748 -0.035926833748817444 18677760
1733247954571 -0.045629218220710754 18710528
1733247989865 -0.011752013117074966 18720000
1733248042494 -0.04385261610150337 18776064
1733248085016 -0.0026338568422943354 18808832
1733248128125 -0.021748745813965797 18841600
1733248170923 -0.041526082903146744 18874368
1733248203595 -0.018426641821861267 18880000
1733248258678 -0.025272853672504425 18939904
1733248301722 -0.04802780598402023 18972672
1733248345185 -0.03780032694339752 19005440
1733248388398 -0.02055993862450123 19038208
1733248421035 -0.041664913296699524 19040000
1733248477729 -0.029454803094267845 19103744
1733248520542 -0.021892553195357323 19136512
1733248563820 -0.03608434274792671 19169280
1733248607873 -0.029805349186062813 19200000
1733248652270 -0.043531421571969986 19234816
1733248695315 -0.028020666912198067 19267584
1733248739437 -0.00931305717676878 19300352
1733248782971 -0.0355772040784359 19333120
1733248825257 -0.025055743753910065 19360000
1733248871035 -0.04285835474729538 19398656
1733248914524 -0.01350664533674717 19431424
1733248957962 -0.04684291034936905 19464192
1733249001717 -0.03725495934486389 19496960
1733249042117 -0.02574963867664337 19520000
1733249089592 -0.0569273978471756 19562496
1733249133305 -0.05850835517048836 19595264
1733249176780 -0.029848812147974968 19628032
1733249219929 -0.014724545180797577 19660800
1733249258799 -0.026977356523275375 19680000
1733249308656 -0.03078041411936283 19726336
1733249351813 -0.036411918699741364 19759104
1733249394973 -0.04300626739859581 19791872
1733249438321 -0.05041582137346268 19824640
1733249475230 -0.04082346335053444 19840000
1733249526098 -0.021675510331988335 19890176
1733249568935 -0.022968590259552002 19922944
1733249612076 -0.03570377454161644 19955712
1733249655612 -0.034752991050481796 19988480
1733249691687 -0.017803706228733063 20000000
1733249744825 -0.06425224989652634 20054016
1733249788035 -0.03248130902647972 20086784
1733249831324 0.15966501832008362 20119552
1733249874920 -0.02794068679213524 20152320
1733249909763 -0.029405107721686363 20160000
1733249964440 -0.03398360311985016 20217856
1733250007941 -0.020976582542061806 20250624
1733250051373 -0.024631718173623085 20283392
1733250095422 -0.015856200829148293 20316160
1733250127984 -0.02959417924284935 20320000
1733250183626 -0.023489145562052727 20381696
1733250227461 -0.02226501889526844 20414464
1733250270465 -0.018497483804821968 20447232
1733250314660 -0.02742466703057289 20480000
1733250358776 -0.030267655849456787 20512768
1733250401413 -0.01453582663089037 20545536
1733250445043 -0.01940474659204483 20578304
1733250489188 -0.04171512648463249 20611072
1733250532130 -0.03177965432405472 20640000
1733250577161 -0.020154515281319618 20676608
1733250620562 -0.02859717607498169 20709376
1733250663710 -0.031041419133543968 20742144
1733250707509 -0.030788777396082878 20774912
1733250749749 -0.02115737460553646 20800000
1733250797223 -0.04544777050614357 20840448
1733250840673 -0.019854404032230377 20873216
1733250884041 -0.055755700916051865 20905984
1733250927787 -0.028636254370212555 20938752
1733250968094 -0.04659480229020119 20960000
1733251017026 -0.036615706980228424 21004288
1733251060314 -0.015974365174770355 21037056
1733251103812 -0.02671307697892189 21069824
1733251147786 -0.022747941315174103 21102592
1733251185979 -0.029451558366417885 21120000
1733251235986 -0.04063441604375839 21168128
1733251279524 -0.05078110098838806 21200896
1733251322764 -0.04210652410984039 21233664
1733251366056 -0.048832908272743225 21266432
1733251402318 -0.030260417610406876 21280000
1733251454612 -0.03225798159837723 21331968
1733251497836 -0.04068542271852493 21364736
1733251541466 -0.05044162645936012 21397504
1733251584884 -0.034985803067684174 21430272
1733251619487 -0.014573403634130955 21440000
1733251672420 -0.04283592849969864 21495808
1733251715043 -0.02500411681830883 21528576
1733251758849 -0.047898069024086 21561344
1733251802590 -0.015974584966897964 21594112
1733251835713 -0.04151557758450508 21600000
1733251891302 -0.02646089904010296 21659648
1733251934821 -0.04619068279862404 21692416
1733251978970 -0.01847863383591175 21725184
1733252022123 -0.038260169327259064 21757952
1733252053602 -0.019521966576576233 21760000
1733252110529 -0.04365062713623047 21823488
1733252153745 -0.02622913010418415 21856256
1733252197575 -0.032013021409511566 21889024
1733252241527 -0.04082898423075676 21920000
1733252285447 -0.05264478921890259 21954560
1733252328093 -0.03691411390900612 21987328
1733252370797 -0.04077864810824394 22020096
1733252414592 -0.04185263812541962 22052864
1733252455955 -0.03909582272171974 22080000
1733252502217 -0.029659850522875786 22118400
1733252544869 -0.03917556628584862 22151168
1733252588391 -0.025255220010876656 22183936
1733252631318 -0.014767772518098354 22216704
1733252671460 -0.003640813520178199 22240000
1733252718919 -0.023080477491021156 22282240
1733252762415 -0.02315022610127926 22315008
1733252806361 -0.00451792823150754 22347776
1733252849020 -0.028283707797527313 22380544
1733252887629 -0.047729164361953735 22400000
1733252936386 -0.026893911883234978 22446080
1733252979734 -0.02457091584801674 22478848
1733253022431 -0.04291611909866333 22511616
1733253065967 -0.03200370818376541 22544384
1733253103850 -0.03570100665092468 22560000
1733253154907 -0.04212978109717369 22609920
1733253198219 -0.05221812427043915 22642688
1733253241674 -0.03599162772297859 22675456
1733253284877 -0.02025783620774746 22708224
1733253321658 -0.0434182733297348 22720000
1733253374851 -0.03110402077436447 22773760
1733253417730 -0.009411856532096863 22806528
1733253460663 0.006963722407817841 22839296
1733253504276 -0.04204166680574417 22872064
1733253538123 -0.03010505810379982 22880000
1733253591900 -0.03135430067777634 22937600
1733253634811 -0.05273010954260826 22970368
1733253677632 -0.03139607608318329 23003136
1733253721523 -0.02935854159295559 23035904
1733253754276 -0.026805447414517403 23040000
1733253809051 -0.033020563423633575 23101440
1733253852023 -0.023600725457072258 23134208
1733253895042 -0.05864003673195839 23166976
1733253938510 -0.009264994412660599 23199744
1733253969578 0.004325424320995808 23200000
1733254027417 -0.028465770184993744 23265280
1733254071016 -0.0410553514957428 23298048
1733254114169 -0.040582314133644104 23330816
1733254157356 -0.05672956258058548 23360000
1733254202763 -0.04546329379081726 23396352
1733254245785 -0.030326293781399727 23429120
1733254289162 -0.010878962464630604 23461888
1733254332954 -0.025020837783813477 23494656
1733254374825 -0.019488617777824402 23520000
1733254421675 -0.027947602793574333 23560192
1733254464850 -0.027626095339655876 23592960
1733254508327 -0.04369610175490379 23625728
1733254552037 -0.04276719316840172 23658496
1733254591219 -0.04836709797382355 23680000
