1733223260289 -0.027358542471074544 65536
1733223304533 -0.028266031404132263 98304
1733223347563 -0.0261410432066441 131072
1733223391184 -0.024639704108358272 160000
1733223435584 -0.02098584812486024 196608
1733223478285 -0.021098695242244503 229376
1733223522366 -0.02235063190114488 262144
1733223565278 -0.020585226490607057 294912
1733223605842 -0.020292598349533363 320000
1733223650779 -0.0186082670186579 360448
1733223692270 -0.020956470779142932 393216
1733223734899 -0.021905709430734534 425984
1733223776934 -0.023227656144945284 458752
1733223816349 -0.024868572028253766 480000
1733223863445 -0.024326245211568676 524288
1733223906005 -0.02694330743061073 557056
1733223947801 -0.02790182405321957 589824
1733223989419 -0.028524299790024087 622592
1733224027825 -0.02913455127522866 640000
1733224075724 -0.029271375633493336 688128
1733224117767 -0.029457808973552345 720896
1733224160174 -0.029418481302627697 753664
1733224202015 -0.030013190353088248 786432
1733224239388 -0.031057114652776364 800000
1733224289594 -0.030881774928093363 851968
1733224331905 -0.03220705637745595 884736
1733224374009 -0.0322185601783076 917504
1733224415751 -0.03136060312920108 950272
1733224450846 -0.03168500348806447 960000
1733224502119 -0.032661453990249355 1015808
1733224543794 -0.03330395338375638 1048576
1733224585694 -0.03211397413206214 1081344
1733224628271 -0.032901942448688715 1114112
1733224661977 -0.03216038717846459 1120000
1733224714804 -0.031911597848556995 1179648
1733224756332 -0.03240963342827854 1212416
1733224798116 -0.0325091246084412 1245184
1733224840307 -0.034418759820391644 1277952
1733224872733 -0.03359785246429965 1280000
1733224927143 -0.03211379659646809 1343488
1733224969042 -0.032491759839149384 1376256
1733225011415 -0.03272330940471875 1409024
1733225054585 -0.03283017433511759 1440000
1733225097289 -0.0317211000157613 1474560
1733225139245 -0.0331431323020297 1507328
1733225181381 -0.0330066418334809 1540096
1733225223852 -0.033356999395800814 1572864
1733225265908 -0.0329944952473852 1600000
1733225310478 -0.033073620552295326 1638400
1733225354097 -0.0334319631012022 1671168
1733225396105 -0.033902688779198796 1703936
1733225437963 -0.03268464873663106 1736704
1733225479048 -0.03308908087467444 1760000
1733225524803 -0.0341701732078036 1802240
1733225566966 -0.033590974916387496 1835008
1733225609529 -0.033567057076493254 1867776
1733225651562 -0.03305465714320235 1900544
1733225691034 -0.03316714820457491 1920000
1733225738702 -0.03376996562637942 1966080
1733225780657 -0.03205981797759705 1998848
1733225823020 -0.03267187023252518 2031616
1733225864815 -0.03235081826669557 2064384
1733225902568 -0.03336981671927788 2080000
1733225951770 -0.03346299764043579 2129920
1733225993354 -0.033491806749862005 2162688
1733226035894 -0.03233922593653915 2195456
1733226077937 -0.033322404337650366 2228224
1733226115004 -0.033472111245464474 2240000
1733226165616 -0.033553254011894754 2293760
1733226207986 -0.033278909218961414 2326528
1733226250972 -0.03306737830403108 2359296
1733226292848 -0.032385419051433925 2392064
1733226328227 -0.03281552462162836 2400000
1733226380937 -0.033734103095548564 2457600
1733226423206 -0.03281009629013169 2490368
1733226465019 -0.03299763147351768 2523136
1733226506652 -0.03289463847841034 2555904
1733226540337 -0.032613558776438366 2560000
1733226593865 -0.03277956415599874 2621440
1733226636459 -0.03395820771752369 2654208
1733226678258 -0.03291003142714999 2686976
1733226720155 -0.032831115920225785 2719744
1733226751830 -0.03281015404345453 2720000
1733226806848 -0.03362528363477395 2785280
1733226849863 -0.03300252324052053 2818048
1733226893477 -0.03391715877023671 2850816
1733226937288 -0.03333474023238523 2880000
1733226981256 -0.03244178980930883 2916352
1733227023806 -0.032377695927107195 2949120
1733227066198 -0.03348636069913482 2981888
1733227108014 -0.03316445147538616 3014656
1733227149781 -0.03298219027924461 3040000
1733227195502 -0.0326541090586943 3080192
1733227237779 -0.03306419205996462 3112960
1733227279618 -0.03286242567564841 3145728
1733227321393 -0.03399023904489695 3178496
1733227361281 -0.03396984629143844 3200000
1733227408143 -0.03346915083711792 3244032
1733227450892 -0.032713621879838686 3276800
1733227493566 -0.03292651353303881 3309568
1733227535211 -0.032351637684587334 3342336
1733227574299 -0.03181402820982839 3360000
1733227622656 -0.03215460614828771 3407872
1733227664510 -0.03305487286074822 3440640
1733227706436 -0.03317581964001874 3473408
1733227748673 -0.03394917838031688 3506176
1733227785703 -0.03162722656479673 3520000
1733227835520 -0.03248905956320414 3571712
1733227877942 -0.03274487103612955 3604480
1733227919734 -0.03374247352330713 3637248
1733227962212 -0.03350355535535528 3670016
1733227997654 -0.03273053998782416 3680000
1733228049033 -0.033537528629767624 3735552
1733228091288 -0.03292535971995676 3768320
1733228133639 -0.03225052177031103 3801088
1733228175302 -0.033486546465246646 3833856
1733228209224 -0.03354971698413465 3840000
1733228262154 -0.033567884563990444 3899392
1733228303884 -0.03313266900095187 3932160
1733228347085 -0.03302650424529929 3964928
1733228389765 -0.03266284187047859 3997696
1733228423382 -0.034120475536155936 4000000
1733228477855 -0.03336604331816488 4063232
1733228520644 -0.033567642233447256 4096000
1733228562824 -0.031749475768265256 4128768
1733228607404 -0.033832201101631654 4160000
1733228650295 -0.033162242727212285 4194304
1733228694038 -0.03259008611316858 4227072
1733228736281 -0.0329520300429067 4259840
1733228778374 -0.032915574233993536 4292608
1733228820803 -0.031940876073895196 4320000
1733228865834 -0.03273765861347329 4358144
1733228908075 -0.033124747299916636 4390912
1733228949982 -0.03263963367062388 4423680
1733228992995 -0.033222644114221114 4456448
1733229034357 -0.03358339713481655 4480000
1733229080621 -0.032985266526475245 4521984
1733229122800 -0.03427636822052591 4554752
1733229165915 -0.03305373803204929 4587520
1733229208625 -0.03199968954218093 4620288
1733229247957 -0.03338676329658483 4640000
1733229296429 -0.032884072609977014 4685824
1733229339568 -0.03252951004415081 4718592
1733229383436 -0.0331966948446734 4751360
1733229426245 -0.031548223270920064 4784128
1733229464149 -0.034238935730809314 4800000
1733229514143 -0.03310945713774345 4849664
1733229557041 -0.03353711790209672 4882432
1733229600774 -0.03216766856985487 4915200
1733229643755 -0.03303045101511089 4947968
1733229680702 -0.03266658273978464 4960000
1733229731415 -0.03269912667869903 5013504
1733229774477 -0.03329785306327722 5046272
1733229817028 -0.03281766741188221 5079040
1733229859253 -0.03467883784010155 5111808
1733229893569 -0.033412772331257654 5120000
1733229946619 -0.033085687317634435 5177344
1733229989421 -0.03149256327842522 5210112
1733230031673 -0.03281431678119588 5242880
1733230075710 -0.03442977512791003 5275648
1733230108713 -0.03356472081745778 5280000
1733230162705 -0.032741076718548354 5341184
1733230205106 -0.03226479339396064 5373952
1733230247262 -0.03139860950509501 5406720
1733230291818 -0.032889661969466036 5439488
1733230323569 -0.032707331989240626 5440000
1733230380592 -0.033058552429884 5505024
1733230424428 -0.03203818250444783 5537792
1733230467742 -0.03192765179855996 5570560
1733230512245 -0.0331464382707054 5600000
1733230556812 -0.03246358509782112 5636096
1733230599568 -0.0330329974498909 5668864
1733230643841 -0.03410569679508626 5701632
1733230687332 -0.032515477570223085 5734400
1733230730078 -0.03290300293929249 5760000
1733230776216 -0.031758854134841384 5799936
1733230818677 -0.03143758343162517 5832704
1733230861845 -0.032173118983564564 5865472
1733230904817 -0.03294829914993898 5898240
1733230945378 -0.03419643951910985 5920000
1733230993168 -0.03446431621187003 5963776
1733231037003 -0.032712613834291915 5996544
1733231079639 -0.031083449664856745 6029312
1733231122780 -0.03442166446375268 6062080
1733231161585 -0.034672300039437685 6080000
1733231211590 -0.03369783820035081 6127616
1733231253646 -0.03298311062935681 6160384
1733231296339 -0.03115833692177148 6193152
1733231338810 -0.03262878472883131 6225920
1733231375743 -0.03138513788064756 6240000
1733231428516 -0.031391308874299285 6291456
1733231472380 -0.03298247241677928 6324224
1733231514776 -0.032709701416251846 6356992
1733231558116 -0.03378333905875479 6389760
1733231593365 -0.03210964694089853 6400000
1733231646601 -0.03320912799681537 6455296
1733231689430 -0.03180773811677682 6488064
1733231732506 -0.03362816968251536 6520832
1733231776031 -0.03066922873904332 6553600
1733231810515 -0.03501279881584196 6560000
1733231865229 -0.03167624446609807 6619136
1733231907654 -0.031635027958600404 6651904
1733231950334 -0.03168195121188546 6684672
1733231993797 -0.03156182113107207 6717440
1733232026086 -0.03035042259330112 6720000
1733232081723 -0.032583791996012225 6782976
1733232124367 -0.03204967269944063 6815744
1733232167737 -0.0339882763341393 6848512
1733232212946 -0.03142197051847688 6880000
1733232256833 -0.031230008028342127 6914048
1733232299802 -0.03193969654894317 6946816
1733232342279 -0.032776365410472866 6979584
1733232385915 -0.03280695062212544 7012352
1733232429242 -0.032562704374322494 7040000
1733232473982 -0.031012981022263374 7077888
1733232516835 -0.030456876087998807 7110656
1733232559509 -0.0303561223543511 7143424
1733232601544 -0.03254425725563124 7176192
1733232644350 -0.030780088814026385 7200000
1733232691498 -0.03350654227506311 7241728
1733232734616 -0.029784626277023562 7274496
1733232777145 -0.029248982610806707 7307264
1733232820337 -0.030985401875022946 7340032
1733232860048 -0.03131349012992359 7360000
1733232908557 -0.030789546278720083 7405568
1733232951477 -0.032219105021840735 7438336
1733232993628 -0.03039545860515318 7471104
1733233036355 -0.02921498299160703 7503872
1733233073727 -0.0318420021908878 7520000
1733233124010 -0.0322920025420899 7569408
1733233166654 -0.03151425682399349 7602176
1733233208859 -0.03476876551153509 7634944
1733233252121 -0.03205951828135767 7667712
1733233288238 -0.03003567478885998 7680000
1733233339254 -0.02981947530179241 7733248
1733233383883 -0.02777740881979298 7766016
1733233426025 -0.02875740463055081 7798784
1733233469598 -0.03006164076487039 7831552
1733233504028 -0.031149360601102672 7840000
1733233558213 -0.028755248827883405 7897088
1733233600715 -0.03056732525406005 7929856
1733233643927 -0.030160958746978394 7962624
1733233687804 -0.02807714462687727 7995392
1733233721633 -0.02774304156500875 8000000
1733233777042 -0.028674385900058042 8060928
1733233820084 -0.033222821380741153 8093696
1733233862292 -0.029920903141692178 8126464
1733233905970 -0.030999064960951728 8159232
1733233936949 -0.03261105958608823 8160000
1733233993655 -0.0302515824514785 8224768
1733234036986 -0.02692679887848044 8257536
1733234079883 -0.030658257216555285 8290304
1733234122980 -0.026453385962940956 8320000
1733234168038 -0.03028626352866013 8355840
1733234210575 -0.02911142053603726 8388608
1733234253908 -0.02778473245648456 8421376
1733234297502 -0.026297910676203174 8454144
1733234338760 -0.030715288560872977 8480000
1733234385798 -0.030591513732497334 8519680
1733234428928 -0.029864275403360806 8552448
1733234471830 -0.02645420160208687 8585216
1733234514931 -0.0286309885317678 8617984
1733234555229 -0.027270660367184972 8640000
1733234602553 -0.02910988735752653 8683520
1733234645348 -0.028095049363719225 8716288
1733234688648 -0.030101648296613347 8749056
1733234731310 -0.029366921109681244 8781824
1733234770036 -0.02935916037181414 8800000
1733234819259 -0.030752038938862823 8847360
1733234862089 -0.026681824063689418 8880128
1733234905662 -0.02932320643753883 8912896
1733234949004 -0.03062077480763037 8945664
1733234986845 -0.028171020403851797 8960000
1733235039058 -0.02828376087582001 9011200
1733235084214 -0.028919639571290644 9043968
1733235127364 -0.026168834284385413 9076736
1733235170339 -0.029736653900818054 9109504
1733235205950 -0.027459799504731562 9120000
1733235260417 -0.027410291565820442 9175040
1733235303456 -0.026072277452749405 9207808
1733235346936 -0.026278714429531648 9240576
1733235391298 -0.028451819127667477 9273344
1733235425480 -0.02828143837209609 9280000
1733235480063 -0.027840784722229728 9338880
1733235523379 -0.029380447116409414 9371648
1733235566099 -0.025958563902668173 9404416
1733235609034 -0.024648324880354268 9437184
1733235641828 -0.028368364105790533 9440000
1733235697308 -0.025447690448345384 9502720
1733235741137 -0.02652467212760712 9535488
1733235783384 -0.027660226306261394 9568256
1733235827820 -0.028560021153452908 9600000
1733235871905 -0.025723510093575895 9633792
1733235915211 -0.025497660167820867 9666560
1733235957749 -0.026925295850082874 9699328
1733236001236 -0.029959359589383894 9732096
1733236044425 -0.025756480753784672 9760000
1733236090184 -0.024750729577544917 9797632
1733236133568 -0.03132846391304156 9830400
1733236176995 -0.025359351556926413 9863168
1733236219599 -0.02685441171461207 9895936
1733236260487 -0.026679819048558782 9920000
1733236307986 -0.024136893284412507 9961472
1733236351256 -0.029240904008747747 9994240
1733236394625 -0.026416564389273846 10027008
1733236437348 -0.030048399152656204 10059776
1733236476995 -0.027569331948643593 10080000
1733236525751 -0.02634750666354648 10125312
1733236568641 -0.028382087311229043 10158080
1733236611855 -0.024220087417552348 10190848
1733236654990 -0.024198731189608226 10223616
1733236692724 -0.028040035453477684 10240000
1733236743335 -0.028924146665713125 10289152
1733236786354 -0.026832514287525554 10321920
1733236829016 -0.028441267889184017 10354688
1733236871924 -0.025052654483670268 10387456
1733236908578 -0.027512559696924656 10400000
1733236959948 -0.025532587665952632 10452992
1733237004010 -0.02372278594802992 10485760
1733237047160 -0.026508166855796843 10518528
1733237090366 -0.023594234829488414 10551296
1733237125108 -0.027574284089632785 10560000
1733237180445 -0.021533664100024906 10616832
1733237223333 -0.025582714409256368 10649600
1733237266712 -0.02593319470638562 10682368
1733237309948 -0.02816205023254952 10715136
1733237343192 -0.027712410632830142 10720000
1733237402196 -0.02488156801987316 10780672
1733237445981 -0.025750859871823194 10813440
1733237488654 -0.030102826906477274 10846208
1733237531960 -0.028156080324424692 10878976
1733237563722 -0.02709643453613353 10880000
1733237619864 -0.02984147768954699 10944512
1733237663203 -0.021435068548453274 10977280
1733237706208 -0.023021634171618642 11010048
1733237749392 -0.027631517184954647 11040000
1733237794097 -0.02693878889476764 11075584
1733237837542 -0.022211996068699592 11108352
1733237881524 -0.027755298179408784 11141120
1733237924528 -0.02578369254665631 11173888
1733237965767 -0.02339878966299693 11200000
1733238013968 -0.0301917747896141 11239424
1733238056428 -0.025248727045482155 11272192
1733238101091 -0.027112105678577338 11304960
1733238144578 -0.027195568971569627 11337728
1733238184459 -0.026702229277043445 11360000
1733238231854 -0.025852914944289297 11403264
1733238276026 -0.02296014799812838 11436032
1733238319617 -0.02654357395485931 11468800
1733238364169 -0.02556183344153169 11501568
1733238402745 -0.02625085465228949 11520000
1733238454669 -0.027362446027245822 11567104
1733238497434 -0.02604868981884465 11599872
1733238541605 -0.02780189962913937 11632640
1733238586426 -0.026872494734652717 11665408
1733238623238 -0.019644843991181916 11680000
1733238674376 -0.027380719003576814 11730944
1733238716928 -0.02774404332603808 11763712
1733238759591 -0.02464742012452916 11796480
1733238803829 -0.027502345648281336 11829248
1733238839716 -0.025612119027164225 11840000
1733238892440 -0.02899736980614307 11894784
1733238935594 -0.027094037863935227 11927552
1733238978435 -0.023644204244192224 11960320
1733239023719 -0.025160199498895964 11993088
1733239057517 -0.02530102296648238 12000000
1733239111355 -0.023450371209855804 12058624
1733239155451 -0.023306619644426974 12091392
1733239198344 -0.026374453322750922 12124160
1733239241266 -0.028625592937487454 12156928
1733239273883 -0.026384920460213835 12160000
1733239330136 -0.030912776320474223 12222464
1733239373098 -0.028934737458394012 12255232
1733239415452 -0.027356104662010237 12288000
1733239460403 -0.02522591234196625 12320000
1733239504456 -0.028976285199405538 12353536
1733239547174 -0.022110342032101472 12386304
1733239589994 -0.02707666143805909 12419072
1733239632650 -0.024961097372147377 12451840
1733239675584 -0.02455039690621561 12480000
1733239721440 -0.015724300376632527 12517376
1733239763930 -0.028419522907188365 12550144
1733239807770 -0.02474180007459381 12582912
1733239850573 -0.023104808490643336 12615680
1733239892021 -0.027113408966624775 12640000
1733239938590 -0.02049619074759903 12681216
1733239981204 -0.015877655001941094 12713984
1733240024698 -0.024732841698914855 12746752
1733240067988 -0.02272745423406377 12779520
1733240106902 -0.02594281397014129 12800000
1733240155678 -0.027896069583493954 12845056
1733240198579 -0.024692488199934814 12877824
1733240241742 -0.022644618882191027 12910592
1733240285237 -0.024490170916806164 12943360
1733240323655 -0.028366653231842065 12960000
1733240373553 -0.02814146771520427 13008896
1733240417069 -0.026953165571012506 13041664
1733240460241 -0.021595426164685703 13074432
1733240503743 -0.02551876391371479 13107200
1733240539860 -0.025992427026585573 13120000
1733240591918 -0.025496000318526058 13172736
1733240634537 -0.02471506087135822 13205504
1733240678041 -0.02125405072497415 13238272
1733240721868 -0.026067769460496493 13271040
1733240756673 -0.021362967806135204 13280000
1733240809866 -0.027535346816875972 13336576
1733240853564 -0.022015467114988495 13369344
1733240896812 -0.025211500197247005 13402112
1733240939772 -0.025546623445461592 13434880
1733240972354 -0.023642508193279354 13440000
1733241026805 -0.022882257582978127 13500416
1733241069955 -0.02099082060640285 13533184
1733241112558 -0.009858883994274948 13565952
1733241156137 -0.022635916204399108 13598720
1733241187646 -0.025581768532424574 13600000
1733241244620 -0.025689749146840767 13664256
1733241288082 -0.024494950352027443 13697024
1733241331030 -0.022945711689453675 13729792
1733241374524 -0.025172164248988337 13760000
1733241419671 -0.02306696741995893 13795328
1733241462826 -0.02303900321717265 13828096
1733241506190 -0.01961736295315859 13860864
1733241549402 -0.028712469004631203 13893632
1733241591929 -0.022605934447346952 13920000
1733241637940 -0.0245690012297473 13959168
1733241681633 -0.028213857190712587 13991936
1733241724336 -0.02531872818294687 14024704
1733241767426 -0.025732690425866168 14057472
1733241807773 -0.013500966237597823 14080000
1733241855732 -0.024118311877100496 14123008
1733241899261 -0.029239156168387126 14155776
1733241943036 -0.02424365355036571 14188544
1733241986221 -0.0256651643029727 14221312
1733242025224 -0.02527281035941087 14240000
1733242074131 -0.02390716182867436 14286848
1733242118171 -0.014952289760390158 14319616
1733242161686 -0.02158627001695095 14352384
1733242204743 -0.026246741363002 14385152
1733242241620 -0.02513114859916641 14400000
1733242292314 -0.020293461650112476 14450688
1733242335264 -0.024479373838903484 14483456
1733242378755 -0.02283753763904315 14516224
1733242421990 -0.02272296010660284 14548992
1733242456931 -0.02336855962685149 14560000
1733242508849 -0.023272894704859937 14614528
1733242552386 -0.027922109766177528 14647296
1733242595350 -0.025460166279617624 14680064
1733242638286 -0.024578038132631264 14712832
1733242671807 -0.024002718772226216 14720000
1733242726388 -0.023637767785385223 14778368
1733242769054 -0.029359956612370296 14811136
1733242811681 -0.026007552788041722 14843904
1733242854601 -0.02463237166102772 14876672
1733242886829 -0.01866973360024531 14880000
1733242942411 -0.0231098791583463 14942208
1733242986065 -0.02710033919906891 14974976
1733243029662 -0.025361314191400197 15007744
1733243075007 -0.02211347212455621 15040000
1733243118625 -0.02366395489812021 15073280
1733243161966 -0.025616193290716183 15106048
1733243205228 -0.020786667822676463 15138816
1733243248396 -0.02075623041887411 15171584
1733243290418 -0.02356732655916858 15200000
1733243335803 -0.020578458714226144 15237120
1733243378690 -0.02687127464223522 15269888
1733243422386 -0.02387093269421712 15302656
1733243466288 -0.02612808407798184 15335424
1733243507211 -0.019387844737275374 15360000
1733243553885 -0.020869965386282274 15400960
1733243596920 -0.024831378534850047 15433728
1733243640114 -0.025408921584357813 15466496
1733243682955 -0.024292102346134926 15499264
1733243721789 -0.02004074224996657 15520000
1733243769774 -0.017838056564596628 15564800
1733243812422 -0.018759774349246073 15597568
1733243855091 -0.02639749874906556 15630336
1733243898601 -0.024271979227000882 15663104
1733243936301 -0.022152605623114142 15680000
1733243986034 -0.02521082104717607 15728640
1733244028972 -0.017091953111412296 15761408
1733244072160 -0.023087800705116023 15794176
1733244115544 -0.022759819740258536 15826944
1733244151837 -0.0225781094800368 15840000
1733244202673 -0.022385453763558872 15892480
1733244247212 -0.025679762366280556 15925248
1733244290780 -0.025214711224793972 15958016
1733244334471 -0.023763125977347956 15990784
1733244369522 -0.025441965981235624 16000000
1733244422185 -0.02543567090401666 16056320
1733244464657 -0.02774793613489237 16089088
1733244507910 -0.026103844733961525 16121856
1733244550694 -0.021907419927731552 16154624
1733244583858 -0.022480560687245087 16160000
1733244638191 -0.013025576691825335 16220160
1733244681381 -0.025430786676633944 16252928
1733244724460 -0.025466351484874396 16285696
1733244767439 -0.01872372094317143 16318464
1733244798313 -0.021482140522812186 16320000
1733244854856 -0.018037370034699053 16384000
1733244897921 -0.023070507999977962 16416768
1733244941357 -0.022698012122009458 16449536
1733244985178 -0.027023643226175408 16480000
1733245031046 -0.02329352385218044 16515072
1733245073882 -0.02330831475287596 16547840
1733245117398 -0.020981214264747906 16580608
1733245160280 -0.0210606458887014 16613376
1733245202327 -0.02217689104913916 16640000
1733245248379 -0.02396328143595383 16678912
1733245291435 -0.03010271182620272 16711680
1733245335247 -0.021724943631977568 16744448
1733245378657 -0.02675981777811103 16777216
1733245419123 -0.013900835522008492 16800000
1733245466785 -0.022188513459286695 16842752
1733245509853 -0.024166669720762 16875520
1733245553552 -0.027024024717758267 16908288
1733245596292 -0.023850535090991797 16941056
1733245635449 -0.02395200486989779 16960000
1733245686448 -0.023880058048189313 17006592
1733245729739 -0.022262194407267087 17039360
1733245772263 -0.024575806744405782 17072128
1733245815404 -0.02710775203447611 17104896
1733245852441 -0.025148535676726168 17120000
1733245903770 -0.021999349924772104 17170432
1733245947700 -0.023461083231245537 17203200
1733245991092 -0.028999981237575412 17235968
1733246034589 -0.027258094513399556 17268736
1733246070486 -0.02139964476332352 17280000
1733246123105 -0.022639719106177836 17334272
1733246166649 -0.01656767108470376 17367040
1733246210412 -0.020775618137463425 17399808
1733246253292 -0.026726461032694715 17432576
1733246287551 -0.024799137220907142 17440000
1733246341723 -0.0251352683125333 17498112
1733246385153 -0.025671811248093944 17530880
1733246428823 -0.023839385761334597 17563648
1733246471700 -0.022021447856332088 17596416
1733246503908 -0.021245585247720557 17600000
1733246559701 -0.025831105575616676 17661952
1733246603466 -0.02835103726474699 17694720
1733246647013 -0.016024431588311926 17727488
1733246691712 -0.02227927957119391 17760000
1733246735430 -0.02645205954809171 17793024
1733246778224 -0.025063192404877553 17825792
1733246822603 -0.025856213651786676 17858560
1733246865829 -0.026479445587483497 17891328
1733246909030 -0.017383081624939224 17920000
1733246954748 -0.026014060160287046 17956864
1733246998010 -0.02671141985210852 17989632
1733247041093 -0.022610546603118564 18022400
1733247084573 -0.020402415305977684 18055168
1733247126161 -0.019923543535878708 18080000
1733247172495 -0.025199927855283022 18120704
1733247215088 -0.0186484811851642 18153472
1733247258239 -0.02272058418307097 18186240
1733247300966 -0.027104082431333155 18219008
1733247340421 -0.017358717937622715 18240000
1733247388659 -0.022024010473887756 18284544
1733247431875 -0.021626031431651427 18317312
1733247474798 -0.03175103400972148 18350080
1733247517378 -0.023344610548952004 18382848
1733247555898 -0.021570712273000937 18400000
1733247606054 -0.021654364411460847 18448384
1733247649610 -0.023306432229537676 18481152
1733247693775 -0.02547384325062012 18513920
1733247737024 -0.021876427440929547 18546688
1733247773121 -0.020360515967854553 18560000
1733247824832 -0.023078096113545145 18612224
1733247867820 -0.023154951860760775 18644992
1733247910871 -0.02254178986527222 18677760
1733247954694 -0.027265129430657 18710528
1733247989976 -0.024308782396064998 18720000
1733248042635 -0.024529705345867115 18776064
1733248085131 -0.022341184043580143 18808832
1733248128235 -0.02388400025452029 18841600
1733248171026 -0.02427627595870945 18874368
1733248203629 -0.024993786417542196 18880000
1733248258793 -0.020552374555381902 18939904
1733248301826 -0.021625627533239822 18972672
1733248345280 -0.02991995552906701 19005440
1733248388507 -0.017868840570099565 19038208
1733248421185 -0.024064002937757324 19040000
1733248477854 -0.016485596550228365 19103744
1733248520610 -0.02365438217789233 19136512
1733248563917 -0.02080504908446983 19169280
1733248608038 -0.014863083029058543 19200000
1733248652383 -0.011373559269168254 19234816
1733248695395 -0.02065528981204352 19267584
1733248739570 -0.019657407017348305 19300352
1733248783086 -0.018076805524924567 19333120
1733248825400 -0.020524611222435853 19360000
1733248871127 -0.022941541570480693 19398656
1733248914617 -0.02553208726221783 19431424
1733248958054 -0.023161839710883213 19464192
1733249001813 -0.022914557140938995 19496960
1733249042193 -0.018717128451271492 19520000
1733249089656 -0.02287473933329238 19562496
1733249133464 -0.020565319636443747 19595264
1733249176845 -0.02220665475874739 19628032
1733249220016 -0.02565005580995603 19660800
1733249258936 -0.02499000117209107 19680000
1733249308808 -0.022853035213211116 19726336
1733249351936 -0.022916207220487195 19759104
1733249395088 -0.022761902831121006 19791872
1733249438398 -0.018819179645470287 19824640
1733249475290 -0.020034336022581554 19840000
1733249526218 -0.022064968774566297 19890176
1733249569029 -0.02048787235926284 19922944
1733249612203 -0.02525778122335396 19955712
1733249655679 -0.021404513903257795 19988480
1733249691799 -0.021701625615719422 20000000
1733249744940 -0.02465158472996336 20054016
1733249788106 -0.024698123958182806 20086784
1733249831473 -0.02054780698349532 20119552
1733249874992 -0.02175088359908841 20152320
1733249909891 -0.022770946186483343 20160000
1733249964522 -0.023073095679001197 20217856
1733250008107 -0.01978946050066952 20250624
1733250051553 -0.0217067546565886 20283392
1733250095693 -0.025178041148251395 20316160
1733250128023 -0.019619475526633325 20320000
1733250183798 -0.020522946561095524 20381696
1733250227626 -0.020379099921001398 20414464
1733250270570 -0.012658786662677812 20447232
1733250314774 -0.02356908110814402 20480000
1733250358959 -0.023520836394300203 20512768
1733250401518 -0.02385625125612023 20545536
1733250445170 -0.0188078737503929 20578304
1733250489282 -0.02202030302410094 20611072
1733250532276 -0.020447711555789283 20640000
1733250577255 -0.01688324335532343 20676608
1733250620644 -0.024441791034109882 20709376
1733250663867 -0.02038764974654441 20742144
1733250707620 -0.02499233127473417 20774912
1733250749893 -0.0200058950832954 20800000
1733250797380 -0.019240543639011776 20840448
1733250840786 -0.021571291735745034 20873216
1733250884114 -0.022554959452531876 20905984
1733250927906 -0.0243435161544312 20938752
1733250968223 -0.022768851882619855 20960000
1733251017143 -0.024447472184237994 21004288
1733251060381 -0.02118782427903625 21037056
1733251103912 -0.024022322892847114 21069824
1733251148114 -0.02205096858315301 21102592
1733251186168 -0.02656836082569498 21120000
1733251236134 -0.02048917532097221 21168128
1733251279675 -0.019483247481866785 21200896
1733251323004 -0.016320284100311257 21233664
1733251366187 -0.01886817808494925 21266432
1733251402418 -0.020222566394068053 21280000
1733251454718 -0.02299075191135671 21331968
1733251497944 -0.009389938405865906 21364736
1733251541591 -0.018500159603763677 21397504
1733251584981 -0.015216486892222747 21430272
1733251619619 -0.027349664586290602 21440000
1733251672553 -0.022337065425836043 21495808
1733251715156 -0.019616745447819994 21528576
1733251758952 -0.01785304688701217 21561344
1733251802670 -0.02384933719486071 21594112
1733251835834 -0.020580227906248184 21600000
1733251891449 -0.02530754579202039 21659648
1733251934961 -0.02227880830009781 21692416
1733251979070 -0.019384321681718573 21725184
1733252022234 -0.013670795559437465 21757952
1733252053758 -0.020081482120940564 21760000
1733252110657 -0.017907155019838684 21823488
1733252153848 -0.023687157952213055 21856256
1733252197692 -0.016609733786890502 21889024
1733252241641 -0.010310977040558101 21920000
1733252285594 -0.023163253565417107 21954560
1733252328213 -0.016178756890121805 21987328
1733252370889 -0.019648160299038864 22020096
1733252414693 -0.022208795026062943 22052864
1733252456013 -0.02386534606098394 22080000
1733252502310 -0.021615512979678897 22118400
1733252544926 -0.01661771753681478 22151168
1733252588510 -0.019206923557339904 22183936
1733252631431 -0.02123857044880424 22216704
1733252671579 -0.024387553916221806 22240000
1733252719016 -0.02340455459716395 22282240
1733252762502 -0.017845409850633587 22315008
1733252806424 -0.019787051774028442 22347776
1733252849204 0.008937992426444908 22380544
1733252887744 -0.023359596085538215 22400000
1733252936530 -0.020792279090073862 22446080
1733252979878 -0.018693231269094213 22478848
1733253022501 -0.021053788240715222 22511616
1733253066111 -0.020139714274500876 22544384
1733253103916 -0.0260911313889892 22560000
1733253155097 -0.011334991900707792 22609920
1733253198299 -0.018174551406764293 22642688
1733253241749 -0.016441726413086145 22675456
1733253284965 -0.018577730923880154 22708224
1733253321738 -0.012605583447930257 22720000
1733253374940 -0.021195017334230216 22773760
1733253417797 -0.019305582697552382 22806528
1733253460727 -0.01730212685552033 22839296
1733253504351 -0.02197478000987303 22872064
1733253538185 -0.018756902840391377 22880000
1733253592021 -0.022726682650477413 22937600
1733253634934 -0.020973862083155836 22970368
1733253677695 -0.018504460774011022 23003136
1733253721721 -0.022427683892328788 23035904
1733253754392 -0.02464253366833873 23040000
1733253809107 -0.0230251583847803 23101440
1733253852106 -0.020514266932559623 23134208
1733253895111 -0.022593538679120683 23166976
1733253938586 -0.01956683744251677 23199744
1733253969701 -0.016717487528103446 23200000
1733254027506 -0.020793187326398767 23265280
1733254071075 -0.023014650001505287 23298048
1733254114246 -0.018325039127967103 23330816
1733254157418 -0.023180985837393565 23360000
1733254202874 -0.02336274925737598 23396352
1733254245879 -0.02063352088389365 23429120
1733254289239 -0.013142856135027614 23461888
1733254333139 -0.023472597393038086 23494656
1733254374909 -0.01686159003461398 23520000
1733254421751 -0.020290594276775663 23560192
1733254464955 -0.01704110643036074 23592960
1733254508451 -0.017346718740964207 23625728
1733254552204 -0.027921640147542347 23658496
1733254591286 -0.02160533939731977 23680000
