1733223260328 0.048775762089644556 65536
1733223304675 0.006330061964536071 98304
1733223347589 0.0017932982694503607 131072
1733223391205 0.0008429678825976339 160000
1733223435608 0.0010831968587936558 196608
1733223478312 0.001360442059528566 229376
1733223522506 0.001402293188082382 262144
1733223565309 0.0016700023970635414 294912
1733223605867 0.0016800781211550487 320000
1733223650792 0.0011938104816906047 360448
1733223692337 0.0011814145494554395 393216
1733223734922 0.0018150882815987756 425984
1733223776948 0.0018853273662074344 458752
1733223816377 0.0024805811254026366 480000
1733223863478 0.002271236517600528 524288
1733223906047 0.002925094320355015 557056
1733223947829 0.003089644862302521 589824
1733223989450 0.0041878602430017505 622592
1733224027880 0.004528930421349742 640000
1733224075755 0.004014980031303139 688128
1733224117794 0.0035627685428551103 720896
1733224160221 0.005039768798712885 753664
1733224202051 0.0032771043920035935 786432
1733224239460 0.00413145862556803 800000
1733224289625 0.004786157899769705 851968
1733224331924 0.004551336402676043 884736
1733224374027 0.00456127987039281 917504
1733224415792 0.0048122269689883975 950272
1733224450871 0.005334843450373228 960000
1733224502148 0.0046401284153262164 1015808
1733224543831 0.004222917892468559 1048576
1733224585736 0.004602863111983879 1081344
1733224628284 0.005080179556614439 1114112
1733224662008 0.004608538439867971 1120000
1733224714830 0.0053510196840875325 1179648
1733224756374 0.0048566421111218006 1212416
1733224798138 0.00462890900680577 1245184
1733224840332 0.005381198514601238 1277952
1733224872761 0.005019696452927746 1280000
1733224927170 0.005180537722833378 1343488
1733224969069 0.004907190506628467 1376256
1733225011500 0.00501995233244088 1409024
1733225054630 0.005637217566197705 1440000
1733225097350 0.005798304109816854 1474560
1733225139282 0.006203479444207005 1507328
1733225181407 0.006549396491232073 1540096
1733225223879 0.005905629606263574 1572864
1733225265933 0.005945450523768159 1600000
1733225310505 0.0056582865985774335 1638400
1733225354216 0.005716981239743291 1671168
1733225396141 0.005288529529957486 1703936
1733225438039 0.005681747915650704 1736704
1733225479110 0.0054376022722181 1760000
1733225524812 0.005507018203525149 1802240
1733225566991 0.005851488845723907 1835008
1733225609554 0.0059558660023412814 1867776
1733225651634 0.005767297033776231 1900544
1733225691055 0.00614375657257824 1920000
1733225738734 0.005995169095626807 1966080
1733225780705 0.005875959778859396 1998848
1733225823044 0.005863354876396443 2031616
1733225864854 0.005769693262686814 2064384
1733225902628 0.00664989818160393 2080000
1733225951800 0.006291876012437569 2129920
1733225993384 0.006280285033903965 2162688
1733226035926 0.006285041161095251 2195456
1733226077964 0.005548956033226205 2228224
1733226115045 0.005724008158335891 2240000
1733226165639 0.005916462391223831 2293760
1733226208092 0.005978303892516123 2326528
1733226250999 0.005964146994847397 2359296
1733226292875 0.0055543312506415535 2392064
1733226328273 0.005424298704338071 2400000
1733226380997 0.005579572159103918 2457600
1733226423234 0.005890827709094992 2490368
1733226465041 0.005495513436858346 2523136
1733226506700 0.0056831037513347836 2555904
1733226540396 0.0058074597244285545 2560000
1733226593894 0.006085534745579935 2621440
1733226636484 0.005346094154788261 2654208
1733226678287 0.0054943949628068365 2686976
1733226720184 0.005098367360437806 2719744
1733226751895 0.00463104001451029 2720000
1733226806868 0.0048627750686137 2785280
1733226849896 0.0048964629037982375 2818048
1733226893532 0.004959360693965209 2850816
1733226937314 0.004710751001061908 2880000
1733226981295 0.0047079295398816615 2916352
1733227023844 0.004620736377660251 2949120
1733227066245 0.004760888905934735 2981888
1733227108023 0.0046538162632714375 3014656
1733227149809 0.0047781220064734954 3040000
1733227195527 0.004778028377950249 3080192
1733227237825 0.0055021971507358105 3112960
1733227279653 0.005507170991290877 3145728
1733227321419 0.004931251895186506 3178496
1733227361306 0.0047671766684288745 3200000
1733227408180 0.004766494755199346 3244032
1733227450920 0.004945844102530827 3276800
1733227493592 0.004750840632186737 3309568
1733227535238 0.0044439845469923965 3342336
1733227574327 0.004692150793925975 3360000
1733227622681 0.004626588945279763 3407872
1733227664547 0.005018136887861147 3440640
1733227706476 0.004427407766229408 3473408
1733227748686 0.004361954244996013 3506176
1733227785734 0.004243133219665652 3520000
1733227835553 0.004423185495738835 3571712
1733227877967 0.003969795677312505 3604480
1733227919747 0.004021200636475442 3637248
1733227962243 0.0043300344091449 3670016
1733227997683 0.003811823658361391 3680000
1733228049052 0.0037527330199736753 3735552
1733228091309 0.003760417500438962 3768320
1733228133659 0.0038228886819752007 3801088
1733228175340 0.004032760404084001 3833856
1733228209260 0.0036323979838016386 3840000
1733228262187 0.0037824978383923734 3899392
1733228303914 0.0036626840467988584 3932160
1733228347141 0.0037390715459878266 3964928
1733228389807 0.0035671131957542455 3997696
1733228423403 0.003328081318795739 4000000
1733228477904 0.003497018556936382 4063232
1733228520657 0.0034000822970938318 4096000
1733228562849 0.003574348270126393 4128768
1733228607445 0.0034948303027249493 4160000
1733228650323 0.0031755521547211173 4194304
1733228694065 0.002835773901279026 4227072
1733228736313 0.002831332838786693 4259840
1733228778419 0.002834985455160677 4292608
1733228820888 0.0028856749525857594 4320000
1733228865872 0.0028071464860204287 4358144
1733228908096 0.0025771702582687793 4390912
1733228949993 0.002923614599285429 4423680
1733228993021 0.002865127950394708 4456448
1733229034370 0.002670346673608037 4480000
1733229080659 0.002676667419268597 4521984
1733229122833 0.002609435990689235 4554752
1733229166029 0.0027080090645313247 4587520
1733229208643 0.0026481129720082206 4620288
1733229247972 0.0025292951334449755 4640000
1733229296469 0.0025306025641611994 4685824
1733229339589 0.0023872827987815983 4718592
1733229383568 0.0022527396651071284 4751360
1733229426286 0.0021954767072884353 4784128
1733229464176 0.002184690798878819 4800000
1733229514165 0.0023531442866442376 4849664
1733229557075 0.002384259423615731 4882432
1733229600916 0.0023791831104290396 4915200
1733229643782 0.0022120024586911313 4947968
1733229680766 0.0021470103057822597 4960000
1733229731452 0.0020809189208875977 5013504
1733229774499 0.00218470847800063 5046272
1733229817056 0.0019918481404147315 5079040
1733229859277 0.0021298431008290207 5111808
1733229893584 0.0021784341796660554 5120000
1733229946669 0.002117603514091115 5177344
1733229989436 0.0021311560208346235 5210112
1733230031704 0.002009206271657149 5242880
1733230075748 0.0017748569497484823 5275648
1733230108761 0.0016862568185388228 5280000
1733230162775 0.0018302720907740877 5341184
1733230205146 0.0016631171076483043 5373952
1733230247296 0.001729670891575097 5406720
1733230291985 0.0018318304335593893 5439488
1733230323719 0.0017949630598195654 5440000
1733230380620 0.0017248845202061601 5505024
1733230424572 0.0016069296302589464 5537792
1733230467779 0.001581748960961704 5570560
1733230512307 0.0015473703731913701 5600000
1733230556860 0.001422049351140231 5636096
1733230599611 0.0013710331586537449 5668864
1733230643995 0.001323855858584011 5701632
1733230687374 0.001279700361817504 5734400
1733230730115 0.0013207386988085545 5760000
1733230776295 0.0012427174626111538 5799936
1733230818775 0.0012073497135702382 5832704
1733230861880 0.0012843480703963906 5865472
1733230904894 0.0013379316466512136 5898240
1733230945445 0.0012591453588640888 5920000
1733230993189 0.0013807799240453278 5963776
1733231037144 0.0012835173198880057 5996544
1733231079691 0.0012917902339495413 6029312
1733231122830 0.0012577559075168665 6062080
1733231161633 0.0012237426430033338 6080000
1733231211621 0.0012608572610361079 6127616
1733231253723 0.0010419877557808377 6160384
1733231296383 0.0010039190835357203 6193152
1733231338924 0.0010791054146125135 6225920
1733231375827 0.0011261597023349168 6240000
1733231428675 0.0010818727505181869 6291456
1733231472432 0.0010095439712870303 6324224
1733231514822 0.0009602642292179553 6356992
1733231558143 0.0010093969175272832 6389760
1733231593416 0.0009782352521938264 6400000
1733231646633 0.001018854252674828 6455296
1733231689453 0.00097731932643228 6488064
1733231732559 0.0009143937429143989 6520832
1733231776058 0.0008620665860121334 6553600
1733231810659 0.001011337300303694 6560000
1733231865270 0.0009527333860887665 6619136
1733231907687 0.000979189998287211 6651904
1733231950351 0.0010213532977502381 6684672
1733231993813 0.001005599862088502 6717440
1733232026114 0.0009430400152041329 6720000
1733232081746 0.000945657102727182 6782976
1733232124385 0.0009347245375181501 6815744
1733232167759 0.0009251394356397213 6848512
1733232213088 0.0009289513839007668 6880000
1733232256850 0.000844499719784153 6914048
1733232299856 0.0008765669233980588 6946816
1733232342305 0.0008890845283701764 6979584
1733232385941 0.0008796944977291332 7012352
1733232429265 0.0008207692833650526 7040000
1733232474002 0.0007333973631347135 7077888
1733232516885 0.0006978947313172057 7110656
1733232559535 0.0007128190957416791 7143424
1733232601564 0.0007445335590716695 7176192
1733232644490 0.0006492811070614834 7200000
1733232691517 0.0007482588062941887 7241728
1733232734644 0.000672491520163021 7274496
1733232777154 0.0007005073897261127 7307264
1733232820351 0.0008516117432492365 7340032
1733232860060 0.0008291486902550105 7360000
1733232908576 0.0007092142762786579 7405568
1733232951489 0.0006574522155602836 7438336
1733232993655 0.0007205154638370459 7471104
1733233036374 0.0006943696412832878 7503872
1733233073761 0.0007135875749469279 7520000
1733233124032 0.0006989159019752833 7569408
1733233166701 0.0007919200958355077 7602176
1733233208877 0.0007527021342127682 7634944
1733233252139 0.0007184284747552283 7667712
1733233288280 0.0007263829561878765 7680000
1733233339291 0.0006282643030033341 7733248
1733233384010 0.0006425564831118891 7766016
1733233426050 0.0006231477300445931 7798784
1733233469621 0.0006432164569218912 7831552
1733233504100 0.0006153112366035884 7840000
1733233558253 0.0006470988464002403 7897088
1733233600742 0.0005991514976415146 7929856
1733233643943 0.0007119806163458975 7962624
1733233687936 0.0005548153737777283 7995392
1733233721661 0.0006472642687384677 8000000
1733233777082 0.0005532034851398748 8060928
1733233820121 0.0005598915456346276 8093696
1733233862334 0.0005835862690673821 8126464
1733233905990 0.00057021849316925 8159232
1733233937015 0.0006398249803709177 8160000
1733233993678 0.0006542354597399936 8224768
1733234037074 0.000579901233990654 8257536
1733234079923 0.0006145275455679666 8290304
1733234123023 0.0005898052296998913 8320000
1733234168066 0.0005662223420330292 8355840
1733234210596 0.0004882535979788827 8388608
1733234253962 0.00046996369266878447 8421376
1733234297520 0.0005516625733122283 8454144
1733234338875 0.0005767200298635089 8480000
1733234385830 0.0005768371634559344 8519680
1733234428950 0.0005825159364405863 8552448
1733234471851 0.0005683675943657818 8585216
1733234514953 0.0005350292207594975 8617984
1733234555246 0.0005017154128779567 8640000
1733234602594 0.0004903673596459157 8683520
1733234645360 0.000491808198353283 8716288
1733234688680 0.000456658114160291 8749056
1733234731333 0.0005809451099395346 8781824
1733234770064 0.0004572051234532637 8800000
1733234819299 0.00054834197451612 8847360
1733234862113 0.0004742645747413121 8880128
1733234905684 0.0005075829444251667 8912896
1733234949039 0.0004907969193425288 8945664
1733234986863 0.0005137204768232096 8960000
1733235039116 0.0004952506265937018 9011200
1733235084361 0.00044940681662524183 9043968
1733235127424 0.0004729998543893998 9076736
1733235170360 0.0004993335170041746 9109504
1733235205977 0.0004766245764116661 9120000
1733235260582 0.0004438937836610535 9175040
1733235303472 0.0004511630521918164 9207808
1733235346967 0.00042133619348589947 9240576
1733235391415 0.00048139353285137076 9273344
1733235425489 0.00046062236954611533 9280000
1733235480110 0.00040751684964845936 9338880
1733235523417 0.0004882436657624112 9371648
1733235566132 0.0004463871504697181 9404416
1733235609102 0.0004098781800209395 9437184
1733235641862 0.0004418348286819196 9440000
1733235697325 0.00048102488219115003 9502720
1733235741182 0.0004548275999781026 9535488
1733235783405 0.0005065424705065879 9568256
1733235827840 0.0004781940527394113 9600000
1733235871923 0.00044499828209154657 9633792
1733235915228 0.0005274718849634042 9666560
1733235957807 0.0005613758770181221 9699328
1733236001255 0.0005321390576085605 9732096
1733236044467 0.0004445719274229987 9760000
1733236090210 0.0004936455137411144 9797632
1733236133623 0.0005799122847435001 9830400
1733236177008 0.00039911295367858204 9863168
1733236219662 0.0005543030367931578 9895936
1733236260623 0.0005597024855575228 9920000
1733236308007 0.00041280816748923144 9961472
1733236351285 0.0005137854654904573 9994240
1733236394644 0.00042291422501392615 10027008
1733236437376 0.00044191388577132786 10059776
1733236477014 0.0004877319307496464 10080000
1733236525787 0.0004897455336049461 10125312
1733236568659 0.00044733924455755416 10158080
1733236611889 0.00048110994663090877 10190848
1733236655010 0.00047728187965105916 10223616
1733236692766 0.0004895331061163688 10240000
1733236743358 0.0005212177831396047 10289152
1733236786387 0.00045053994188322123 10321920
1733236829044 0.00044042230890397607 10354688
1733236871964 0.00047978205297596335 10387456
1733236908610 0.00047707176772746605 10400000
1733236959987 0.000456313995114499 10452992
1733237004045 0.00047465780635178587 10485760
1733237047198 0.0004047321692738137 10518528
1733237090396 0.0004211142793764111 10551296
1733237125120 0.0004890908024179907 10560000
1733237180595 0.0003666882630255941 10616832
1733237223453 0.00045617697990962824 10649600
1733237266746 0.0005427321334394719 10682368
1733237310061 0.0005005744774337018 10715136
1733237343208 0.0005129206745991155 10720000
1733237402313 0.0005153513508645346 10780672
1733237446001 0.0005047696916719247 10813440
1733237488686 0.0005473578047897832 10846208
1733237531973 0.00045992887718995237 10878976
1733237563741 0.0004116618983857734 10880000
1733237619899 0.0005087981973034061 10944512
1733237663237 0.0005483109634951688 10977280
1733237706272 0.0004124142997042668 11010048
1733237749418 0.00048097158908717575 11040000
1733237794125 0.0004950557614108675 11075584
1733237837567 0.00046439409446890066 11108352
1733237881552 0.0004395627839983263 11141120
1733237924575 0.00041790608688927475 11173888
1733237965780 0.000483265176822556 11200000
1733238014229 0.0004710318839613592 11239424
1733238056458 0.00048585240456588963 11272192
1733238101241 0.0003854179879027697 11304960
1733238144608 0.00046652681466241575 11337728
1733238184508 0.0005562560076697309 11360000
1733238231884 0.00045798467123034923 11403264
1733238276143 0.00040534035495625175 11436032
1733238319630 0.0004460664518489921 11468800
1733238364288 0.00047033583013842415 11501568
1733238402759 0.0005145192402665089 11520000
1733238454786 0.00045133309110809703 11567104
1733238497459 0.0004986706874220203 11599872
1733238541719 0.0004676271444338909 11632640
1733238586548 0.0004036994395320903 11665408
1733238623265 0.0004781515680676307 11680000
1733238674432 0.0005047202149768282 11730944
1733238716956 0.0005450624617026279 11763712
1733238759659 0.0004724546152019116 11796480
1733238803954 0.0004285292116492201 11829248
1733238839746 0.00047727876576146854 11840000
1733238892473 0.0005042971270171392 11894784
1733238935619 0.0005508976906014595 11927552
1733238978453 0.0004551117016873718 11960320
1733239023844 0.0005230808658069463 11993088
1733239057534 0.0004898345744322796 12000000
1733239111373 0.00044026494664990424 12058624
1733239155570 0.0004321910614962121 12091392
1733239198370 0.0004700168186730025 12124160
1733239241285 0.0005149122931385364 12156928
1733239273935 0.0004803383452383514 12160000
1733239330163 0.0005065432973808015 12222464
1733239373130 0.00042351276407259775 12255232
1733239415460 0.0004720968152327032 12288000
1733239460441 0.0004749811069999055 12320000
1733239504485 0.0004497740520150728 12353536
1733239547203 0.0003534953773211669 12386304
1733239590017 0.00044782204679307827 12419072
1733239632682 0.00043644121905543897 12451840
1733239675612 0.00044466434152923284 12480000
1733239721471 0.0004649892356781038 12517376
1733239763963 0.0004578396766603987 12550144
1733239807800 0.0004534815344413801 12582912
1733239850606 0.00035082242378337014 12615680
1733239892134 0.00046462869262597906 12640000
1733239938607 0.0004543841351775768 12681216
1733239981226 0.00036978454966316574 12713984
1733240024765 0.0005381256824747993 12746752
1733240068018 0.00043507613470836757 12779520
1733240106932 0.0003918801206225453 12800000
1733240155702 0.00044712063768983514 12845056
1733240198606 0.00039873516529809194 12877824
1733240241761 0.00032493134188484876 12910592
1733240285265 0.0004315690128294136 12943360
1733240323704 0.0003995433287769856 12960000
1733240373582 0.00040049897936427213 13008896
1733240417119 0.00044382577887063234 13041664
1733240460271 0.0003394143143935935 13074432
1733240503771 0.000465850566087056 13107200
1733240539870 0.00048400533229084883 13120000
1733240591940 0.000375084563690109 13172736
1733240634561 0.00047912724362078054 13205504
1733240678072 0.000380737043471413 13238272
1733240721894 0.0004158051212016289 13271040
1733240756715 0.00046166633949837885 13280000
1733240809893 0.0004820158456794843 13336576
1733240853580 0.0005194286019900574 13369344
1733240896873 0.00038404226095707373 13402112
1733240939781 0.0004901708864096576 13434880
1733240972395 0.0005481466793568757 13440000
1733241026832 0.00040152494437251107 13500416
1733241069987 0.00043653145484938704 13533184
1733241112583 0.0003566451199034759 13565952
1733241156154 0.0004107090620124154 13598720
1733241187734 0.00036726297665552466 13600000
1733241244637 0.0004792592739661927 13664256
1733241288184 0.0003995929210361737 13697024
1733241331091 0.00040556052649805 13729792
1733241374553 0.0004354479324405247 13760000
1733241419729 0.0004560431736862824 13795328
1733241462839 0.0004285606953487786 13828096
1733241506216 0.00037502076242930117 13860864
1733241549414 0.0004764082445689155 13893632
1733241591957 0.00044964076456182055 13920000
1733241637957 0.0004378565966973724 13959168
1733241681656 0.000564766123537197 13991936
1733241724361 0.0004926714891723804 14024704
1733241767449 0.00045055194825778245 14057472
1733241807804 0.0004482779225469358 14080000
1733241855743 0.00043190500457797044 14123008
1733241899296 0.0005678236357269384 14155776
1733241943066 0.00045681512766861945 14188544
1733241986233 0.0004294589245972702 14221312
1733242025232 0.00043884008430410403 14240000
1733242074163 0.0004103909527572114 14286848
1733242118192 0.0004117189776366104 14319616
1733242161712 0.0004024600440430959 14352384
1733242204764 0.0004617076992090574 14385152
1733242241651 0.000456437595661896 14400000
1733242292355 0.00046757446080789575 14450688
1733242335290 0.0004992239411862442 14483456
1733242378777 0.0003822861928355792 14516224
1733242422031 0.00035914929327418577 14548992
1733242456963 0.00039240860730416216 14560000
1733242508887 0.00040154566871564157 14614528
1733242552418 0.00047519489480833953 14647296
1733242595364 0.0004103494470598434 14680064
1733242638310 0.0004630166011551751 14712832
1733242671818 0.00045203901140240533 14720000
1733242726409 0.00039952316193847537 14778368
1733242769084 0.0004384572567332157 14811136
1733242811727 0.0004655894944775696 14843904
1733242854631 0.000472034530911003 14876672
1733242886859 0.0004241963865467824 14880000
1733242942444 0.0003596381886382005 14942208
1733242986099 0.0004915261439180085 14974976
1733243029680 0.0004469072631778204 15007744
1733243075044 0.0004281563475757366 15040000
1733243118653 0.00039166077933856515 15073280
1733243162013 0.0004721665777211115 15106048
1733243205254 0.00041008766423544785 15138816
1733243248460 0.00041341770983081003 15171584
1733243290455 0.0003914056169193714 15200000
1733243335844 0.0004632166758085532 15237120
1733243378721 0.00045272657001049765 15269888
1733243422410 0.00041572124752917714 15302656
1733243466304 0.0004178586438598586 15335424
1733243507220 0.0005420725040949037 15360000
1733243553916 0.0004056206498674442 15400960
1733243596952 0.0003834255179143042 15433728
1733243640133 0.00041320742338655234 15466496
1733243682977 0.0003992920591471716 15499264
1733243721867 0.00038406409731948086 15520000
1733243769784 0.0004314394677550126 15564800
1733243812436 0.00037157766511484167 15597568
1733243855122 0.0004841244148749979 15630336
1733243898619 0.0004102107246225728 15663104
1733243936310 0.0004598636466056405 15680000
1733243986080 0.00040090263748879804 15728640
1733244028984 0.00040955178347275024 15761408
1733244072184 0.00040756758521354186 15794176
1733244115614 0.0004245441198619915 15826944
1733244151862 0.0004342876128234252 15840000
1733244202698 0.0004957664929307271 15892480
1733244247335 0.0004764598195990288 15925248
1733244290818 0.0004468513413257824 15958016
1733244334526 0.00042489827049791985 15990784
1733244369561 0.0004517267239535272 16000000
1733244422200 0.0003735355725112299 16056320
1733244464711 0.0003616326944836601 16089088
1733244507937 0.0005038674396615761 16121856
1733244550709 0.0004447818855823016 16154624
1733244583884 0.0004737269914599551 16160000
1733244638219 0.0004514663811050923 16220160
1733244681406 0.0004161120210739 16252928
1733244724509 0.0004299700528989092 16285696
1733244767456 0.00040461960108615356 16318464
1733244798346 0.0004470892104450286 16320000
1733244854922 0.0004740849881386566 16384000
1733244897936 0.0004502037112430912 16416768
1733244941366 0.0004334736582137566 16449536
1733244985199 0.00047145763151377194 16480000
1733245031177 0.0005954032302412316 16515072
1733245073923 0.0005155059263699969 16547840
1733245117413 0.00043977853768808475 16580608
1733245160304 0.000375360463516472 16613376
1733245202354 0.0003986228840091144 16640000
1733245248405 0.0003939634141303827 16678912
1733245291459 0.0004975219592367353 16711680
1733245335291 0.0003732335165594236 16744448
1733245378685 0.0004380376807333164 16777216
1733245419178 0.0003461315136959797 16800000
1733245466795 0.00046534280746186597 16842752
1733245509894 0.0004633865098284673 16875520
1733245553583 0.0005315829557304141 16908288
1733245596315 0.0005265730400211055 16941056
1733245635479 0.00039124652938085094 16960000
1733245686576 0.000465437802485269 17006592
1733245729771 0.0004672407079155505 17039360
1733245772298 0.0005231130091090108 17072128
1733245815434 0.00047343686462681945 17104896
1733245852469 0.0004386997269804738 17120000
1733245903872 0.00047050370091028526 17170432
1733245947721 0.00042559745121479865 17203200
1733245991146 0.000517398949989456 17235968
1733246034610 0.0004766454359767636 17268736
1733246070515 0.00044562817420228383 17280000
1733246123136 0.00036435886562600215 17334272
1733246166672 0.00037232797952100325 17367040
1733246210435 0.00040466566318144717 17399808
1733246253314 0.0004721084599736969 17432576
1733246287585 0.00048527175010093515 17440000
1733246341740 0.000490495210493691 17498112
1733246385184 0.0004742386748603167 17530880
1733246428848 0.0004767992447227698 17563648
1733246471728 0.0003801746746972867 17596416
1733246503935 0.00042102446642786615 17600000
1733246559728 0.000632758550321455 17661952
1733246603472 0.0004629917434044728 17694720
1733246647025 0.00042147621245050006 17727488
1733246691728 0.0004159840387629288 17760000
1733246735477 0.0004640485033732489 17793024
1733246778236 0.0005646935887554605 17825792
1733246822726 0.0004965248060400995 17858560
1733246865858 0.0004866784897629373 17891328
1733246909048 0.00044467401292251906 17920000
1733246954774 0.0005316082542378808 17956864
1733246998031 0.00043422382808131486 17989632
1733247041106 0.0004600657962114951 18022400
1733247084597 0.0004290441623098218 18055168
1733247126187 0.0004235742360762629 18080000
1733247172525 0.0005183564360308424 18120704
1733247215124 0.0004752679901756096 18153472
1733247258265 0.0004208954725115177 18186240
1733247300995 0.000536289549044966 18219008
1733247340447 0.0004563238592993457 18240000
1733247388678 0.0004972895350292105 18284544
1733247431899 0.00039399512587436904 18317312
1733247474821 0.0005895810635564658 18350080
1733247517413 0.00047482625378876265 18382848
1733247555918 0.00045032308989050306 18400000
1733247606072 0.0004234797120403755 18448384
1733247649643 0.0004280293345345854 18481152
1733247693889 0.00043102010661613124 18513920
1733247737045 0.0004938178993867837 18546688
1733247773159 0.0004047211882138413 18560000
1733247824852 0.0004513172261198406 18612224
1733247867848 0.00040888784838131185 18644992
1733247910888 0.0004968872213709119 18677760
1733247954748 0.00043102638438483607 18710528
1733247989998 0.0004766116912762186 18720000
1733248042652 0.00042387102671881394 18776064
1733248085151 0.00045303373632208375 18808832
1733248128250 0.0005034100824303778 18841600
1733248171040 0.0004945141543913678 18874368
1733248203645 0.0004964506088214193 18880000
1733248258836 0.00042788528309074537 18939904
1733248301841 0.0003480334674605956 18972672
1733248345299 0.0004994424369186845 19005440
1733248388531 0.0003247822519512056 19038208
1733248421220 0.0004815253036440481 19040000
1733248477874 0.0003531857351504186 19103744
1733248520642 0.00046841193283313486 19136512
1733248563942 0.00040424963830361095 19169280
1733248608083 0.00034051545585498386 19200000
1733248652400 0.0004367466524868746 19234816
1733248695412 0.0003315805201410171 19267584
1733248739587 0.0003845000982849456 19300352
1733248783119 0.00043278830321398233 19333120
1733248825422 0.000458059782961584 19360000
1733248871155 0.0004669996264553333 19398656
1733248914650 0.00043394317644498417 19431424
1733248958126 0.0003751657773932493 19464192
1733249001852 0.0004835268698741402 19496960
1733249042236 0.0004152475374198161 19520000
1733249089684 0.00041956610818800756 19562496
1733249133480 0.0003879913853793937 19595264
1733249176881 0.00046113844976645166 19628032
1733249220034 0.0004839990377547565 19660800
1733249258954 0.0003916737537736026 19680000
1733249308825 0.0004321806006473139 19726336
1733249351960 0.0004907586982938028 19759104
1733249395104 0.000491972504087812 19791872
1733249438415 0.00036327444305328527 19824640
1733249475318 0.0004440300575865308 19840000
1733249526226 0.0004789932737878644 19890176
1733249569066 0.00030606368551389096 19922944
1733249612229 0.0005458669168717734 19955712
1733249655731 0.0003928265173158252 19988480
1733249691850 0.0005035172508229379 20000000
1733249744973 0.00042154095049511396 20054016
1733249788126 0.0004499956359637736 20086784
1733249831496 0.0003985399541363677 20119552
1733249875027 0.00036609784438752514 20152320
1733249909909 0.0003928141933570828 20160000
1733249964557 0.0004522891769710213 20217856
1733250008159 0.0003517051904083246 20250624
1733250051596 0.00041159119610512107 20283392
1733250095757 0.00043954384595537024 20316160
1733250128047 0.0003652425183801711 20320000
1733250183827 0.0004480383417245548 20381696
1733250227647 0.0005262962973716867 20414464
1733250270590 0.0005450328896927203 20447232
1733250314794 0.0005096777276691 20480000
1733250358976 0.0004821529707541572 20512768
1733250401541 0.00048787107313188474 20545536
1733250445188 0.0003922201322239971 20578304
1733250489318 0.00048467403371006413 20611072
1733250532315 0.0004305543936311551 20640000
1733250577278 0.000403759306696827 20676608
1733250620700 0.0005023242704353947 20709376
1733250663904 0.00036636694408116456 20742144
1733250707658 0.0004641194561628481 20774912
1733250749966 0.0004891108432317992 20800000
1733250797458 0.00040448750091002237 20840448
1733250840804 0.000491713798243154 20873216
1733250884147 0.0004929211378694731 20905984
1733250927954 0.0005349437436535709 20938752
1733250968236 0.0005143341147075375 20960000
1733251017193 0.00046456689978526813 21004288
1733251060419 0.000365901078374975 21037056
1733251103929 0.00039949169887734117 21069824
1733251148282 0.00042886474012107103 21102592
1733251186212 0.00047095550492315397 21120000
1733251236180 0.00041585214586916666 21168128
1733251279728 0.000425328642147349 21200896
1733251323063 0.00041864685008050626 21233664
1733251366232 0.0004366102128443572 21266432
1733251402495 0.0004262249780538241 21280000
1733251454754 0.00045486641927396934 21331968
1733251497994 0.00043358340082164657 21364736
1733251541614 0.0004646884002440288 21397504
1733251585033 0.00046763691335769406 21430272
1733251619636 0.0005227341005735297 21440000
1733251672578 0.0005299820583729798 21495808
1733251715177 0.00047365886827037683 21528576
1733251758998 0.0004796616770661899 21561344
1733251802703 0.000504229907140541 21594112
1733251835848 0.0004722065631980854 21600000
1733251891477 0.00048562762151220794 21659648
1733251934981 0.0004128401722297781 21692416
1733251979117 0.000365507877852167 21725184
1733252022287 0.00041330107513033455 21757952
1733252053846 0.00045763355598325004 21760000
1733252110680 0.0004061599093347468 21823488
1733252153888 0.0004773653757183638 21856256
1733252197741 0.000405339750406597 21889024
1733252241658 0.000488455688288525 21920000
1733252285612 0.0004739564197677737 21954560
1733252328253 0.0004868269258793134 21987328
1733252370903 0.0005435857694408242 22020096
1733252414712 0.0004276026362148855 22052864
1733252456075 0.00044908093346833765 22080000
1733252502330 0.00044847408462516113 22118400
1733252544948 0.00043333060018113656 22151168
1733252588529 0.0004295343925718953 22183936
1733252631453 0.0004577299128953882 22216704
1733252671618 0.0004937340245561473 22240000
1733252719051 0.0005445970180971927 22282240
1733252762551 0.00041324962478341833 22315008
1733252806460 0.0003964252701933901 22347776
1733252849269 0.0005362289880409321 22380544
1733252887761 0.0004119607854036644 22400000
1733252936555 0.0003719931706598345 22446080
1733252979902 0.0004772766655250393 22478848
1733253022530 0.00042286766482817483 22511616
1733253066150 0.0005818691480172333 22544384
1733253103941 0.00044032816930723585 22560000
1733253155112 0.0004341401923241506 22609920
1733253198350 0.0004190622831856672 22642688
1733253241813 0.00045640680914544874 22675456
1733253284984 0.0003477668218948793 22708224
1733253321760 0.00046119488060014646 22720000
1733253374964 0.0004276380520408907 22773760
1733253417828 0.0003628989851819142 22806528
1733253460768 0.0005005286879978144 22839296
1733253504379 0.00047051024585584853 22872064
1733253538211 0.0003985908130701432 22880000
1733253592072 0.00042340084299468116 22937600
1733253634946 0.0004584774007796 22970368
1733253677737 0.00042298148829189586 23003136
1733253721746 0.0004924439834653072 23035904
1733253754418 0.0005001998315293576 23040000
1733253809134 0.00040230946528083675 23101440
1733253852122 0.00044610576412651426 23134208
1733253895129 0.0005107891223460115 23166976
1733253938615 0.00041981875694290237 23199744
1733253969757 0.0004630871405666426 23200000
1733254027532 0.00040499026338096654 23265280
1733254071103 0.0004277299443941729 23298048
1733254114262 0.0004690591517942266 23330816
1733254157445 0.0005254001801290542 23360000
1733254202895 0.00043497156734702004 23396352
1733254245890 0.0003986076285684703 23429120
1733254289270 0.0005108061914015138 23461888
1733254333160 0.0005368659816781474 23494656
1733254374928 0.0004908670973520657 23520000
1733254421763 0.0004926752117313526 23560192
1733254464977 0.0004682584215387919 23592960
1733254508475 0.0005134295409689571 23625728
1733254552438 0.0005486580685300169 23658496
1733254591346 0.00045605862541719944 23680000
