1733222623088 0.012933909893035889 32768
1733222626285 0.012118713930249214 49152
1733222629504 0.013357858173549175 65536
1733222632808 0.014435017481446266 80000
1733222636179 0.014645610004663467 98304
1733222639467 0.014753522351384163 114688
1733222643001 0.015071084722876549 131072
1733222646283 0.015206027776002884 147456
1733222649834 0.0157126784324646 160000
1733222653365 0.014957395382225513 180224
1733222657051 0.014455254189670086 196608
1733222660304 0.015563981607556343 212992
1733222663555 0.014678087085485458 229376
1733222666866 0.015264812856912613 240000
1733222670552 0.01567479968070984 262144
1733222673923 0.015980113297700882 278528
1733222677234 0.016993269324302673 294912
1733222680508 0.016106177121400833 311296
1733222683433 0.01538095623254776 320000
1733222687219 0.01700105145573616 344064
1733222690615 0.016288556158542633 360448
1733222694088 0.016666164621710777 376832
1733222697371 0.017082002013921738 393216
1733222700146 0.016426362097263336 400000
1733222704138 0.017367545515298843 425984
1733222707442 0.017685066908597946 442368
1733222711069 0.017589744180440903 458752
1733222714869 0.016945526003837585 475136
1733222717564 0.016253529116511345 480000
1733222721752 0.01694456860423088 507904
1733222725495 0.018631063401699066 524288
1733222728874 0.017888812348246574 540672
1733222732187 0.019434792920947075 557056
1733222734716 0.019201241433620453 560000
1733222739262 0.018525058403611183 589824
1733222742694 0.019299274310469627 606208
1733222746204 0.019439056515693665 622592
1733222749558 0.019786976277828217 638976
1733222752109 0.01960178092122078 640000
1733222756686 0.01996837742626667 671744
1733222760119 0.01987907662987709 688128
1733222763531 0.020076215267181396 704512
1733222767143 0.019488655030727386 720000
1733222770683 0.01978931576013565 737280
1733222774166 0.01958933100104332 753664
1733222777603 0.02098982036113739 770048
1733222781010 0.020683135837316513 786432
1733222784413 0.020782575011253357 800000
1733222788191 0.020551707595586777 819200
1733222791516 0.021204307675361633 835584
1733222794880 0.02305314689874649 851968
1733222798281 0.022638870403170586 868352
1733222801435 0.0213794969022274 880000
1733222805145 0.02236323431134224 901120
1733222808529 0.022344421595335007 917504
1733222811986 0.021701660007238388 933888
1733222815713 0.023143723607063293 950272
1733222818894 0.02154887281358242 960000
1733222822885 0.022198045626282692 983040
1733222826374 0.021877095103263855 999424
1733222829774 0.022964321076869965 1015808
1733222833194 0.0222679041326046 1032192
1733222836186 0.022339338436722755 1040000
1733222840241 0.02225562371313572 1064960
1733222844140 0.022411901503801346 1081344
1733222847559 0.02122940681874752 1097728
1733222851368 0.023791393265128136 1114112
1733222854157 0.02278081513941288 1120000
1733222858566 0.023013120517134666 1146880
1733222861977 0.02301444672048092 1163264
1733222865419 0.02337469533085823 1179648
1733222868946 0.023505639284849167 1196032
1733222871777 0.023349901661276817 1200000
1733222876148 0.02177225798368454 1228800
1733222879559 0.023325612768530846 1245184
1733222883144 0.022673718631267548 1261568
1733222886981 0.022402863949537277 1277952
1733222889572 0.02446594275534153 1280000
1733222893959 0.0230893362313509 1310720
1733222897362 0.023320896551012993 1327104
1733222900897 0.024385575205087662 1343488
1733222904556 0.025596406310796738 1359872
1733222906893 0.024249210953712463 1360000
1733222911623 0.025409024208784103 1392640
1733222915230 0.024561092257499695 1409024
1733222918708 0.024649016559123993 1425408
1733222922213 0.024045430123806 1440000
1733222925797 0.026711856946349144 1458176
1733222929279 0.025736574083566666 1474560
1733222932799 0.02529798075556755 1490944
1733222936353 0.02536613494157791 1507328
1733222939678 0.025712767615914345 1520000
1733222943443 0.024675900116562843 1540096
1733222946917 0.02563604526221752 1556480
1733222950684 0.0275484137237072 1572864
1733222954314 0.025667857378721237 1589248
1733222957653 0.025503791868686676 1600000
1733222961493 0.027912287041544914 1622016
1733222964962 0.025260187685489655 1638400
1733222968429 0.027087030932307243 1654784
1733222971923 0.02474931627511978 1671168
1733222974972 0.029086198657751083 1680000
1733222978988 0.025164566934108734 1703936
1733222982466 0.024823833256959915 1720320
1733222985928 0.02558904141187668 1736704
1733222989388 0.024888822808861732 1753088
1733222992239 0.025312969461083412 1760000
1733222996504 0.024341562762856483 1785856
1733222999881 0.02614777535200119 1802240
1733223003273 0.02672453038394451 1818624
1733223006671 0.02620766870677471 1835008
1733223009569 0.02706306427717209 1840000
1733223013792 0.025537095963954926 1867776
1733223017528 0.025566991418600082 1884160
1733223021151 0.025645548477768898 1900544
1733223024619 0.02625424414873123 1916928
1733223027143 0.027119796723127365 1920000
1733223031676 0.026113875210285187 1949696
1733223035122 0.02746451273560524 1966080
1733223038584 0.02449524775147438 1982464
1733223042039 0.02851354330778122 1998848
1733223044490 0.026486797258257866 2000000
1733223049250 0.026750236749649048 2031616
