1733222623089 -3.0600808803923427 32768
1733222626286 -3.088455755263567 49152
1733222629505 -3.061529534496367 65536
1733222632809 -3.001228471659124 80000
1733222636180 -3.0084517361596226 98304
1733222639468 -3.0086724213324487 114688
1733222643002 -2.9907200299203396 131072
1733222646284 -2.931059486512095 147456
1733222649835 -2.926483965665102 160000
1733222653366 -2.8748745171353223 180224
1733222657052 -2.8400851961225273 196608
1733222660305 -2.806914994586259 212992
1733222663556 -2.736378597933799 229376
1733222666867 -2.7019419592805205 240000
1733222670553 -2.665377156622708 262144
1733222673925 -2.600552894640714 278528
1733222677235 -2.5556451672688127 294912
1733222680509 -2.479222883004695 311296
1733222683435 -2.4231674402952192 320000
1733222687220 -2.3612173150293527 344064
1733222690616 -2.3229161489754917 360448
1733222694090 -2.242308224737644 376832
1733222697372 -2.1723664960823954 393216
1733222700147 -2.0945705495774747 400000
1733222704139 -2.053288912214339 425984
1733222707443 -1.9650264212395996 442368
1733222711070 -1.901152756344527 458752
1733222714870 -1.8520046651363373 475136
1733222717565 -1.7768579203635455 480000
1733222721753 -1.7202849653549492 507904
1733222725497 -1.64854660150595 524288
1733222728875 -1.6254019038751721 540672
1733222732188 -1.5731868038885295 557056
1733222734717 -1.540856499504298 560000
1733222739263 -1.4948953477665783 589824
1733222742695 -1.4374573326669633 606208
1733222746205 -1.4031615938525648 622592
1733222749560 -1.3671974712517112 638976
1733222752110 -1.3417312055360526 640000
1733222756687 -1.2916205631569029 671744
1733222760120 -1.275570277357474 688128
1733222763532 -1.252446112781763 704512
1733222767152 -1.2154545087367297 720000
1733222770684 -1.2002036042977124 737280
1733222774167 -1.1787527443375438 753664
1733222777604 -1.1529469538014383 770048
1733222781011 -1.1551498571876437 786432
1733222784415 -1.1269818391185253 800000
1733222788192 -1.109327274397947 819200
1733222791517 -1.077929746825248 835584
1733222794881 -1.0778317347168922 851968
1733222798282 -1.049818191770464 868352
1733222801436 -1.0292174155591056 880000
1733222805146 -1.033310160250403 901120
1733222808530 -1.016675194655545 917504
1733222811987 -1.0032352938083933 933888
1733222815714 -0.9868893227539957 950272
1733222818895 -0.975681726145558 960000
1733222822886 -0.9550082535250113 983040
1733222826375 -0.9466620813356712 999424
1733222829775 -0.9400817236630246 1015808
1733222833195 -0.9241791224107146 1032192
1733222836187 -0.9053044731030241 1040000
1733222840242 -0.8985386575106531 1064960
1733222844142 -0.883520505647175 1081344
1733222847560 -0.8802772602299228 1097728
1733222851369 -0.8753018393879757 1114112
1733222854158 -0.8709456590004265 1120000
1733222858567 -0.85341564679984 1146880
1733222861978 -0.8473347679944709 1163264
1733222865420 -0.8372231862507761 1179648
1733222868947 -0.8317140040220693 1196032
1733222871778 -0.8129177304450422 1200000
1733222876150 -0.8059376366902142 1228800
1733222879560 -0.8093947656918317 1245184
1733222883145 -0.7844872611109167 1261568
1733222886983 -0.792217905074358 1277952
1733222889573 -0.7749918039189652 1280000
1733222893960 -0.7717689173761755 1310720
1733222897363 -0.7660412603290752 1327104
1733222900898 -0.7521122241159901 1343488
1733222904557 -0.7439035657327622 1359872
1733222906894 -0.732689723931253 1360000
1733222911624 -0.7389506097650156 1392640
1733222915231 -0.7344727415125817 1409024
1733222918709 -0.7266710836207494 1425408
1733222922214 -0.7214962963713333 1440000
1733222925798 -0.7148601564578712 1458176
1733222929280 -0.707029896741733 1474560
1733222932800 -0.7058633681619539 1490944
1733222936354 -0.695462611108087 1507328
1733222939679 -0.6842077262001112 1520000
1733222943445 -0.68988982407609 1540096
1733222946918 -0.6777631370699965 1556480
1733222950685 -0.6723568578483536 1572864
1733222954315 -0.6735294205020181 1589248
1733222957655 -0.6635391084244475 1600000
1733222961494 -0.6545254708500579 1622016
1733222964963 -0.6553662233985961 1638400
1733222968430 -0.6421501057571731 1654784
1733222971924 -0.643661137460731 1671168
1733222974973 -0.6436166085419245 1680000
1733222978989 -0.636190524615813 1703936
1733222982467 -0.6362696495605633 1720320
1733222985929 -0.6240068467333912 1736704
1733222989389 -0.6262927309842781 1753088
1733222992240 -0.6202665880671703 1760000
1733222996506 -0.620493135554716 1785856
1733222999882 -0.6161919114529155 1802240
1733223003274 -0.6178276519756765 1818624
1733223006672 -0.6204152729711495 1835008
1733223009570 -0.6072827552095987 1840000
1733223013793 -0.6003122778260149 1867776
1733223017530 -0.5947507027653046 1884160
1733223021152 -0.5930119716096669 1900544
1733223024620 -0.5864158716169185 1916928
1733223027145 -0.5906837384449318 1920000
1733223031677 -0.5836655909894034 1949696
1733223035123 -0.5763651695335283 1966080
1733223038586 -0.5730735627235845 1982464
1733223042040 -0.5768353825202212 1998848
1733223044491 -0.5688317956402897 2000000
1733223049251 -0.5679196554468945 2031616
