1733222623089 -1.4088616371154785 32768
1733222626286 -0.8012446165084839 49152
1733222629506 0.10025674104690552 65536
1733222632810 0.2532293200492859 80000
1733222636180 0.38852858543395996 98304
1733222639468 0.4560304880142212 114688
1733222643002 0.47877615690231323 131072
1733222646284 0.49945318698883057 147456
1733222649835 0.5454320907592773 160000
1733222653366 0.5800071358680725 180224
1733222657052 0.559355616569519 196608
1733222660306 0.5046415627002716 212992
1733222663556 0.5013903677463531 229376
1733222666867 0.5213946104049683 240000
1733222670553 0.5449564754962921 262144
1733222673925 0.5056151747703552 278528
1733222677236 0.49394017457962036 294912
1733222680510 0.48365819454193115 311296
1733222683435 0.5129351317882538 320000
1733222687221 0.5251158475875854 344064
1733222690617 0.5160680413246155 360448
1733222694090 0.509699136018753 376832
1733222697372 0.46976763010025024 393216
1733222700148 0.4527321457862854 400000
1733222704140 0.44449275732040405 425984
1733222707444 0.43098968267440796 442368
1733222711070 0.3705574870109558 458752
1733222714870 0.38870739936828613 475136
1733222717566 0.341921865940094 480000
1733222721753 0.41416454315185547 507904
1733222725497 0.342770516872406 524288
1733222728875 0.3158770799636841 540672
1733222732189 0.31223446130752563 557056
1733222734718 0.36500030755996704 560000
1733222739263 0.35912078619003296 589824
1733222742696 0.39368075132369995 606208
1733222746205 0.4480842351913452 622592
1733222749560 0.439958393573761 638976
1733222752110 0.43132632970809937 640000
1733222756687 0.47234517335891724 671744
1733222760121 0.533114105463028 688128
1733222763533 0.5407011806964874 704512
1733222767152 0.5514982640743256 720000
1733222770684 0.5769816935062408 737280
1733222774167 0.5837865769863129 753664
1733222777605 0.6098077595233917 770048
1733222781011 0.5964799225330353 786432
1733222784415 0.6348503828048706 800000
1733222788192 0.5938437283039093 819200
1733222791517 0.6670382022857666 835584
1733222794882 0.6386148929595947 851968
1733222798283 0.644837886095047 868352
1733222801437 0.6412260234355927 880000
1733222805146 0.6502857506275177 901120
1733222808531 0.6881132125854492 917504
1733222811987 0.6744700372219086 933888
1733222815714 0.6371224224567413 950272
1733222818896 0.6201595366001129 960000
1733222822886 0.6560146808624268 983040
1733222826376 0.6982293426990509 999424
1733222829776 0.6733357310295105 1015808
1733222833195 0.6991398930549622 1032192
1733222836187 0.7155957818031311 1040000
1733222840243 0.7002553939819336 1064960
1733222844142 0.7157966196537018 1081344
1733222847561 0.7171431183815002 1097728
1733222851370 0.7188562154769897 1114112
1733222854159 0.6763469278812408 1120000
1733222858568 0.718889445066452 1146880
1733222861978 0.69776651263237 1163264
1733222865421 0.7475652992725372 1179648
1733222868947 0.7285529673099518 1196032
1733222871779 0.719937264919281 1200000
1733222876150 0.7321968674659729 1228800
1733222879560 0.7131966352462769 1245184
1733222883145 0.7071462869644165 1261568
1733222886983 0.7422142624855042 1277952
1733222889574 0.713299959897995 1280000
1733222893961 0.7296189665794373 1310720
1733222897363 0.7013526856899261 1327104
1733222900898 0.7524475157260895 1343488
1733222904558 0.73210409283638 1359872
1733222906894 0.7319681644439697 1360000
1733222911624 0.7228560447692871 1392640
1733222915232 0.7425640821456909 1409024
1733222918709 0.7134489417076111 1425408
1733222922215 0.7236906290054321 1440000
1733222925798 0.7184365391731262 1458176
1733222929281 0.6934894919395447 1474560
1733222932800 0.6944592893123627 1490944
1733222936354 0.7416274547576904 1507328
1733222939679 0.7684213221073151 1520000
1733222943445 0.7417844533920288 1540096
1733222946918 0.7292807400226593 1556480
1733222950685 0.7400271892547607 1572864
1733222954316 0.7389079928398132 1589248
1733222957655 0.7700070589780807 1600000
1733222961495 0.7578957229852676 1622016
1733222964963 0.7930606305599213 1638400
1733222968431 0.745642751455307 1654784
1733222971925 0.7949559986591339 1671168
1733222974974 0.7422272264957428 1680000
1733222978990 0.8053659498691559 1703936
1733222982467 0.7440953552722931 1720320
1733222985929 0.7568764984607697 1736704
1733222989389 0.7321283221244812 1753088
1733222992241 0.7337049245834351 1760000
1733222996506 0.7952339351177216 1785856
1733222999882 0.783948540687561 1802240
1733223003275 0.8055475950241089 1818624
1733223006672 0.7641139626502991 1835008
1733223009570 0.8061759918928146 1840000
1733223013794 0.7851899564266205 1867776
1733223017530 0.833125650882721 1884160
1733223021153 0.8097218126058578 1900544
1733223024621 0.7343491017818451 1916928
1733223027145 0.7262534201145172 1920000
1733223031677 0.7933894097805023 1949696
1733223035123 0.7869589328765869 1966080
1733223038586 0.8129497915506363 1982464
1733223042040 0.7986972779035568 1998848
1733223044491 0.7382378280162811 2000000
1733223049251 0.7701898366212845 2031616
