1733222623090 0.010694822296500206 32768
1733222626287 -0.007274830248206854 49152
1733222629506 -0.0008081806590780616 65536
1733222632811 -0.03205868974328041 80000
1733222636181 -0.015388248488307 98304
1733222639469 0.0059397718869149685 114688
1733222643003 -0.044702451676130295 131072
1733222646285 -0.017566703259944916 147456
1733222649836 -0.02843906544148922 160000
1733222653367 -0.0058067296631634235 180224
1733222657053 -0.013106105849146843 196608
1733222660306 -0.061394814401865005 212992
1733222663557 -0.03772025182843208 229376
1733222666868 -0.017437178641557693 240000
1733222670554 -0.04533713683485985 262144
1733222673926 -0.016866128891706467 278528
1733222677236 -0.027470484375953674 294912
1733222680510 -0.028451941907405853 311296
1733222683436 -0.05076579377055168 320000
1733222687221 -0.05053051933646202 344064
1733222690617 -0.04561896622180939 360448
1733222694091 -0.0032366113737225533 376832
1733222697373 -8.006580173969269e-06 393216
1733222700148 -0.03668200969696045 400000
1733222704141 -0.04103698953986168 425984
1733222707444 -0.021934237331151962 442368
1733222711071 -0.06600523740053177 458752
1733222714871 -0.048413097858428955 475136
1733222717567 -0.03011891432106495 480000
1733222721754 -0.06237959861755371 507904
1733222725498 -0.022327007725834846 524288
1733222728876 -0.03870844468474388 540672
1733222732189 -0.03718617558479309 557056
1733222734718 -0.02269323542714119 560000
1733222739264 -0.026797499507665634 589824
1733222742697 -0.025051983073353767 606208
1733222746206 -0.06052081659436226 622592
1733222749561 -0.04184572771191597 638976
1733222752111 -0.056231237947940826 640000
1733222756688 -0.02059267833828926 671744
1733222760122 -0.031527258455753326 688128
1733222763533 -0.06270702183246613 704512
1733222767153 -0.025219257920980453 720000
1733222770685 -0.04605018347501755 737280
1733222774168 -0.045179639011621475 753664
1733222777605 -0.05450046434998512 770048
1733222781012 -0.04706201329827309 786432
1733222784416 -0.03669724240899086 800000
1733222788193 -0.042499709874391556 819200
1733222791518 0.004514132626354694 835584
1733222794883 -0.02098025754094124 851968
1733222798283 -0.04524949938058853 868352
1733222801437 -0.048700593411922455 880000
1733222805147 -0.021622130647301674 901120
1733222808531 -0.04706699028611183 917504
1733222811988 -0.025347424671053886 933888
1733222815715 -0.03569377586245537 950272
1733222818896 -0.030661990866065025 960000
1733222822887 0.0006790644256398082 983040
1733222826377 -0.07494477182626724 999424
1733222829776 -0.03684301674365997 1015808
1733222833196 -0.05017836391925812 1032192
1733222836188 -0.03411703184247017 1040000
1733222840243 -0.015113422647118568 1064960
1733222844143 -0.061836645007133484 1081344
1733222847562 -0.05416038632392883 1097728
1733222851370 -0.045258451253175735 1114112
1733222854159 -0.025954002514481544 1120000
1733222858568 -0.040146518498659134 1146880
1733222861979 -0.029082320630550385 1163264
1733222865421 -0.06275882571935654 1179648
1733222868948 -0.026469048112630844 1196032
1733222871779 -0.02783656120300293 1200000
1733222876151 -0.03482268750667572 1228800
1733222879561 -0.04417062923312187 1245184
1733222883146 0.005128893535584211 1261568
1733222886984 -0.03793031722307205 1277952
1733222889574 -0.05332046002149582 1280000
1733222893961 -0.026612410321831703 1310720
1733222897364 -0.05610113590955734 1327104
1733222900899 -0.016095010563731194 1343488
1733222904558 -0.026819761842489243 1359872
1733222906895 -0.046137139201164246 1360000
1733222911625 -0.03771057724952698 1392640
1733222915232 -0.004365214612334967 1409024
1733222918710 -0.06054596230387688 1425408
1733222922215 -0.047365009784698486 1440000
1733222925799 -0.05380115285515785 1458176
1733222929281 -0.050168510526418686 1474560
1733222932801 -0.056115079671144485 1490944
1733222936355 -0.06015756353735924 1507328
1733222939680 -0.049602244049310684 1520000
1733222943446 -0.027503980323672295 1540096
1733222946919 -0.006660189013928175 1556480
1733222950686 -0.03384065255522728 1572864
1733222954317 -0.04749193415045738 1589248
1733222957660 -0.04164708033204079 1600000
1733222961495 -0.04359510540962219 1622016
1733222964964 -0.04004766419529915 1638400
1733222968431 -0.012104509398341179 1654784
1733222971925 -0.0588858425617218 1671168
1733222974974 -0.0050175064243376255 1680000
1733222978991 -0.05904749780893326 1703936
1733222982468 -0.03775865212082863 1720320
1733222985930 -0.04721704125404358 1736704
1733222989390 -0.0028689007740467787 1753088
1733222992242 -0.019909357652068138 1760000
1733222996507 -0.013080787844955921 1785856
1733222999883 -0.04660943150520325 1802240
1733223003276 -0.03251339867711067 1818624
1733223006673 -0.01946450024843216 1835008
1733223009571 -0.027413321658968925 1840000
1733223013794 -0.035163674503564835 1867776
1733223017531 -0.05103909969329834 1884160
1733223021153 -0.03971980884671211 1900544
1733223024622 -0.06060636043548584 1916928
1733223027146 -0.05089978873729706 1920000
1733223031678 -0.030772186815738678 1949696
1733223035124 -0.04616255685687065 1966080
1733223038587 -0.033513206988573074 1982464
1733223042041 -0.016224589198827744 1998848
1733223044492 -0.02609439007937908 2000000
1733223049252 -0.025153640657663345 2031616
