1733222623091 -0.020178024082633784 32768
1733222626288 -0.01875422645684921 49152
1733222629507 -0.018981446609814157 65536
1733222632811 -0.020255972687664325 80000
1733222636182 -0.02012233670675414 98304
1733222639470 -0.02056337155381698 114688
1733222643004 -0.02244330776093193 131072
1733222646286 -0.022331341058907127 147456
1733222649837 -0.02473210708976694 160000
1733222653368 -0.02486013913885472 180224
1733222657054 -0.023826319310865075 196608
1733222660307 -0.025982735518482514 212992
1733222663558 -0.02580511866217421 229376
1733222666869 -0.02602540034586127 240000
1733222670555 -0.02684781721454783 262144
1733222673927 -0.026583285351989616 278528
1733222677237 -0.02877287549290486 294912
1733222680511 -0.028019541664616555 311296
1733222683436 -0.0276491517033719 320000
1733222687222 -0.030646146374147067 344064
1733222690618 -0.029786059413345355 360448
1733222694091 -0.029448625806435303 376832
1733222697374 -0.030558945721895724 393216
1733222700149 -0.02952064236942533 400000
1733222704141 -0.03123335836407932 425984
1733222707445 -0.03188663105738669 442368
1733222711072 -0.031057770074949077 458752
1733222714872 -0.03047184872084472 475136
1733222717567 -0.029918920034833717 480000
1733222721755 -0.03137293793060962 507904
1733222725499 -0.03145539329170788 524288
1733222728877 -0.030996547126051155 540672
1733222732190 -0.033390306960245655 557056
1733222734719 -0.03268907613310148 560000
1733222739265 -0.03134897381414703 589824
1733222742697 -0.032676925189571195 606208
1733222746207 -0.03097030168373749 622592
1733222749562 -0.033008149411944035 638976
1733222752112 -0.031197084618543158 640000
1733222756689 -0.03109485315171696 671744
1733222760122 -0.0309856328855858 688128
1733222763534 -0.029958835845172872 704512
1733222767154 -0.0300501643095231 720000
1733222770686 -0.03139145227814879 737280
1733222774169 -0.03036823924221608 753664
1733222777606 -0.03173873015448407 770048
1733222781013 -0.03106769095193158 786432
1733222784417 -0.03020461764845095 800000
1733222788194 -0.030182866990344337 819200
1733222791519 -0.03112792228721446 835584
1733222794883 -0.031845530523605704 851968
1733222798284 -0.030666635103170848 868352
1733222801438 -0.030422987114161516 880000
1733222805148 -0.029349241799718585 901120
1733222808532 -0.03053077063850651 917504
1733222811989 -0.029617003166094946 933888
1733222815716 -0.029020370511079818 950272
1733222818897 -0.02984245002244279 960000
1733222822888 -0.029506981290433033 983040
1733222826377 -0.029003546451076546 999424
1733222829777 -0.02905216255076084 1015808
1733222833197 -0.029461147061283555 1032192
1733222836189 -0.029105965932285472 1040000
1733222840244 -0.02799354384487742 1064960
1733222844144 -0.028661858581563136 1081344
1733222847562 -0.027428422196499012 1097728
1733222851371 -0.02926338660381589 1114112
1733222854160 -0.0279352043153267 1120000
1733222858569 -0.028994008056588427 1146880
1733222861980 -0.0288594554431711 1163264
1733222865422 -0.029229282423148106 1179648
1733222868949 -0.027526723805749498 1196032
1733222871780 -0.027080793699769855 1200000
1733222876151 -0.027377374860770944 1228800
1733222879562 -0.02881613672743697 1245184
1733222883147 -0.027963064140840287 1261568
1733222886985 -0.026266747376121204 1277952
1733222889575 -0.02770060654493136 1280000
1733222893962 -0.025987365111450344 1310720
1733222897365 -0.026990463145193645 1327104
1733222900900 -0.027329366082722118 1343488
1733222904559 -0.026125844732359838 1359872
1733222906896 -0.025373330127513326 1360000
1733222911626 -0.028321920545658942 1392640
1733222915233 -0.026809386043441918 1409024
1733222918711 -0.026719807265044436 1425408
1733222922216 -0.027134893599395582 1440000
1733222925800 -0.028977730247970613 1458176
1733222929282 -0.027440701552768586 1474560
1733222932801 -0.026843580641161678 1490944
1733222936356 -0.027327896463202706 1507328
1733222939681 -0.024663467130176288 1520000
1733222943446 -0.026973294647996228 1540096
1733222946920 -0.02622503803077052 1556480
1733222950687 -0.024753381914524652 1572864
1733222954317 -0.02582530761928865 1589248
1733222957662 -0.026774638548886287 1600000
1733222961496 -0.024973241828774917 1622016
1733222964965 -0.025117886879252184 1638400
1733222968432 -0.025219348161408563 1654784
1733222971926 -0.02725441702932585 1671168
1733222974975 -0.027286576508959114 1680000
1733222978991 -0.025245291983083007 1703936
1733222982469 -0.024569704372606794 1720320
1733222985931 -0.027527737121818063 1736704
1733222989391 -0.02620280614337389 1753088
1733222992242 -0.025509749809407366 1760000
1733222996507 -0.025390668381351133 1785856
1733222999884 -0.025681587175040477 1802240
1733223003276 -0.023416306009039545 1818624
1733223006674 -0.025663494703621836 1835008
1733223009572 -0.027264741029830473 1840000
1733223013795 -0.02549418128437537 1867776
1733223017532 -0.02670535252909758 1884160
1733223021154 -0.024375138175219035 1900544
1733223024622 -0.0255189958081246 1916928
1733223027146 -0.026349009853993265 1920000
1733223031679 -0.026102578527934385 1949696
1733223035125 -0.02734599600198635 1966080
1733223038587 -0.025706993648782372 1982464
1733223042042 -0.024005692721857486 1998848
1733223044493 -0.024001351512288237 2000000
1733223049253 -0.02427135311618258 2031616
