1733222623091 0.04061865364419646 32768
1733222626288 0.006049671084838337 49152
1733222629508 0.0030063961590713006 65536
1733222632812 0.0029363102688648723 80000
1733222636182 0.0029936457378198613 98304
1733222639470 0.0033610409033144606 114688
1733222643004 0.0034751487012954383 131072
1733222646286 0.004926399722307906 147456
1733222649837 0.005613979457120877 160000
1733222653368 0.006341473294560274 180224
1733222657054 0.0076825875507893215 196608
1733222660308 0.007819821612156375 212992
1733222663558 0.007904691301428101 229376
1733222666869 0.008425610148060514 240000
1733222670555 0.008558599508069165 262144
1733222673927 0.009446220774043468 278528
1733222677238 0.008607556855713483 294912
1733222680512 0.009043378646038037 311296
1733222683437 0.008560487033992103 320000
1733222687222 0.007898758931696647 344064
1733222690619 0.0067968888968607645 360448
1733222694092 0.006363996250456694 376832
1733222697374 0.006008213023778808 393216
1733222700150 0.005777408178346377 400000
1733222704142 0.004481893558931915 425984
1733222707445 0.004033214941000551 442368
1733222711072 0.003452800354352803 458752
1733222714872 0.0026523575800183607 475136
1733222717568 0.0020129231149667247 480000
1733222721755 0.0017712646541440335 507904
1733222725499 0.0015401188414443823 524288
1733222728877 0.0015189204604212137 540672
1733222732190 0.0011535248177779068 557056
1733222734720 0.0008996472969215574 560000
1733222739265 0.0008849362600813037 589824
1733222742698 0.0007415466526538239 606208
1733222746207 0.0006497274315734103 622592
1733222749562 0.0005546081135776148 638976
1733222752112 0.0006124512530391258 640000
1733222756689 0.00048091125921132514 671744
1733222760123 0.00047206315786070264 688128
1733222763535 0.00043817146430455976 704512
1733222767154 0.0003981488297370106 720000
1733222770686 0.0003935528042802616 737280
1733222774169 0.0003774225308518453 753664
1733222777607 0.0003570397469331965 770048
1733222781013 0.00036453810403145324 786432
1733222784417 0.00033376002255636195 800000
1733222788194 0.0003400252140863813 819200
1733222791519 0.0002871996501539797 835584
1733222794884 0.00030450192281250565 851968
1733222798285 0.0002828926892931349 868352
1733222801439 0.0003023980893658518 880000
1733222805148 0.00031896035833938184 901120
1733222808533 0.00026548185669241777 917504
1733222811989 0.00028836486637544566 933888
1733222815716 0.00032576980520957475 950272
1733222818898 0.0003297003307494606 960000
1733222822888 0.00028147675453737975 983040
1733222826378 0.0002447437980720224 999424
1733222829778 0.0002784174583553067 1015808
1733222833197 0.00026106264348868535 1032192
1733222836189 0.0002505624312192367 1040000
1733222840245 0.00026137899023979114 1064960
1733222844144 0.00023672581903326772 1081344
1733222847563 0.00025365067968152744 1097728
1733222851371 0.0002492867457306147 1114112
1733222854160 0.00028997806503241466 1120000
1733222858569 0.00022883376630744579 1146880
1733222861980 0.00025182962111216514 1163264
1733222865423 0.0002082902987979196 1179648
1733222868949 0.00025096988335064906 1196032
1733222871780 0.00023700490626765713 1200000
1733222876152 0.0002273555116573789 1228800
1733222879562 0.00023602676679388424 1245184
1733222883147 0.000236556787410791 1261568
1733222886986 0.00021272261472802257 1277952
1733222889576 0.00024099126446799345 1280000
1733222893962 0.00022769290351334348 1310720
1733222897365 0.00026202119472316097 1327104
1733222900900 0.0002312351127613965 1343488
1733222904560 0.00024270674317961038 1359872
1733222906896 0.00024298851856485726 1360000
1733222911626 0.00024891795578696474 1392640
1733222915233 0.00022308809479909542 1409024
1733222918711 0.00025098351017902585 1425408
1733222922216 0.00023748324142331968 1440000
1733222925800 0.0002399610167458377 1458176
1733222929282 0.00026451869571815224 1474560
1733222932802 0.0002645110093880021 1490944
1733222936356 0.00022325344381783906 1507328
1733222939681 0.00019384168662810452 1520000
1733222943447 0.00022635360798517468 1540096
1733222946920 0.00024712585183266355 1556480
1733222950687 0.00024313032455580696 1572864
1733222954318 0.00022674913060143352 1589248
1733222957667 0.00019772453410240586 1600000
1733222961496 0.00022611567715813408 1622016
1733222964965 0.00017826916308365525 1638400
1733222968432 0.00021995919262423057 1654784
1733222971927 0.00017426950494723315 1671168
1733222974976 0.00020892597514574618 1680000
1733222978992 0.00017024061573351902 1703936
1733222982469 0.00022043150140120814 1720320
1733222985931 0.00021475863486841718 1736704
1733222989391 0.00023717485747454248 1753088
1733222992243 0.00023758060336263043 1760000
1733222996508 0.00017548632665977947 1785856
1733222999884 0.00020495719033277737 1802240
1733223003277 0.00017144873293943873 1818624
1733223006674 0.00022085503435249622 1835008
1733223009572 0.00017625624125656715 1840000
1733223013796 0.0001947515631016472 1867776
1733223017532 0.0001512630703430773 1884160
1733223021155 0.0001712821166833578 1900544
1733223024623 0.00024154503103233083 1916928
1733223027147 0.0002451820214815825 1920000
1733223031679 0.00019555283277554735 1949696
1733223035125 0.00018916414033043338 1966080
1733223038588 0.00018586667968634174 1982464
1733223042042 0.00018642772543557838 1998848
1733223044493 0.000249473749708784 2000000
1733223049253 0.00020549769330813206 2031616
