1733223256297 0.1864288330078125 65536
1733223283281 0.2058837890625 98304
1733223310423 0.214892578125 131072
1733223339206 0.2215728759765625 160000
1733223368005 0.22479248046875 196608
1733223395149 0.244451904296875 229376
1733223421502 0.251116943359375 262144
1733223448334 0.2298583984375 294912
1733223476510 0.2617156982421875 320000
1733223506419 0.2588348388671875 360448
1733223534551 0.265362548828125 393216
1733223561197 0.2691070556640625 425984
1733223588179 0.2816375732421875 458752
1733223614507 0.2934417724609375 480000
1733223644794 0.278485107421875 524288
1733223671938 0.2978546142578125 557056
1733223698787 0.296331787109375 589824
1733223725650 0.3045440673828125 622592
1733223752148 0.3148284912109375 640000
1733223783398 0.2866546630859375 688128
1733223809649 0.3194366455078125 720896
1733223836086 0.3057647705078125 753664
1733223862640 0.3053955078125 786432
1733223887119 0.3248138427734375 800000
1733223919999 0.3096954345703125 851968
1733223947084 0.3242889404296875 884736
1733223974511 0.3138427734375 917504
1733224001695 0.3158050537109375 950272
1733224025281 0.3079803466796875 960000
1733224059074 0.320172119140625 1015808
1733224086379 0.31905517578125 1048576
1733224113563 0.31544189453125 1081344
1733224140822 0.330303955078125 1114112
1733224163549 0.3312744140625 1120000
1733224197820 0.3145599365234375 1179648
1733224224757 0.3215301513671875 1212416
1733224251724 0.321429443359375 1245184
1733224278664 0.3282501220703125 1277952
1733224299949 0.339508056640625 1280000
1733224336008 0.3329376220703125 1343488
1733224363290 0.3235260009765625 1376256
1733224389741 0.3397308349609375 1409024
1733224419721 0.3373809814453125 1440000
1733224447344 0.3276458740234375 1474560
1733224474309 0.344708251953125 1507328
1733224500955 0.336663818359375 1540096
1733224527781 0.339105224609375 1572864
1733224556740 0.33861083984375 1600000
1733224585610 0.34915771484375 1638400
1733224612824 0.34808349609375 1671168
1733224639594 0.346441650390625 1703936
1733224666351 0.3371063232421875 1736704
1733224694318 0.3411895751953125 1760000
1733224724002 0.34755859375 1802240
1733224750952 0.3428375244140625 1835008
1733224777870 0.342486572265625 1867776
1733224804712 0.3433868408203125 1900544
1733224831126 0.3410888671875 1920000
1733224861613 0.3415557861328125 1966080
1733224888493 0.344183349609375 1998848
1733224915173 0.345965576171875 2031616
1733224941616 0.3407562255859375 2064384
1733224967268 0.3426513671875 2080000
1733224999070 0.3360015869140625 2129920
1733225025809 0.34169921875 2162688
1733225052780 0.3386016845703125 2195456
1733225079494 0.349493408203125 2228224
1733225103857 0.337139892578125 2240000
1733225137277 0.34561767578125 2293760
1733225164490 0.3405853271484375 2326528
1733225191462 0.343560791015625 2359296
1733225218442 0.3462158203125 2392064
1733225241299 0.3292266845703125 2400000
1733225275551 0.3446014404296875 2457600
1733225302343 0.3407989501953125 2490368
1733225329869 0.3350830078125 2523136
1733225357694 0.33570556640625 2555904
1733225379594 0.33382568359375 2560000
1733225415545 0.3392913818359375 2621440
1733225442204 0.34471435546875 2654208
1733225469113 0.3377899169921875 2686976
1733225495847 0.34539794921875 2719744
1733225516867 0.3420440673828125 2720000
1733225553839 0.3421142578125 2785280
1733225580911 0.3433563232421875 2818048
1733225608003 0.332916259765625 2850816
1733225638166 0.3405181884765625 2880000
1733225666340 0.3391143798828125 2916352
1733225693525 0.333856201171875 2949120
1733225720709 0.326177978515625 2981888
1733225747806 0.3276947021484375 3014656
1733225775782 0.3336273193359375 3040000
1733225804910 0.3352264404296875 3080192
1733225831964 0.323486328125 3112960
1733225858358 0.32696533203125 3145728
1733225885010 0.3354034423828125 3178496
1733225911613 0.330462646484375 3200000
1733225941235 0.3336395263671875 3244032
1733225967803 0.3309173583984375 3276800
1733225994145 0.3289306640625 3309568
1733226020507 0.3387481689453125 3342336
1733226045999 0.3325531005859375 3360000
1733226077041 0.326104736328125 3407872
1733226103784 0.3255859375 3440640
1733226130818 0.336474609375 3473408
1733226157586 0.3256317138671875 3506176
1733226182561 0.319793701171875 3520000
1733226215235 0.332830810546875 3571712
1733226242101 0.3279205322265625 3604480
1733226269170 0.3262908935546875 3637248
1733226296394 0.325640869140625 3670016
1733226320194 0.3243438720703125 3680000
1733226354088 0.3230224609375 3735552
1733226381237 0.32301025390625 3768320
1733226408156 0.3241668701171875 3801088
1733226434973 0.337689208984375 3833856
1733226457126 0.3370941162109375 3840000
1733226491656 0.3208709716796875 3899392
1733226518633 0.317572021484375 3932160
1733226544959 0.3283905029296875 3964928
1733226571495 0.3239990234375 3997696
1733226592646 0.322357177734375 4000000
1733226629061 0.3235626220703125 4063232
1733226655936 0.3202972412109375 4096000
1733226683243 0.317803955078125 4128768
1733226713524 0.3226287841796875 4160000
1733226741271 0.3164337158203125 4194304
1733226768071 0.3251678466796875 4227072
1733226795219 0.3093048095703125 4259840
1733226822304 0.3262298583984375 4292608
1733226851962 0.31622314453125 4320000
1733226881311 0.311224365234375 4358144
1733226908314 0.32939453125 4390912
1733226935249 0.31822509765625 4423680
1733226961750 0.3251708984375 4456448
1733226990077 0.3127960205078125 4480000
1733227020192 0.3155120849609375 4521984
1733227047209 0.315789794921875 4554752
1733227074185 0.3189453125 4587520
1733227100711 0.3096923828125 4620288
1733227127603 0.3174774169921875 4640000
1733227158603 0.3054779052734375 4685824
1733227185204 0.3050201416015625 4718592
1733227212221 0.3148162841796875 4751360
1733227238722 0.3107757568359375 4784128
1733227264017 0.31578369140625 4800000
1733227296314 0.3111785888671875 4849664
1733227323098 0.3096466064453125 4882432
1733227350107 0.309210205078125 4915200
1733227377257 0.302532958984375 4947968
1733227401954 0.3170196533203125 4960000
1733227435307 0.31611328125 5013504
1733227461985 0.3024627685546875 5046272
1733227488735 0.315618896484375 5079040
1733227515844 0.300653076171875 5111808
1733227538880 0.314788818359375 5120000
1733227572928 0.3090972900390625 5177344
1733227599353 0.3124237060546875 5210112
1733227626262 0.3043792724609375 5242880
1733227652664 0.310272216796875 5275648
1733227674491 0.31031494140625 5280000
1733227709806 0.3093658447265625 5341184
1733227736763 0.30634765625 5373952
1733227763816 0.3087982177734375 5406720
1733227791025 0.303057861328125 5439488
1733227811883 0.3087005615234375 5440000
1733227848433 0.303533935546875 5505024
1733227875631 0.31002197265625 5537792
1733227902384 0.2977325439453125 5570560
1733227931843 0.303985595703125 5600000
1733227959727 0.3028900146484375 5636096
1733227986336 0.292791748046875 5668864
1733228012946 0.3036468505859375 5701632
1733228039646 0.29564208984375 5734400
1733228068013 0.3012298583984375 5760000
1733228097065 0.305908203125 5799936
1733228124206 0.297607421875 5832704
1733228151276 0.3087127685546875 5865472
1733228178174 0.2973388671875 5898240
1733228205321 0.3107421875 5920000
1733228235835 0.301959228515625 5963776
1733228262411 0.2912994384765625 5996544
1733228288601 0.2923187255859375 6029312
1733228316260 0.3064727783203125 6062080
1733228341880 0.296307373046875 6080000
1733228373377 0.2921844482421875 6127616
1733228400611 0.3036041259765625 6160384
1733228428079 0.3076171875 6193152
1733228455508 0.3026824951171875 6225920
1733228480346 0.288555908203125 6240000
1733228512640 0.28961181640625 6291456
1733228539297 0.2967498779296875 6324224
1733228565957 0.30269775390625 6356992
1733228592574 0.291326904296875 6389760
1733228615899 0.300701904296875 6400000
1733228649020 0.2982177734375 6455296
1733228675393 0.2954620361328125 6488064
1733228702210 0.28560791015625 6520832
1733228729144 0.3022186279296875 6553600
1733228751293 0.2875946044921875 6560000
1733228785645 0.2999664306640625 6619136
1733228812114 0.2847991943359375 6651904
1733228839022 0.29859619140625 6684672
1733228865598 0.2976593017578125 6717440
1733228887104 0.28583984375 6720000
1733228923132 0.288568115234375 6782976
1733228950424 0.3000396728515625 6815744
1733228977641 0.3027008056640625 6848512
1733229007767 0.292218017578125 6880000
1733229035583 0.2854217529296875 6914048
1733229062891 0.2901214599609375 6946816
1733229090201 0.3033935546875 6979584
1733229117059 0.2847625732421875 7012352
1733229145978 0.294512939453125 7040000
1733229175652 0.292694091796875 7077888
1733229202120 0.2774566650390625 7110656
1733229228552 0.29273681640625 7143424
1733229254903 0.2992767333984375 7176192
1733229282639 0.290582275390625 7200000
1733229313456 0.29268798828125 7241728
1733229340706 0.2919036865234375 7274496
1733229367946 0.2849945068359375 7307264
1733229395934 0.292218017578125 7340032
1733229422739 0.2822662353515625 7360000
1733229453258 0.2915985107421875 7405568
1733229480530 0.2792694091796875 7438336
1733229507968 0.2982147216796875 7471104
1733229535210 0.293927001953125 7503872
1733229561484 0.2867279052734375 7520000
1733229595158 0.2928070068359375 7569408
1733229621910 0.2941802978515625 7602176
1733229648586 0.28436279296875 7634944
1733229676119 0.292327880859375 7667712
1733229701309 0.271942138671875 7680000
1733229734745 0.2967742919921875 7733248
1733229761427 0.2908599853515625 7766016
1733229787870 0.289031982421875 7798784
1733229814615 0.2772735595703125 7831552
1733229838700 0.2860595703125 7840000
1733229872962 0.2841217041015625 7897088
1733229899808 0.2852996826171875 7929856
1733229926800 0.286273193359375 7962624
1733229953684 0.2802154541015625 7995392
1733229976379 0.285784912109375 8000000
1733230011652 0.284576416015625 8060928
1733230038908 0.2780242919921875 8093696
1733230066452 0.2839752197265625 8126464
1733230093719 0.278570556640625 8159232
1733230115090 0.27894287109375 8160000
1733230152380 0.283544921875 8224768
1733230180072 0.3005706787109375 8257536
1733230207963 0.273504638671875 8290304
1733230238426 0.276409912109375 8320000
1733230267445 0.2813873291015625 8355840
1733230295763 0.282061767578125 8388608
1733230323167 0.2828765869140625 8421376
1733230350775 0.2830474853515625 8454144
1733230379852 0.2794708251953125 8480000
1733230409586 0.2819091796875 8519680
1733230437353 0.2800628662109375 8552448
1733230465274 0.290478515625 8585216
1733230492695 0.276727294921875 8617984
1733230519875 0.26954345703125 8640000
1733230550631 0.2846527099609375 8683520
1733230578738 0.28153076171875 8716288
1733230606065 0.2817474365234375 8749056
1733230634240 0.28194580078125 8781824
1733230662359 0.27430419921875 8800000
1733230694228 0.271746826171875 8847360
1733230721637 0.275115966796875 8880128
1733230749887 0.267279052734375 8912896
1733230777602 0.2702392578125 8945664
1733230802499 0.2693511962890625 8960000
1733230835622 0.2803131103515625 9011200
1733230862729 0.2602325439453125 9043968
1733230890213 0.2689178466796875 9076736
1733230917734 0.27772216796875 9109504
1733230941900 0.27486572265625 9120000
1733230975960 0.2728729248046875 9175040
1733231003924 0.2666015625 9207808
1733231032343 0.280322265625 9240576
1733231059945 0.275201416015625 9273344
1733231083391 0.2835601806640625 9280000
1733231119310 0.2746551513671875 9338880
1733231146729 0.2701446533203125 9371648
1733231174845 0.273077392578125 9404416
1733231202432 0.2794281005859375 9437184
1733231225022 0.274041748046875 9440000
1733231261992 0.26383056640625 9502720
1733231289588 0.2811920166015625 9535488
1733231317910 0.2764923095703125 9568256
1733231348373 0.276141357421875 9600000
1733231376260 0.25777587890625 9633792
1733231404393 0.26727294921875 9666560
1733231432657 0.270867919921875 9699328
1733231459841 0.2710723876953125 9732096
1733231489292 0.26575927734375 9760000
1733231518125 0.278326416015625 9797632
1733231545321 0.2833099365234375 9830400
1733231572670 0.26171875 9863168
1733231600223 0.2699371337890625 9895936
1733231628751 0.2745819091796875 9920000
1733231659520 0.270281982421875 9961472
1733231687071 0.2713409423828125 9994240
1733231714785 0.2733123779296875 10027008
1733231742955 0.2706878662109375 10059776
1733231770245 0.27255859375 10080000
1733231801910 0.2712677001953125 10125312
1733231829828 0.2532470703125 10158080
1733231857087 0.2716705322265625 10190848
1733231883915 0.2659698486328125 10223616
1733231909780 0.272003173828125 10240000
1733231941707 0.2547821044921875 10289152
1733231969052 0.2649993896484375 10321920
1733231995914 0.2668701171875 10354688
1733232022710 0.2589385986328125 10387456
1733232046765 0.276190185546875 10400000
1733232080226 0.2732818603515625 10452992
1733232107177 0.2577880859375 10485760
1733232133973 0.26396484375 10518528
1733232161248 0.2654266357421875 10551296
1733232185190 0.2703582763671875 10560000
1733232221562 0.2725830078125 10616832
1733232248571 0.25653076171875 10649600
1733232275607 0.28197021484375 10682368
1733232303357 0.26910400390625 10715136
1733232325926 0.24732666015625 10720000
1733232361956 0.2551025390625 10780672
1733232389202 0.2814208984375 10813440
1733232416751 0.2580535888671875 10846208
1733232443588 0.263739013671875 10878976
1733232464937 0.2802398681640625 10880000
1733232500912 0.253497314453125 10944512
1733232527979 0.258392333984375 10977280
1733232554983 0.2535400390625 11010048
1733232584201 0.257855224609375 11040000
1733232612171 0.26121826171875 11075584
1733232639932 0.2652130126953125 11108352
1733232667712 0.257257080078125 11141120
1733232694526 0.25115966796875 11173888
1733232722554 0.2701263427734375 11200000
1733232751283 0.2585845947265625 11239424
1733232777684 0.26121826171875 11272192
1733232804743 0.2682647705078125 11304960
1733232831785 0.2563232421875 11337728
1733232859602 0.25611572265625 11360000
1733232889268 0.26229248046875 11403264
1733232916186 0.2574066162109375 11436032
1733232943360 0.262957763671875 11468800
1733232970527 0.254840087890625 11501568
1733232997687 0.26190185546875 11520000
1733233028652 0.2691619873046875 11567104
1733233055130 0.248779296875 11599872
1733233082155 0.2483642578125 11632640
1733233109013 0.2573211669921875 11665408
1733233133809 0.2602935791015625 11680000
1733233165873 0.2544891357421875 11730944
1733233192791 0.25394287109375 11763712
1733233219109 0.267608642578125 11796480
1733233246143 0.2520172119140625 11829248
1733233270194 0.2650787353515625 11840000
1733233303865 0.2645233154296875 11894784
1733233330286 0.2554168701171875 11927552
1733233357211 0.2630950927734375 11960320
1733233384745 0.2529327392578125 11993088
1733233409354 0.2605072021484375 12000000
1733233444354 0.253857421875 12058624
1733233471671 0.260662841796875 12091392
1733233498988 0.2595001220703125 12124160
1733233525838 0.2594970703125 12156928
1733233547458 0.24708251953125 12160000
1733233582481 0.253387451171875 12222464
1733233609334 0.2478607177734375 12255232
1733233636242 0.25616455078125 12288000
1733233665982 0.257208251953125 12320000
1733233694408 0.2528564453125 12353536
1733233722192 0.25577392578125 12386304
1733233749168 0.2565948486328125 12419072
1733233775777 0.2562225341796875 12451840
1733233804794 0.25594482421875 12480000
1733233832736 0.2512847900390625 12517376
1733233859162 0.2555572509765625 12550144
1733233885871 0.2544647216796875 12582912
1733233912755 0.2696075439453125 12615680
1733233941546 0.2515350341796875 12640000
1733233971162 0.2563995361328125 12681216
1733233998256 0.2489044189453125 12713984
1733234025499 0.2511932373046875 12746752
1733234053458 0.25892333984375 12779520
1733234080850 0.2412017822265625 12800000
1733234112436 0.25408935546875 12845056
1733234139342 0.2551513671875 12877824
1733234166197 0.2598602294921875 12910592
1733234193194 0.2512664794921875 12943360
1733234218439 0.2568695068359375 12960000
1733234250053 0.244647216796875 13008896
1733234276920 0.26002197265625 13041664
1733234303712 0.2502044677734375 13074432
1733234330475 0.257861328125 13107200
1733234355290 0.2575103759765625 13120000
1733234388206 0.23587646484375 13172736
1733234414816 0.2482025146484375 13205504
1733234441664 0.2457244873046875 13238272
1733234469017 0.2514068603515625 13271040
1733234493580 0.26201171875 13280000
1733234528066 0.241864013671875 13336576
1733234555041 0.257867431640625 13369344
1733234582876 0.2395050048828125 13402112
1733234610116 0.255548095703125 13434880
1733234632678 0.244854736328125 13440000
1733234667458 0.2600830078125 13500416
1733234693830 0.2448577880859375 13533184
1733234720480 0.25096435546875 13565952
1733234746740 0.2523284912109375 13598720
1733234768322 0.241827392578125 13600000
1733234805342 0.25701904296875 13664256
1733234832346 0.2534393310546875 13697024
1733234859063 0.2488128662109375 13729792
1733234887996 0.249371337890625 13760000
1733234916342 0.248785400390625 13795328
1733234943247 0.23494873046875 13828096
1733234969585 0.2358795166015625 13860864
1733234996444 0.2506591796875 13893632
1733235025162 0.2562896728515625 13920000
1733235054199 0.2351531982421875 13959168
1733235082441 0.2405029296875 13991936
1733235110314 0.2528289794921875 14024704
1733235137161 0.2604034423828125 14057472
1733235165243 0.237603759765625 14080000
1733235194905 0.25557861328125 14123008
1733235222456 0.2370147705078125 14155776
1733235250285 0.240069580078125 14188544
1733235277299 0.2523162841796875 14221312
1733235303527 0.244097900390625 14240000
1733235334173 0.256878662109375 14286848
1733235361596 0.2495086669921875 14319616
1733235389241 0.24500732421875 14352384
1733235416993 0.2550323486328125 14385152
1733235442257 0.2473114013671875 14400000
1733235474415 0.2360137939453125 14450688
1733235501501 0.2452880859375 14483456
1733235528810 0.2484375 14516224
1733235556160 0.2424652099609375 14548992
1733235580315 0.250457763671875 14560000
1733235614429 0.2544036865234375 14614528
1733235641470 0.2524444580078125 14647296
1733235668384 0.246343994140625 14680064
1733235695765 0.2437530517578125 14712832
1733235719281 0.237493896484375 14720000
1733235753635 0.2511383056640625 14778368
1733235780741 0.251898193359375 14811136
1733235807765 0.2422607421875 14843904
1733235834485 0.2421112060546875 14876672
1733235856165 0.23846435546875 14880000
1733235891869 0.2567596435546875 14942208
1733235918947 0.2346832275390625 14974976
1733235946257 0.242669677734375 15007744
1733235976908 0.2560028076171875 15040000
1733236004356 0.230560302734375 15073280
1733236031070 0.25654296875 15106048
1733236058220 0.251275634765625 15138816
1733236085096 0.2368377685546875 15171584
1733236114307 0.244525146484375 15200000
1733236142616 0.2500244140625 15237120
1733236169682 0.242095947265625 15269888
1733236196468 0.2411865234375 15302656
1733236224322 0.253240966796875 15335424
1733236253953 0.2343414306640625 15360000
1733236283610 0.2382537841796875 15400960
1733236310602 0.25028076171875 15433728
1733236337697 0.2463104248046875 15466496
1733236364862 0.235235595703125 15499264
1733236392309 0.2472625732421875 15520000
1733236423513 0.235205078125 15564800
1733236450072 0.2353515625 15597568
1733236476372 0.2415863037109375 15630336
1733236503015 0.2424652099609375 15663104
1733236528641 0.22515869140625 15680000
1733236560192 0.2519561767578125 15728640
1733236587408 0.2392913818359375 15761408
1733236613942 0.2411285400390625 15794176
1733236640802 0.247100830078125 15826944
1733236665490 0.2314208984375 15840000
1733236698494 0.2380401611328125 15892480
1733236726024 0.2492034912109375 15925248
1733236752878 0.2326507568359375 15958016
1733236779912 0.2443267822265625 15990784
1733236802681 0.2334625244140625 16000000
1733236835830 0.2334625244140625 16056320
1733236862590 0.23214111328125 16089088
1733236889448 0.23427734375 16121856
1733236917081 0.2332550048828125 16154624
1733236939876 0.24708251953125 16160000
1733236975923 0.244708251953125 16220160
1733237003242 0.245965576171875 16252928
1733237030463 0.2460693359375 16285696
1733237057742 0.242706298828125 16318464
1733237079580 0.22606201171875 16320000
1733237116353 0.2314208984375 16384000
1733237143081 0.2423370361328125 16416768
1733237171022 0.23807373046875 16449536
1733237202118 0.2295135498046875 16480000
1733237229706 0.23990478515625 16515072
1733237255913 0.2513580322265625 16547840
1733237282730 0.23189697265625 16580608
1733237309283 0.2430450439453125 16613376
1733237338287 0.23272705078125 16640000
1733237367818 0.2311767578125 16678912
1733237396407 0.2431182861328125 16711680
1733237424474 0.2436614990234375 16744448
1733237451192 0.238055419921875 16777216
1733237478668 0.2311431884765625 16800000
1733237508878 0.25491943359375 16842752
1733237536268 0.24580078125 16875520
1733237562992 0.2496063232421875 16908288
1733237589828 0.2369598388671875 16941056
1733237615950 0.2417877197265625 16960000
1733237646933 0.2345703125 17006592
1733237673630 0.2267974853515625 17039360
1733237700326 0.2426361083984375 17072128
1733237727792 0.233856201171875 17104896
1733237753394 0.2379364013671875 17120000
1733237785438 0.2441131591796875 17170432
1733237812838 0.2353607177734375 17203200
1733237840051 0.2352752685546875 17235968
1733237866831 0.2438140869140625 17268736
1733237891288 0.23717041015625 17280000
1733237924968 0.241339111328125 17334272
1733237952243 0.247552490234375 17367040
1733237979070 0.2220245361328125 17399808
1733238007088 0.2298980712890625 17432576
1733238031549 0.235430908203125 17440000
1733238067161 0.23553466796875 17498112
1733238094786 0.213958740234375 17530880
1733238122357 0.2250244140625 17563648
1733238150200 0.2343505859375 17596416
1733238172561 0.2221527099609375 17600000
1733238208214 0.2484039306640625 17661952
1733238235056 0.2228546142578125 17694720
1733238262574 0.2251495361328125 17727488
1733238294067 0.2194183349609375 17760000
1733238320824 0.2311553955078125 17793024
1733238348293 0.2213348388671875 17825792
1733238375933 0.2263946533203125 17858560
1733238402529 0.234027099609375 17891328
1733238432145 0.2279449462890625 17920000
1733238462309 0.2247589111328125 17956864
1733238489218 0.2158172607421875 17989632
1733238515735 0.237225341796875 18022400
1733238543589 0.214697265625 18055168
1733238573393 0.2324951171875 18080000
1733238604286 0.2241119384765625 18120704
1733238632314 0.2429534912109375 18153472
1733238659190 0.2368408203125 18186240
1733238686398 0.2274871826171875 18219008
1733238713648 0.24310302734375 18240000
1733238744466 0.226226806640625 18284544
1733238771297 0.22235107421875 18317312
1733238799473 0.2356536865234375 18350080
1733238827609 0.2453216552734375 18382848
1733238853650 0.2228179931640625 18400000
1733238885782 0.2339263916015625 18448384
1733238912927 0.22958984375 18481152
1733238940235 0.2327850341796875 18513920
1733238967510 0.236639404296875 18546688
1733238992154 0.2297027587890625 18560000
1733239026237 0.2371185302734375 18612224
1733239054087 0.2225982666015625 18644992
1733239080528 0.2213165283203125 18677760
1733239107424 0.2350433349609375 18710528
1733239130974 0.2418792724609375 18720000
1733239165797 0.253094482421875 18776064
1733239193865 0.24129638671875 18808832
1733239220449 0.214837646484375 18841600
1733239247215 0.2423553466796875 18874368
1733239269336 0.23272705078125 18880000
1733239304749 0.229510498046875 18939904
1733239331916 0.242950439453125 18972672
1733239358967 0.241778564453125 19005440
1733239386235 0.2146026611328125 19038208
1733239407713 0.21549072265625 19040000
1733239444297 0.22572021484375 19103744
1733239472061 0.2237335205078125 19136512
1733239499194 0.2357177734375 19169280
1733239529461 0.241485595703125 19200000
1733239557020 0.2162322998046875 19234816
1733239584054 0.2253692626953125 19267584
1733239611188 0.2359222412109375 19300352
1733239638438 0.2101104736328125 19333120
1733239667034 0.2443878173828125 19360000
1733239695885 0.225018310546875 19398656
1733239723307 0.22650146484375 19431424
1733239749823 0.2266876220703125 19464192
1733239776730 0.2393707275390625 19496960
1733239804266 0.2199737548828125 19520000
1733239834426 0.23739013671875 19562496
1733239861452 0.2216583251953125 19595264
1733239887969 0.232781982421875 19628032
1733239914720 0.2178863525390625 19660800
1733239941753 0.237298583984375 19680000
1733239972529 0.232391357421875 19726336
1733239999395 0.2278411865234375 19759104
1733240026680 0.22593994140625 19791872
1733240053714 0.2324249267578125 19824640
1733240079040 0.2412322998046875 19840000
1733240111166 0.2205841064453125 19890176
1733240137658 0.2362152099609375 19922944
1733240164687 0.243096923828125 19955712
1733240191842 0.2386688232421875 19988480
1733240215991 0.232769775390625 20000000
1733240249627 0.2372589111328125 20054016
1733240277268 0.23936767578125 20086784
1733240303944 0.2362091064453125 20119552
1733240331029 0.2305877685546875 20152320
1733240354105 0.2238922119140625 20160000
1733240388946 0.2284759521484375 20217856
1733240416209 0.2264007568359375 20250624
1733240443422 0.22139892578125 20283392
1733240470212 0.2062744140625 20316160
1733240491794 0.2264556884765625 20320000
1733240526799 0.224957275390625 20381696
1733240553267 0.2327423095703125 20414464
1733240579885 0.229638671875 20447232
1733240609774 0.227471923828125 20480000
1733240636785 0.2308502197265625 20512768
1733240663769 0.231884765625 20545536
1733240690233 0.235760498046875 20578304
1733240716737 0.236285400390625 20611072
1733240745967 0.229156494140625 20640000
1733240773592 0.2213104248046875 20676608
1733240800172 0.229608154296875 20709376
1733240826854 0.23250732421875 20742144
1733240853016 0.2293487548828125 20774912
1733240880832 0.2185211181640625 20800000
1733240909771 0.213079833984375 20840448
1733240936443 0.22412109375 20873216
1733240963064 0.2231781005859375 20905984
1733240989332 0.2171630859375 20938752
1733241015912 0.2261871337890625 20960000
1733241045666 0.22808837890625 21004288
1733241072050 0.2449432373046875 21037056
1733241098722 0.238262939453125 21069824
1733241125040 0.2253021240234375 21102592
1733241150430 0.230938720703125 21120000
1733241182636 0.2224212646484375 21168128
1733241208912 0.218768310546875 21200896
1733241235237 0.2300811767578125 21233664
1733241261680 0.2231842041015625 21266432
1733241286169 0.2348968505859375 21280000
1733241319484 0.2268798828125 21331968
1733241346461 0.2294708251953125 21364736
1733241372974 0.2170440673828125 21397504
1733241400166 0.2242584228515625 21430272
1733241423617 0.2255157470703125 21440000
1733241457327 0.22054443359375 21495808
1733241484509 0.220428466796875 21528576
1733241510557 0.237274169921875 21561344
1733241537083 0.2413482666015625 21594112
1733241558877 0.222479248046875 21600000
1733241593956 0.2173370361328125 21659648
1733241620512 0.21395263671875 21692416
1733241646921 0.222247314453125 21725184
1733241673497 0.2073760986328125 21757952
1733241694593 0.2167572021484375 21760000
1733241730110 0.2300872802734375 21823488
1733241756598 0.225775146484375 21856256
1733241782949 0.2280181884765625 21889024
1733241812799 0.22322998046875 21920000
1733241840017 0.2238677978515625 21954560
1733241866251 0.2049163818359375 21987328
1733241893195 0.221392822265625 22020096
1733241919809 0.2238250732421875 22052864
1733241948453 0.2139404296875 22080000
1733241976360 0.2248931884765625 22118400
1733242003837 0.2130340576171875 22151168
1733242030685 0.2304168701171875 22183936
1733242056922 0.2176422119140625 22216704
1733242084022 0.2221893310546875 22240000
1733242113642 0.2065185546875 22282240
1733242140157 0.218829345703125 22315008
1733242166633 0.22152099609375 22347776
1733242193275 0.212713623046875 22380544
1733242219534 0.207965087890625 22400000
1733242249684 0.21790771484375 22446080
1733242276477 0.213409423828125 22478848
1733242303069 0.218505859375 22511616
1733242329650 0.22069091796875 22544384
1733242354400 0.2179473876953125 22560000
1733242386495 0.237457275390625 22609920
1733242412472 0.22835693359375 22642688
1733242438748 0.2141387939453125 22675456
1733242465032 0.2129058837890625 22708224
1733242488692 0.2225799560546875 22720000
1733242521558 0.219793701171875 22773760
1733242547784 0.219891357421875 22806528
1733242574018 0.231658935546875 22839296
1733242600346 0.215362548828125 22872064
1733242623009 0.2066619873046875 22880000
1733242657189 0.23599853515625 22937600
1733242683912 0.2298095703125 22970368
1733242710554 0.2275146484375 23003136
1733242737131 0.226434326171875 23035904
1733242758725 0.227691650390625 23040000
1733242794049 0.2126983642578125 23101440
1733242820357 0.2263824462890625 23134208
1733242846634 0.2239837646484375 23166976
1733242873839 0.2220245361328125 23199744
1733242894508 0.2094024658203125 23200000
1733242931177 0.207464599609375 23265280
1733242957960 0.2313140869140625 23298048
1733242984643 0.208953857421875 23330816
1733243013653 0.2154693603515625 23360000
1733243041630 0.206219482421875 23396352
1733243068088 0.219586181640625 23429120
1733243094438 0.19903564453125 23461888
1733243121773 0.20718994140625 23494656
1733243149008 0.227288818359375 23520000
1733243178091 0.21729736328125 23560192
1733243205048 0.222125244140625 23592960
1733243231601 0.20701904296875 23625728
1733243258169 0.2331207275390625 23658496
1733243285011 0.219964599609375 23680000
1733243315236 0.226446533203125 23724032
1733243341487 0.2314239501953125 23756800
1733243367963 0.2329803466796875 23789568
1733243394011 0.22318115234375 23822336
1733243419165 0.21083984375 23840000
1733243450073 0.24149169921875 23887872
1733243476308 0.2222869873046875 23920640
1733243502550 0.2164154052734375 23953408
1733243529193 0.208099365234375 23986176
1733243553147 0.21378173828125 24000000
1733243585215 0.2135955810546875 24051712
1733243611666 0.2279510498046875 24084480
1733243638334 0.2132720947265625 24117248
1733243664972 0.22041015625 24150016
1733243688632 0.2221588134765625 24160000
1733243722014 0.2134735107421875 24215552
1733243748161 0.2111236572265625 24248320
1733243774866 0.223345947265625 24281088
1733243802219 0.2218994140625 24313856
1733243825298 0.2258941650390625 24320000
1733243860267 0.21898193359375 24379392
1733243886764 0.2357666015625 24412160
1733243913139 0.203179931640625 24444928
1733243939645 0.2072479248046875 24477696
1733243960770 0.22869873046875 24480000
1733243997029 0.198175048828125 24543232
1733244023208 0.2208465576171875 24576000
1733244049656 0.2134002685546875 24608768
1733244078909 0.210675048828125 24640000
1733244106107 0.2050506591796875 24674304
1733244132817 0.208587646484375 24707072
1733244159878 0.2191070556640625 24739840
1733244186246 0.222064208984375 24772608
1733244214812 0.2176849365234375 24800000
1733244243660 0.2173736572265625 24838144
1733244270972 0.224560546875 24870912
1733244297546 0.2248687744140625 24903680
1733244323946 0.2188201904296875 24936448
1733244351130 0.2154052734375 24960000
1733244380049 0.20301513671875 25001984
1733244406483 0.2122100830078125 25034752
1733244432674 0.2148193359375 25067520
1733244459269 0.2163482666015625 25100288
1733244485669 0.207000732421875 25120000
1733244516136 0.221600341796875 25165824
1733244542693 0.20823974609375 25198592
1733244568788 0.208258056640625 25231360
1733244594914 0.2141357421875 25264128
1733244620099 0.1891815185546875 25280000
1733244651740 0.2228729248046875 25329664
1733244677907 0.207635498046875 25362432
1733244704574 0.1996246337890625 25395200
1733244731421 0.20009765625 25427968
1733244754820 0.2092132568359375 25440000
1733244788168 0.1975006103515625 25493504
1733244815127 0.208197021484375 25526272
1733244841711 0.2298797607421875 25559040
1733244868661 0.213623046875 25591808
1733244891926 0.213134765625 25600000
1733244925970 0.2133941650390625 25657344
1733244952696 0.219549560546875 25690112
1733244979497 0.2182342529296875 25722880
1733245007195 0.21519775390625 25755648
1733245030009 0.20587158203125 25760000
1733245065214 0.219085693359375 25821184
1733245091957 0.21397705078125 25853952
1733245118299 0.2311309814453125 25886720
1733245144701 0.229522705078125 25919488
1733245164761 0.20208740234375 25920000
1733245199885 0.2175018310546875 25985024
1733245226194 0.21934814453125 26017792
1733245252412 0.2113616943359375 26050560
1733245281314 0.2104034423828125 26080000
1733245308615 0.1990936279296875 26116096
1733245335074 0.2105560302734375 26148864
1733245361498 0.213037109375 26181632
1733245387858 0.2082794189453125 26214400
1733245416716 0.211724853515625 26240000
1733245445633 0.20906982421875 26279936
1733245472209 0.2133514404296875 26312704
1733245498980 0.208807373046875 26345472
1733245525577 0.2097412109375 26378240
1733245551820 0.2037017822265625 26400000
1733245581312 0.194921875 26443776
1733245607846 0.2021331787109375 26476544
1733245635155 0.2097503662109375 26509312
1733245661747 0.20679931640625 26542080
1733245688439 0.2294158935546875 26560000
1733245720881 0.2219085693359375 26607616
1733245747332 0.212481689453125 26640384
1733245773891 0.1952239990234375 26673152
1733245800565 0.2019073486328125 26705920
1733245825443 0.2126922607421875 26720000
1733245857693 0.20955810546875 26771456
1733245884010 0.213543701171875 26804224
1733245910001 0.2042022705078125 26836992
1733245936311 0.2061309814453125 26869760
1733245959662 0.2145355224609375 26880000
1733245992747 0.209271240234375 26935296
1733246019329 0.20137939453125 26968064
1733246045496 0.2408660888671875 27000832
1733246072158 0.2116455078125 27033600
1733246094818 0.21395263671875 27040000
1733246129167 0.22191162109375 27099136
1733246154982 0.219354248046875 27131904
1733246181011 0.210455322265625 27164672
1733246207820 0.218548583984375 27197440
1733246228731 0.203607177734375 27200000
1733246263910 0.202496337890625 27262976
1733246290122 0.2004638671875 27295744
1733246316840 0.2084259033203125 27328512
1733246346271 0.224908447265625 27360000
1733246372865 0.2054656982421875 27394048
1733246399404 0.212176513671875 27426816
1733246426576 0.221258544921875 27459584
1733246453518 0.2028350830078125 27492352
1733246481752 0.213153076171875 27520000
1733246509882 0.193414306640625 27557888
1733246536511 0.2099151611328125 27590656
1733246563286 0.1963043212890625 27623424
1733246590026 0.2076934814453125 27656192
1733246616930 0.20574951171875 27680000
1733246646759 0.2263641357421875 27721728
1733246673665 0.206787109375 27754496
1733246700324 0.209259033203125 27787264
1733246726720 0.2077362060546875 27820032
1733246752409 0.21107177734375 27840000
1733246783634 0.2111724853515625 27885568
1733246811488 0.2174407958984375 27918336
1733246837552 0.2143035888671875 27951104
1733246864249 0.2062469482421875 27983872
1733246889037 0.2192413330078125 28000000
1733246921662 0.2173858642578125 28049408
1733246948217 0.214276123046875 28082176
1733246975140 0.2004150390625 28114944
1733247001634 0.19637451171875 28147712
1733247025848 0.2095611572265625 28160000
1733247057902 0.2175384521484375 28213248
1733247084050 0.2266632080078125 28246016
1733247110043 0.2044281005859375 28278784
1733247136519 0.222802734375 28311552
1733247159479 0.212689208984375 28320000
1733247193264 0.2036041259765625 28377088
1733247219463 0.22579345703125 28409856
1733247246013 0.219189453125 28442624
1733247272323 0.2101104736328125 28475392
1733247294352 0.207061767578125 28480000
1733247329135 0.22918701171875 28540928
1733247355826 0.2077728271484375 28573696
1733247382960 0.2041015625 28606464
1733247410053 0.1970916748046875 28639232
1733247431197 0.2040496826171875 28640000
1733247467511 0.2108154296875 28704768
1733247493854 0.20616455078125 28737536
1733247521047 0.2296234130859375 28770304
1733247551166 0.2224853515625 28800000
1733247578847 0.20157470703125 28835840
1733247605585 0.2028839111328125 28868608
1733247632472 0.2097900390625 28901376
1733247658649 0.1945526123046875 28934144
1733247686820 0.2114898681640625 28960000
1733247717545 0.204296875 28999680
1733247744456 0.21026611328125 29032448
1733247771673 0.2071502685546875 29065216
1733247798648 0.2123779296875 29097984
1733247825564 0.2027801513671875 29120000
1733247855344 0.1925567626953125 29163520
1733247881825 0.2103271484375 29196288
1733247908375 0.22142333984375 29229056
1733247935013 0.1863189697265625 29261824
1733247960415 0.2073455810546875 29280000
1733247991347 0.2074310302734375 29327360
1733248018148 0.2100921630859375 29360128
1733248044924 0.2042816162109375 29392896
1733248071329 0.1929718017578125 29425664
1733248096372 0.2198699951171875 29440000
1733248128916 0.2207855224609375 29491200
1733248155452 0.1953521728515625 29523968
1733248182323 0.2191864013671875 29556736
1733248209435 0.217669677734375 29589504
1733248233446 0.2057037353515625 29600000
1733248267474 0.1949249267578125 29655040
1733248294293 0.19779052734375 29687808
1733248320972 0.190557861328125 29720576
1733248347734 0.1888824462890625 29753344
1733248370121 0.2079864501953125 29760000
1733248404336 0.1992401123046875 29818880
1733248430799 0.201751708984375 29851648
1733248457969 0.2042144775390625 29884416
1733248485055 0.20594482421875 29917184
1733248506757 0.1981475830078125 29920000
1733248542693 0.213665771484375 29982720
1733248569312 0.2067047119140625 30015488
1733248596000 0.2179443359375 30048256
1733248625770 0.2194854736328125 30080000
1733248653083 0.20078125 30113792
1733248679941 0.2236572265625 30146560
1733248706667 0.2165069580078125 30179328
1733248732982 0.20008544921875 30212096
1733248761643 0.20543212890625 30240000
1733248789953 0.2002410888671875 30277632
1733248816655 0.2052978515625 30310400
1733248843417 0.2123687744140625 30343168
1733248870030 0.1985260009765625 30375936
1733248896877 0.2161376953125 30400000
1733248925802 0.2078338623046875 30441472
1733248952534 0.200262451171875 30474240
1733248978763 0.211566162109375 30507008
1733249005125 0.2168212890625 30539776
1733249031525 0.2031982421875 30560000
1733249062198 0.2176025390625 30605312
1733249088840 0.2142059326171875 30638080
1733249115375 0.213677978515625 30670848
1733249142223 0.2038818359375 30703616
1733249168007 0.204925537109375 30720000
1733249200292 0.214715576171875 30769152
1733249227312 0.21033935546875 30801920
1733249253916 0.1961639404296875 30834688
1733249280737 0.20142822265625 30867456
1733249304916 0.1920196533203125 30880000
1733249338157 0.201153564453125 30932992
1733249364858 0.2120941162109375 30965760
1733249392069 0.20169677734375 30998528
1733249419248 0.1957427978515625 31031296
1733249442813 0.2005645751953125 31040000
1733249477257 0.2276153564453125 31096832
1733249503895 0.1920684814453125 31129600
1733249530538 0.2122314453125 31162368
1733249557018 0.1978759765625 31195136
1733249579108 0.2135955810546875 31200000
1733249613997 0.2062103271484375 31260672
1733249640556 0.21519775390625 31293440
1733249667512 0.2057464599609375 31326208
1733249694359 0.199761962890625 31358976
1733249716020 0.198394775390625 31360000
1733249751957 0.19833984375 31424512
1733249778817 0.2023284912109375 31457280
1733249805457 0.2141845703125 31490048
1733249834134 0.21116943359375 31520000
1733249861551 0.2025299072265625 31555584
1733249887812 0.20537109375 31588352
1733249914371 0.2150848388671875 31621120
1733249942049 0.1923370361328125 31653888
1733249970282 0.2038604736328125 31680000
1733249999188 0.1863006591796875 31719424
1733250025978 0.198809814453125 31752192
1733250052599 0.2116973876953125 31784960
1733250079625 0.19644775390625 31817728
1733250106316 0.1993865966796875 31840000
1733250136754 0.2028717041015625 31883264
1733250163877 0.2002716064453125 31916032
1733250190419 0.21268310546875 31948800
1733250217092 0.2187896728515625 31981568
1733250243210 0.21214599609375 32000000
1733250274275 0.2023529052734375 32047104
1733250301054 0.206134033203125 32079872
1733250327629 0.1947418212890625 32112640
1733250354480 0.2199462890625 32145408
1733250379064 0.215716552734375 32160000
