1733223256463 -0.04179411527757111 65536
1733223284188 -0.04629199101541417 98304
1733223310522 -0.0449009919659602 131072
1733223339655 -0.042034449647690056 160000
1733223368082 -0.03735067402594723 196608
1733223395250 -0.04056474083740795 229376
1733223421576 -0.041272596550379605 262144
1733223448510 -0.03055259888483306 294912
1733223476627 -0.039251636685958144 320000
1733223507359 -0.036281625022206755 360448
1733223534668 -0.040607338262725536 393216
1733223561384 -0.0378843324056561 425984
1733223588365 -0.04132549876592293 458752
1733223614688 -0.04436057241387061 480000
1733223644919 -0.034186300455257876 524288
1733223672021 -0.04364514292519743 557056
1733223699014 -0.03865319368678684 589824
1733223725899 -0.037595716553232704 622592
1733223752215 -0.051446782667972 640000
1733223783456 -0.02972499284364858 688128
1733223809742 -0.04398646136855859 720896
1733223836236 -0.04146776161451271 753664
1733223862726 -0.0373623555069571 786432
1733223887194 -0.04489450165119706 800000
1733223920218 -0.032808997109486884 851968
1733223947303 -0.0387430377299097 884736
1733223974645 -0.0317618254614672 917504
1733224001878 -0.030614168239389984 950272
1733224025347 -0.026008736759740712 960000
1733224059262 -0.02863515029628161 1015808
1733224086592 -0.02720666399965239 1048576
1733224113647 -0.024823424916712612 1081344
1733224140903 -0.029853100687478217 1114112
1733224163616 -0.030637905669891552 1120000
1733224197984 -0.02519801697476396 1179648
1733224224840 -0.025891328001580404 1212416
1733224251808 -0.02304227112103945 1245184
1733224278794 -0.02454289702384358 1277952
1733224300252 -0.03407260670478536 1280000
1733224336114 -0.03582840414853763 1343488
1733224363406 -0.02419047901207705 1376256
1733224389905 -0.030329070076641075 1409024
1733224419794 -0.03042081032463102 1440000
1733224447544 -0.02488727231630037 1474560
1733224474471 -0.031311002318830106 1507328
1733224501019 -0.02801374010600739 1540096
1733224527839 -0.03011660055313996 1572864
1733224556823 -0.028868947098635543 1600000
1733224585840 -0.030877874314546715 1638400
1733224612979 -0.03179731814125262 1671168
1733224639830 -0.03497489540795869 1703936
1733224666514 -0.0303102443670241 1736704
1733224694398 -0.030451098009177714 1760000
1733224724137 -0.03109602754516345 1802240
1733224751057 -0.03143963126940434 1835008
1733224778069 -0.03146983260407978 1867776
1733224804862 -0.031764355547261404 1900544
1733224831256 -0.03209926784197705 1920000
1733224861693 -0.03150385200456185 1966080
1733224888606 -0.03504601805861966 1998848
1733224915323 -0.032285135693837216 2031616
1733224941778 -0.03495017197401466 2064384
1733224967425 -0.03442752997675598 2080000
1733224999215 -0.03409339995432674 2129920
1733225025913 -0.0345628721549474 2162688
1733225052893 -0.031065685348266925 2195456
1733225079620 -0.03413744786848838 2228224
1733225103940 -0.03284408274055295 2240000
1733225137573 -0.0326726734570002 2293760
1733225164628 -0.02897696272439134 2326528
1733225191529 -0.031769052047957304 2359296
1733225218533 -0.03195806076264489 2392064
1733225241419 -0.027644624182948975 2400000
1733225275701 -0.03048108644787817 2457600
1733225302460 -0.028862540099021318 2490368
1733225330795 -0.02930087595977966 2523136
1733225357832 -0.03138469039595293 2555904
1733225379862 -0.03137765214537467 2560000
1733225415699 -0.02884579899121036 2621440
1733225442309 -0.02967398763807978 2654208
1733225469280 -0.029388499607966877 2686976
1733225495942 -0.028420863416022256 2719744
1733225516941 -0.03125529669496245 2720000
1733225553952 -0.030314788882151333 2785280
1733225581064 -0.02935289662914329 2818048
1733225608166 -0.029686573944923113 2850816
1733225638254 -0.03252118987797985 2880000
1733225666565 -0.03225891353217776 2916352
1733225693766 -0.030491049126749204 2949120
1733225720842 -0.028664859808350228 2981888
1733225747909 -0.028183030157583742 3014656
1733225775909 -0.028131855448145872 3040000
1733225805023 -0.030789171912215352 3080192
1733225832100 -0.02793972640906759 3112960
1733225858499 -0.02623725772102716 3145728
1733225885147 -0.030550089807684346 3178496
1733225911671 -0.02840401287585337 3200000
1733225941391 -0.028448824011275065 3244032
1733225967894 -0.02771289871928957 3276800
1733225994257 -0.02756823851482295 3309568
1733226020613 -0.03207201017658008 3342336
1733226046083 -0.030401043950200803 3360000
1733226077178 -0.028296005670790693 3407872
1733226103867 -0.029984211723558474 3440640
1733226130926 -0.031253585281456255 3473408
1733226157766 -0.029382668689527235 3506176
1733226182761 -0.027301922534797997 3520000
1733226215419 -0.029539539662346216 3571712
1733226242163 -0.027630885038615816 3604480
1733226269254 -0.02810246952883517 3637248
1733226296471 -0.028984766952885366 3670016
1733226320281 -0.02713175432427306 3680000
1733226354220 -0.029667216519305838 3735552
1733226381414 -0.02827975459103982 3768320
1733226408264 -0.028207452210972407 3801088
1733226435057 -0.03104665468595158 3833856
1733226457184 -0.029598332787213622 3840000
1733226491824 -0.02980566405292393 3899392
1733226518708 -0.029419244678820178 3932160
1733226545017 -0.028360901030555396 3964928
1733226571577 -0.033031806305098145 3997696
1733226592712 -0.030935797217352956 4000000
1733226629210 -0.03010228282605567 4063232
1733226656045 -0.03064464029591818 4096000
1733226683312 -0.02867286831938145 4128768
1733226714029 -0.030677428286230678 4160000
1733226741429 -0.029771204959956776 4194304
1733226768306 -0.030196893057154738 4227072
1733226795552 -0.0276312786624203 4259840
1733226822497 -0.030219923098593428 4292608
1733226852039 -0.028656136551285273 4320000
1733226881489 -0.027464206610045495 4358144
1733226908374 -0.031715204106990316 4390912
1733226935341 -0.028300159881314357 4423680
1733226962009 -0.03155240469109231 4456448
1733226990150 -0.027873074898548112 4480000
1733227020434 -0.02909673106223636 4521984
1733227047369 -0.029428265632918737 4554752
1733227074252 -0.02765983951196631 4587520
1733227100794 -0.025920768022751874 4620288
1733227127670 -0.02771103395029968 4640000
1733227158711 -0.025569879387694526 4685824
1733227185279 -0.02682938050828625 4718592
1733227212279 -0.028644644092150885 4751360
1733227238780 -0.03062451728369524 4784128
1733227264288 -0.029431161313755182 4800000
1733227296372 -0.029998802336285733 4849664
1733227323198 -0.027463061851688054 4882432
1733227350316 -0.02963562980999086 4915200
1733227377324 -0.02864206277422454 4947968
1733227402026 -0.027118288912288336 4960000
1733227435391 -0.0313604486923623 5013504
1733227462067 -0.028858722202357967 5046272
1733227488835 -0.02787804327190315 5079040
1733227515911 -0.02861739387749367 5111808
1733227538938 -0.030593961792055778 5120000
1733227573003 -0.027898867623321166 5177344
1733227599420 -0.027378406256411837 5210112
1733227626338 -0.02687516540083834 5242880
1733227652856 -0.026125222233849853 5275648
1733227674741 -0.029662373699420642 5280000
1733227709897 -0.02769381372963835 5341184
1733227736915 -0.027288061714534705 5373952
1733227763915 -0.025883377239483706 5406720
1733227791124 -0.028359735939352503 5439488
1733227811969 -0.029473220207387386 5440000
1733227848517 -0.028116940456141038 5505024
1733227875751 -0.02550758492764089 5537792
1733227902460 -0.02589883181726691 5570560
1733227931918 -0.025666812739336818 5600000
1733227959785 -0.024238339408339016 5636096
1733227986397 -0.02572397884705424 5668864
1733228013012 -0.02573012359640643 5701632
1733228039746 -0.02427131676386125 5734400
1733228068096 -0.02597356812891576 5760000
1733228097174 -0.025880294715466334 5799936
1733228124289 -0.025221073866168807 5832704
1733228151459 -0.027338108520484638 5865472
1733228178291 -0.028802342971857797 5898240
1733228205570 -0.029139497851838315 5920000
1733228235924 -0.027258496974695845 5963776
1733228262483 -0.0262089674279423 5996544
1733228289223 -0.027709899022283935 6029312
1733228316385 -0.024802738813514226 6062080
1733228342061 -0.02420314645275994 6080000
1733228373541 -0.023544068597539082 6127616
1733228400686 -0.02739467342712487 6160384
1733228428175 -0.027505313831170497 6193152
1733228455613 -0.027486770466384768 6225920
1733228480422 -0.025429888566941374 6240000
1733228512722 -0.018232292853144826 6291456
1733228539381 -0.027403145710741227 6324224
1733228566032 -0.02569568180940678 6356992
1733228592669 -0.025993770062905243 6389760
1733228615968 -0.025634219262178702 6400000
1733228649100 -0.029414354762138828 6455296
1733228675467 -0.02602069882682372 6488064
1733228702385 -0.022805243734023862 6520832
1733228729236 -0.03084523709835594 6553600
1733228751380 -0.023728985176376227 6560000
1733228785737 -0.026961661279688087 6619136
1733228812279 -0.025968067180883736 6651904
1733228839105 -0.028711380881441075 6684672
1733228865750 -0.026245719022267622 6717440
1733228887175 -0.02363355622983363 6720000
1733228923290 -0.025814007633516666 6782976
1733228950524 -0.026530551700534487 6815744
1733228977733 -0.026454616443515988 6848512
1733229007841 -0.024982357821693314 6880000
1733229035683 -0.02482662793615873 6914048
1733229062975 -0.026176004656372244 6946816
1733229090310 -0.02601250862458073 6979584
1733229117144 -0.02580800175051081 7012352
1733229146860 -0.026962911602799976 7040000
1733229175735 -0.025048716834248808 7077888
1733229202250 -0.02558589725845195 7110656
1733229228638 -0.025327002143058053 7143424
1733229254980 -0.026462653442831652 7176192
1733229282705 -0.02843246197408007 7200000
1733229313799 -0.025551104288524584 7241728
1733229340814 -0.02530957135832068 7274496
1733229368909 -0.025101290480961325 7307264
1733229396065 -0.024116358101287004 7340032
1733229422825 -0.021496019553865153 7360000
1733229453366 -0.027682644874039396 7405568
1733229480692 -0.028773242092574945 7438336
1733229508067 -0.027090590937541494 7471104
1733229535318 -0.025910797532537798 7503872
1733229562410 -0.025320936522268765 7520000
1733229595293 -0.02842429419727068 7569408
1733229622002 -0.026574770188335605 7602176
1733229648769 -0.02384792007583201 7634944
1733229676374 -0.02690253433734142 7667712
1733229701664 -0.02747866494196387 7680000
1733229734829 -0.02504116897143831 7733248
1733229761546 -0.025910889600299924 7766016
1733229787961 -0.023870421124070163 7798784
1733229814837 -0.02316248476772671 7831552
1733229838791 -0.028354151653502413 7840000
1733229873048 -0.026061627438025425 7897088
1733229899907 -0.024541195492338373 7929856
1733229926949 -0.02266089224206098 7962624
1733229953806 -0.022704427274584306 7995392
1733229976670 -0.023276200907503153 8000000
1733230011906 -0.025473653260701213 8060928
1733230039028 -0.02461686111070094 8093696
1733230066666 -0.02611113630971431 8126464
1733230093786 -0.026096199336620884 8159232
1733230115303 -0.02535594006419615 8160000
1733230152683 -0.024260712942009377 8224768
1733230180392 -0.023239119405343445 8257536
1733230208255 -0.023579901215634892 8290304
1733230238771 -0.024851697561052787 8320000
1733230268503 -0.024723423684872615 8355840
1733230296131 -0.025279516347632126 8388608
1733230323835 -0.024991913351618676 8421376
1733230351417 -0.02551379143858412 8454144
1733230380296 -0.02174025798708499 8480000
1733230409837 -0.02569171134841781 8519680
1733230438390 -0.02830194428629511 8552448
1733230465524 -0.026367087983294367 8585216
1733230493107 -0.02254513984148616 8617984
1733230520348 -0.02391523112037248 8640000
1733230551053 -0.025240714486380968 8683520
1733230579041 -0.02214479616236531 8716288
1733230606278 -0.025107413299622294 8749056
1733230635339 -0.025167263125149476 8781824
1733230662727 -0.022447393333413855 8800000
1733230694499 -0.023929649641763716 8847360
1733230722213 -0.02344521471338794 8880128
1733230750343 -0.02310764857504637 8912896
1733230777822 -0.024065684061224602 8945664
1733230802920 -0.024338165492781626 8960000
1733230836104 -0.022857657793610996 9011200
1733230863023 -0.02058628144964132 9043968
1733230890534 -0.025870221884861166 9076736
1733230918100 -0.02468147626384507 9109504
1733230942185 -0.024756725684551385 9120000
1733230976381 -0.022278120645023592 9175040
1733231004497 -0.02312296875034008 9207808
1733231032941 -0.022633824485433253 9240576
1733231060268 -0.022451868113876117 9273344
1733231084180 -0.020506782513257348 9280000
1733231119551 -0.023112690196740004 9338880
1733231147066 -0.02440291860164052 9371648
1733231175093 -0.02463990618871321 9404416
1733231202732 -0.024871829336143493 9437184
1733231225348 -0.022423636168491613 9440000
1733231262343 -0.02417426555542761 9502720
1733231289860 -0.02791228454799466 9535488
1733231318300 -0.022452921670878822 9568256
1733231348640 -0.025001866463708212 9600000
1733231376581 -0.0215196798826355 9633792
1733231405375 -0.022560423266577347 9666560
1733231433004 -0.021748857864508864 9699328
1733231460201 -0.022105505491254007 9732096
1733231489526 -0.021705620477882805 9760000
1733231518458 -0.0227918980052209 9797632
1733231545576 -0.02196363654832112 9830400
1733231573029 -0.022281744170209096 9863168
1733231600527 -0.023847551839276095 9895936
1733231629130 -0.020974933462230182 9920000
1733231659750 -0.017532580733768555 9961472
1733231687444 -0.02023288152997793 9994240
1733231715124 -0.019129182847359517 10027008
1733231743337 -0.025683480341115228 10059776
1733231770404 -0.023205503474764556 10080000
1733231803062 -0.02254467620241485 10125312
1733231829944 -0.02014961196875902 10158080
1733231857219 -0.022309514816220143 10190848
1733231884101 -0.022560208657705517 10223616
1733231910015 -0.022178110010918316 10240000
1733231941873 -0.020215867322212942 10289152
1733231969176 -0.023667042813804072 10321920
1733231996064 -0.023390864647717537 10354688
1733232022827 -0.023110075008162312 10387456
1733232046962 -0.024092886967468984 10400000
1733232080351 -0.024048263837153173 10452992
1733232107354 -0.022001760759508215 10485760
1733232134125 -0.021199249582286937 10518528
1733232161365 -0.025469568964058453 10551296
1733232186168 -0.02352825545071937 10560000
1733232221725 -0.025153401176498846 10616832
1733232248745 -0.024210632357562645 10649600
1733232275790 -0.024728529315893866 10682368
1733232303513 -0.024975022142552917 10715136
1733232326070 -0.02116815934969054 10720000
1733232362076 -0.0239111335537018 10780672
1733232389446 -0.026452280315425014 10813440
1733232416900 -0.024031905921810905 10846208
1733232443889 -0.021917987778169844 10878976
1733232465051 -0.021738798725891684 10880000
1733232501016 -0.02218625886380323 10944512
1733232528112 -0.022850915504841397 10977280
1733232555110 -0.021587285163582236 11010048
1733232584313 -0.019415315150831704 11040000
1733232612280 -0.018691987541501476 11075584
1733232640831 -0.021220032452652048 11108352
1733232667828 -0.02342103875095063 11141120
1733232694649 -0.022193163795327563 11173888
1733232722624 -0.02238994953256679 11200000
1733232751424 -0.0225583067152229 11239424
1733232777781 -0.022016514187407667 11272192
1733232804960 -0.025218644435017267 11304960
1733232831843 -0.02605756967745947 11337728
1733232859674 -0.021699099890565777 11360000
1733232889327 -0.019812094626877295 11403264
1733232916278 -0.025162099792396475 11436032
1733232943454 -0.026088599684294424 11468800
1733232970771 -0.027177543647758283 11501568
1733232997755 -0.02123298076003266 11520000
1733233028729 -0.024978701818372428 11567104
1733233055205 -0.022069978844615434 11599872
1733233082356 -0.018757613704474353 11632640
1733233109098 -0.024121634396124136 11665408
1733233134186 -0.022903013860968713 11680000
1733233166072 -0.021639415331083 11730944
1733233192900 -0.020816833896583377 11763712
1733233219199 -0.019723728833105268 11796480
1733233246284 -0.021199369314103933 11829248
1733233270253 -0.02092501492484189 11840000
1733233303935 -0.02176812030397741 11894784
1733233330386 -0.023447463460433936 11927552
1733233357287 -0.01898398478783747 11960320
1733233385762 -0.02030945434194109 11993088
1733233409438 -0.022408106372267866 12000000
1733233444563 -0.01876965225085314 12058624
1733233471796 -0.023105277899639988 12091392
1733233499153 -0.02224431903830464 12124160
1733233525997 -0.02142762675875929 12156928
1733233547533 -0.019347657191656254 12160000
1733233582556 -0.02327895078910842 12222464
1733233609440 -0.02045689666558701 12255232
1733233636363 -0.02659178536937361 12288000
1733233666179 -0.01853196905334471 12320000
1733233695371 -0.020751910319438592 12353536
1733233722316 -0.023706507831616364 12386304
1733233749321 -0.0208196870223901 12419072
1733233775918 -0.021049923912346457 12451840
1733233804861 -0.02142575915258931 12480000
1733233832869 -0.020321362776599017 12517376
1733233859266 -0.021026263639430453 12550144
1733233885929 -0.025333063998346006 12582912
1733233912815 -0.023635661688877006 12615680
1733233941755 -0.02355975218703179 12640000
1733233971338 -0.023855370965475232 12681216
1733233998456 -0.02098240588406952 12713984
1733234025695 -0.021189912653198917 12746752
1733234053701 -0.02372464528098135 12779520
1733234081177 -0.020612688461278596 12800000
1733234112708 -0.0216419956992695 12845056
1733234139526 -0.021803278404274807 12877824
1733234166327 -0.022874295688870915 12910592
1733234193373 -0.02196965625987559 12943360
1733234218547 -0.021565937279524404 12960000
1733234250194 -0.022748820736887866 13008896
1733234277074 -0.0213307362318119 13041664
1733234303858 -0.02228003321406504 13074432
1733234330660 -0.022339752336483797 13107200
1733234355542 -0.02289320912095718 13120000
1733234388384 -0.017316192838597998 13172736
1733234414924 -0.021975139322012182 13205504
1733234441791 -0.023197590253153065 13238272
1733234469175 -0.013256299060572019 13271040
1733234493736 -0.02305821215745709 13280000
1733234528133 -0.01942659873327557 13336576
1733234555358 -0.024911445000066125 13369344
1733234582993 -0.023560503995906857 13402112
1733234610195 -0.02413412085938944 13434880
1733234632929 -0.02202520070211449 13440000
1733234667544 -0.022886170516312632 13500416
1733234693903 -0.018863751267645057 13533184
1733234720579 -0.01806931930486826 13565952
1733234746908 -0.020726059458866075 13598720
1733234768683 -0.01937455624612312 13600000
1733234805572 -0.02220614991729235 13664256
1733234832420 -0.025213010288803163 13697024
1733234859150 -0.022389435792183575 13729792
1733234888066 -0.019632975016179444 13760000
1733234916521 -0.02421327326821938 13795328
1733234943339 -0.021740770964242984 13828096
1733234969643 -0.022181486543468056 13860864
1733234996640 -0.022107010125228043 13893632
1733235025274 -0.019061060291051035 13920000
1733235054362 -0.016826301440391944 13959168
1733235083397 -0.01749721481655797 13991936
1733235110438 -0.019561131740147175 14024704
1733235137338 -0.020283723367651874 14057472
1733235165365 -0.01969645908654911 14080000
1733235195005 -0.017493019267817544 14123008
1733235223411 -0.019320160155007215 14155776
1733235250452 -0.022313234716307306 14188544
1733235277415 -0.020700177535832153 14221312
1733235303662 -0.019113230415609906 14240000
1733235334490 -0.02100913219665017 14286848
1733235361708 -0.02148389591432078 14319616
1733235390178 -0.023690818571890305 14352384
1733235417089 -0.02444673313666499 14385152
1733235442356 -0.023961709479408455 14400000
1733235474527 -0.02114480622977908 14450688
1733235501963 -0.023019007519746993 14483456
1733235528997 -0.023444781255830095 14516224
1733235556271 -0.02201294597996366 14548992
1733235580851 -0.022092776421300187 14560000
1733235614516 -0.02321355726010097 14614528
1733235641717 -0.02054774807704689 14647296
1733235668726 -0.02296819500127185 14680064
1733235695924 -0.017200388112564725 14712832
1733235719401 -0.02051099994830565 14720000
1733235753776 -0.020776899245583992 14778368
1733235780845 -0.026694793108413252 14811136
1733235807828 -0.019563707225142935 14843904
1733235834584 -0.019375998894713576 14876672
1733235856366 -0.02234525635162754 14880000
1733235892086 -0.021646463686522566 14942208
1733235919158 -0.021140280365398213 14974976
1733235946383 -0.017731957557634813 15007744
1733235977427 -0.017009304277951286 15040000
1733236004504 -0.019628751981099413 15073280
1733236031299 -0.014774394878782005 15106048
1733236058390 -0.0165801241690815 15138816
1733236085166 -0.021165599718119665 15171584
1733236114417 -0.021588145175087448 15200000
1733236142675 -0.0172037203221862 15237120
1733236169767 -0.024242357496530077 15269888
1733236196552 -0.02158126617155176 15302656
1733236225267 -0.023567570664772573 15335424
1733236254052 -0.018546913094405683 15360000
1733236283834 -0.02119745928246175 15400960
1733236310786 -0.021819767627880536 15433728
1733236337795 -0.019845864221053944 15466496
1733236364946 -0.02064835291350846 15499264
1733236392616 -0.022247689973414708 15520000
1733236423732 -0.019673976142235004 15564800
1733236450155 -0.01999496752803225 15597568
1733236476439 -0.018810138812386867 15630336
1733236503073 -0.016973178570560778 15663104
1733236528767 -0.01805378439833021 15680000
1733236560308 -0.021210828401092386 15728640
1733236587483 -0.01716402247420774 15761408
1733236614009 -0.020704826996700378 15794176
1733236640968 -0.017137635808967388 15826944
1733236665553 -0.019719732810790445 15840000
1733236698685 -0.02209145291386676 15892480
1733236726111 -0.021019828817429698 15925248
1733236752961 -0.020712190647896023 15958016
1733236780004 -0.02032785851781682 15990784
1733236802739 -0.020522658615459478 16000000
1733236836046 -0.018946469449224422 16056320
1733236862647 -0.02116451460638018 16089088
1733236889667 -0.018104031433108504 16121856
1733236917463 -0.019800062782996973 16154624
1733236939987 -0.01915842530466989 16160000
1733236976271 -0.01732174009857772 16220160
1733237003502 -0.01934952470664939 16252928
1733237030567 -0.021782860634993996 16285696
1733237057860 -0.023815742316082834 16318464
1733237079662 -0.01939222369151139 16320000
1733237116478 -0.01682820122271096 16384000
1733237143280 -0.02223900179960765 16416768
1733237171978 -0.0220043183812777 16449536
1733237202303 -0.019742454057927718 16480000
1733237229803 -0.02075745183158233 16515072
1733237256128 -0.01577028338134596 16547840
1733237282792 -0.020227886561644936 16580608
1733237309888 -0.022950288358151737 16613376
1733237338445 -0.014733016952209254 16640000
1733237368763 -0.019810995703664958 16678912
1733237397332 -0.01972107198348567 16711680
1733237424549 -0.019711428284495014 16744448
1733237451367 -0.015271705750410546 16777216
1733237478750 -0.019576839434444084 16800000
1733237509153 -0.017421802724209103 16842752
1733237536351 -0.02088849754900366 16875520
1733237563143 -0.02658443882910433 16908288
1733237589961 -0.02248392568781128 16941056
1733237616045 -0.020779206425845586 16960000
1733237647095 -0.018698599393178483 17006592
1733237673805 -0.022548363155419793 17039360
1733237700506 -0.016986403421105932 17072128
1733237727969 -0.02122595790935975 17104896
1733237753637 -0.018536373237225234 17120000
1733237785563 -0.024200932159192234 17170432
1733237813103 -0.01954701123415816 17203200
1733237840330 -0.017380012186515616 17235968
1733237867072 -0.018461627152100847 17268736
1733237891487 -0.02072314004776672 17280000
1733237925248 -0.019693492237502143 17334272
1733237952405 -0.01947653003689993 17367040
1733237979342 -0.014036115068142863 17399808
1733238008060 -0.023544518265043734 17432576
1733238031634 -0.019804898481129384 17440000
1733238068130 -0.020793960692276413 17498112
1733238094853 -0.016891387882697017 17530880
1733238123266 -0.019460833917014496 17563648
1733238150546 -0.01579720127485871 17596416
1733238172685 -0.014026402943147786 17600000
1733238208403 -0.011947854093773459 17661952
1733238235231 -0.018363763096613184 17694720
1733238263468 -0.017988226869420032 17727488
1733238294196 -0.019879337798624875 17760000
1733238320940 -0.02077980636445318 17793024
1733238349177 -0.016260572677856543 17825792
1733238376041 -0.017214556113140135 17858560
1733238402719 -0.022041649011362095 17891328
1733238433104 -0.018100782491615064 17920000
1733238462404 -0.018744990595678246 17956864
1733238489296 -0.02026975970179592 17989632
1733238515847 -0.023454848109577143 18022400
1733238544604 -0.019530715698920176 18055168
1733238574132 -0.017500170544394678 18080000
1733238605286 -0.014945183656550398 18120704
1733238632389 -0.01887624505666281 18153472
1733238659381 -0.017969191825864074 18186240
1733238686566 -0.019666938978480174 18219008
1733238713707 -0.01790845847349374 18240000
1733238744549 -0.012261680760684613 18284544
1733238771375 -0.019425636775895327 18317312
1733238800408 -0.0173151776723671 18350080
1733238827792 -0.021100701072441552 18382848
1733238853952 -0.012960809148148655 18400000
1733238885859 -0.01770768982200934 18448384
1733238913122 -0.019048898829441895 18481152
1733238940303 -0.022852407387244967 18513920
1733238967710 -0.02127523712599668 18546688
1733238992229 -0.017566161127535906 18560000
1733239027177 -0.018168027412832542 18612224
1733239054230 -0.017098381516098014 18644992
1733239080679 -0.019165263789955134 18677760
1733239107628 -0.019606907791967387 18710528
1733239131158 -0.019948057490910286 18720000
1733239166822 -0.019554429019854068 18776064
1733239194040 -0.020478503503113643 18808832
1733239220874 -0.017594887500831647 18841600
1733239247400 -0.019027503229017383 18874368
1733239269530 -0.015454468206166893 18880000
1733239304849 -0.018292722732473975 18939904
1733239331983 -0.02278861561726444 18972672
1733239359052 -0.016249998471175787 19005440
1733239386335 -0.01503797647482088 19038208
1733239407985 -0.01371980562984163 19040000
1733239444640 -0.017384931116566804 19103744
1733239472127 -0.022989111782248984 19136512
1733239499269 -0.01653894476030473 19169280
1733239529527 -0.01591174450317112 19200000
1733239557103 -0.016416709372106198 19234816
1733239584146 -0.016652239379482126 19267584
1733239611255 -0.018760101056705024 19300352
1733239638514 -0.014974963383178875 19333120
1733239667133 -0.016998206716016283 19360000
1733239696048 -0.018986911040497035 19398656
1733239723373 -0.016861468544811943 19431424
1733239749908 -0.019875295293036287 19464192
1733239776875 -0.019581788452728687 19496960
1733239804335 -0.017224117814271266 19520000
1733239834528 -0.016500372412701837 19562496
1733239861518 -0.017533534274139128 19595264
1733239888052 -0.01694740770503813 19628032
1733239914828 -0.01676803817765631 19660800
1733239941829 -0.01918616494751859 19680000
1733239972604 -0.01875449462747838 19726336
1733239999480 -0.015400096011421737 19759104
1733240026763 -0.020435262270723342 19791872
1733240053806 -0.023146184621600695 19824640
1733240079098 -0.01764181615853886 19840000
1733240111224 -0.016577488608777457 19890176
1733240137808 -0.019424903319759323 19922944
1733240165081 -0.01940411273549216 19955712
1733240191934 -0.023782740105230005 19988480
1733240216144 -0.020497216667581596 20000000
1733240249880 -0.021050302772425766 20054016
1733240277361 -0.020938549013999365 20086784
1733240304050 -0.022542048816035276 20119552
1733240331137 -0.017946396468909144 20152320
1733240354205 -0.01898693224238741 20160000
1733240389160 -0.020384583720033333 20217856
1733240416608 -0.01658571034593024 20250624
1733240443481 -0.016978937526653227 20283392
1733240470273 -0.014032409636752164 20316160
1733240491858 -0.017649488165170625 20320000
1733240527004 -0.019777261195281427 20381696
1733240553506 -0.016079482238956187 20414464
1733240579959 -0.018793520433086998 20447232
1733240609881 -0.016736280129566693 20480000
1733240636860 -0.01945611709197692 20512768
1733240663894 -0.015912343190552746 20545536
1733240690325 -0.017074747850256245 20578304
1733240716896 -0.016506446613493608 20611072
1733240746054 -0.017391478857666696 20640000
1733240773665 -0.017760682243044813 20676608
1733240800264 -0.01728473653911351 20709376
1733240826973 -0.019740787700425245 20742144
1733240853145 -0.01877114625760896 20774912
1733240880896 -0.02089855475819604 20800000
1733240909963 -0.020590144488869554 20840448
1733240936547 -0.019139155835955535 20873216
1733240963210 -0.019173535921845543 20905984
1733240989461 -0.015561303129334191 20938752
1733241015970 -0.018316821079815783 20960000
1733241045729 -0.018106214048384573 21004288
1733241072147 -0.015290229272136458 21037056
1733241098898 -0.01858022714118306 21069824
1733241125243 -0.019682878064190844 21102592
1733241150508 -0.017447557556965875 21120000
1733241182801 -0.02061841564814131 21168128
1733241209020 -0.021190789859372217 21200896
1733241235351 -0.013479366861088238 21233664
1733241261812 -0.02114321688854943 21266432
1733241286457 -0.018961649219158973 21280000
1733241319605 -0.019472527259540583 21331968
1733241346587 -0.02086530079750446 21364736
1733241373338 -0.018884420518725166 21397504
1733241400274 -0.023157172561809602 21430272
1733241423751 -0.019748093813950617 21440000
1733241457812 -0.019813969929180074 21495808
1733241484639 -0.021293210597400504 21528576
1733241510666 -0.013882867872484893 21561344
1733241537185 -0.020335082260976377 21594112
1733241559089 -0.019575219621356155 21600000
1733241594036 -0.017808590257072866 21659648
1733241620695 -0.01789716823582239 21692416
1733241646988 -0.018400006480078446 21725184
1733241673555 -0.018740767435281212 21757952
1733241694666 -0.020543642330358124 21760000
1733241730248 -0.02042692729507962 21823488
1733241756682 -0.01940681675619089 21856256
1733241783041 -0.017588883958319458 21889024
1733241812866 -0.01758258071556611 21920000
1733241840100 -0.018077495898501182 21954560
1733241866317 -0.014458713049452853 21987328
1733241893616 -0.014122430462066404 22020096
1733241919869 -0.019128405930791813 22052864
1733241948511 -0.017958623636195624 22080000
1733241976828 -0.01932093069867733 22118400
1733242003907 -0.018222030560059464 22151168
1733242030754 -0.011647015897870006 22183936
1733242057022 -0.018982836800523727 22216704
1733242084123 -0.018174157069029206 22240000
1733242113723 -0.018909500370114074 22282240
1733242140240 -0.023095123037387567 22315008
1733242166733 -0.017876687505349764 22347776
1733242193367 -0.017243686156734838 22380544
1733242219594 -0.012825102867532223 22400000
1733242249742 -0.01906901259751521 22446080
1733242276535 -0.018134514031953586 22478848
1733242303162 -0.01972700808578338 22511616
1733242329736 -0.01848480885475965 22544384
1733242354767 -0.02364079810799922 22560000
1733242386579 -0.02411628303600537 22609920
1733242412572 -0.019829886237084794 22642688
1733242438839 -0.01949019834353294 22675456
1733242465115 -0.017103142251789903 22708224
1733242488767 -0.018922004134128655 22720000
1733242521641 -0.017205419461834025 22773760
1733242547851 -0.013140952380126691 22806528
1733242574102 -0.018689919740927506 22839296
1733242600453 -0.017506218191488187 22872064
1733242623121 -0.018926224470669696 22880000
1733242657413 -0.009157145104586562 22937600
1733242683988 -0.016868051750498124 22970368
1733242710630 -0.01523006783661458 23003136
1733242737248 -0.015337522689537763 23035904
1733242758784 -0.019561464219623303 23040000
1733242794124 -0.016964425883043078 23101440
1733242820416 -0.016639381776849406 23134208
1733242846692 -0.017066607445417502 23166976
1733242873951 -0.01756224006520597 23199744
1733242894570 -0.0160229463911719 23200000
1733242931252 -0.012225435036862109 23265280
1733242958069 -0.019048029833265902 23298048
1733242984712 -0.01596917550255057 23330816
1733243013745 -0.018787846942200304 23360000
1733243041705 -0.017476263492005727 23396352
1733243068187 -0.019402913147985146 23429120
1733243094760 -0.017587143639252643 23461888
1733243121831 -0.016330967135013454 23494656
1733243149200 -0.018860148749672588 23520000
1733243178174 -0.01871013082832178 23560192
1733243205384 -0.016223865388701596 23592960
1733243231685 -0.019505761701293523 23625728
1733243258344 -0.02284309639599087 23658496
1733243285086 -0.02127403514323305 23680000
1733243315320 -0.014930323201042484 23724032
1733243341654 -0.018209426001362772 23756800
1733243368030 -0.016630563557919233 23789568
1733243394095 -0.017511110828172603 23822336
1733243419265 -0.019791892109776655 23840000
1733243450131 -0.020567823729220436 23887872
1733243476480 -0.016590878140823405 23920640
1733243502675 -0.017036635536237556 23953408
1733243529331 -0.009030208303124709 23986176
1733243553514 -0.020312298054955137 24000000
1733243585486 -0.016728971741986242 24051712
1733243611800 -0.017574272046749682 24084480
1733243638466 -0.016227728101580397 24117248
1733243665122 -0.019604052973818398 24150016
1733243688707 -0.0164986674724787 24160000
1733243722072 -0.01744258474354865 24215552
1733243748223 -0.016330556533944218 24248320
1733243775083 -0.020014759181503906 24281088
1733243802421 -0.008071456300626778 24313856
1733243825389 -0.010160174739917238 24320000
1733243860426 -0.018651661426474675 24379392
1733243886948 -0.01926917619705364 24412160
1733243913307 -0.01675968223212294 24444928
1733243939737 -0.014499865915399823 24477696
1733243960851 -0.020732072065038666 24480000
1733243997108 -0.01789000633627893 24543232
1733244023280 -0.013479000336189983 24576000
1733244049743 -0.015246603629600486 24608768
1733244078978 -0.020022485070217044 24640000
1733244106249 -0.010508705397046469 24674304
1733244133086 -0.01726172070548273 24707072
1733244159975 -0.017955476812574034 24739840
1733244186438 -0.017720843696292832 24772608
1733244214973 -0.01857132762688707 24800000
1733244244610 -0.01814956877096847 24838144
1733244271047 -0.017150570986882486 24870912
1733244297898 -0.018717351716213672 24903680
1733244324007 -0.016550230234861373 24936448
1733244351224 -0.0173568065899417 24960000
1733244380133 -0.016395793806941582 25001984
1733244406542 -0.021029043197199827 25034752
1733244432776 -0.01855547019838468 25067520
1733244459452 -0.018484548029073268 25100288
1733244485936 -0.011684662707398274 25120000
1733244516228 -0.016579458315572993 25165824
1733244542762 -0.019514514389015858 25198592
1733244568847 -0.017495293635715826 25231360
1733244594989 -0.01963619429236587 25264128
1733244620156 -0.015205848453956606 25280000
1733244651874 -0.01616048164607946 25329664
1733244677974 -0.012891730884609843 25362432
1733244704738 -0.01480399308129563 25395200
1733244731484 -0.015531739330958772 25427968
1733244754986 -0.014257995779689735 25440000
1733244788335 -0.009879454945235011 25493504
1733244815210 -0.017040663024840797 25526272
1733244841828 -0.01820505056582533 25559040
1733244868728 -0.017216604269310664 25591808
1733244892129 -0.017391672878443388 25600000
1733244926050 -0.016407066760871204 25657344
1733244952754 -0.020378050961221562 25690112
1733244979715 -0.01983268942032055 25722880
1733245008115 -0.017943313738373944 25755648
1733245030108 -0.014051617433756292 25760000
1733245065325 -0.020402377031837206 25821184
1733245092026 -0.01809540669287344 25853952
1733245118366 -0.013707795982736571 25886720
1733245144784 -0.01672456832034186 25919488
1733245164828 -0.015599246903491348 25920000
1733245199944 -0.015171373575549296 25985024
1733245226262 -0.01748539111017635 26017792
1733245252479 -0.016189476071861008 26050560
1733245281387 -0.01825242476011226 26080000
1733245308851 -0.014749376734437191 26116096
1733245335272 -0.01858824342356229 26148864
1733245361573 -0.019240756309045537 26181632
1733245388201 -0.019030717660132267 26214400
1733245416782 -0.01736571750961957 26240000
1733245445716 -0.019026994030900822 26279936
1733245472293 -0.017088809157883134 26312704
1733245499347 -0.015905770016945552 26345472
1733245525635 -0.016537698904994614 26378240
1733245551886 -0.021402927923008973 26400000
1733245581386 -0.013976254311569392 26443776
1733245608200 -0.013771627504138451 26476544
1733245635374 -0.019610312213308133 26509312
1733245661935 -0.013078546001656833 26542080
1733245689357 -0.01649968290241759 26560000
1733245720947 -0.013770888012345495 26607616
1733245747403 -0.014390590692175919 26640384
1733245773958 -0.018261139287642437 26673152
1733245800659 -0.01639223933872245 26705920
1733245825502 -0.01982085919732981 26720000
1733245857768 -0.017708356612251917 26771456
1733245884077 -0.014954685746647555 26804224
1733245910138 -0.018162608601733153 26836992
1733245936379 -0.01751440875392518 26869760
1733245959772 -0.01452551645575113 26880000
1733245992838 -0.01593079512904296 26935296
1733246019406 -0.0023947435060790666 26968064
1733246045573 -0.017371687074250984 27000832
1733246072339 -0.01609139809561384 27033600
1733246094887 -0.01554536265734896 27040000
1733246129233 -0.007060545647800609 27099136
1733246155168 -0.017581779329282197 27131904
1733246181178 -0.013892396865117007 27164672
1733246207920 -0.017552386255056264 27197440
1733246228806 -0.014772017961331586 27200000
1733246264008 -0.005845940758695179 27262976
1733246290338 -0.02034905127110278 27295744
1733246316973 -0.020247755293712543 27328512
1733246346420 -0.017409826899256586 27360000
1733246372948 -0.011821174198121297 27394048
1733246399530 -0.009022179586145285 27426816
1733246426722 -0.013023557198971502 27459584
1733246453643 -0.01752170093359382 27492352
1733246481852 -0.014704077415376559 27520000
1733246509977 -0.01782807365498229 27557888
1733246536676 -0.015222767116392788 27590656
1733246563584 -0.01616383751647845 27623424
1733246590175 -0.0165626799444226 27656192
1733246617001 -0.012448323794660609 27680000
1733246646931 -0.015192078921381835 27721728
1733246673836 -0.019750051751282173 27754496
1733246700428 -0.016675007652634122 27787264
1733246726779 -0.020112962078519557 27820032
1733246752531 -0.016826394624490603 27840000
1733246784693 -0.020733293213061187 27885568
1733246811622 -0.012694278994240448 27918336
1733246837727 -0.016813564221092748 27951104
1733246864449 -0.018295355559598648 27983872
1733246889366 -0.014324038997619937 28000000
1733246921774 -0.01588001240036192 28049408
1733246948355 -0.014894882163821422 28082176
1733246975261 -0.016368438231734218 28114944
1733247001768 -0.010853674043437423 28147712
1733247025937 -0.013670514714522141 28160000
1733247057977 -0.020075118903150724 28213248
1733247084220 -0.018697006941238214 28246016
1733247110221 -0.015055897015463416 28278784
1733247136696 -0.014156547585275802 28311552
1733247159571 -0.01683181532250728 28320000
1733247193339 -0.01633952092108757 28377088
1733247219560 -0.011474673108000388 28409856
1733247246148 -0.020639807185943937 28442624
1733247272515 -0.017805769518349734 28475392
1733247294419 -0.01816112874681721 28480000
1733247329226 -0.020305282906974753 28540928
1733247356029 -0.018674914466350855 28573696
1733247383122 -0.01975648458114847 28606464
1733247410373 -0.019867396126710447 28639232
1733247431272 -0.019325514387787734 28640000
1733247467587 -0.02188178848807638 28704768
1733247494088 -0.02211926780689737 28737536
1733247521171 -0.015695625359512633 28770304
1733247551230 -0.02019926967416268 28800000
1733247578989 -0.019485849268494348 28835840
1733247605888 -0.015783750752984816 28868608
1733247632532 -0.016421805873187624 28901376
1733247658775 -0.01492934067493934 28934144
1733247687700 -0.016787569766938758 28960000
1733247717666 -0.017513772423990305 28999680
1733247744673 -0.016993910444409722 29032448
1733247771805 -0.01481422771164489 29065216
1733247798780 -0.012793434450600216 29097984
1733247825708 -0.016315521348610675 29120000
1733247855536 -0.015066718806872359 29163520
1733247881945 -0.019133949467664023 29196288
1733247908506 -0.018329947958727645 29229056
1733247935130 -0.014092096876800042 29261824
1733247960550 -0.017668715916693147 29280000
1733247991506 -0.011541089532670412 29327360
1733248018503 -0.020493793309765352 29360128
1733248045059 -0.013958868018039538 29392896
1733248071505 -0.01388903735914937 29425664
1733248096767 -0.013172897264576022 29440000
1733248129050 -0.014943601566824328 29491200
1733248155587 -0.01669495742601157 29523968
1733248182445 -0.01741691941628005 29556736
1733248209814 -0.014079935722998016 29589504
1733248233559 -0.013525321710176286 29600000
1733248267672 -0.011407605263377718 29655040
1733248294477 -0.0200662921786261 29687808
1733248321114 -0.00738074357267351 29720576
1733248347875 -0.016012124823714658 29753344
1733248370373 -0.015466100541470951 29760000
1733248404487 -0.015980504876893065 29818880
1733248430937 -0.01993740538799784 29851648
1733248458133 -0.016546114650827802 29884416
1733248485293 -0.016324547256454026 29917184
1733248506892 -0.018333923874581614 29920000
1733248542808 -0.013939522195187237 29982720
1733248569429 -0.015651144116418436 30015488
1733248596118 -0.018304818087972307 30048256
1733248626003 -0.018075827999746254 30080000
1733248653220 -0.015266187884822102 30113792
1733248680209 -0.016740190075438477 30146560
1733248706791 -0.020344685911231862 30179328
1733248733129 -0.018617615440780354 30212096
1733248761758 -0.017394816778369203 30240000
1733248790127 -0.01246159720938067 30277632
1733248816854 -0.016854801029785448 30310400
1733248843598 -0.017614354539637132 30343168
1733248870174 -0.014242087451839325 30375936
1733248896935 -0.013947004845113043 30400000
1733248926108 -0.014276264774116499 30441472
1733248952602 -0.017587218647622648 30474240
1733248978838 -0.016647911287986972 30507008
1733249005246 -0.017329310477998662 30539776
1733249031707 -0.01687968128103421 30560000
1733249062331 -0.017573110879038723 30605312
1733249088915 -0.01923238056961054 30638080
1733249115449 -0.013783986052862929 30670848
1733249142536 -0.019261868506418978 30703616
1733249168326 -0.019248010353908284 30720000
1733249200465 -0.01899988646075599 30769152
1733249227420 -0.018630400808706326 30801920
1733249254050 -0.01447150033387743 30834688
1733249280900 -0.017185854008926072 30867456
1733249305106 -0.012853566079274969 30880000
1733249338399 -0.0058105968980498805 30932992
1733249364985 -0.015047722256167618 30965760
1733249392335 -0.014481493547316404 30998528
1733249419508 -0.017185876106259455 31031296
1733249442988 -0.010360196209830974 31040000
1733249477423 -0.01874992077596289 31096832
1733249503995 -0.018524222554719926 31129600
1733249530667 -0.016431964920991506 31162368
1733249557189 -0.013606702785716606 31195136
1733249579362 -0.015914713237521028 31200000
1733249614157 -0.01782025801328473 31260672
1733249640713 -0.017948710844802918 31293440
1733249667716 -0.01786071280150736 31326208
1733249694801 -0.017875901333809452 31358976
1733249716390 -0.015024760822916506 31360000
1733249752213 -0.015693083875635238 31424512
1733249779022 -0.015123359338201681 31457280
1733249805645 -0.015035570574946177 31490048
1733249834326 -0.014897832278950317 31520000
1733249861712 -0.018538316726085212 31555584
1733249888013 -0.019058141416098805 31588352
1733249914604 -0.01468356369648518 31621120
1733249942355 -0.016390478262360376 31653888
1733249970614 -0.014380951329229674 31680000
1733249999397 -0.01816512681173208 31719424
1733250026256 -0.013707801217697125 31752192
1733250052916 -0.0162952732844019 31784960
1733250079899 -0.011622570057659232 31817728
1733250106894 -0.015115272419643588 31840000
1733250136897 -0.009498109712922087 31883264
1733250164052 -0.016630169539575947 31916032
1733250190807 -0.016353305125539917 31948800
1733250217264 -0.016817946903302072 31981568
1733250243445 -0.017744285828212015 32000000
1733250274620 -0.01631089895529385 32047104
1733250301242 -0.01548089865593738 32079872
1733250327771 -0.012869045383104094 32112640
1733250354666 -0.01960156817799543 32145408
1733250379268 -0.011455210365465974 32160000
