1733223256480 0.02883512896796674 65536
1733223284355 0.005697825777792787 98304
1733223310531 0.0009068383533104907 131072
1733223339781 0.0002264824208175753 160000
1733223368090 0.00016644993924721518 196608
1733223395294 5.60753764018429e-05 229376
1733223421584 5.3323412344497e-05 262144
1733223448535 0.00019729553824099355 294912
1733223476635 8.149155326471202e-05 320000
1733223507486 5.907102832978239e-05 360448
1733223534677 0.00011120869749943196 393216
1733223561394 0.0001136262450325276 425984
1733223588379 4.646856476862027e-05 458752
1733223614705 7.150243943554457e-05 480000
1733223644929 0.00015405090913320763 524288
1733223672030 6.0173035722499436e-05 557056
1733223699039 0.0001130914146936668 589824
1733223725915 8.114794198315068e-05 622592
1733223752223 2.3249721864093688e-05 640000
1733223783465 0.0003511055418137232 688128
1733223809773 3.493259381661673e-05 720896
1733223836255 0.00010978611415382033 753664
1733223862734 7.861636363211133e-05 786432
1733223887202 7.6846798071184e-05 800000
1733223920226 0.00016979418963369852 851968
1733223947327 6.481250976957398e-05 884736
1733223974653 0.00017369119641212903 917504
1733224001887 0.00016365851991615444 950272
1733224025355 0.0003971242520874441 960000
1733224059271 0.0003665316323182566 1015808
1733224086613 0.0003145138511770895 1048576
1733224113655 0.0005760486704321721 1081344
1733224140914 0.00024018397887726195 1114112
1733224163637 0.000147911063230044 1120000
1733224198004 0.0004369558231728021 1179648
1733224224854 0.00032382887669246685 1212416
1733224251821 0.0008168987467565003 1245184
1733224278805 0.0004439464943793325 1277952
1733224300261 0.0002117884456927399 1280000
1733224336126 0.0001759605820494059 1343488
1733224363418 0.0006682360742383154 1376256
1733224389919 0.000580904132921134 1409024
1733224419807 0.0003714194664699022 1440000
1733224447558 0.0008245837819391255 1474560
1733224474492 0.0004169757099013793 1507328
1733224501031 0.0007464187376140074 1540096
1733224527848 0.00059727219980239 1572864
1733224556860 0.0006844833129981964 1600000
1733224585853 0.001001887386876632 1638400
1733224612991 0.0009967531661949636 1671168
1733224639843 0.0005196896526264538 1703936
1733224666526 0.0009076229947112324 1736704
1733224694410 0.000818317129613888 1760000
1733224724158 0.0008368513705434566 1802240
1733224751069 0.0006142189773946427 1835008
1733224778091 0.0015405772576485787 1867776
1733224804879 0.0011783923016281505 1900544
1733224831272 0.0015809182426565372 1920000
1733224861705 0.0017422185269794 1966080
1733224888648 0.0011896016537107812 1998848
1733224915336 0.0014876023874634825 2031616
1733224941791 0.0012787511865539614 2064384
1733224967438 0.0013040948742158776 2080000
1733224999229 0.0012542653578066164 2129920
1733225025925 0.0011071834697624183 2162688
1733225052905 0.0011124412801180484 2195456
1733225079653 0.001123459873167576 2228224
1733225103949 0.001201026305599129 2240000
1733225137590 0.0010193689367334001 2293760
1733225164645 0.001202007980430153 2326528
1733225191541 0.0011121348563413846 2359296
1733225218546 0.0007443208558385095 2392064
1733225241432 0.0012845340782021708 2400000
1733225275714 0.001399323935228125 2457600
1733225302473 0.0014180494667314747 2490368
1733225330919 0.0013694625031668295 2523136
1733225357849 0.001357854430391825 2555904
1733225379876 0.001364008448163645 2560000
1733225415711 0.0012197107550633746 2621440
1733225442329 0.0009288414549729396 2654208
1733225469313 0.0014361128411955804 2686976
1733225495955 0.0013177377464607786 2719744
1733225516949 0.0016400133975423615 2720000
1733225553964 0.0016019724435871296 2785280
1733225581078 0.0013723623463704371 2818048
1733225608209 0.0015069522160629845 2850816
1733225638265 0.001703442344117434 2880000
1733225666579 0.001514114407974887 2916352
1733225693800 0.0008254471851778078 2949120
1733225720855 0.000665315233642616 2981888
1733225747923 0.0017179209242996762 3014656
1733225775923 0.001468822931616387 3040000
1733225805035 0.001227183142800925 3080192
1733225832116 0.0012274185593504684 3112960
1733225858513 0.00170254226108284 3145728
1733225885160 0.001501079692828 3178496
1733225911679 0.001254325877457063 3200000
1733225941435 0.0010516584314423482 3244032
1733225967905 0.0014471580485647451 3276800
1733225994270 0.0012466660908000194 3309568
1733226020653 0.0020965362326606394 3342336
1733226046097 0.0016015005382314484 3360000
1733226077231 0.0017081488691388814 3407872
1733226103881 0.0011221237594924104 3440640
1733226130934 0.001480798264199734 3473408
1733226157805 0.0014567124533925834 3506176
1733226182777 0.001274223362809579 3520000
1733226215434 0.001694192586779053 3571712
1733226242176 0.0016418298889014694 3604480
1733226269262 0.001293567127927986 3637248
1733226296479 0.0019141042945463483 3670016
1733226320289 0.0015357900486684174 3680000
1733226354230 0.001313449921659071 3735552
1733226381440 0.0013903655554202033 3768320
1733226408273 0.0012994835917368164 3801088
1733226435065 0.001389246139120104 3833856
1733226457192 0.0017071112468485695 3840000
1733226491833 0.002075864741004807 3899392
1733226518717 0.0017472338791492347 3932160
1733226545026 0.0018636510990603483 3964928
1733226571585 0.0011444943313577483 3997696
1733226592721 0.0016206616042850897 4000000
1733226629219 0.0016435537190631067 4063232
1733226656053 0.0018515335474219795 4096000
1733226683320 0.0013122268947924453 4128768
1733226714101 0.0014553859641580403 4160000
1733226741446 0.0012498868603231018 4194304
1733226768324 0.001459125409083839 4227072
1733226795599 0.0016646905300738979 4259840
1733226822522 0.001905541236760655 4292608
1733226852048 0.0009574553479559711 4320000
1733226881505 0.0015273151136753426 4358144
1733226908383 0.002036576337386009 4390912
1733226935350 0.002097055756313182 4423680
1733226962049 0.0019656524679817267 4456448
1733226990159 0.0022441687289600056 4480000
1733227020459 0.0010662277956086541 4521984
1733227047376 0.0012494261088960457 4554752
1733227074260 0.001450078875524241 4587520
1733227100802 0.0015364267741844629 4620288
1733227127678 0.0016573424701007867 4640000
1733227158719 0.001458388459627713 4685824
1733227185287 0.0017437369274787783 4718592
1733227212288 0.0024753649955613355 4751360
1733227238788 0.002010207312497414 4784128
1733227264322 0.0015602184369484461 4800000
1733227296380 0.001631573711622991 4849664
1733227323206 0.001502564115163807 4882432
1733227350324 0.0014896069474445994 4915200
1733227377333 0.0014059026195937462 4947968
1733227402034 0.0021492409994962715 4960000
1733227435400 0.0016053610670041963 5013504
1733227462076 0.0011070431339717858 5046272
1733227488843 0.0015263540290902712 5079040
1733227515919 0.0013279461359644528 5111808
1733227538946 0.0016211293084779754 5120000
1733227573022 0.0017623691336950743 5177344
1733227599428 0.0016598291722928593 5210112
1733227626346 0.0017808495626255195 5242880
1733227652881 0.0023059643620683802 5275648
1733227674749 0.001487563384631585 5280000
1733227709906 0.0015158710712000812 5341184
1733227736923 0.0015263114063372996 5373952
1733227763924 0.0017679405200198063 5406720
1733227791133 0.0016675219468652359 5439488
1733227811977 0.0020007696709697597 5440000
1733227848525 0.0014463253693961064 5505024
1733227875768 0.002482148173845644 5537792
1733227902468 0.0016932787433887597 5570560
1733227931926 0.0016816551499061916 5600000
1733227959794 0.0019299935512151478 5636096
1733227986411 0.0014523804274936935 5668864
1733228013020 0.001502868681033931 5701632
1733228039754 0.0014285827838655507 5734400
1733228068105 0.0018952942669216099 5760000
1733228097191 0.0013993532121716612 5799936
1733228124309 0.001678552828812485 5832704
1733228151473 0.0021617522217411535 5865472
1733228178306 0.001654250957771808 5898240
1733228205600 0.0017949026763147912 5920000
1733228235932 0.0018433109406572612 5963776
1733228262492 0.001188412450214571 5996544
1733228289265 0.001853663017904239 6029312
1733228316393 0.002481778860831696 6062080
1733228342069 0.0013061725836358562 6080000
1733228373584 0.0017932650403139406 6127616
1733228400695 0.0015826226414603183 6160384
1733228428187 0.0019812882256559305 6193152
1733228455621 0.001897070098246445 6225920
1733228480439 0.001913527098413681 6240000
1733228512730 0.001561752789108084 6291456
1733228539389 0.0014046139888733932 6324224
1733228566040 0.0014937227750664306 6356992
1733228592688 0.0016204483610920307 6389760
1733228615976 0.0018398078028681653 6400000
1733228649109 0.0020739289477631926 6455296
1733228675476 0.0019033269253711182 6488064
1733228702410 0.00219760387486474 6520832
1733228729244 0.0014825078492350485 6553600
1733228751388 0.0014384321782955566 6560000
1733228785745 0.0017933873199069694 6619136
1733228812287 0.0016048587936666082 6651904
1733228839113 0.001462482412595989 6684672
1733228865774 0.0022802011562333747 6717440
1733228887183 0.0018337683140259742 6720000
1733228923298 0.001513502874497874 6782976
1733228950532 0.002159806596600333 6815744
1733228977741 0.0019496690094584323 6848512
1733229007849 0.001818667994983514 6880000
1733229035702 0.0011859334877023287 6914048
1733229062984 0.002012151326387368 6946816
1733229090318 0.0019408689865059614 6979584
1733229117152 0.0015303632748256747 7012352
1733229146977 0.0018674437164420965 7040000
1733229175744 0.001943383055734671 7077888
1733229202289 0.0019066964077524063 7110656
1733229228647 0.0012917009645512679 7143424
1733229254988 0.00162789920698998 7176192
1733229282713 0.00137900657968828 7200000
1733229313850 0.0016400417338857665 7241728
1733229340823 0.0011673538351679724 7274496
1733229369053 0.0014760260004450742 7307264
1733229396172 0.001504821589428218 7340032
1733229422837 0.002513122244825183 7360000
1733229453374 0.001981244196701937 7405568
1733229480700 0.0016463753865394893 7438336
1733229508076 0.00168045541823858 7471104
1733229535326 0.0016294811536923248 7503872
1733229562547 0.0017070416357469753 7520000
1733229595302 0.0019329364841041753 7569408
1733229622010 0.0013656541704790471 7602176
1733229648778 0.0019553116184681586 7634944
1733229676415 0.0014102624030670086 7667712
1733229701706 0.0012304264727731606 7680000
1733229734837 0.0019163373913855253 7733248
1733229761589 0.0013651808144572897 7766016
1733229787978 0.0015138331303589324 7798784
1733229814862 0.0017593643441941253 7831552
1733229838799 0.0013293679815546966 7840000
1733229873057 0.000985137361162458 7897088
1733229899916 0.0018768291772474298 7929856
1733229926972 0.0019594437268594333 7962624
1733229953823 0.0017504107818282933 7995392
1733229976690 0.0020171515154714824 8000000
1733230011970 0.002208193898567856 8060928
1733230039074 0.002070704947051638 8093696
1733230066691 0.0016235745699233917 8126464
1733230093794 0.001208064876385606 8159232
1733230115340 0.001344289644086416 8160000
1733230152734 0.001800634036537474 8224768
1733230180424 0.002409238426329807 8257536
1733230208288 0.0022208820728366165 8290304
1733230238797 0.0015382079769992174 8320000
1733230268677 0.0015820881775752583 8355840
1733230296168 0.0015913103172294995 8388608
1733230323895 0.0014197038195902679 8421376
1733230351479 0.001836879372244482 8454144
1733230380421 0.002495656438739502 8480000
1733230409851 0.0022289821182639004 8519680
1733230438554 0.0020127577003592025 8552448
1733230465625 0.001773664306742262 8585216
1733230493140 0.0013623237006058276 8617984
1733230520413 0.0014820194227596062 8640000
1733230551135 0.0016410675792059236 8683520
1733230579060 0.0017361511872678649 8716288
1733230606298 0.0018926117233561968 8749056
1733230635493 0.0018711763630875566 8781824
1733230662760 0.0017566248321415402 8800000
1733230694540 0.001245308370427267 8847360
1733230722267 0.0013775312374264103 8880128
1733230750450 0.0016981098360624002 8912896
1733230777875 0.002254074656249827 8945664
1733230802966 0.0017293408113800979 8960000
1733230836176 0.0014598727021613912 9011200
1733230863052 0.001668536258702602 9043968
1733230890553 0.00151869170292116 9076736
1733230918119 0.0015166392822621333 9109504
1733230942218 0.0015540992307890634 9120000
1733230976415 0.0011718799324391682 9175040
1733231004562 0.0010897018646552682 9207808
1733231033101 0.0017441401801548296 9240576
1733231060285 0.0018692229239320568 9273344
1733231084256 0.0017799457448163026 9280000
1733231119593 0.0019578062267470385 9338880
1733231147106 0.0017807429058521508 9371648
1733231175129 0.00251140525760718 9404416
1733231202777 0.001792186176525945 9437184
1733231225392 0.001987054572089164 9440000
1733231262385 0.0015960802364105575 9502720
1733231290237 0.001705352102291613 9535488
1733231318335 0.0015333418859498238 9568256
1733231348664 0.001605507723321864 9600000
1733231376651 0.0018481326795779297 9633792
1733231405558 0.001102568969103146 9666560
1733231433039 0.0014387771333097988 9699328
1733231460226 0.0014225430044461974 9732096
1733231489579 0.0018064684954232745 9760000
1733231518498 0.00157744495289478 9797632
1733231545606 0.0017869959981808847 9830400
1733231573054 0.0015123350352595822 9863168
1733231600570 0.001063898476067493 9895936
1733231629179 0.0015911415477894764 9920000
1733231659799 0.001478076331295597 9961472
1733231687535 0.0011544331510208393 9994240
1733231715184 0.0019623423767647806 10027008
1733231743397 0.001690036016786678 10059776
1733231770434 0.0020309118988322437 10080000
1733231803182 0.0010468293894476232 10125312
1733231829988 0.001527720438872393 10158080
1733231857236 0.0014639918703778676 10190848
1733231884143 0.0014185347436878714 10223616
1733231910032 0.0017447588015471638 10240000
1733231941890 0.001832488492162554 10289152
1733231969193 0.001509748101328512 10321920
1733231996081 0.0020439777433949756 10354688
1733232022847 0.0008658231254877081 10387456
1733232046995 0.0015215029064336249 10400000
1733232080366 0.002112542675129703 10452992
1733232107371 0.0012262814150950873 10485760
1733232134469 0.0021555699737163536 10518528
1733232161381 0.0019203126422496553 10551296
1733232186286 0.001975802411953964 10560000
1733232221742 0.001289763355451612 10616832
1733232248762 0.0015748580479517215 10649600
1733232275807 0.0021166675478838217 10682368
1733232303530 0.001881090401978014 10715136
1733232326087 0.0017076123654732101 10720000
1733232362093 0.0014304227175898632 10780672
1733232389506 0.0021726493652991508 10813440
1733232416925 0.0014840845869557029 10846208
1733232443937 0.002042953307935136 10878976
1733232465063 0.0022074766103457933 10880000
1733232501028 0.0016951576020844072 10944512
1733232528125 0.0018620412313325118 10977280
1733232555146 0.0013374978094560675 11010048
1733232584327 0.0017572371586410894 11040000
1733232612293 0.0015413026926797357 11075584
1733232640947 0.0016801961561753842 11108352
1733232667842 0.0015406746256346083 11141120
1733232694657 0.0016418053802944143 11173888
1733232722632 0.0017072015449855372 11200000
1733232751433 0.0017970421677233617 11239424
1733232777792 0.0019879993089929825 11272192
1733232804985 0.0021845624277872845 11304960
1733232831852 0.0013961644135306983 11337728
1733232859686 0.0017294161432047871 11360000
1733232889335 0.0017963331821405858 11403264
1733232916286 0.0015784163215329273 11436032
1733232943462 0.0017503592895977249 11468800
1733232970779 0.0016994794048073914 11501568
1733232997763 0.002076750741180433 11520000
1733233028737 0.0013984700082843916 11567104
1733233055213 0.001534942266679451 11599872
1733233082373 0.0015110556678330056 11632640
1733233109107 0.0021060246979232033 11665408
1733233134247 0.0015341849410020814 11680000
1733233166091 0.0022676555046075462 11730944
1733233192908 0.0015912458105105999 11763712
1733233219212 0.0016316663633766382 11796480
1733233246293 0.0021273869852763026 11829248
1733233270262 0.001904284031952841 11840000
1733233303943 0.0014142775364767602 11894784
1733233330398 0.0015895559300538765 11927552
1733233357295 0.0019570432369349078 11960320
1733233386002 0.0019220951804626908 11993088
1733233409447 0.0019268201849307331 12000000
1733233444579 0.0014701005599469853 12058624
1733233471804 0.0018393003583192069 12091392
1733233499196 0.00238043861492514 12124160
1733233526014 0.0018172091821597291 12156928
1733233547541 0.001969048462282785 12160000
1733233582564 0.002081325363197095 12222464
1733233609449 0.0014775593427465595 12255232
1733233636405 0.001143313204477181 12288000
1733233666208 0.0015401482987506653 12320000
1733233695523 0.0019409284602588174 12353536
1733233722333 0.0013161262334179468 12386304
1733233749337 0.0017260609932897354 12419072
1733233775934 0.0016755018625872254 12451840
1733233804869 0.0024595286023981087 12480000
1733233832877 0.0019203078007549834 12517376
1733233859295 0.0014974968964864388 12550144
1733233885938 0.001767689876055556 12582912
1733233912823 0.0018638292350672714 12615680
1733233941764 0.002161234690228753 12640000
1733233971372 0.0014858531874708091 12681216
1733233998471 0.0014484154251832137 12713984
1733234025711 0.0017461605344266217 12746752
1733234053716 0.0017052853066985563 12779520
1733234081209 0.0015220682234613036 12800000
1733234112736 0.0020861616517521497 12845056
1733234139550 0.0020802688398077864 12877824
1733234166343 0.0015092855874115686 12910592
1733234193403 0.0018828204505950906 12943360
1733234218564 0.0015696909108513068 12960000
1733234250211 0.0015869415729255821 13008896
1733234277091 0.0017679046842232538 13041664
1733234303874 0.0015075963261693913 13074432
1733234330677 0.002003928706957936 13107200
1733234355578 0.0015183336025771156 13120000
1733234388400 0.0021216433025827543 13172736
1733234414960 0.0015645052588823204 13205504
1733234441807 0.0015695866773185684 13238272
1733234469191 0.0017101771642359155 13271040
1733234493755 0.002059419498675652 13280000
1733234528141 0.0016620939021819935 13336576
1733234555378 0.001036065067721381 13369344
1733234583012 0.0013454505971417063 13402112
1733234610235 0.0015112460890790657 13434880
1733234632946 0.0014859661760141308 13440000
1733234667554 0.001091112297792307 13500416
1733234693912 0.0022764302029784746 13533184
1733234720588 0.0016102473199438804 13565952
1733234746922 0.0015517106940919235 13598720
1733234768696 0.0014353575961152387 13600000
1733234805581 0.00204413054494097 13664256
1733234832431 0.0015525981786197462 13697024
1733234859162 0.0011458637385160842 13729792
1733234888079 0.0016647376083646747 13760000
1733234916538 0.001324208119572745 13795328
1733234943350 0.0017734879470509668 13828096
1733234969651 0.0016207120690800991 13860864
1733234996657 0.0014415767022398994 13893632
1733235025286 0.0013021030698688208 13920000
1733235054604 0.0018093631997189163 13959168
1733235083541 0.0012433959917395043 13991936
1733235110450 0.00139168573877555 14024704
1733235137355 0.0017738138045459094 14057472
1733235165376 0.0019230374458274468 14080000
1733235195018 0.0022750525895659734 14123008
1733235223537 0.001435850269633221 14155776
1733235250465 0.002154255859286991 14188544
1733235277428 0.0016233182748742081 14221312
1733235303675 0.0018132358883356404 14240000
1733235334549 0.001984720698643372 14286848
1733235361748 0.0018562029979321438 14319616
1733235390305 0.0025215163058675215 14352384
1733235417102 0.001535721017518199 14385152
1733235442369 0.0018383620721536432 14400000
1733235474539 0.0026268184100914026 14450688
1733235502016 0.002110174446924873 14483456
1733235529015 0.0019015354936286143 14516224
1733235556283 0.0012578962828598606 14548992
1733235580893 0.0011611750783082186 14560000
1733235614524 0.0014608712968509963 14614528
1733235641733 0.001665549471374561 14647296
1733235668742 0.0013139808670317166 14680064
1733235695959 0.0018420471031220132 14712832
1733235719419 0.0012680482377412261 14720000
1733235753795 0.0018441204350068574 14778368
1733235780871 0.0014613334057536065 14811136
1733235807837 0.0017095623756574695 14843904
1733235834596 0.0016109827352423166 14876672
1733235856383 0.0019265448697524334 14880000
1733235892102 0.0011201833183001498 14942208
1733235919175 0.0014781821599839872 14974976
1733235946400 0.0013045520995973447 15007744
1733235977482 0.0018756693724355955 15040000
1733236004551 0.0011729675667695005 15073280
1733236031347 0.0012875283657677982 15106048
1733236058428 0.0022355839624410125 15138816
1733236085175 0.0016862558006152995 15171584
1733236114476 0.0021191741677526466 15200000
1733236142683 0.0016389930379091312 15237120
1733236169776 0.0015730961422804057 15269888
1733236196560 0.001601154785997494 15302656
1733236225393 0.0017700204499803362 15335424
1733236254069 0.0014441543627270903 15360000
1733236283844 0.001893712917237167 15400960
1733236310794 0.0015121448290614126 15433728
1733236337803 0.0014386232622534579 15466496
1733236364954 0.0019176977502922909 15499264
1733236392637 0.002113016349264285 15520000
1733236423775 0.0023007781644757584 15564800
1733236450163 0.0019137228009412865 15597568
1733236476463 0.001469898881276066 15630336
1733236503082 0.0013234902974843977 15663104
1733236528783 0.0016169190639857335 15680000
1733236560325 0.0013558084471888775 15728640
1733236587491 0.002002771577876672 15761408
1733236614017 0.001411169110774324 15794176
1733236640993 0.0021635469429284624 15826944
1733236665562 0.001655283891425796 15840000
1733236698705 0.00126568445207198 15892480
1733236726119 0.0013598219958836921 15925248
1733236752970 0.0014234052046489865 15958016
1733236780012 0.001768682948770106 15990784
1733236802747 0.001418180533511304 16000000
1733236836072 0.0014264256202437763 16056320
1733236862655 0.001464095681183153 16089088
1733236889681 0.00193947762086637 16121856
1733236917502 0.001849912107236662 16154624
1733236940025 0.0020636179895269892 16160000
1733236976321 0.0019077133500708498 16220160
1733237003552 0.002020806493138139 16252928
1733237030576 0.0014928247924913761 16285696
1733237057869 0.0017994958385180837 16318464
1733237079670 0.001098539538047305 16320000
1733237116495 0.0015188255987197863 16384000
1733237143329 0.0017951389382709238 16416768
1733237172131 0.0018329582397129229 16449536
1733237202343 0.002424850141467516 16480000
1733237229812 0.00169285459087547 16515072
1733237256144 0.0024709338262894676 16547840
1733237282803 0.0019416696512450926 16580608
1733237310062 0.001448506286839546 16613376
1733237338469 0.0016698442075615105 16640000
1733237368882 0.0012763658121158982 16678912
1733237397463 0.002020988415323188 16711680
1733237424557 0.0016578044716226259 16744448
1733237451392 0.0019103688761674675 16777216
1733237478759 0.0014543919695697127 16800000
1733237509188 0.0020638998011975216 16842752
1733237536365 0.002451685335984166 16875520
1733237563152 0.001966348758007541 16908288
1733237589969 0.0014348214342668087 16941056
1733237616054 0.0016335787453179763 16960000
1733237647104 0.0015419124834764376 17006592
1733237673826 0.0015990932296844561 17039360
1733237700567 0.0016271709368517405 17072128
1733237727998 0.0015224772792066688 17104896
1733237753654 0.002079940707429273 17120000
1733237785594 0.0021110863662983093 17170432
1733237813137 0.0016311729809565633 17203200
1733237840372 0.0019272076971233788 17235968
1733237867114 0.0014709051985008158 17268736
1733237891512 0.001515149784702885 17280000
1733237925287 0.001587930529250059 17334272
1733237952445 0.0014824984415163557 17367040
1733237979361 0.0017512562972044066 17399808
1733238008205 0.001396212836058197 17432576
1733238031646 0.002034630453570685 17440000
1733238068268 0.0014940420414809807 17498112
1733238094861 0.0021690768091126244 17530880
1733238123392 0.0014823204445370663 17563648
1733238150558 0.001324376518922321 17596416
1733238172720 0.0015498618748537752 17600000
1733238208426 0.0015800143197722606 17661952
1733238235243 0.0015182297188687244 17694720
1733238263585 0.002298682385733741 17727488
1733238294236 0.002017064430606297 17760000
1733238320952 0.00180997965512546 17793024
1733238349299 0.0021852778073601087 17825792
1733238376053 0.0017751857086857115 17858560
1733238402753 0.00179844736236916 17891328
1733238433221 0.0016140469567162085 17920000
1733238462412 0.0018656943119665925 17956864
1733238489304 0.0023305421728437637 17989632
1733238515861 0.00151765456007098 18022400
1733238544723 0.001638046105382074 18055168
1733238574192 0.0015163851170392206 18080000
1733238605405 0.0014368324517732844 18120704
1733238632397 0.001842734181376926 18153472
1733238659390 0.0017706020074776062 18186240
1733238686580 0.0017332545035912972 18219008
1733238713715 0.001117533042575758 18240000
1733238744557 0.0009600540334233187 18284544
1733238771383 0.0015469676776810105 18317312
1733238800548 0.0014914970055173171 18350080
1733238827801 0.0009860762451793903 18382848
1733238853966 0.0016459359590193401 18400000
1733238885867 0.0013641311995726824 18448384
1733238913156 0.0013669964465563567 18481152
1733238940324 0.0018696083531921203 18513920
1733238967724 0.001186129979981132 18546688
1733238992238 0.0018426513342888029 18560000
1733239027312 0.0013544606460001774 18612224
1733239054246 0.0015980120021652055 18644992
1733239080724 0.001848266517773567 18677760
1733239107653 0.0016626699127002098 18710528
1733239131230 0.0012825008038504393 18720000
1733239166970 0.0016635708049470566 18776064
1733239194053 0.0019096378045290407 18808832
1733239220890 0.0016588563875849615 18841600
1733239247417 0.0012859056173795125 18874368
1733239269547 0.0015768916798471367 18880000
1733239304857 0.0015764422554909174 18939904
1733239331992 0.0015593006662783181 18972672
1733239359078 0.001322845648029869 19005440
1733239386343 0.0008237989984245075 19038208
1733239408009 0.0018456798337084025 19040000
1733239444697 0.0018926810100396096 19103744
1733239472135 0.002224172238982902 19136512
1733239499278 0.0019237601737167153 19169280
1733239529536 0.001663789706458374 19200000
1733239557111 0.0016242408036475809 19234816
1733239584154 0.0018910112856730167 19267584
1733239611263 0.0014826413204126255 19300352
1733239638522 0.001617605508462816 19333120
1733239667147 0.001982329116484749 19360000
1733239696056 0.0026142724338484415 19398656
1733239723390 0.002022890036017344 19431424
1733239749918 0.0010662672235163483 19464192
1733239776884 0.0011171663510808117 19496960
1733239804348 0.0019418958770600625 19520000
1733239834544 0.0017306394492592858 19562496
1733239861542 0.0022621391623289357 19595264
1733239888061 0.0019925519151613004 19628032
1733239914836 0.001839907694103715 19660800
1733239941837 0.0013658417451082982 19680000
1733239972612 0.001485090960424884 19726336
1733239999488 0.0024049078229545274 19759104
1733240026772 0.0015142403190750997 19791872
1733240053814 0.0015377801919463252 19824640
1733240079107 0.0017095321770398187 19840000
1733240111232 0.0017965021189766616 19890176
1733240137827 0.0017067313190707977 19922944
1733240165092 0.002280950488169253 19955712
1733240191942 0.0017386744775976127 19988480
1733240216153 0.0015723418324405714 20000000
1733240249901 0.0015933603635758687 20054016
1733240277369 0.0012000569053597586 20086784
1733240304063 0.0013627916868955482 20119552
1733240331145 0.0014906648144389577 20152320
1733240354214 0.0013956291722379889 20160000
1733240389171 0.0015150459303299613 20217856
1733240416708 0.0015691213169581886 20250624
1733240443523 0.0017305585223503783 20283392
1733240470281 0.0012786662415550155 20316160
1733240491867 0.0013973464758805676 20320000
1733240527021 0.0015318559418872723 20381696
1733240553539 0.001167142293532919 20414464
1733240579973 0.0010639040232213403 20447232
1733240609892 0.0014159355114497173 20480000
1733240636873 0.0017699611894720136 20512768
1733240663907 0.0016092127122220746 20545536
1733240690336 0.001563480377621218 20578304
1733240716911 0.0016215183520159825 20611072
1733240746067 0.0019298096777760065 20640000
1733240773677 0.0019140792636591186 20676608
1733240800296 0.0014655161767578306 20709376
1733240826986 0.0021429681409983912 20742144
1733240853157 0.0019057949217796022 20774912
1733240880908 0.0018972454902652202 20800000
1733240909975 0.0018200919196843302 20840448
1733240936559 0.0015554233694906826 20873216
1733240963223 0.0011302913232341893 20905984
1733240989473 0.0016903020064887643 20938752
1733241015983 0.0015031202059532234 20960000
1733241045741 0.001383747524113943 21004288
1733241072159 0.0015663167079878805 21037056
1733241098923 0.0017121015201340128 21069824
1733241125260 0.0020543918850307818 21102592
1733241150520 0.0020690591981249893 21120000
1733241182811 0.001232887745096889 21168128
1733241209033 0.0015979543920977336 21200896
1733241235362 0.0017562294695792958 21233664
1733241261822 0.0016579330590147379 21266432
1733241286490 0.0015582817768176938 21280000
1733241319619 0.0022022090213070556 21331968
1733241346604 0.001709549269431676 21364736
1733241373374 0.0018338205846376355 21397504
1733241400283 0.0017128675805274441 21430272
1733241423759 0.0016885339348910121 21440000
1733241457852 0.002197343420586151 21495808
1733241484650 0.002123338910823236 21528576
1733241510710 0.001921182601546434 21561344
1733241537194 0.001813504423974166 21594112
1733241559104 0.0013805743369374567 21600000
1733241594044 0.0015350771105723028 21659648
1733241620708 0.0015455323954753908 21692416
1733241647006 0.0014141377059132764 21725184
1733241673563 0.00209964246133012 21757952
1733241694674 0.0011804219778319691 21760000
1733241730273 0.0015347334291547555 21823488
1733241756690 0.0017721190085573824 21856256
1733241783049 0.0019461607160124572 21889024
1733241812874 0.0017604823825962512 21920000
1733241840108 0.0010322391253005491 21954560
1733241866326 0.0011747026238019486 21987328
1733241893657 0.001508249424576036 22020096
1733241919877 0.002208091319013761 22052864
1733241948519 0.0019860178212240953 22080000
1733241976850 0.0012675929465167713 22118400
1733242003933 0.001915710960712147 22151168
1733242030772 0.0018773372032377723 22183936
1733242057030 0.0012745275315360516 22216704
1733242084131 0.001406824096324044 22240000
1733242113731 0.001359502522337408 22282240
1733242140248 0.0016038540331614116 22315008
1733242166741 0.0014359877447027714 22347776
1733242193376 0.0016886825603108946 22380544
1733242219602 0.0014821291157009141 22400000
1733242249751 0.0018145539365931995 22446080
1733242276544 0.0016315894088847927 22478848
1733242303191 0.001567126252013651 22511616
1733242329745 0.0017577760887760973 22544384
1733242354808 0.001695970954939696 22560000
1733242386587 0.0013553733671102463 22609920
1733242412580 0.00129685837573561 22642688
1733242438848 0.0015248111892617543 22675456
1733242465124 0.0015972862730208703 22708224
1733242488779 0.0013522006403540842 22720000
1733242521682 0.0010581152161588392 22773760
1733242547860 0.0017384356761681375 22806528
1733242574110 0.0012158321927827841 22839296
1733242600461 0.0018223236682686661 22872064
1733242623137 0.0009633745718666375 22880000
1733242657430 0.002049547451456135 22937600
1733242683996 0.002108294724715165 22970368
1733242710638 0.001298530329926706 23003136
1733242737256 0.00200521739855688 23035904
1733242758792 0.0017765719946766013 23040000
1733242794132 0.0016249051317721807 23101440
1733242820425 0.0022948681811406856 23134208
1733242846700 0.0021313409425317786 23166976
1733242873959 0.001624658287975933 23199744
1733242894579 0.0016287839717499253 23200000
1733242931260 0.0016505371001024117 23265280
1733242958077 0.0019357896279885267 23298048
1733242984720 0.0015746128301586282 23330816
1733243013754 0.0013255773285472117 23360000
1733243041713 0.00179258610604478 23396352
1733243068221 0.0023416303014400343 23429120
1733243094802 0.0011782935019184037 23461888
1733243121840 0.0013144729685301115 23494656
1733243149225 0.001428323747299487 23520000
1733243178183 0.0007097872830946983 23560192
1733243205401 0.0015817112148944546 23592960
1733243231693 0.0014612165479974237 23625728
1733243258352 0.001285153279889073 23658496
1733243285094 0.0014746189332171867 23680000
1733243315328 0.001428713506029311 23724032
1733243341662 0.0009970771956592018 23756800
1733243368038 0.00206770677966972 23789568
1733243394125 0.0019035709382862365 23822336
1733243419279 0.0019342230209787204 23840000
1733243450144 0.0014949141588616044 23887872
1733243476496 0.002176560196986088 23920640
1733243502689 0.0017920177626663757 23953408
1733243529343 0.001623925241663926 23986176
1733243553565 0.001240709957520636 24000000
1733243585499 0.001372138743978013 24051712
1733243611812 0.0014373722394537935 24084480
1733243638500 0.0014622776968408857 24117248
1733243665135 0.0016761854895449347 24150016
1733243688720 0.0018036726145318482 24160000
1733243722080 0.0013206639833551748 24215552
1733243748231 0.0010542178361518495 24248320
1733243775108 0.0011368163044295442 24281088
1733243802433 0.002203418319267314 24313856
1733243825406 0.002141022468451581 24320000
1733243860438 0.0016302453221051394 24379392
1733243886960 0.00152015675748558 24412160
1733243913319 0.0015708579599458261 24444928
1733243939749 0.0010417021889487898 24477696
1733243960868 0.0010418525705773618 24480000
1733243997117 0.0012958588501692958 24543232
1733244023292 0.0012832404661150322 24576000
1733244049756 0.0013440638487232093 24608768
1733244078990 0.0022157705667588345 24640000
1733244106260 0.0014952649280502329 24674304
1733244133099 0.0020692593430084115 24707072
1733244159996 0.0017192874185113284 24739840
1733244186463 0.0016190400753529842 24772608
1733244215022 0.0011895939227365205 24800000
1733244244752 0.0013432449306300498 24838144
1733244271055 0.0017356682170010628 24870912
1733244297943 0.00163876859538874 24903680
1733244324016 0.001962834747133968 24936448
1733244351233 0.0014085821253914332 24960000
1733244380141 0.002293593470406563 25001984
1733244406551 0.0020155046971368053 25034752
1733244432785 0.0013485686591316437 25067520
1733244459469 0.0016806476820022454 25100288
1733244485945 0.0023206381358399143 25120000
1733244516236 0.0016920145825466194 25165824
1733244542770 0.0017326604259942258 25198592
1733244568855 0.0014442644580995533 25231360
1733244594997 0.0015884205895964954 25264128
1733244620165 0.0013147193955653335 25280000
1733244651882 0.0015621531154327074 25329664
1733244677982 0.001772430441899786 25362432
1733244704750 0.0011067339396742426 25395200
1733244731492 0.0010365070178501412 25427968
1733244755011 0.001096856104596 25440000
1733244788343 0.0014148426659684077 25493504
1733244815219 0.0016427014403987527 25526272
1733244841836 0.0009969642267719792 25559040
1733244868737 0.0014261016515632718 25591808
1733244892162 0.0018449105578504544 25600000
1733244926063 0.0017224371287738905 25657344
1733244952763 0.0016100330092328364 25690112
1733244979724 0.0016652267122140075 25722880
1733245008248 0.001435931750904018 25755648
1733245030116 0.0008920120722756053 25760000
1733245065333 0.0017975258736043997 25821184
1733245092044 0.001797343951034236 25853952
1733245118375 0.0016357694807162203 25886720
1733245144792 0.002070775746872755 25919488
1733245164836 0.0017530277059179867 25920000
1733245199952 0.0014581503545343822 25985024
1733245226271 0.002379475498963757 26017792
1733245252487 0.0015362325405718024 26050560
1733245281395 0.001988953350857514 26080000
1733245308879 0.0017979238050607194 26116096
1733245335324 0.001497530012643722 26148864
1733245361581 0.002551658607487184 26181632
1733245388261 0.0019742896118593476 26214400
1733245416793 0.0013980822990127706 26240000
1733245445724 0.001029660926455378 26279936
1733245472302 0.0016189588125378406 26312704
1733245499416 0.001573642781281137 26345472
1733245525643 0.0019661171438073665 26378240
1733245551894 0.001184968247818574 26400000
1733245581395 0.0014428938739655451 26443776
1733245608229 0.0019097096683921677 26476544
1733245635398 0.0015036378176041866 26509312
1733245661947 0.002083619923109836 26542080
1733245689481 0.0023182371715918747 26560000
1733245720956 0.0016903784187277892 26607616
1733245747415 0.0016702396133084108 26640384
1733245773966 0.0015112760174176287 26673152
1733245800667 0.0015025446498029282 26705920
1733245825510 0.002125133109369415 26720000
1733245857776 0.001598994245754426 26771456
1733245884085 0.0017261202893500637 26804224
1733245910184 0.0014209526437845455 26836992
1733245936387 0.0013305643924351074 26869760
1733245959781 0.0013085417385347853 26880000
1733245992846 0.0013230629397348536 26935296
1733246019414 0.0008910324179947082 26968064
1733246045582 0.0018240027846573525 27000832
1733246072364 0.0016183117891443999 27033600
1733246094899 0.0017480065611465534 27040000
1733246129242 0.0015262735397499228 27099136
1733246155176 0.0018097108020526775 27131904
1733246181203 0.002165688179739789 27164672
1733246207928 0.0017870350728664164 27197440
1733246228814 0.0010370728987922461 27200000
1733246264071 0.0014669912596282585 27262976
1733246290457 0.001288746144329167 27295744
1733246316981 0.0011601057883844136 27328512
1733246346439 0.002038736586438006 27360000
1733246372961 0.0012736736793307556 27394048
1733246399541 0.0010599056766775305 27426816
1733246426745 0.0016375224892023255 27459584
1733246453660 0.0017108535768315392 27492352
1733246481865 0.0011617971762582612 27520000
1733246509990 0.0017628656514961706 27557888
1733246536686 0.0016740323178026984 27590656
1733246563609 0.0019297190374764738 27623424
1733246590193 0.0016718069409101589 27656192
1733246617010 0.0015290327403313596 27680000
1733246646975 0.001808115574195668 27721728
1733246673848 0.001935591549839444 27754496
1733246700441 0.0013876599144268197 27787264
1733246726791 0.0017729987937073588 27820032
1733246752622 0.0014102987935757482 27840000
1733246784834 0.0022181658254297075 27885568
1733246811634 0.001800334603095166 27918336
1733246837739 0.001469441000757854 27951104
1733246864478 0.0012844524287487502 27983872
1733246889463 0.0016135213600414033 28000000
1733246921794 0.0021982673958831356 28049408
1733246948367 0.0017890459302059014 28082176
1733246975341 0.0015886641317877093 28114944
1733247001785 0.0012842452183960517 28147712
1733247025950 0.0015344740849698724 28160000
1733247057985 0.0021707917170672884 28213248
1733247084280 0.0013575247808027767 28246016
1733247110229 0.002646891011124808 28278784
1733247136710 0.0015936604675417243 28311552
1733247159582 0.001407042529110214 28320000
1733247193347 0.0020978489332971863 28377088
1733247219573 0.0019082154262179073 28409856
1733247246167 0.001931606016603382 28442624
1733247272546 0.0016723743681389181 28475392
1733247294427 0.0014867909329723261 28480000
1733247329234 0.001367968463709701 28540928
1733247356041 0.0018236291752238287 28573696
1733247383152 0.001950251364018385 28606464
1733247410415 0.001821100452569624 28639232
1733247431280 0.001203536473457234 28640000
1733247467595 0.001271845318742848 28704768
1733247494098 0.0014715807599408493 28737536
1733247521180 0.002319285749850053 28770304
1733247551238 0.0019513103359159345 28800000
1733247578997 0.0015639213659035534 28835840
1733247605913 0.001200371039482917 28868608
1733247632540 0.001271144410892333 28901376
1733247658791 0.0013875384264224523 28934144
1733247687873 0.0019337085804608024 28960000
1733247717683 0.001545897281025077 28999680
1733247744698 0.0014253938911572561 29032448
1733247771821 0.0015975534755686028 29065216
1733247798796 0.0015800585843983583 29097984
1733247825726 0.002166988705648265 29120000
1733247855553 0.0011410962577684813 29163520
1733247881961 0.0020735267165576943 29196288
1733247908523 0.0012694553670730357 29229056
1733247935147 0.0010531715840468082 29261824
1733247960609 0.0017274893292441363 29280000
1733247991517 0.0016921955488527374 29327360
1733248018551 0.0014415704364758141 29360128
1733248045144 0.0014080239485370072 29392896
1733248071519 0.0011312112053779798 29425664
1733248096809 0.0013094579571982124 29440000
1733248129067 0.0019104018795054855 29491200
1733248155604 0.0012028807464879777 29523968
1733248182490 0.0014166576499306416 29556736
1733248209830 0.0012920057741144576 29589504
1733248233607 0.001472103305949446 29600000
1733248267689 0.0009182228329127184 29655040
1733248294525 0.0013306823627591059 29687808
1733248321130 0.0012326636117290235 29720576
1733248347892 0.0012407488589929016 29753344
1733248370407 0.0018867904781188828 29760000
1733248404498 0.0016841256780502079 29818880
1733248430971 0.0017356244143869048 29851648
1733248458164 0.0013304175097182736 29884416
1733248485309 0.001597703069929679 29917184
1733248506908 0.0014307000486738276 29920000
1733248542824 0.0015129592991677044 29982720
1733248569446 0.0013786201074712067 30015488
1733248596135 0.0017305506534974313 30048256
1733248626020 0.0015387448194431387 30080000
1733248653237 0.001968011262113123 30113792
1733248680225 0.001833756063174974 30146560
1733248706808 0.0015993670928132532 30179328
1733248733146 0.000980128324253826 30212096
1733248761801 0.0011767892521209688 30240000
1733248790162 0.0014448426526350033 30277632
1733248816875 0.0014753407674856333 30310400
1733248843631 0.0018261628838615706 30343168
1733248870193 0.0013929497358688536 30375936
1733248896943 0.0011126019733257663 30400000
1733248926136 0.0011142490456109045 30441472
1733248952612 0.0014559073636871034 30474240
1733248978846 0.0014974160619914301 30507008
1733249005263 0.0010029513895108977 30539776
1733249031727 0.0015037114090226567 30560000
1733249062345 0.0011967342607832165 30605312
1733249088924 0.0017932155179494202 30638080
1733249115458 0.0012599329680718085 30670848
1733249142561 0.0016093839601047932 30703616
1733249168344 0.002297249165272319 30720000
1733249200496 0.0014228487168239212 30769152
1733249227449 0.0010481520053552628 30801920
1733249254067 0.0011047019223155985 30834688
1733249280942 0.0018919379071967058 30867456
1733249305123 0.0011898550410794685 30880000
1733249338416 0.0016254202228207504 30932992
1733249365002 0.0014161113672678028 30965760
1733249392352 0.001859874323704247 30998528
1733249419524 0.0013662055637880144 31031296
1733249443002 0.0015757970892071426 31040000
1733249477436 0.0016589864305025515 31096832
1733249504025 0.0010057529181249692 31129600
1733249530680 0.0020187161110662545 31162368
1733249557206 0.0011950121677337222 31195136
1733249579387 0.001537276208913596 31200000
1733249614200 0.0018125914115067587 31260672
1733249640730 0.0015266866489902498 31293440
1733249667773 0.0014439485081823022 31326208
1733249694826 0.0012797567535862697 31358976
1733249716412 0.0018214306698290273 31360000
1733249752233 0.0020506977818282477 31424512
1733249779043 0.0013893974026533585 31457280
1733249805657 0.0010816783245051198 31490048
1733249834358 0.0017137174155131163 31520000
1733249861726 0.0016602691826903993 31555584
1733249888062 0.001344427212813315 31588352
1733249914619 0.0015511650534683953 31621120
1733249942378 0.0012792511924686778 31653888
1733249970634 0.0016625192128209676 31680000
1733249999411 0.0012330492196536368 31719424
1733250026269 0.0013667219033976607 31752192
1733250052954 0.0013421396004634546 31784960
1733250079908 0.0014691295455435238 31817728
1733250107023 0.0015686872087588455 31840000
1733250136933 0.0014995544614759381 31883264
1733250164111 0.001949450177440326 31916032
1733250190836 0.0014661701881763633 31948800
1733250217317 0.0013861958079438353 31981568
1733250243483 0.001991781386836777 32000000
1733250274645 0.0018994243252301146 32047104
1733250301259 0.0011309072697734735 32079872
1733250327788 0.0023424582626091705 32112640
1733250354683 0.0012275144248381053 32145408
1733250379339 0.0021213842790935187 32160000
