1733223270241 0.228387451171875 65536
1733223305879 0.271405029296875 98304
1733223341891 0.2921966552734375 131072
1733223384257 0.3007659912109375 160000
1733223421043 0.3155609130859375 196608
1733223455510 0.3107635498046875 229376
1733223489379 0.325067138671875 262144
1733223524504 0.3349639892578125 294912
1733223567095 0.3468231201171875 320000
1733223603680 0.3597930908203125 360448
1733223638169 0.3675384521484375 393216
1733223672296 0.37843017578125 425984
1733223706770 0.3792449951171875 458752
1733223745501 0.389361572265625 480000
1733223784058 0.3915130615234375 524288
1733223818772 0.398834228515625 557056
1733223853263 0.4072845458984375 589824
1733223887710 0.404364013671875 622592
1733223926817 0.4057464599609375 640000
1733223966458 0.4158599853515625 688128
1733224000254 0.422515869140625 720896
1733224033544 0.4198699951171875 753664
1733224067618 0.427972412109375 786432
1733224104546 0.4246734619140625 800000
1733224145663 0.435614013671875 851968
1733224180078 0.4374053955078125 884736
1733224214181 0.437530517578125 917504
1733224248683 0.43673095703125 950272
1733224284221 0.441473388671875 960000
1733224327836 0.4500732421875 1015808
1733224361160 0.4429107666015625 1048576
1733224395736 0.44974365234375 1081344
1733224430399 0.448333740234375 1114112
1733224465600 0.4444976806640625 1120000
1733224509293 0.4541290283203125 1179648
1733224543100 0.4507354736328125 1212416
1733224577313 0.4523834228515625 1245184
1733224611079 0.45682373046875 1277952
1733224645046 0.4498321533203125 1280000
1733224688820 0.454669189453125 1343488
1733224723215 0.45860595703125 1376256
1733224756665 0.4532257080078125 1409024
1733224799502 0.453656005859375 1440000
1733224834134 0.456866455078125 1474560
1733224867959 0.4560943603515625 1507328
1733224902507 0.4564056396484375 1540096
1733224936387 0.4231719970703125 1572864
1733224978417 0.42586669921875 1600000
1733225015075 0.4464019775390625 1638400
1733225049900 0.4431793212890625 1671168
1733225083609 0.4524627685546875 1703936
1733225117655 0.4483612060546875 1736704
1733225159014 0.3792144775390625 1760000
1733225196558 0.4636749267578125 1802240
1733225231123 0.444659423828125 1835008
1733225265414 0.4332427978515625 1867776
1733225299362 0.4377716064453125 1900544
1733225338952 0.439154052734375 1920000
1733225379805 0.437908935546875 1966080
1733225413954 0.4307342529296875 1998848
1733225448565 0.4436248779296875 2031616
1733225483358 0.420733642578125 2064384
1733225521985 0.43515625 2080000
1733225562211 0.43946533203125 2129920
1733225596168 0.4291351318359375 2162688
1733225630562 0.430450439453125 2195456
1733225665690 0.4267059326171875 2228224
1733225702637 0.4264007568359375 2240000
1733225745034 0.4219085693359375 2293760
1733225779599 0.409765625 2326528
1733225814343 0.4161468505859375 2359296
1733225848584 0.421026611328125 2392064
1733225884189 0.4195648193359375 2400000
1733225927823 0.4175628662109375 2457600
1733225962704 0.4128173828125 2490368
1733225997770 0.386859130859375 2523136
1733226032825 0.4092681884765625 2555904
1733226067818 0.40406494140625 2560000
1733226113251 0.4122955322265625 2621440
1733226148087 0.4109588623046875 2654208
1733226182833 0.4166534423828125 2686976
1733226217217 0.406005859375 2719744
1733226249208 0.4045745849609375 2720000
1733226295567 0.4008880615234375 2785280
1733226330244 0.4071868896484375 2818048
1733226364606 0.4084564208984375 2850816
1733226408529 0.40244140625 2880000
1733226444676 0.35518798828125 2916352
1733226479547 0.3904052734375 2949120
1733226513875 0.3714385986328125 2981888
1733226548394 0.3715911865234375 3014656
1733226590586 0.390350341796875 3040000
1733226628732 0.397491455078125 3080192
1733226663349 0.395343017578125 3112960
1733226697788 0.3951324462890625 3145728
1733226732121 0.3888916015625 3178496
1733226772603 0.38984375 3200000
1733226811673 0.3860626220703125 3244032
1733226846759 0.4005096435546875 3276800
1733226881389 0.3948516845703125 3309568
1733226916463 0.38775634765625 3342336
1733226955912 0.3851043701171875 3360000
1733226996197 0.401336669921875 3407872
1733227030553 0.3918426513671875 3440640
1733227065202 0.3879241943359375 3473408
1733227099784 0.3943756103515625 3506176
1733227137403 0.38861083984375 3520000
1733227178414 0.3881317138671875 3571712
1733227212619 0.38597412109375 3604480
1733227247272 0.3593109130859375 3637248
1733227282150 0.3744415283203125 3670016
1733227318023 0.3877899169921875 3680000
1733227360520 0.3898895263671875 3735552
1733227394774 0.370947265625 3768320
1733227429060 0.3738006591796875 3801088
1733227464008 0.370556640625 3833856
1733227498607 0.361358642578125 3840000
1733227542893 0.373699951171875 3899392
1733227577722 0.325799560546875 3932160
1733227612047 0.330731201171875 3964928
1733227646679 0.3394012451171875 3997696
1733227679972 0.3342498779296875 4000000
1733227726257 0.33760986328125 4063232
1733227760608 0.3579864501953125 4096000
1733227795287 0.3599395751953125 4128768
1733227839383 0.3628509521484375 4160000
1733227875567 0.291595458984375 4194304
1733227910758 0.332025146484375 4227072
1733227945844 0.3233734130859375 4259840
1733227980713 0.3152587890625 4292608
1733228023277 0.3339324951171875 4320000
1733228060533 0.3353118896484375 4358144
1733228095924 0.3507080078125 4390912
1733228130806 0.3509033203125 4423680
1733228166521 0.342950439453125 4456448
1733228207577 0.3624969482421875 4480000
1733228246206 0.3453399658203125 4521984
1733228280912 0.31090087890625 4554752
1733228315869 0.3378387451171875 4587520
1733228350819 0.3507293701171875 4620288
1733228389978 0.3590576171875 4640000
1733228430560 0.3518341064453125 4685824
1733228465467 0.3147216796875 4718592
1733228500770 0.3164794921875 4751360
1733228536007 0.321978759765625 4784128
1733228573800 0.3218994140625 4800000
1733228614897 0.3072174072265625 4849664
1733228649764 0.31119384765625 4882432
1733228684032 0.345013427734375 4915200
1733228718648 0.3380157470703125 4947968
1733228755920 0.308673095703125 4960000
1733228798608 0.305316162109375 5013504
1733228833817 0.3020294189453125 5046272
1733228868789 0.326666259765625 5079040
1733228904380 0.3517669677734375 5111808
1733228940053 0.3076507568359375 5120000
1733228984191 0.316400146484375 5177344
1733229019455 0.2971343994140625 5210112
1733229054617 0.3357879638671875 5242880
1733229090020 0.3239013671875 5275648
1733229124474 0.3342864990234375 5280000
1733229170404 0.3367706298828125 5341184
1733229206757 0.292376708984375 5373952
1733229241776 0.3184173583984375 5406720
1733229276850 0.325921630859375 5439488
1733229309702 0.307415771484375 5440000
1733229357967 0.314837646484375 5505024
1733229393992 0.3346893310546875 5537792
1733229428698 0.3366546630859375 5570560
1733229471964 0.3508453369140625 5600000
1733229508440 0.352740478515625 5636096
1733229543801 0.3418060302734375 5668864
1733229579450 0.3573394775390625 5701632
1733229615492 0.347979736328125 5734400
1733229657827 0.3523590087890625 5760000
1733229695606 0.3214874267578125 5799936
1733229730564 0.320135498046875 5832704
1733229765353 0.3229705810546875 5865472
1733229800473 0.2987701416015625 5898240
1733229841281 0.3251678466796875 5920000
1733229881081 0.3396087646484375 5963776
1733229915954 0.2753387451171875 5996544
1733229950610 0.31158447265625 6029312
1733229986142 0.343157958984375 6062080
1733230025288 0.34141845703125 6080000
1733230066421 0.3197479248046875 6127616
1733230101538 0.3448333740234375 6160384
1733230136913 0.28359375 6193152
1733230172220 0.2619842529296875 6225920
1733230210414 0.2765228271484375 6240000
1733230253254 0.2724151611328125 6291456
1733230290031 0.2945587158203125 6324224
1733230326648 0.29482421875 6356992
1733230362758 0.305401611328125 6389760
1733230399175 0.329425048828125 6400000
1733230444296 0.3338165283203125 6455296
1733230480381 0.3225616455078125 6488064
1733230515446 0.325604248046875 6520832
1733230550853 0.3480072021484375 6553600
1733230587071 0.29906005859375 6560000
1733230633957 0.3031402587890625 6619136
1733230670283 0.3135498046875 6651904
1733230706224 0.349639892578125 6684672
1733230742270 0.3248443603515625 6717440
1733230776352 0.333013916015625 6720000
1733230823419 0.3415618896484375 6782976
1733230858791 0.3435028076171875 6815744
1733230894292 0.316302490234375 6848512
1733230939242 0.2798553466796875 6880000
1733230975810 0.3353179931640625 6914048
1733231011445 0.2964508056640625 6946816
1733231046881 0.3028656005859375 6979584
1733231082325 0.3243072509765625 7012352
1733231125198 0.3186859130859375 7040000
1733231163018 0.30902099609375 7077888
1733231198149 0.3249725341796875 7110656
1733231234116 0.3350311279296875 7143424
1733231269801 0.33258056640625 7176192
1733231312077 0.3378021240234375 7200000
1733231351155 0.328094482421875 7241728
1733231386199 0.3421966552734375 7274496
1733231422084 0.34168701171875 7307264
1733231458472 0.2638763427734375 7340032
1733231498009 0.291595458984375 7360000
1733231538345 0.2966156005859375 7405568
1733231573230 0.316949462890625 7438336
1733231608629 0.30399169921875 7471104
1733231643969 0.3242523193359375 7503872
1733231683065 0.325726318359375 7520000
1733231724811 0.33448486328125 7569408
1733231760309 0.3189056396484375 7602176
1733231795946 0.3260711669921875 7634944
1733231832025 0.3378173828125 7667712
1733231870831 0.314691162109375 7680000
1733231914112 0.3217681884765625 7733248
1733231949151 0.315130615234375 7766016
1733231984985 0.339764404296875 7798784
1733232019771 0.3317230224609375 7831552
1733232055724 0.32904052734375 7840000
1733232100193 0.34388427734375 7897088
1733232134750 0.3153900146484375 7929856
1733232169437 0.3167388916015625 7962624
1733232205646 0.335504150390625 7995392
1733232241461 0.3308746337890625 8000000
1733232287617 0.322613525390625 8060928
1733232322315 0.3300018310546875 8093696
1733232357148 0.3350067138671875 8126464
1733232392632 0.341259765625 8159232
1733232425550 0.3427459716796875 8160000
1733232473019 0.3238616943359375 8224768
1733232507725 0.3156280517578125 8257536
1733232542895 0.2972137451171875 8290304
1733232586527 0.2833282470703125 8320000
1733232623964 0.32742919921875 8355840
1733232660286 0.3240997314453125 8388608
1733232694959 0.3149444580078125 8421376
1733232730137 0.3366943359375 8454144
1733232772800 0.3403350830078125 8480000
1733232810732 0.26947021484375 8519680
1733232845681 0.31156005859375 8552448
1733232880476 0.27608642578125 8585216
1733232915335 0.3038116455078125 8617984
1733232956192 0.3034637451171875 8640000
1733232995179 0.3032623291015625 8683520
1733233030261 0.2295135498046875 8716288
1733233065233 0.321026611328125 8749056
1733233100143 0.2726654052734375 8781824
1733233139295 0.3342193603515625 8800000
1733233179669 0.329595947265625 8847360
1733233215009 0.2634674072265625 8880128
1733233250120 0.3104034423828125 8912896
1733233284589 0.33172607421875 8945664
1733233322463 0.3123870849609375 8960000
1733233364816 0.3000701904296875 9011200
1733233400939 0.311004638671875 9043968
1733233436120 0.3137786865234375 9076736
1733233471193 0.27977294921875 9109504
1733233507642 0.3195892333984375 9120000
1733233551556 0.319110107421875 9175040
1733233586128 0.3298736572265625 9207808
1733233621429 0.329595947265625 9240576
1733233656562 0.344232177734375 9273344
1733233691817 0.3371734619140625 9280000
1733233737903 0.330743408203125 9338880
1733233773436 0.3255523681640625 9371648
1733233808516 0.315484619140625 9404416
1733233843331 0.3486968994140625 9437184
1733233876180 0.325140380859375 9440000
1733233922492 0.340350341796875 9502720
1733233956784 0.3421173095703125 9535488
1733233991797 0.32166748046875 9568256
1733234036218 0.340008544921875 9600000
1733234072005 0.3221923828125 9633792
1733234107532 0.3042510986328125 9666560
1733234142882 0.3405426025390625 9699328
1733234177847 0.338848876953125 9732096
1733234219947 0.317010498046875 9760000
1733234256676 0.312548828125 9797632
1733234291935 0.336248779296875 9830400
1733234326630 0.3043731689453125 9863168
1733234361239 0.3274810791015625 9895936
1733234402510 0.3428741455078125 9920000
1733234440972 0.33450927734375 9961472
1733234475830 0.3274688720703125 9994240
1733234511196 0.3265594482421875 10027008
1733234546619 0.3075469970703125 10059776
1733234587206 0.3326934814453125 10080000
1733234627454 0.3153472900390625 10125312
1733234662328 0.3364501953125 10158080
1733234697141 0.3206085205078125 10190848
1733234732207 0.33369140625 10223616
1733234770909 0.3047882080078125 10240000
1733234812373 0.31466064453125 10289152
1733234846906 0.329913330078125 10321920
1733234881570 0.32352294921875 10354688
1733234916370 0.2468536376953125 10387456
1733234953587 0.30728759765625 10400000
1733234996529 0.286065673828125 10452992
1733235031719 0.3313018798828125 10485760
1733235066345 0.2570526123046875 10518528
1733235102348 0.31357421875 10551296
1733235139580 0.311688232421875 10560000
1733235183748 0.2908447265625 10616832
1733235218482 0.273193359375 10649600
1733235254253 0.265850830078125 10682368
1733235290602 0.340155029296875 10715136
1733235325184 0.300946044921875 10720000
1733235371444 0.2849151611328125 10780672
1733235407335 0.2905731201171875 10813440
1733235442665 0.3314453125 10846208
1733235477638 0.3170867919921875 10878976
1733235510587 0.334637451171875 10880000
1733235558293 0.32349853515625 10944512
1733235593371 0.3095306396484375 10977280
1733235628041 0.3254241943359375 11010048
1733235670894 0.3307830810546875 11040000
1733235707877 0.3319122314453125 11075584
1733235742946 0.331207275390625 11108352
1733235777845 0.33701171875 11141120
1733235812772 0.3176483154296875 11173888
1733235855020 0.3161376953125 11200000
1733235892962 0.2874237060546875 11239424
1733235928316 0.24530029296875 11272192
1733235963406 0.3073455810546875 11304960
1733235998143 0.3358428955078125 11337728
1733236038592 0.3363372802734375 11360000
1733236078006 0.328173828125 11403264
1733236112480 0.3330413818359375 11436032
1733236147361 0.3315399169921875 11468800
1733236182320 0.3396881103515625 11501568
1733236222766 0.322918701171875 11520000
1733236264378 0.335125732421875 11567104
1733236299196 0.2093994140625 11599872
1733236333937 0.254962158203125 11632640
1733236368848 0.270892333984375 11665408
1733236406546 0.2872100830078125 11680000
1733236448141 0.3153717041015625 11730944
1733236482611 0.296502685546875 11763712
1733236517331 0.29822998046875 11796480
1733236552112 0.3037567138671875 11829248
1733236588739 0.2825592041015625 11840000
1733236632049 0.2783050537109375 11894784
1733236666580 0.30479736328125 11927552
1733236701756 0.212872314453125 11960320
1733236735955 0.2441741943359375 11993088
1733236771729 0.241082763671875 12000000
1733236816969 0.2333160400390625 12058624
1733236851871 0.26114501953125 12091392
1733236887003 0.28515625 12124160
1733236921857 0.2914947509765625 12156928
1733236955402 0.2581756591796875 12160000
1733237000947 0.3205047607421875 12222464
1733237036178 0.2829254150390625 12255232
1733237070953 0.2889190673828125 12288000
1733237115020 0.300537109375 12320000
1733237151054 0.296014404296875 12353536
1733237186479 0.31302490234375 12386304
1733237221492 0.29989013671875 12419072
1733237255959 0.2794097900390625 12451840
1733237298950 0.3122222900390625 12480000
1733237335942 0.273046875 12517376
1733237372043 0.255657958984375 12550144
1733237408648 0.3130767822265625 12582912
1733237444244 0.316693115234375 12615680
1733237485815 0.32490234375 12640000
1733237523583 0.3163665771484375 12681216
1733237558286 0.3120330810546875 12713984
1733237593047 0.3212677001953125 12746752
1733237627916 0.336724853515625 12779520
1733237668130 0.3173797607421875 12800000
1733237707896 0.3264312744140625 12845056
1733237743314 0.3253173828125 12877824
1733237777885 0.3222259521484375 12910592
1733237812934 0.322705078125 12943360
1733237851037 0.2524169921875 12960000
1733237892687 0.2434722900390625 13008896
1733237927294 0.3294830322265625 13041664
1733237962027 0.2975982666015625 13074432
1733237996658 0.3225433349609375 13107200
1733238033811 0.29027099609375 13120000
1733238078375 0.2939361572265625 13172736
1733238114039 0.3125762939453125 13205504
1733238149263 0.31842041015625 13238272
1733238184739 0.326708984375 13271040
1733238220906 0.3158233642578125 13280000
1733238265428 0.3095458984375 13336576
1733238300819 0.313018798828125 13369344
1733238335771 0.299603271484375 13402112
1733238371296 0.310479736328125 13434880
1733238407064 0.2208984375 13440000
1733238454326 0.3016998291015625 13500416
1733238490305 0.2439788818359375 13533184
1733238524876 0.319219970703125 13565952
1733238560510 0.2638641357421875 13598720
1733238594259 0.3221893310546875 13600000
1733238640395 0.2884552001953125 13664256
1733238675532 0.3061798095703125 13697024
1733238710400 0.3139251708984375 13729792
1733238754034 0.227056884765625 13760000
1733238790452 0.243255615234375 13795328
1733238825900 0.308734130859375 13828096
1733238860730 0.288287353515625 13860864
1733238895880 0.3062713623046875 13893632
1733238937751 0.29056396484375 13920000
1733238975332 0.31103515625 13959168
1733239010863 0.307989501953125 13991936
1733239046622 0.3231689453125 14024704
1733239081355 0.243157958984375 14057472
1733239122333 0.30103759765625 14080000
1733239162089 0.2386932373046875 14123008
1733239197938 0.279925537109375 14155776
1733239232919 0.2929107666015625 14188544
1733239267834 0.3289825439453125 14221312
1733239307446 0.2973876953125 14240000
1733239347988 0.3211395263671875 14286848
1733239382921 0.2950439453125 14319616
1733239417592 0.3174896240234375 14352384
1733239452140 0.29937744140625 14385152
1733239489647 0.3109375 14400000
1733239531011 0.3012725830078125 14450688
1733239566057 0.305572509765625 14483456
1733239600581 0.30653076171875 14516224
1733239634767 0.3073272705078125 14548992
1733239671414 0.3024444580078125 14560000
1733239714067 0.31373291015625 14614528
1733239749206 0.298223876953125 14647296
1733239783829 0.31021728515625 14680064
1733239818239 0.3325927734375 14712832
1733239853226 0.2915740966796875 14720000
1733239897690 0.3114990234375 14778368
1733239932197 0.3231842041015625 14811136
1733239966806 0.30396728515625 14843904
1733240001462 0.304217529296875 14876672
1733240035489 0.32403564453125 14880000
1733240081429 0.326849365234375 14942208
1733240116328 0.240142822265625 14974976
1733240151180 0.25113525390625 15007744
1733240195484 0.23751220703125 15040000
1733240230531 0.2439971923828125 15073280
1733240264828 0.3005126953125 15106048
1733240299322 0.3258148193359375 15138816
1733240334221 0.25023193359375 15171584
1733240376305 0.29105224609375 15200000
1733240412717 0.278350830078125 15237120
1733240447603 0.2733428955078125 15269888
1733240482018 0.2855377197265625 15302656
1733240516586 0.3160552978515625 15335424
1733240558314 0.287579345703125 15360000
1733240595813 0.3120330810546875 15400960
1733240630504 0.3099273681640625 15433728
1733240665524 0.3048919677734375 15466496
1733240700023 0.3211700439453125 15499264
1733240739914 0.3391571044921875 15520000
1733240779088 0.3121551513671875 15564800
1733240813417 0.317974853515625 15597568
1733240847714 0.3038543701171875 15630336
1733240882647 0.316009521484375 15663104
1733240920778 0.3064910888671875 15680000
1733240961717 0.3220947265625 15728640
1733240996132 0.34481201171875 15761408
1733241030980 0.322222900390625 15794176
1733241065881 0.3191192626953125 15826944
1733241103131 0.31326904296875 15840000
1733241145586 0.3144317626953125 15892480
1733241180378 0.3268524169921875 15925248
1733241215279 0.3247711181640625 15958016
1733241249670 0.2646759033203125 15990784
1733241284985 0.2692291259765625 16000000
1733241328827 0.2951446533203125 16056320
1733241363847 0.301690673828125 16089088
1733241398690 0.3266357421875 16121856
1733241433060 0.3159820556640625 16154624
1733241466712 0.314666748046875 16160000
1733241511404 0.3153656005859375 16220160
1733241546484 0.296929931640625 16252928
1733241581260 0.2064605712890625 16285696
1733241616209 0.217022705078125 16318464
1733241648816 0.2992645263671875 16320000
1733241695261 0.3094512939453125 16384000
1733241730136 0.2833221435546875 16416768
1733241764610 0.3209991455078125 16449536
1733241808587 0.278167724609375 16480000
1733241844429 0.3047698974609375 16515072
1733241879418 0.3031158447265625 16547840
1733241913684 0.3156707763671875 16580608
1733241948257 0.2504974365234375 16613376
1733241990232 0.305126953125 16640000
1733242027502 0.2972015380859375 16678912
1733242062387 0.30377197265625 16711680
1733242097442 0.30994873046875 16744448
1733242131933 0.2729034423828125 16777216
1733242172808 0.322113037109375 16800000
1733242211459 0.30692138671875 16842752
1733242246639 0.307275390625 16875520
1733242281327 0.270135498046875 16908288
1733242316117 0.238372802734375 16941056
1733242355651 0.30643310546875 16960000
1733242395386 0.3219207763671875 17006592
1733242429939 0.2780120849609375 17039360
1733242464134 0.29736328125 17072128
1733242499548 0.2614715576171875 17104896
1733242537476 0.29693603515625 17120000
1733242578566 0.3161346435546875 17170432
1733242613426 0.2526885986328125 17203200
1733242647944 0.256103515625 17235968
1733242682860 0.2756256103515625 17268736
1733242718971 0.2685028076171875 17280000
1733242760972 0.260211181640625 17334272
1733242795628 0.3055328369140625 17367040
1733242829820 0.2903106689453125 17399808
1733242864575 0.306890869140625 17432576
1733242899327 0.2990264892578125 17440000
1733242943337 0.311456298828125 17498112
1733242977709 0.3233428955078125 17530880
1733243012335 0.3083282470703125 17563648
1733243046394 0.2969268798828125 17596416
1733243079596 0.3012420654296875 17600000
1733243125282 0.3181732177734375 17661952
1733243160349 0.3220123291015625 17694720
1733243194946 0.3323760986328125 17727488
1733243238825 0.3199615478515625 17760000
1733243273745 0.2574127197265625 17793024
1733243308555 0.3067474365234375 17825792
1733243343511 0.310516357421875 17858560
1733243378330 0.2717315673828125 17891328
1733243422032 0.308880615234375 17920000
1733243458161 0.2987335205078125 17956864
1733243492981 0.3172943115234375 17989632
1733243527509 0.3280670166015625 18022400
1733243562207 0.3082794189453125 18055168
1733243603203 0.2372314453125 18080000
1733243640626 0.20001220703125 18120704
1733243675374 0.2518768310546875 18153472
1733243710174 0.3093658447265625 18186240
1733243744746 0.302130126953125 18219008
1733243784180 0.2790313720703125 18240000
1733243823579 0.26417236328125 18284544
1733243858528 0.2759796142578125 18317312
1733243893178 0.24376220703125 18350080
1733243927777 0.259295654296875 18382848
1733243966923 0.3159149169921875 18400000
1733244007574 0.2697784423828125 18448384
1733244041677 0.2714691162109375 18481152
1733244076245 0.2163482666015625 18513920
1733244110432 0.280078125 18546688
1733244147521 0.2531158447265625 18560000
1733244189476 0.29134521484375 18612224
1733244224573 0.292291259765625 18644992
1733244260416 0.176470947265625 18677760
1733244295079 0.2364410400390625 18710528
1733244330703 0.2131927490234375 18720000
1733244374413 0.2366607666015625 18776064
1733244409076 0.2922149658203125 18808832
1733244443294 0.269183349609375 18841600
1733244477934 0.2906707763671875 18874368
1733244512545 0.30455322265625 18880000
1733244556654 0.16552734375 18939904
1733244590878 0.2388702392578125 18972672
1733244625259 0.2202056884765625 19005440
1733244659107 0.2279083251953125 19038208
1733244691957 0.2403778076171875 19040000
1733244738190 0.216357421875 19103744
1733244772943 0.281011962890625 19136512
1733244807437 0.3015411376953125 19169280
1733244851235 0.3151885986328125 19200000
1733244886898 0.2144317626953125 19234816
1733244921541 0.265814208984375 19267584
1733244956527 0.20677490234375 19300352
1733244991224 0.2601715087890625 19333120
1733245033232 0.25267333984375 19360000
1733245071495 0.262567138671875 19398656
1733245106567 0.3009735107421875 19431424
1733245141067 0.2854156494140625 19464192
1733245175583 0.3018280029296875 19496960
1733245216599 0.2986968994140625 19520000
1733245255034 0.2950775146484375 19562496
1733245289607 0.312445068359375 19595264
1733245324181 0.284661865234375 19628032
1733245358871 0.3165374755859375 19660800
1733245397869 0.3251251220703125 19680000
1733245437649 0.296783447265625 19726336
1733245471691 0.3006072998046875 19759104
1733245506016 0.3093017578125 19791872
1733245540447 0.315399169921875 19824640
1733245578020 0.29339599609375 19840000
1733245619421 0.2943450927734375 19890176
1733245654027 0.306732177734375 19922944
1733245689508 0.3046051025390625 19955712
1733245725004 0.3105255126953125 19988480
1733245761713 0.2926727294921875 20000000
1733245804430 0.2966278076171875 20054016
1733245839491 0.312298583984375 20086784
1733245874327 0.2703887939453125 20119552
1733245909147 0.300518798828125 20152320
1733245944524 0.2827606201171875 20160000
1733245988031 0.2868438720703125 20217856
1733246022643 0.3059356689453125 20250624
1733246057586 0.2884124755859375 20283392
1733246092301 0.30482177734375 20316160
1733246125942 0.2491668701171875 20320000
1733246171020 0.2580474853515625 20381696
1733246205226 0.300982666015625 20414464
1733246239733 0.27862548828125 20447232
1733246285022 0.27423095703125 20480000
1733246320240 0.27222900390625 20512768
1733246355101 0.2679412841796875 20545536
1733246389932 0.2852752685546875 20578304
1733246425091 0.2914215087890625 20611072
1733246468174 0.2780242919921875 20640000
1733246504508 0.2788421630859375 20676608
1733246539403 0.26861572265625 20709376
1733246574170 0.3242034912109375 20742144
1733246608499 0.311676025390625 20774912
1733246650318 0.2850311279296875 20800000
1733246688248 0.2233856201171875 20840448
1733246723069 0.2782073974609375 20873216
1733246757838 0.30201416015625 20905984
1733246793228 0.2534515380859375 20938752
1733246834792 0.270001220703125 20960000
1733246873579 0.309326171875 21004288
1733246907884 0.311370849609375 21037056
1733246942796 0.297882080078125 21069824
1733246976895 0.2835205078125 21102592
1733247015625 0.314447021484375 21120000
1733247056248 0.30045166015625 21168128
1733247091454 0.3028350830078125 21200896
1733247126086 0.30457763671875 21233664
1733247160825 0.326837158203125 21266432
1733247198124 0.310906982421875 21280000
1733247239670 0.2965301513671875 21331968
1733247274385 0.2788421630859375 21364736
1733247309355 0.297454833984375 21397504
1733247344023 0.29619140625 21430272
1733247380603 0.2628936767578125 21440000
1733247423900 0.3276611328125 21495808
1733247458361 0.30579833984375 21528576
1733247492775 0.3056488037109375 21561344
1733247527709 0.2720550537109375 21594112
1733247562501 0.322113037109375 21600000
1733247607434 0.2910186767578125 21659648
1733247642502 0.3034942626953125 21692416
1733247677722 0.2805938720703125 21725184
1733247713716 0.314886474609375 21757952
1733247748104 0.292596435546875 21760000
1733247794341 0.298248291015625 21823488
1733247829488 0.312078857421875 21856256
1733247864504 0.3117706298828125 21889024
1733247907726 0.3093658447265625 21920000
1733247943431 0.31046142578125 21954560
1733247978763 0.29833984375 21987328
1733248013177 0.3065185546875 22020096
1733248048098 0.29505615234375 22052864
1733248090164 0.2916595458984375 22080000
1733248127260 0.3197021484375 22118400
1733248162180 0.3044952392578125 22151168
1733248197382 0.2907379150390625 22183936
1733248231982 0.3087005615234375 22216704
1733248273064 0.325250244140625 22240000
1733248311738 0.310394287109375 22282240
1733248346952 0.31063232421875 22315008
1733248381507 0.305206298828125 22347776
1733248416351 0.3132843017578125 22380544
1733248456296 0.3080474853515625 22400000
1733248496250 0.3174285888671875 22446080
1733248531085 0.3141082763671875 22478848
1733248565824 0.3100128173828125 22511616
1733248600790 0.3178009033203125 22544384
1733248638678 0.3043701171875 22560000
1733248679632 0.2187225341796875 22609920
1733248714715 0.2689849853515625 22642688
1733248750013 0.2875885009765625 22675456
1733248784699 0.3110260009765625 22708224
1733248821577 0.311639404296875 22720000
1733248864376 0.312213134765625 22773760
1733248899176 0.3045196533203125 22806528
1733248933541 0.19129638671875 22839296
1733248968096 0.2520660400390625 22872064
1733249003692 0.2935302734375 22880000
1733249047665 0.29669189453125 22937600
1733249082972 0.2552520751953125 22970368
1733249117157 0.2359466552734375 23003136
1733249152135 0.2767181396484375 23035904
1733249185926 0.3069000244140625 23040000
1733249231491 0.2263763427734375 23101440
1733249266643 0.2501953125 23134208
1733249301691 0.2726898193359375 23166976
1733249336457 0.2886199951171875 23199744
1733249368581 0.2450408935546875 23200000
1733249415810 0.2820587158203125 23265280
1733249450475 0.2896697998046875 23298048
1733249485063 0.2933349609375 23330816
1733249528010 0.29669189453125 23360000
1733249564706 0.2867584228515625 23396352
1733249599104 0.28800048828125 23429120
1733249634428 0.2319854736328125 23461888
1733249668972 0.3208740234375 23494656
1733249711071 0.2454986572265625 23520000
1733249749291 0.296905517578125 23560192
1733249784444 0.2105316162109375 23592960
1733249819374 0.3125274658203125 23625728
1733249854520 0.3080413818359375 23658496
1733249894812 0.2940948486328125 23680000
1733249934026 0.288018798828125 23724032
1733249968715 0.278997802734375 23756800
1733250004019 0.2868988037109375 23789568
1733250038946 0.2913818359375 23822336
1733250078083 0.3065582275390625 23840000
1733250119364 0.300274658203125 23887872
1733250153973 0.3064178466796875 23920640
1733250188863 0.315850830078125 23953408
1733250223640 0.3092559814453125 23986176
1733250261183 0.3023468017578125 24000000
1733250303605 0.2923187255859375 24051712
1733250338380 0.31107177734375 24084480
1733250372949 0.2867156982421875 24117248
1733250408046 0.3103363037109375 24150016
1733250444849 0.2789276123046875 24160000
1733250488609 0.2769744873046875 24215552
1733250523495 0.2875 24248320
1733250558206 0.255548095703125 24281088
1733250593130 0.2670989990234375 24313856
1733250628083 0.3144134521484375 24320000
1733250672567 0.2564910888671875 24379392
1733250706884 0.305517578125 24412160
1733250741169 0.28682861328125 24444928
1733250776523 0.29476318359375 24477696
1733250809928 0.2873260498046875 24480000
1733250856176 0.3025238037109375 24543232
1733250891049 0.2956146240234375 24576000
1733250926011 0.29339599609375 24608768
1733250970477 0.3006011962890625 24640000
1733251005782 0.303118896484375 24674304
1733251040858 0.291827392578125 24707072
1733251075585 0.2832855224609375 24739840
1733251110501 0.2969970703125 24772608
1733251152587 0.316778564453125 24800000
1733251189429 0.2579925537109375 24838144
1733251224116 0.2209686279296875 24870912
1733251258394 0.29686279296875 24903680
1733251292862 0.2949981689453125 24936448
1733251334978 0.3200592041015625 24960000
1733251374058 0.29149169921875 25001984
1733251409132 0.281732177734375 25034752
1733251444080 0.292315673828125 25067520
1733251479270 0.295892333984375 25100288
1733251518854 0.290692138671875 25120000
1733251558430 0.3016143798828125 25165824
1733251593625 0.3100860595703125 25198592
1733251628574 0.284649658203125 25231360
1733251663185 0.32552490234375 25264128
1733251701268 0.213037109375 25280000
1733251742845 0.296484375 25329664
1733251777532 0.26942138671875 25362432
1733251812239 0.2521270751953125 25395200
1733251847108 0.2608673095703125 25427968
1733251884218 0.29749755859375 25440000
1733251926888 0.2577667236328125 25493504
1733251961654 0.2317047119140625 25526272
1733251996160 0.2854339599609375 25559040
1733252030661 0.23638916015625 25591808
1733252066504 0.218377685546875 25600000
1733252110861 0.27740478515625 25657344
1733252145349 0.2518218994140625 25690112
1733252179938 0.27249755859375 25722880
1733252214581 0.275701904296875 25755648
1733252248102 0.2936798095703125 25760000
1733252293543 0.2560546875 25821184
1733252328534 0.3057037353515625 25853952
1733252363638 0.28778076171875 25886720
1733252398455 0.2915191650390625 25919488
1733252431051 0.284735107421875 25920000
1733252477246 0.3030548095703125 25985024
1733252511766 0.2953399658203125 26017792
1733252546556 0.1983551025390625 26050560
1733252590455 0.3179412841796875 26080000
1733252626383 0.2945831298828125 26116096
1733252661065 0.255877685546875 26148864
1733252695790 0.302789306640625 26181632
1733252730536 0.304840087890625 26214400
1733252772459 0.2858428955078125 26240000
1733252810170 0.2849456787109375 26279936
1733252845285 0.2990020751953125 26312704
1733252880066 0.307794189453125 26345472
1733252914583 0.3242584228515625 26378240
1733252954025 0.3041839599609375 26400000
1733252993317 0.3034332275390625 26443776
1733253028141 0.3255523681640625 26476544
1733253062578 0.303790283203125 26509312
1733253096864 0.2302032470703125 26542080
1733253136441 0.302392578125 26560000
1733253176764 0.287518310546875 26607616
1733253211396 0.3253204345703125 26640384
1733253246468 0.292730712890625 26673152
1733253280925 0.3140625 26705920
1733253318222 0.2690460205078125 26720000
1733253360059 0.299603271484375 26771456
1733253394234 0.298736572265625 26804224
1733253429094 0.28719482421875 26836992
1733253463651 0.3042816162109375 26869760
1733253499265 0.3171142578125 26880000
1733253542324 0.292083740234375 26935296
1733253577181 0.32352294921875 26968064
1733253611865 0.29791259765625 27000832
1733253646537 0.2954986572265625 27033600
1733253680836 0.295574951171875 27040000
1733253725489 0.2151611328125 27099136
1733253760354 0.301068115234375 27131904
1733253795174 0.2663787841796875 27164672
1733253829795 0.2904541015625 27197440
1733253863138 0.316558837890625 27200000
1733253908651 0.2907989501953125 27262976
1733253943638 0.226593017578125 27295744
1733253978183 0.2963836669921875 27328512
1733254020834 0.2905975341796875 27360000
1733254056673 0.262493896484375 27394048
1733254091072 0.304254150390625 27426816
1733254126353 0.2913177490234375 27459584
1733254160660 0.2951629638671875 27492352
1733254203216 0.2944732666015625 27520000
1733254240104 0.305206298828125 27557888
1733254274711 0.2895172119140625 27590656
1733254309836 0.321026611328125 27623424
1733254344580 0.2640167236328125 27656192
1733254385816 0.2960723876953125 27680000
1733254424440 0.3087188720703125 27721728
1733254458413 0.321588134765625 27754496
1733254492752 0.2340545654296875 27787264
1733254527083 0.298333740234375 27820032
1733254566889 0.262548828125 27840000
1733254605869 0.2976715087890625 27885568
1733254640712 0.298846435546875 27918336
1733254676172 0.2994964599609375 27951104
1733254711021 0.287115478515625 27983872
1733254748531 0.2884033203125 28000000
1733254788669 0.30303955078125 28049408
1733254822822 0.2527862548828125 28082176
1733254857723 0.22845458984375 28114944
1733254892127 0.31876220703125 28147712
1733254927979 0.2885589599609375 28160000
1733254969494 0.265264892578125 28213248
1733255004297 0.2788543701171875 28246016
1733255039164 0.30391845703125 28278784
1733255074061 0.29267578125 28311552
1733255108970 0.282232666015625 28320000
1733255152889 0.276995849609375 28377088
1733255187320 0.2977630615234375 28409856
1733255222625 0.2756988525390625 28442624
1733255257320 0.3088897705078125 28475392
1733255290923 0.2926116943359375 28480000
1733255335846 0.3023712158203125 28540928
1733255370491 0.2854400634765625 28573696
1733255404973 0.291162109375 28606464
1733255439529 0.3162567138671875 28639232
1733255471702 0.3149261474609375 28640000
1733255517316 0.2887115478515625 28704768
1733255551954 0.2431640625 28737536
1733255586544 0.256427001953125 28770304
1733255629220 0.2939849853515625 28800000
1733255665143 0.219158935546875 28835840
1733255699171 0.3061767578125 28868608
1733255733744 0.26695556640625 28901376
1733255769010 0.2858734130859375 28934144
1733255809455 0.2871673583984375 28960000
1733255846353 0.2897918701171875 28999680
1733255881420 0.2564483642578125 29032448
1733255916535 0.3093170166015625 29065216
1733255951517 0.243206787109375 29097984
1733255991132 0.2973602294921875 29120000
1733256030586 0.258209228515625 29163520
1733256066195 0.2890289306640625 29196288
1733256101081 0.31024169921875 29229056
1733256135979 0.2228790283203125 29261824
1733256174720 0.29801025390625 29280000
1733256214908 0.26773681640625 29327360
1733256248850 0.2957000732421875 29360128
1733256283846 0.3190826416015625 29392896
1733256318527 0.2513458251953125 29425664
1733256354937 0.270904541015625 29440000
1733256395846 0.2699188232421875 29491200
1733256430740 0.317333984375 29523968
1733256465572 0.220562744140625 29556736
1733256499967 0.2527618408203125 29589504
1733256535652 0.2980987548828125 29600000
1733256578441 0.28944091796875 29655040
1733256614092 0.2640533447265625 29687808
1733256648662 0.3105987548828125 29720576
1733256683351 0.1982025146484375 29753344
1733256718717 0.2205474853515625 29760000
1733256763672 0.3268798828125 29818880
1733256798180 0.3009796142578125 29851648
1733256832534 0.217474365234375 29884416
1733256867614 0.1790618896484375 29917184
1733256901529 0.2729034423828125 29920000
1733256947573 0.23916015625 29982720
1733256982404 0.279296875 30015488
1733257016829 0.2084014892578125 30048256
1733257060561 0.266326904296875 30080000
1733257095561 0.3150634765625 30113792
1733257130744 0.2776458740234375 30146560
1733257165259 0.278387451171875 30179328
1733257199957 0.2868499755859375 30212096
1733257242243 0.2711090087890625 30240000
1733257279666 0.2864898681640625 30277632
1733257314301 0.2669830322265625 30310400
1733257348984 0.2527252197265625 30343168
1733257384063 0.2240264892578125 30375936
1733257425024 0.289935302734375 30400000
1733257463018 0.263458251953125 30441472
1733257497943 0.3063812255859375 30474240
1733257532847 0.2993194580078125 30507008
1733257567432 0.2948822021484375 30539776
1733257607278 0.2709747314453125 30560000
1733257646411 0.282281494140625 30605312
1733257681079 0.2989288330078125 30638080
1733257715977 0.2858673095703125 30670848
1733257750500 0.2755950927734375 30703616
1733257788778 0.27811279296875 30720000
1733257829977 0.26607666015625 30769152
1733257864735 0.291619873046875 30801920
1733257899039 0.29197998046875 30834688
1733257933935 0.2713836669921875 30867456
1733257970610 0.29791259765625 30880000
1733258014024 0.2860931396484375 30932992
1733258048759 0.2988555908203125 30965760
1733258083787 0.289080810546875 30998528
1733258118406 0.2848297119140625 31031296
1733258153981 0.3201141357421875 31040000
1733258197533 0.308233642578125 31096832
1733258232537 0.29139404296875 31129600
1733258266697 0.2762908935546875 31162368
1733258301461 0.302728271484375 31195136
1733258335822 0.317791748046875 31200000
1733258381057 0.28883056640625 31260672
1733258416076 0.3031494140625 31293440
1733258451202 0.297271728515625 31326208
1733258486131 0.3116485595703125 31358976
1733258518571 0.27777099609375 31360000
1733258564910 0.2923187255859375 31424512
1733258599405 0.2898406982421875 31457280
1733258634145 0.31322021484375 31490048
1733258677392 0.213787841796875 31520000
1733258713391 0.290325927734375 31555584
1733258748112 0.2370697021484375 31588352
1733258782621 0.3138916015625 31621120
1733258817268 0.2798004150390625 31653888
1733258859266 0.3265289306640625 31680000
1733258896719 0.2954437255859375 31719424
1733258931779 0.2882598876953125 31752192
1733258966751 0.307049560546875 31784960
1733259001783 0.30703125 31817728
1733259042879 0.2748504638671875 31840000
1733259081066 0.2945892333984375 31883264
1733259115662 0.2860198974609375 31916032
1733259150468 0.28892822265625 31948800
1733259185050 0.26297607421875 31981568
1733259224132 0.2792938232421875 32000000
1733259264953 0.2942474365234375 32047104
1733259300091 0.2796173095703125 32079872
1733259334626 0.29002685546875 32112640
1733259370505 0.2927978515625 32145408
1733259408519 0.2874176025390625 32160000
1733259450856 0.310211181640625 32210944
1733259486629 0.30802001953125 32243712
1733259521144 0.2691802978515625 32276480
1733259556887 0.30916748046875 32309248
1733259592872 0.289410400390625 32320000
1733259636285 0.2994171142578125 32374784
1733259670716 0.292474365234375 32407552
1733259706012 0.2576385498046875 32440320
1733259742023 0.2607574462890625 32473088
1733259776520 0.30648193359375 32480000
1733259821628 0.2651763916015625 32538624
1733259856278 0.3055755615234375 32571392
1733259891567 0.309130859375 32604160
1733259925914 0.2949951171875 32636928
1733259959671 0.2776885986328125 32640000
1733260006412 0.290216064453125 32702464
1733260041630 0.2884521484375 32735232
1733260077217 0.2890167236328125 32768000
1733260120912 0.29571533203125 32800000
1733260157580 0.2878570556640625 32833536
1733260191420 0.2646636962890625 32866304
1733260227054 0.2380828857421875 32899072
1733260262197 0.2247161865234375 32931840
1733260303937 0.2154815673828125 32960000
1733260340909 0.2728302001953125 32997376
1733260376315 0.2473388671875 33030144
1733260412478 0.3004486083984375 33062912
1733260447079 0.2710418701171875 33095680
1733260489057 0.2863067626953125 33120000
1733260527456 0.2904998779296875 33161216
1733260563314 0.297662353515625 33193984
1733260598582 0.29903564453125 33226752
1733260633276 0.3014556884765625 33259520
1733260673479 0.282232666015625 33280000
1733260713020 0.3180908203125 33325056
1733260749388 0.284393310546875 33357824
1733260784402 0.2901763916015625 33390592
1733260819478 0.2877532958984375 33423360
1733260859674 0.30272216796875 33440000
1733260900010 0.2939727783203125 33488896
1733260936326 0.295294189453125 33521664
1733260970394 0.26632080078125 33554432
1733261006282 0.260235595703125 33587200
1733261043775 0.30196533203125 33600000
1733261087225 0.298492431640625 33652736
1733261123105 0.3125946044921875 33685504
1733261157892 0.280548095703125 33718272
1733261195028 0.2972930908203125 33751040
1733261231136 0.2868896484375 33760000
1733261276407 0.2781890869140625 33816576
1733261311942 0.2895660400390625 33849344
1733261347195 0.2900054931640625 33882112
1733261382666 0.286004638671875 33914880
1733261417383 0.2652923583984375 33920000
1733261462885 0.3041229248046875 33980416
1733261498875 0.3214874267578125 34013184
1733261536290 0.2772064208984375 34045952
1733261572451 0.28543701171875 34078720
1733261605800 0.2910369873046875 34080000
1733261654070 0.297772216796875 34144256
1733261689794 0.2952972412109375 34177024
1733261725598 0.2901275634765625 34209792
1733261769059 0.316754150390625 34240000
1733261805358 0.281805419921875 34275328
1733261841472 0.28485107421875 34308096
1733261877568 0.285052490234375 34340864
1733261912962 0.2793243408203125 34373632
1733261956092 0.307391357421875 34400000
1733261995335 0.28360595703125 34439168
1733262030728 0.2674560546875 34471936
1733262066658 0.300079345703125 34504704
1733262105191 0.3054473876953125 34537472
1733262147415 0.286920166015625 34560000
1733262187454 0.2767364501953125 34603008
1733262222926 0.2513275146484375 34635776
1733262259899 0.206854248046875 34668544
1733262295097 0.251177978515625 34701312
1733262334002 0.2369720458984375 34720000
1733262376123 0.2281707763671875 34766848
1733262413009 0.311212158203125 34799616
1733262448426 0.279058837890625 34832384
1733262484835 0.2741455078125 34865152
1733262523502 0.2736968994140625 34880000
1733262566499 0.2526092529296875 34930688
1733262602305 0.2947418212890625 34963456
1733262638911 0.2335296630859375 34996224
1733262674092 0.33140869140625 35028992
1733262711066 0.290582275390625 35040000
1733262755118 0.3001922607421875 35094528
1733262791032 0.2788330078125 35127296
1733262826491 0.2832183837890625 35160064
1733262863245 0.2836883544921875 35192832
1733262899642 0.2684906005859375 35200000
1733262945984 0.2881134033203125 35258368
1733262981450 0.297430419921875 35291136
1733263018887 0.295257568359375 35323904
1733263054643 0.310260009765625 35356672
1733263089169 0.3010955810546875 35360000
1733263136482 0.3122589111328125 35422208
1733263173596 0.296954345703125 35454976
1733263209051 0.3002593994140625 35487744
1733263253774 0.27391357421875 35520000
1733263290409 0.278668212890625 35553280
1733263326948 0.2907928466796875 35586048
1733263362029 0.2815704345703125 35618816
1733263398769 0.2813873291015625 35651584
1733263441319 0.2754241943359375 35680000
1733263478593 0.2633819580078125 35717120
1733263513842 0.26767578125 35749888
1733263548691 0.283795166015625 35782656
1733263585164 0.2947662353515625 35815424
1733263626553 0.23692626953125 35840000
1733263664357 0.2716400146484375 35880960
1733263700179 0.300433349609375 35913728
1733263734873 0.297430419921875 35946496
1733263770730 0.2755035400390625 35979264
1733263810813 0.2902618408203125 36000000
1733263850400 0.270648193359375 36044800
1733263886349 0.2894012451171875 36077568
1733263921305 0.286309814453125 36110336
1733263957967 0.2914398193359375 36143104
1733263996589 0.3088775634765625 36160000
1733264037665 0.251806640625 36208640
1733264073369 0.286553955078125 36241408
1733264108060 0.2856292724609375 36274176
1733264144505 0.28177490234375 36306944
1733264181011 0.272119140625 36320000
1733264223291 0.315618896484375 36372480
1733264258958 0.2920806884765625 36405248
1733264293945 0.267047119140625 36438016
1733264329759 0.3171875 36470784
1733264365020 0.2996185302734375 36480000
1733264409642 0.305743408203125 36536320
1733264445570 0.311737060546875 36569088
1733264479898 0.2880340576171875 36601856
1733264516687 0.2737762451171875 36634624
1733264551155 0.2873870849609375 36640000
1733264596959 0.2599273681640625 36700160
1733264632223 0.2879241943359375 36732928
1733264667194 0.2739501953125 36765696
1733264704094 0.2912139892578125 36798464
1733264736747 0.288067626953125 36800000
1733264784758 0.2817352294921875 36864000
1733264820969 0.2987518310546875 36896768
1733264855611 0.278155517578125 36929536
1733264900334 0.2766204833984375 36960000
1733264936432 0.2861328125 36995072
1733264971824 0.292230224609375 37027840
1733265007925 0.3103546142578125 37060608
1733265043443 0.2809112548828125 37093376
1733265086118 0.2827606201171875 37120000
1733265124208 0.2774810791015625 37158912
1733265159338 0.3031707763671875 37191680
1733265195228 0.2923095703125 37224448
1733265230401 0.31019287109375 37257216
1733265272681 0.3012298583984375 37280000
1733265311727 0.2873748779296875 37322752
1733265346633 0.1803863525390625 37355520
1733265382608 0.21759033203125 37388288
1733265417765 0.1582183837890625 37421056
1733265458571 0.3132232666015625 37440000
1733265498893 0.243994140625 37486592
1733265533385 0.2850341796875 37519360
1733265568880 0.3101531982421875 37552128
1733265603328 0.29599609375 37584896
1733265642618 0.2953948974609375 37600000
1733265685148 0.3018096923828125 37650432
1733265720122 0.27601318359375 37683200
1733265756145 0.2427764892578125 37715968
1733265791259 0.2930389404296875 37748736
1733265828721 0.274517822265625 37760000
1733265872488 0.252252197265625 37814272
1733265907100 0.2922149658203125 37847040
1733265944110 0.2826446533203125 37879808
1733265979258 0.2741729736328125 37912576
1733266015209 0.2866485595703125 37920000
1733266061029 0.2027252197265625 37978112
1733266095909 0.232904052734375 38010880
1733266133177 0.2841400146484375 38043648
1733266168714 0.3182952880859375 38076416
1733266202926 0.285595703125 38080000
1733266249131 0.2513580322265625 38141952
1733266283679 0.2739013671875 38174720
1733266320341 0.259332275390625 38207488
1733266366121 0.2775360107421875 38240000
1733266401012 0.2549652099609375 38273024
1733266438247 0.2932159423828125 38305792
1733266473968 0.283636474609375 38338560
1733266510008 0.2588470458984375 38371328
1733266553845 0.2983856201171875 38400000
1733266590688 0.2823211669921875 38436864
1733266626403 0.2537139892578125 38469632
1733266660906 0.3069580078125 38502400
1733266696794 0.258905029296875 38535168
1733266738493 0.2452117919921875 38560000
1733266776219 0.2858367919921875 38600704
1733266812982 0.26812744140625 38633472
1733266847946 0.297705078125 38666240
1733266883846 0.2822601318359375 38699008
1733266925149 0.26341552734375 38720000
1733266965031 0.2775543212890625 38764544
1733267001543 0.27774658203125 38797312
1733267036844 0.306207275390625 38830080
1733267072191 0.2930450439453125 38862848
1733267112601 0.2756195068359375 38880000
1733267154454 0.2809417724609375 38928384
1733267190681 0.2961181640625 38961152
1733267226575 0.3056427001953125 38993920
1733267261673 0.2879669189453125 39026688
1733267300503 0.286785888671875 39040000
1733267343193 0.2833740234375 39092224
1733267378260 0.2861846923828125 39124992
1733267413205 0.281842041015625 39157760
1733267448414 0.284185791015625 39190528
1733267486140 0.295343017578125 39200000
1733267530054 0.2898406982421875 39256064
1733267565469 0.302734375 39288832
1733267601384 0.2772857666015625 39321600
1733267636536 0.2820587158203125 39354368
1733267673065 0.3096435546875 39360000
1733267718628 0.29140625 39419904
1733267752999 0.2896209716796875 39452672
1733267788533 0.3054046630859375 39485440
1733267823717 0.2790924072265625 39518208
1733267857777 0.2890869140625 39520000
1733267903954 0.278228759765625 39583744
1733267938556 0.2808258056640625 39616512
1733267974306 0.304217529296875 39649280
1733268017460 0.2766021728515625 39680000
1733268054640 0.290966796875 39714816
1733268089987 0.171807861328125 39747584
1733268125305 0.226483154296875 39780352
1733268160817 0.2185882568359375 39813120
1733268203048 0.2173828125 39840000
1733268241986 0.285528564453125 39878656
1733268276990 0.2817047119140625 39911424
1733268312330 0.272412109375 39944192
1733268347642 0.304364013671875 39976960
1733268388516 0.2977203369140625 40000000
1733268428211 0.2829833984375 40042496
1733268463816 0.3047607421875 40075264
1733268498349 0.1903167724609375 40108032
1733268533470 0.3236114501953125 40140800
1733268572451 0.28260498046875 40160000
1733268613107 0.27362060546875 40206336
1733268647967 0.2658538818359375 40239104
1733268683333 0.2132568359375 40271872
1733268718991 0.30093994140625 40304640
1733268756865 0.24749755859375 40320000
1733268799069 0.26265869140625 40370176
1733268835188 0.293060302734375 40402944
1733268870238 0.2267333984375 40435712
1733268905778 0.23265380859375 40468480
1733268941850 0.22236328125 40480000
1733268984321 0.2362945556640625 40534016
1733269020701 0.2940093994140625 40566784
1733269055339 0.2816009521484375 40599552
1733269092873 0.2036773681640625 40632320
1733269127179 0.294024658203125 40640000
1733269171789 0.25096435546875 40697856
1733269207661 0.25565185546875 40730624
1733269242453 0.3035797119140625 40763392
1733269278106 0.26484375 40796160
1733269311939 0.270025634765625 40800000
1733269358702 0.3027252197265625 40861696
1733269394474 0.30240478515625 40894464
1733269429296 0.2744781494140625 40927232
1733269474853 0.2688262939453125 40960000
1733269510260 0.2783935546875 40992768
1733269545338 0.314971923828125 41025536
1733269581800 0.2704559326171875 41058304
1733269617018 0.2619232177734375 41091072
1733269659371 0.2910919189453125 41120000
1733269695648 0.275225830078125 41156608
1733269730697 0.29931640625 41189376
1733269765504 0.30025634765625 41222144
1733269801188 0.276226806640625 41254912
1733269841814 0.2982452392578125 41280000
1733269879847 0.2937042236328125 41320448
1733269915310 0.2828948974609375 41353216
1733269950057 0.2907928466796875 41385984
1733269985682 0.263818359375 41418752
1733270025689 0.2991424560546875 41440000
1733270065385 0.2920166015625 41484288
1733270101554 0.30625 41517056
1733270136496 0.297198486328125 41549824
1733270171223 0.2807220458984375 41582592
1733270210279 0.290771484375 41600000
1733270251608 0.2343902587890625 41648128
1733270286742 0.3291046142578125 41680896
1733270322439 0.284124755859375 41713664
1733270357569 0.2773712158203125 41746432
1733270395595 0.3279388427734375 41760000
1733270436714 0.2596435546875 41811968
1733270471140 0.24361572265625 41844736
1733270506885 0.2458709716796875 41877504
1733270541777 0.2539093017578125 41910272
1733270577417 0.2864166259765625 41920000
1733270621898 0.2726043701171875 41975808
1733270656972 0.2810943603515625 42008576
1733270691726 0.2853485107421875 42041344
1733270726404 0.272674560546875 42074112
1733270761053 0.2644195556640625 42080000
1733270806147 0.2804931640625 42139648
1733270841509 0.25821533203125 42172416
1733270876475 0.3007110595703125 42205184
1733270913015 0.2867889404296875 42237952
1733270945556 0.277996826171875 42240000
1733270991508 0.3126129150390625 42303488
1733271027556 0.2578857421875 42336256
1733271061771 0.28673095703125 42369024
1733271105183 0.2743896484375 42400000
1733271142717 0.2735382080078125 42434560
1733271178053 0.277880859375 42467328
1733271213033 0.277288818359375 42500096
1733271248432 0.266949462890625 42532864
1733271290592 0.3147705078125 42560000
1733271327856 0.2695526123046875 42598400
1733271362946 0.2569488525390625 42631168
1733271397979 0.290753173828125 42663936
1733271434369 0.2695037841796875 42696704
1733271475247 0.2891815185546875 42720000
