1733223270272 0.2 65536
1733223306001 0.2 98304
1733223341915 0.2 131072
1733223384287 0.2 160000
1733223421071 0.2 196608
1733223455536 0.2 229376
1733223489401 0.2 262144
1733223524631 0.2 294912
1733223567110 0.2 320000
1733223603691 0.2 360448
1733223638191 0.2 393216
1733223672323 0.2 425984
1733223706796 0.2 458752
1733223745519 0.2 480000
1733223784082 0.2 524288
1733223818798 0.2 557056
1733223853288 0.2 589824
1733223887737 0.2 622592
1733223926834 0.2 640000
1733223966490 0.2 688128
1733224000280 0.2 720896
1733224033563 0.2 753664
1733224067645 0.2 786432
1733224104559 0.2 800000
1733224145693 0.2 851968
1733224180105 0.2 884736
1733224214207 0.2 917504
1733224248713 0.2 950272
1733224284233 0.2 960000
1733224327863 0.2 1015808
1733224361193 0.2 1048576
1733224395815 0.2 1081344
1733224430426 0.2 1114112
1733224465613 0.2 1120000
1733224509321 0.2 1179648
1733224543128 0.2 1212416
1733224577400 0.2 1245184
1733224611102 0.2 1277952
1733224645074 0.2 1280000
1733224688842 0.2 1343488
1733224723244 0.2 1376256
1733224756690 0.2 1409024
1733224799538 0.2 1440000
1733224834142 0.2 1474560
1733224867991 0.2 1507328
1733224902531 0.2 1540096
1733224936415 0.2 1572864
1733224978441 0.2 1600000
1733225015083 0.2 1638400
1733225049927 0.2 1671168
1733225083636 0.2 1703936
1733225117676 0.2 1736704
1733225159028 0.2 1760000
1733225196586 0.2 1802240
1733225231151 0.2 1835008
1733225265443 0.2 1867776
1733225299390 0.2 1900544
1733225339077 0.2 1920000
1733225379849 0.2 1966080
1733225414007 0.2 1998848
1733225448590 0.2 2031616
1733225483383 0.2 2064384
1733225522008 0.2 2080000
1733225562236 0.2 2129920
1733225596209 0.2 2162688
1733225630593 0.2 2195456
1733225665716 0.2 2228224
1733225702661 0.2 2240000
1733225745060 0.2 2293760
1733225779625 0.2 2326528
1733225814364 0.2 2359296
1733225848613 0.2 2392064
1733225884211 0.2 2400000
1733225927848 0.2 2457600
1733225962714 0.2 2490368
1733225997788 0.2 2523136
1733226032836 0.2 2555904
1733226067826 0.2 2560000
1733226113297 0.2 2621440
1733226148121 0.2 2654208
1733226182876 0.2 2686976
1733226217235 0.2 2719744
1733226249241 0.2 2720000
1733226295594 0.2 2785280
1733226330269 0.2 2818048
1733226364633 0.2 2850816
1733226408554 0.2 2880000
1733226444702 0.2 2916352
1733226479568 0.2 2949120
1733226513903 0.2 2981888
1733226548479 0.2 3014656
1733226590613 0.2 3040000
1733226628752 0.2 3080192
1733226663392 0.2 3112960
1733226697797 0.2 3145728
1733226732148 0.2 3178496
1733226772646 0.2 3200000
1733226811700 0.2 3244032
1733226846797 0.2 3276800
1733226881405 0.2 3309568
1733226916495 0.2 3342336
1733226955942 0.2 3360000
1733226996223 0.2 3407872
1733227030579 0.2 3440640
1733227065228 0.2 3473408
1733227099810 0.2 3506176
1733227137438 0.2 3520000
1733227178432 0.2 3571712
1733227212627 0.2 3604480
1733227247297 0.2 3637248
1733227282176 0.2 3670016
1733227318052 0.2 3680000
1733227360547 0.2 3735552
1733227394799 0.2 3768320
1733227429086 0.2 3801088
1733227464041 0.2 3833856
1733227498615 0.2 3840000
1733227542919 0.2 3899392
1733227577743 0.2 3932160
1733227612074 0.2 3964928
1733227646707 0.2 3997696
1733227679995 0.2 4000000
1733227726284 0.2 4063232
1733227760648 0.2 4096000
1733227795315 0.2 4128768
1733227839411 0.2 4160000
1733227875594 0.2 4194304
1733227910795 0.2 4227072
1733227945873 0.2 4259840
1733227980725 0.2 4292608
1733228023301 0.2 4320000
1733228060619 0.2 4358144
1733228095935 0.2 4390912
1733228130887 0.2 4423680
1733228166532 0.2 4456448
1733228207589 0.2 4480000
1733228246224 0.2 4521984
1733228280931 0.2 4554752
1733228315917 0.2 4587520
1733228350843 0.2 4620288
1733228390014 0.2 4640000
1733228430587 0.2 4685824
1733228465482 0.2 4718592
1733228500800 0.2 4751360
1733228536089 0.2 4784128
1733228573821 0.2 4800000
1733228614926 0.2 4849664
1733228649784 0.2 4882432
1733228684043 0.2 4915200
1733228718676 0.2 4947968
1733228755963 0.2 4960000
1733228798630 0.2 5013504
1733228833848 0.2 5046272
1733228868805 0.2 5079040
1733228904405 0.2 5111808
1733228940065 0.2 5120000
1733228984216 0.2 5177344
1733229019501 0.2 5210112
1733229054689 0.2 5242880
1733229090090 0.2 5275648
1733229124486 0.2 5280000
1733229170522 0.2 5341184
1733229206785 0.2 5373952
1733229241808 0.2 5406720
1733229276874 0.2 5439488
1733229309724 0.2 5440000
1733229358090 0.2 5505024
1733229394009 0.2 5537792
1733229428784 0.2 5570560
1733229471994 0.2 5600000
1733229508467 0.2 5636096
1733229543824 0.2 5668864
1733229579593 0.2 5701632
1733229615504 0.2 5734400
1733229657867 0.2 5760000
1733229695631 0.2 5799936
1733229730573 0.2 5832704
1733229765363 0.2 5865472
1733229800494 0.2 5898240
1733229841300 0.2 5920000
1733229881119 0.2 5963776
1733229915963 0.2 5996544
1733229950626 0.2 6029312
1733229986167 0.2 6062080
1733230025313 0.2 6080000
1733230066438 0.2 6127616
1733230101567 0.2 6160384
1733230136993 0.2 6193152
1733230172269 0.2 6225920
1733230210431 0.2 6240000
1733230253299 0.2 6291456
1733230290150 0.2 6324224
1733230326714 0.2 6356992
1733230362798 0.2 6389760
1733230399373 0.2 6400000
1733230444466 0.2 6455296
1733230480411 0.2 6488064
1733230515471 0.2 6520832
1733230550924 0.2 6553600
1733230587095 0.2 6560000
1733230634095 0.2 6619136
1733230670299 0.2 6651904
1733230706328 0.2 6684672
1733230742301 0.2 6717440
1733230776441 0.2 6720000
1733230823442 0.2 6782976
1733230858830 0.2 6815744
1733230894309 0.2 6848512
1733230939289 0.2 6880000
1733230975844 0.2 6914048
1733231011582 0.2 6946816
1733231046939 0.2 6979584
1733231082346 0.2 7012352
1733231125227 0.2 7040000
1733231163043 0.2 7077888
1733231198207 0.2 7110656
1733231234128 0.2 7143424
1733231269827 0.2 7176192
1733231312127 0.2 7200000
1733231351208 0.2 7241728
1733231386236 0.2 7274496
1733231422226 0.2 7307264
1733231458521 0.2 7340032
1733231498086 0.2 7360000
1733231538379 0.2 7405568
1733231573286 0.2 7438336
1733231608672 0.2 7471104
1733231644015 0.2 7503872
1733231683095 0.2 7520000
1733231724866 0.2 7569408
1733231760326 0.2 7602176
1733231795972 0.2 7634944
1733231832176 0.2 7667712
1733231870866 0.2 7680000
1733231914129 0.2 7733248
1733231949171 0.2 7766016
1733231985046 0.2 7798784
1733232019784 0.2 7831552
1733232055734 0.2 7840000
1733232100210 0.2 7897088
1733232134767 0.2 7929856
1733232169485 0.2 7962624
1733232205772 0.2 7995392
1733232241485 0.2 8000000
1733232287634 0.2 8060928
1733232322345 0.2 8093696
1733232357160 0.2 8126464
1733232392664 0.2 8159232
1733232425570 0.2 8160000
1733232473031 0.2 8224768
1733232507812 0.2 8257536
1733232542961 0.2 8290304
1733232586552 0.2 8320000
1733232624080 0.2 8355840
1733232660299 0.2 8388608
1733232694985 0.2 8421376
1733232730222 0.2 8454144
1733232772825 0.2 8480000
1733232810758 0.2 8519680
1733232845693 0.2 8552448
1733232880512 0.2 8585216
1733232915343 0.2 8617984
1733232956224 0.2 8640000
1733232995204 0.2 8683520
1733233030286 0.2 8716288
1733233065261 0.2 8749056
1733233100175 0.2 8781824
1733233139339 0.2 8800000
1733233179694 0.2 8847360
1733233215128 0.2 8880128
1733233250165 0.2 8912896
1733233284615 0.2 8945664
1733233322487 0.2 8960000
1733233364933 0.2 9011200
1733233400969 0.2 9043968
1733233436147 0.2 9076736
1733233471231 0.2 9109504
1733233507671 0.2 9120000
1733233551581 0.2 9175040
1733233586137 0.2 9207808
1733233621455 0.2 9240576
1733233656575 0.2 9273344
1733233691951 0.2 9280000
1733233737951 0.2 9338880
1733233773468 0.2 9371648
1733233808542 0.2 9404416
1733233843358 0.2 9437184
1733233876207 0.2 9440000
1733233922519 0.2 9502720
1733233956807 0.2 9535488
1733233991834 0.2 9568256
1733234036227 0.2 9600000
1733234072022 0.2 9633792
1733234107550 0.2 9666560
1733234142897 0.2 9699328
1733234177865 0.2 9732096
1733234219975 0.2 9760000
1733234256740 0.2 9797632
1733234291950 0.2 9830400
1733234326656 0.2 9863168
1733234361275 0.2 9895936
1733234402539 0.2 9920000
1733234441003 0.2 9961472
1733234475853 0.2 9994240
1733234511217 0.2 10027008
1733234546634 0.2 10059776
1733234587240 0.2 10080000
1733234627479 0.2 10125312
1733234662355 0.2 10158080
1733234697168 0.2 10190848
1733234732215 0.2 10223616
1733234770939 0.2 10240000
1733234812394 0.2 10289152
1733234846934 0.2 10321920
1733234881599 0.2 10354688
1733234916394 0.2 10387456
1733234953612 0.2 10400000
1733234996548 0.2 10452992
1733235031727 0.2 10485760
1733235066372 0.2 10518528
1733235102524 0.2 10551296
1733235139620 0.2 10560000
1733235183765 0.2 10616832
1733235218506 0.2 10649600
1733235254395 0.2 10682368
1733235290618 0.2 10715136
1733235325198 0.2 10720000
1733235371562 0.2 10780672
1733235407366 0.2 10813440
1733235442692 0.2 10846208
1733235477665 0.2 10878976
1733235510608 0.2 10880000
1733235558312 0.2 10944512
1733235593395 0.2 10977280
1733235628073 0.2 11010048
1733235670914 0.2 11040000
1733235707901 0.2 11075584
1733235742965 0.2 11108352
1733235777866 0.2 11141120
1733235812808 0.2 11173888
1733235855056 0.2 11200000
1733235893017 0.2 11239424
1733235928329 0.2 11272192
1733235963463 0.2 11304960
1733235998202 0.2 11337728
1733236038609 0.2 11360000
1733236078022 0.2 11403264
1733236112488 0.2 11436032
1733236147409 0.2 11468800
1733236182334 0.2 11501568
1733236222897 0.2 11520000
1733236264387 0.2 11567104
1733236299233 0.2 11599872
1733236333967 0.2 11632640
1733236368865 0.2 11665408
1733236406580 0.2 11680000
1733236448168 0.2 11730944
1733236482629 0.2 11763712
1733236517348 0.2 11796480
1733236552143 0.2 11829248
1733236588753 0.2 11840000
1733236632074 0.2 11894784
1733236666606 0.2 11927552
1733236701788 0.2 11960320
1733236735972 0.2 11993088
1733236771784 0.2 12000000
1733236816997 0.2 12058624
1733236851899 0.2 12091392
1733236887042 0.2 12124160
1733236921892 0.2 12156928
1733236955410 0.2 12160000
1733237000972 0.2 12222464
1733237036216 0.2 12255232
1733237071000 0.2 12288000
1733237115041 0.2 12320000
1733237151177 0.2 12353536
1733237186510 0.2 12386304
1733237221523 0.2 12419072
1733237255997 0.2 12451840
1733237298983 0.2 12480000
1733237335974 0.2 12517376
1733237372169 0.2 12550144
1733237408771 0.2 12582912
1733237444271 0.2 12615680
1733237485843 0.2 12640000
1733237523609 0.2 12681216
1733237558314 0.2 12713984
1733237593065 0.2 12746752
1733237627945 0.2 12779520
1733237668153 0.2 12800000
1733237707948 0.2 12845056
1733237743330 0.2 12877824
1733237777912 0.2 12910592
1733237812979 0.2 12943360
1733237851059 0.2 12960000
1733237892720 0.2 13008896
1733237927315 0.2 13041664
1733237962047 0.2 13074432
1733237996679 0.2 13107200
1733238033935 0.2 13120000
1733238078497 0.2 13172736
1733238114079 0.2 13205504
1733238149385 0.2 13238272
1733238184768 0.2 13271040
1733238220975 0.2 13280000
1733238265552 0.2 13336576
1733238300847 0.2 13369344
1733238335800 0.2 13402112
1733238371415 0.2 13434880
1733238407189 0.2 13440000
1733238454451 0.2 13500416
1733238490316 0.2 13533184
1733238524902 0.2 13565952
1733238560632 0.2 13598720
1733238594282 0.2 13600000
1733238640421 0.2 13664256
1733238675544 0.2 13697024
1733238710438 0.2 13729792
1733238754050 0.2 13760000
1733238790594 0.2 13795328
1733238825921 0.2 13828096
1733238860757 0.2 13860864
1733238895909 0.2 13893632
1733238937777 0.2 13920000
1733238975358 0.2 13959168
1733239010980 0.2 13991936
1733239046665 0.2 14024704
1733239081393 0.2 14057472
1733239122380 0.2 14080000
1733239162203 0.2 14123008
1733239198007 0.2 14155776
1733239232956 0.2 14188544
1733239267883 0.2 14221312
1733239307473 0.2 14240000
1733239348020 0.2 14286848
1733239382938 0.2 14319616
1733239417626 0.2 14352384
1733239452148 0.2 14385152
1733239489661 0.2 14400000
1733239531093 0.2 14450688
1733239566084 0.2 14483456
1733239600608 0.2 14516224
1733239634800 0.2 14548992
1733239671437 0.2 14560000
1733239714086 0.2 14614528
1733239749219 0.2 14647296
1733239783840 0.2 14680064
1733239818279 0.2 14712832
1733239853245 0.2 14720000
1733239897717 0.2 14778368
1733239932244 0.2 14811136
1733239966819 0.2 14843904
1733240001495 0.2 14876672
1733240035507 0.2 14880000
1733240081456 0.2 14942208
1733240116354 0.2 14974976
1733240151201 0.2 15007744
1733240195509 0.2 15040000
1733240230544 0.2 15073280
1733240264836 0.2 15106048
1733240299370 0.2 15138816
1733240334236 0.2 15171584
1733240376335 0.2 15200000
1733240412746 0.2 15237120
1733240447620 0.2 15269888
1733240482047 0.2 15302656
1733240516612 0.2 15335424
1733240558325 0.2 15360000
1733240595839 0.2 15400960
1733240630543 0.2 15433728
1733240665552 0.2 15466496
1733240700085 0.2 15499264
1733240739946 0.2 15520000
1733240779154 0.2 15564800
1733240813434 0.2 15597568
1733240847740 0.2 15630336
1733240882686 0.2 15663104
1733240920811 0.2 15680000
1733240961733 0.2 15728640
1733240996157 0.2 15761408
1733241031020 0.2 15794176
1733241065913 0.2 15826944
1733241103153 0.2 15840000
1733241145607 0.2 15892480
1733241180405 0.2 15925248
1733241215288 0.2 15958016
1733241249694 0.2 15990784
1733241285018 0.2 16000000
1733241328850 0.2 16056320
1733241363873 0.2 16089088
1733241398714 0.2 16121856
1733241433086 0.2 16154624
1733241466720 0.2 16160000
1733241511416 0.2 16220160
1733241546533 0.2 16252928
1733241581293 0.2 16285696
1733241616233 0.2 16318464
1733241648826 0.2 16320000
1733241695271 0.2 16384000
1733241730153 0.2 16416768
1733241764626 0.2 16449536
1733241808614 0.2 16480000
1733241844452 0.2 16515072
1733241879435 0.2 16547840
1733241913713 0.2 16580608
1733241948266 0.2 16613376
1733241990273 0.2 16640000
1733242027526 0.2 16678912
1733242062411 0.2 16711680
1733242097473 0.2 16744448
1733242131999 0.2 16777216
1733242172837 0.2 16800000
1733242211476 0.2 16842752
1733242246657 0.2 16875520
1733242281353 0.2 16908288
1733242316145 0.2 16941056
1733242355666 0.2 16960000
1733242395414 0.2 17006592
1733242429951 0.2 17039360
1733242464161 0.2 17072128
1733242499560 0.2 17104896
1733242537499 0.2 17120000
1733242578591 0.2 17170432
1733242613477 0.2 17203200
1733242647968 0.2 17235968
1733242682869 0.2 17268736
1733242718998 0.2 17280000
1733242760997 0.2 17334272
1733242795653 0.2 17367040
1733242829845 0.2 17399808
1733242864602 0.2 17432576
1733242899367 0.2 17440000
1733242943362 0.2 17498112
1733242977735 0.2 17530880
1733243012366 0.2 17563648
1733243046423 0.2 17596416
1733243079623 0.2 17600000
1733243125309 0.2 17661952
1733243160374 0.2 17694720
1733243194973 0.2 17727488
1733243238853 0.2 17760000
1733243273757 0.2 17793024
1733243308583 0.2 17825792
1733243343532 0.2 17858560
1733243378406 0.2 17891328
1733243422072 0.2 17920000
1733243458188 0.2 17956864
1733243493011 0.2 17989632
1733243527534 0.2 18022400
1733243562232 0.2 18055168
1733243603231 0.2 18080000
1733243640656 0.2 18120704
1733243675388 0.2 18153472
1733243710203 0.2 18186240
1733243744768 0.2 18219008
1733243784195 0.2 18240000
1733243823606 0.2 18284544
1733243858553 0.2 18317312
1733243893211 0.2 18350080
1733243927788 0.2 18382848
1733243966931 0.2 18400000
1733244007603 0.2 18448384
1733244041702 0.2 18481152
1733244076255 0.2 18513920
1733244110474 0.2 18546688
1733244147547 0.2 18560000
1733244189502 0.2 18612224
1733244224706 0.2 18644992
1733244260475 0.2 18677760
1733244295087 0.2 18710528
1733244330729 0.2 18720000
1733244374437 0.2 18776064
1733244409110 0.2 18808832
1733244443306 0.2 18841600
1733244477942 0.2 18874368
1733244512571 0.2 18880000
1733244556685 0.2 18939904
1733244590906 0.2 18972672
1733244625283 0.2 19005440
1733244659116 0.2 19038208
1733244691997 0.2 19040000
1733244738257 0.2 19103744
1733244773007 0.2 19136512
1733244807451 0.2 19169280
1733244851258 0.2 19200000
1733244886937 0.2 19234816
1733244921563 0.2 19267584
1733244956546 0.2 19300352
1733244991252 0.2 19333120
1733245033362 0.2 19360000
1733245071511 0.2 19398656
1733245106577 0.2 19431424
1733245141093 0.2 19464192
1733245175608 0.2 19496960
1733245216625 0.2 19520000
1733245255061 0.2 19562496
1733245289617 0.2 19595264
1733245324208 0.2 19628032
1733245358900 0.2 19660800
1733245397896 0.2 19680000
1733245437661 0.2 19726336
1733245471725 0.2 19759104
1733245506045 0.2 19791872
1733245540456 0.2 19824640
1733245578035 0.2 19840000
1733245619446 0.2 19890176
1733245654049 0.2 19922944
1733245689637 0.2 19955712
1733245725029 0.2 19988480
1733245761744 0.2 20000000
1733245804457 0.2 20054016
1733245839514 0.2 20086784
1733245874354 0.2 20119552
1733245909177 0.2 20152320
1733245944551 0.2 20160000
1733245988056 0.2 20217856
1733246022663 0.2 20250624
1733246057613 0.2 20283392
1733246092323 0.2 20316160
1733246125982 0.2 20320000
1733246171050 0.2 20381696
1733246205261 0.2 20414464
1733246239759 0.2 20447232
1733246285037 0.2 20480000
1733246320273 0.2 20512768
1733246355119 0.2 20545536
1733246389959 0.2 20578304
1733246425132 0.2 20611072
1733246468195 0.2 20640000
1733246504530 0.2 20676608
1733246539413 0.2 20709376
1733246574182 0.2 20742144
1733246608522 0.2 20774912
1733246650344 0.2 20800000
1733246688275 0.2 20840448
1733246723099 0.2 20873216
1733246757867 0.2 20905984
1733246793372 0.2 20938752
1733246834817 0.2 20960000
1733246873589 0.2 21004288
1733246907913 0.2 21037056
1733246942860 0.2 21069824
1733246976927 0.2 21102592
1733247015634 0.2 21120000
1733247056272 0.2 21168128
1733247091462 0.2 21200896
1733247126102 0.2 21233664
1733247160867 0.2 21266432
1733247198156 0.2 21280000
1733247239695 0.2 21331968
1733247274394 0.2 21364736
1733247309420 0.2 21397504
1733247344046 0.2 21430272
1733247380630 0.2 21440000
1733247423927 0.2 21495808
1733247458421 0.2 21528576
1733247492799 0.2 21561344
1733247527774 0.2 21594112
1733247562521 0.2 21600000
1733247607508 0.2 21659648
1733247642599 0.2 21692416
1733247677762 0.2 21725184
1733247713845 0.2 21757952
1733247748180 0.2 21760000
1733247794360 0.2 21823488
1733247829507 0.2 21856256
1733247864535 0.2 21889024
1733247907757 0.2 21920000
1733247943444 0.2 21954560
1733247978776 0.2 21987328
1733248013198 0.2 22020096
1733248048111 0.2 22052864
1733248090191 0.2 22080000
1733248127277 0.2 22118400
1733248162196 0.2 22151168
1733248197403 0.2 22183936
1733248232032 0.2 22216704
1733248273088 0.2 22240000
1733248311816 0.2 22282240
1733248346977 0.2 22315008
1733248381527 0.2 22347776
1733248416367 0.2 22380544
1733248456313 0.2 22400000
1733248496261 0.2 22446080
1733248531096 0.2 22478848
1733248565895 0.2 22511616
1733248600814 0.2 22544384
1733248638691 0.2 22560000
1733248679691 0.2 22609920
1733248714727 0.2 22642688
1733248750045 0.2 22675456
1733248784739 0.2 22708224
1733248821596 0.2 22720000
1733248864392 0.2 22773760
1733248899204 0.2 22806528
1733248933575 0.2 22839296
1733248968150 0.2 22872064
1733249003703 0.2 22880000
1733249047690 0.2 22937600
1733249083053 0.2 22970368
1733249117162 0.2 23003136
1733249152179 0.2 23035904
1733249185957 0.2 23040000
1733249231511 0.2 23101440
1733249266668 0.2 23134208
1733249301708 0.2 23166976
1733249336477 0.2 23199744
1733249368601 0.2 23200000
1733249415840 0.2 23265280
1733249450495 0.2 23298048
1733249485090 0.2 23330816
1733249528045 0.2 23360000
1733249564741 0.2 23396352
1733249599145 0.2 23429120
1733249634468 0.2 23461888
1733249669007 0.2 23494656
1733249711100 0.2 23520000
1733249749331 0.2 23560192
1733249784464 0.2 23592960
1733249819404 0.2 23625728
1733249854531 0.2 23658496
1733249894900 0.2 23680000
1733249934053 0.2 23724032
1733249968794 0.2 23756800
1733250004056 0.2 23789568
1733250038972 0.2 23822336
1733250078138 0.2 23840000
1733250119397 0.2 23887872
1733250154003 0.2 23920640
1733250188950 0.2 23953408
1733250223657 0.2 23986176
1733250261237 0.2 24000000
1733250303634 0.2 24051712
1733250338399 0.2 24084480
1733250372987 0.2 24117248
1733250408085 0.2 24150016
1733250444886 0.2 24160000
1733250488654 0.2 24215552
1733250523540 0.2 24248320
1733250558225 0.2 24281088
1733250593219 0.2 24313856
1733250628117 0.2 24320000
1733250672611 0.2 24379392
1733250706909 0.2 24412160
1733250741184 0.2 24444928
1733250776590 0.2 24477696
1733250810005 0.2 24480000
1733250856192 0.2 24543232
1733250891067 0.2 24576000
1733250926030 0.2 24608768
1733250970493 0.2 24640000
1733251005822 0.2 24674304
1733251040883 0.2 24707072
1733251075612 0.2 24739840
1733251110523 0.2 24772608
1733251152611 0.2 24800000
1733251189463 0.2 24838144
1733251224183 0.2 24870912
1733251258435 0.2 24903680
1733251292903 0.2 24936448
1733251335025 0.2 24960000
1733251374099 0.2 25001984
1733251409151 0.2 25034752
1733251444104 0.2 25067520
1733251479308 0.2 25100288
1733251518889 0.2 25120000
1733251558442 0.2 25165824
1733251593666 0.2 25198592
1733251628631 0.2 25231360
1733251663201 0.2 25264128
1733251701286 0.2 25280000
1733251742854 0.2 25329664
1733251777548 0.2 25362432
1733251812259 0.2 25395200
1733251847125 0.2 25427968
1733251884233 0.2 25440000
1733251926916 0.2 25493504
1733251961678 0.2 25526272
1733251996180 0.2 25559040
1733252030696 0.2 25591808
1733252066528 0.2 25600000
1733252110885 0.2 25657344
1733252145377 0.2 25690112
1733252179957 0.2 25722880
1733252214609 0.2 25755648
1733252248136 0.2 25760000
1733252293568 0.2 25821184
1733252328619 0.2 25853952
1733252363665 0.2 25886720
1733252398491 0.2 25919488
1733252431081 0.2 25920000
1733252477275 0.2 25985024
1733252511781 0.2 26017792
1733252546570 0.2 26050560
1733252590471 0.2 26080000
1733252626451 0.2 26116096
1733252661097 0.2 26148864
1733252695844 0.2 26181632
1733252730564 0.2 26214400
1733252772491 0.2 26240000
1733252810191 0.2 26279936
1733252845313 0.2 26312704
1733252880115 0.2 26345472
1733252914615 0.2 26378240
1733252954063 0.2 26400000
1733252993341 0.2 26443776
1733253028181 0.2 26476544
1733253062593 0.2 26509312
1733253096880 0.2 26542080
1733253136473 0.2 26560000
1733253176783 0.2 26607616
1733253211414 0.2 26640384
1733253246487 0.2 26673152
1733253280946 0.2 26705920
1733253318235 0.2 26720000
1733253360085 0.2 26771456
1733253394302 0.2 26804224
1733253429116 0.2 26836992
1733253463678 0.2 26869760
1733253499322 0.2 26880000
1733253542394 0.2 26935296
1733253577205 0.2 26968064
1733253611885 0.2 27000832
1733253646572 0.2 27033600
1733253680844 0.2 27040000
1733253725509 0.2 27099136
1733253760381 0.2 27131904
1733253795217 0.2 27164672
1733253829807 0.2 27197440
1733253863169 0.2 27200000
1733253908675 0.2 27262976
1733253943683 0.2 27295744
1733253978213 0.2 27328512
1733254020867 0.2 27360000
1733254056699 0.2 27394048
1733254091105 0.2 27426816
1733254126390 0.2 27459584
1733254160668 0.2 27492352
1733254203239 0.2 27520000
1733254240155 0.2 27557888
1733254274740 0.2 27590656
1733254309866 0.2 27623424
1733254344588 0.2 27656192
1733254385831 0.2 27680000
1733254424480 0.2 27721728
1733254458440 0.2 27754496
1733254492778 0.2 27787264
1733254527144 0.2 27820032
1733254566920 0.2 27840000
1733254605896 0.2 27885568
1733254640733 0.2 27918336
1733254676216 0.2 27951104
1733254711052 0.2 27983872
1733254748558 0.2 28000000
1733254788731 0.2 28049408
1733254822839 0.2 28082176
1733254857756 0.2 28114944
1733254892150 0.2 28147712
1733254927998 0.2 28160000
1733254969523 0.2 28213248
1733255004314 0.2 28246016
1733255039181 0.2 28278784
1733255074120 0.2 28311552
1733255108990 0.2 28320000
1733255152925 0.2 28377088
1733255187364 0.2 28409856
1733255222652 0.2 28442624
1733255257348 0.2 28475392
1733255290948 0.2 28480000
1733255335872 0.2 28540928
1733255370577 0.2 28573696
1733255405014 0.2 28606464
1733255439560 0.2 28639232
1733255471751 0.2 28640000
1733255517354 0.2 28704768
1733255551980 0.2 28737536
1733255586572 0.2 28770304
1733255629254 0.2 28800000
1733255665184 0.2 28835840
1733255699195 0.2 28868608
1733255733759 0.2 28901376
1733255769025 0.2 28934144
1733255809478 0.2 28960000
1733255846378 0.2 28999680
1733255881470 0.2 29032448
1733255916555 0.2 29065216
1733255951536 0.2 29097984
1733255991160 0.2 29120000
1733256030752 0.2 29163520
1733256066227 0.2 29196288
1733256101141 0.2 29229056
1733256136006 0.2 29261824
1733256174802 0.2 29280000
1733256214934 0.2 29327360
1733256248870 0.2 29360128
1733256283869 0.2 29392896
1733256318584 0.2 29425664
1733256354958 0.2 29440000
1733256395862 0.2 29491200
1733256430785 0.2 29523968
1733256465608 0.2 29556736
1733256500000 0.2 29589504
1733256535664 0.2 29600000
1733256578490 0.2 29655040
1733256614208 0.2 29687808
1733256648720 0.2 29720576
1733256683369 0.2 29753344
1733256718734 0.2 29760000
1733256763687 0.2 29818880
1733256798204 0.2 29851648
1733256832619 0.2 29884416
1733256867643 0.2 29917184
1733256901537 0.2 29920000
1733256947604 0.2 29982720
1733256982428 0.2 30015488
1733257016859 0.2 30048256
1733257060582 0.2 30080000
1733257095593 0.2 30113792
1733257130785 0.2 30146560
1733257165284 0.2 30179328
1733257199965 0.2 30212096
1733257242292 0.2 30240000
1733257279697 0.2 30277632
1733257314414 0.2 30310400
1733257348994 0.2 30343168
1733257384137 0.2 30375936
1733257425038 0.2 30400000
1733257463049 0.2 30441472
1733257497961 0.2 30474240
1733257532948 0.2 30507008
1733257567459 0.2 30539776
1733257607310 0.2 30560000
1733257646436 0.2 30605312
1733257681120 0.2 30638080
1733257716004 0.2 30670848
1733257750545 0.2 30703616
1733257788792 0.2 30720000
1733257830000 0.2 30769152
1733257864743 0.2 30801920
1733257899062 0.2 30834688
1733257933950 0.2 30867456
1733257970633 0.2 30880000
1733258014067 0.2 30932992
1733258048794 0.2 30965760
1733258083817 0.2 30998528
1733258118433 0.2 31031296
1733258154049 0.2 31040000
1733258197561 0.2 31096832
1733258232556 0.2 31129600
1733258266730 0.2 31162368
1733258301490 0.2 31195136
1733258335833 0.2 31200000
1733258381084 0.2 31260672
1733258416093 0.2 31293440
1733258451218 0.2 31326208
1733258486175 0.2 31358976
1733258518585 0.2 31360000
1733258564928 0.2 31424512
1733258599433 0.2 31457280
1733258634173 0.2 31490048
1733258677419 0.2 31520000
1733258713417 0.2 31555584
1733258748139 0.2 31588352
1733258782652 0.2 31621120
1733258817295 0.2 31653888
1733258859283 0.2 31680000
1733258896798 0.2 31719424
1733258931798 0.2 31752192
1733258966795 0.2 31784960
1733259001810 0.2 31817728
1733259042904 0.2 31840000
1733259081097 0.2 31883264
1733259115686 0.2 31916032
1733259150479 0.2 31948800
1733259185075 0.2 31981568
1733259224147 0.2 32000000
1733259264977 0.2 32047104
1733259300134 0.2 32079872
1733259334649 0.2 32112640
1733259370527 0.2 32145408
1733259408545 0.2 32160000
1733259450877 0.2 32210944
1733259486658 0.2 32243712
1733259521169 0.2 32276480
1733259556912 0.2 32309248
1733259592902 0.2 32320000
1733259636296 0.2 32374784
1733259670733 0.2 32407552
1733259706048 0.2 32440320
1733259742052 0.2 32473088
1733259776542 0.2 32480000
1733259821654 0.2 32538624
1733259856324 0.2 32571392
1733259891579 0.2 32604160
1733259925942 0.2 32636928
1733259959695 0.2 32640000
1733260006428 0.2 32702464
1733260041647 0.2 32735232
1733260077228 0.2 32768000
1733260120959 0.2 32800000
1733260157591 0.2 32833536
1733260191442 0.2 32866304
1733260227084 0.2 32899072
1733260262342 0.2 32931840
1733260303961 0.2 32960000
1733260340928 0.2 32997376
1733260376340 0.2 33030144
1733260412505 0.2 33062912
1733260447088 0.2 33095680
1733260489084 0.2 33120000
1733260527508 0.2 33161216
1733260563346 0.2 33193984
1733260598603 0.2 33226752
1733260633314 0.2 33259520
1733260673507 0.2 33280000
1733260713093 0.2 33325056
1733260749415 0.2 33357824
1733260784430 0.2 33390592
1733260819511 0.2 33423360
1733260859696 0.2 33440000
1733260900035 0.2 33488896
1733260936358 0.2 33521664
1733260970426 0.2 33554432
1733261006288 0.2 33587200
1733261043819 0.2 33600000
1733261087249 0.2 33652736
1733261123139 0.2 33685504
1733261157904 0.2 33718272
1733261195052 0.2 33751040
1733261231147 0.2 33760000
1733261276439 0.2 33816576
1733261311969 0.2 33849344
1733261347226 0.2 33882112
1733261382676 0.2 33914880
1733261417414 0.2 33920000
1733261462942 0.2 33980416
1733261498883 0.2 34013184
1733261536312 0.2 34045952
1733261572470 0.2 34078720
1733261605833 0.2 34080000
1733261654093 0.2 34144256
1733261689824 0.2 34177024
1733261725617 0.2 34209792
1733261769073 0.2 34240000
1733261805367 0.2 34275328
1733261841481 0.2 34308096
1733261877594 0.2 34340864
1733261912997 0.2 34373632
1733261956121 0.2 34400000
1733261995372 0.2 34439168
1733262030759 0.2 34471936
1733262066682 0.2 34504704
1733262105203 0.2 34537472
1733262147443 0.2 34560000
1733262187482 0.2 34603008
1733262222935 0.2 34635776
1733262259928 0.2 34668544
1733262295118 0.2 34701312
1733262334028 0.2 34720000
1733262376154 0.2 34766848
1733262413035 0.2 34799616
1733262448453 0.2 34832384
1733262484856 0.2 34865152
1733262523529 0.2 34880000
1733262566527 0.2 34930688
1733262602332 0.2 34963456
1733262638944 0.2 34996224
1733262674120 0.2 35028992
1733262711093 0.2 35040000
1733262755147 0.2 35094528
1733262791062 0.2 35127296
1733262826564 0.2 35160064
1733262863267 0.2 35192832
1733262899673 0.2 35200000
1733262946017 0.2 35258368
1733262981475 0.2 35291136
1733263018898 0.2 35323904
1733263054672 0.2 35356672
1733263089195 0.2 35360000
1733263136507 0.2 35422208
1733263173622 0.2 35454976
1733263209081 0.2 35487744
1733263253799 0.2 35520000
1733263290439 0.2 35553280
1733263326970 0.2 35586048
1733263362060 0.2 35618816
1733263398801 0.2 35651584
1733263441347 0.2 35680000
1733263478619 0.2 35717120
1733263513868 0.2 35749888
1733263548699 0.2 35782656
1733263585197 0.2 35815424
1733263626561 0.2 35840000
1733263664374 0.2 35880960
1733263700207 0.2 35913728
1733263734881 0.2 35946496
1733263770741 0.2 35979264
1733263810843 0.2 36000000
1733263850432 0.2 36044800
1733263886380 0.2 36077568
1733263921315 0.2 36110336
1733263957993 0.2 36143104
1733263996615 0.2 36160000
1733264037692 0.2 36208640
1733264073396 0.2 36241408
1733264108086 0.2 36274176
1733264144532 0.2 36306944
1733264181039 0.2 36320000
1733264223319 0.2 36372480
1733264258984 0.2 36405248
1733264293973 0.2 36438016
1733264329784 0.2 36470784
1733264365045 0.2 36480000
1733264409666 0.2 36536320
1733264445597 0.2 36569088
1733264479906 0.2 36601856
1733264516719 0.2 36634624
1733264551225 0.2 36640000
1733264596985 0.2 36700160
1733264632250 0.2 36732928
1733264667232 0.2 36765696
1733264704117 0.2 36798464
1733264736775 0.2 36800000
1733264784830 0.2 36864000
1733264820995 0.2 36896768
1733264855645 0.2 36929536
1733264900361 0.2 36960000
1733264936453 0.2 36995072
1733264971850 0.2 37027840
1733265007948 0.2 37060608
1733265043458 0.2 37093376
1733265086214 0.2 37120000
1733265124232 0.2 37158912
1733265159364 0.2 37191680
1733265195237 0.2 37224448
1733265230409 0.2 37257216
1733265272707 0.2 37280000
1733265311755 0.2 37322752
1733265346661 0.2 37355520
1733265382651 0.2 37388288
1733265417791 0.2 37421056
1733265458602 0.2 37440000
1733265498914 0.2 37486592
1733265533394 0.2 37519360
1733265568903 0.2 37552128
1733265603352 0.2 37584896
1733265642639 0.2 37600000
1733265685177 0.2 37650432
1733265720150 0.2 37683200
1733265756171 0.2 37715968
1733265791286 0.2 37748736
1733265828736 0.2 37760000
1733265872501 0.2 37814272
1733265907120 0.2 37847040
1733265944142 0.2 37879808
1733265979279 0.2 37912576
1733266015259 0.2 37920000
1733266061060 0.2 37978112
1733266095941 0.2 38010880
1733266133222 0.2 38043648
1733266168744 0.2 38076416
1733266202951 0.2 38080000
1733266249140 0.2 38141952
1733266283697 0.2 38174720
1733266320373 0.2 38207488
1733266366135 0.2 38240000
1733266401028 0.2 38273024
1733266438266 0.2 38305792
1733266473989 0.2 38338560
1733266510037 0.2 38371328
1733266553873 0.2 38400000
1733266590753 0.2 38436864
1733266626420 0.2 38469632
1733266660934 0.2 38502400
1733266696824 0.2 38535168
1733266738520 0.2 38560000
1733266776243 0.2 38600704
1733266813007 0.2 38633472
1733266847973 0.2 38666240
1733266883855 0.2 38699008
1733266925177 0.2 38720000
1733266965057 0.2 38764544
1733267001558 0.2 38797312
1733267036874 0.2 38830080
1733267072218 0.2 38862848
1733267112612 0.2 38880000
1733267154463 0.2 38928384
1733267190710 0.2 38961152
1733267226617 0.2 38993920
1733267261742 0.2 39026688
1733267300531 0.2 39040000
1733267343218 0.2 39092224
1733267378292 0.2 39124992
1733267413232 0.2 39157760
1733267448494 0.2 39190528
1733267486169 0.2 39200000
1733267530081 0.2 39256064
1733267565496 0.2 39288832
1733267601411 0.2 39321600
1733267636606 0.2 39354368
1733267673076 0.2 39360000
1733267718640 0.2 39419904
1733267753010 0.2 39452672
1733267788550 0.2 39485440
1733267823745 0.2 39518208
1733267857788 0.2 39520000
1733267903976 0.2 39583744
1733267938589 0.2 39616512
1733267974334 0.2 39649280
1733268017488 0.2 39680000
1733268054667 0.2 39714816
1733268089996 0.2 39747584
1733268125333 0.2 39780352
1733268160879 0.2 39813120
1733268203076 0.2 39840000
1733268242006 0.2 39878656
1733268277046 0.2 39911424
1733268312362 0.2 39944192
1733268347668 0.2 39976960
1733268388524 0.2 40000000
1733268428242 0.2 40042496
1733268463836 0.2 40075264
1733268498376 0.2 40108032
1733268533491 0.2 40140800
1733268572480 0.2 40160000
1733268613206 0.2 40206336
1733268647992 0.2 40239104
1733268683366 0.2 40271872
1733268719013 0.2 40304640
1733268756883 0.2 40320000
1733268799100 0.2 40370176
1733268835208 0.2 40402944
1733268870254 0.2 40435712
1733268905803 0.2 40468480
1733268941877 0.2 40480000
1733268984348 0.2 40534016
1733269020729 0.2 40566784
1733269055370 0.2 40599552
1733269092901 0.2 40632320
1733269127207 0.2 40640000
1733269171806 0.2 40697856
1733269207686 0.2 40730624
1733269242483 0.2 40763392
1733269278132 0.2 40796160
1733269311949 0.2 40800000
1733269358734 0.2 40861696
1733269394499 0.2 40894464
1733269429323 0.2 40927232
1733269474871 0.2 40960000
1733269510283 0.2 40992768
1733269545365 0.2 41025536
1733269581822 0.2 41058304
1733269617110 0.2 41091072
1733269659401 0.2 41120000
1733269695659 0.2 41156608
1733269730711 0.2 41189376
1733269765529 0.2 41222144
1733269801202 0.2 41254912
1733269841832 0.2 41280000
1733269879879 0.2 41320448
1733269915336 0.2 41353216
1733269950085 0.2 41385984
1733269985699 0.2 41418752
1733270025714 0.2 41440000
1733270065411 0.2 41484288
1733270101605 0.2 41517056
1733270136504 0.2 41549824
1733270171240 0.2 41582592
1733270210315 0.2 41600000
1733270251636 0.2 41648128
1733270286759 0.2 41680896
1733270322452 0.2 41713664
1733270357605 0.2 41746432
1733270395626 0.2 41760000
1733270436741 0.2 41811968
1733270471147 0.2 41844736
1733270506913 0.2 41877504
1733270541785 0.2 41910272
1733270577442 0.2 41920000
1733270621924 0.2 41975808
1733270656982 0.2 42008576
1733270691751 0.2 42041344
1733270726434 0.2 42074112
1733270761077 0.2 42080000
1733270806169 0.2 42139648
1733270841535 0.2 42172416
1733270876506 0.2 42205184
1733270913108 0.2 42237952
1733270945563 0.2 42240000
1733270991542 0.2 42303488
1733271027582 0.2 42336256
1733271061801 0.2 42369024
1733271105213 0.2 42400000
1733271142783 0.2 42434560
1733271178117 0.2 42467328
1733271213057 0.2 42500096
1733271248440 0.2 42532864
1733271290611 0.2 42560000
1733271327882 0.2 42598400
1733271362972 0.2 42631168
1733271397987 0.2 42663936
1733271434387 0.2 42696704
1733271475288 0.2 42720000
