1733223270356 -0.08646823465824127 65536
1733223306525 -0.09671225398778915 98304
1733223341982 -0.09430522471666336 131072
1733223384353 -0.10536117106676102 160000
1733223421227 -0.09593784809112549 196608
1733223455653 -0.089900903403759 229376
1733223489436 -0.06375281512737274 262144
1733223525185 -0.10483210533857346 294912
1733223567147 -0.1016288548707962 320000
1733223603854 -0.09041407704353333 360448
1733223638227 -0.10533543676137924 393216
1733223672378 -0.09472495317459106 425984
1733223706837 -0.11401142179965973 458752
1733223745568 -0.11282657086849213 480000
1733223784115 -0.09096486866474152 524288
1733223818847 -0.10489889234304428 557056
1733223853329 -0.10706155747175217 589824
1733223887797 -0.10232430696487427 622592
1733223926867 -0.10424407571554184 640000
1733223966562 -0.11667566001415253 688128
1733224000320 -0.11292244493961334 720896
1733224033611 -0.0906800776720047 753664
1733224067685 -0.11446613818407059 786432
1733224104599 -0.08791127800941467 800000
1733224145729 -0.09062469750642776 851968
1733224180148 -0.11467420309782028 884736
1733224214243 -0.10436896979808807 917504
1733224248750 -0.0871267020702362 950272
1733224284292 -0.09888814389705658 960000
1733224327894 -0.09566791355609894 1015808
1733224361226 -0.09817470610141754 1048576
1733224395932 -0.12714478373527527 1081344
1733224430457 -0.11591320484876633 1114112
1733224465655 -0.11695151031017303 1120000
1733224509351 -0.08530835062265396 1179648
1733224543158 -0.07654361426830292 1212416
1733224577442 -0.09436986595392227 1245184
1733224611139 -0.08396286517381668 1277952
1733224645129 -0.10594703257083893 1280000
1733224688887 -0.08810020238161087 1343488
1733224723386 -0.10259693115949631 1376256
1733224756731 -0.09419118613004684 1409024
1733224799569 -0.07423890382051468 1440000
1733224834176 -0.08899566531181335 1474560
1733224868042 -0.0889788568019867 1507328
1733224902583 -0.10863659530878067 1540096
1733224936464 -0.03917859122157097 1572864
1733224978477 -0.052736733108758926 1600000
1733225015117 -0.06646739691495895 1638400
1733225050007 -0.062328923493623734 1671168
1733225083673 -0.10587527602910995 1703936
1733225117725 -0.08090631663799286 1736704
1733225159061 -0.04554973170161247 1760000
1733225196683 -0.08036186546087265 1802240
1733225231190 -0.08466004580259323 1835008
1733225265480 -0.08821797370910645 1867776
1733225299496 -0.04627791419625282 1900544
1733225339571 -0.08161734789609909 1920000
1733225379907 -0.07892782241106033 1966080
1733225414131 -0.07893792539834976 1998848
1733225448629 -0.11132179945707321 2031616
1733225483419 -0.08025265485048294 2064384
1733225522042 -0.10235824435949326 2080000
1733225562272 -0.09766191989183426 2129920
1733225596326 -0.07131972908973694 2162688
1733225630657 -0.07845863699913025 2195456
1733225665751 -0.07676173746585846 2228224
1733225702700 -0.08768269419670105 2240000
1733225745154 -0.05495917424559593 2293760
1733225779736 -0.05120453983545303 2326528
1733225814402 -0.07789631932973862 2359296
1733225848663 -0.07699453085660934 2392064
1733225884268 -0.05138721317052841 2400000
1733225927903 -0.08578198403120041 2457600
1733225962748 -0.03825628012418747 2490368
1733225997879 -0.04577403515577316 2523136
1733226032899 -0.023295177146792412 2555904
1733226067859 -0.0662284791469574 2560000
1733226113346 -0.07513179630041122 2621440
1733226148154 -0.07369661331176758 2654208
1733226183002 -0.09945200383663177 2686976
1733226217276 -0.0780843049287796 2719744
1733226249275 -0.09155289083719254 2720000
1733226295645 -0.06365989148616791 2785280
1733226330409 -0.11111530661582947 2818048
1733226364667 -0.0896383672952652 2850816
1733226408588 -0.10028522461652756 2880000
1733226444736 -0.047917429357767105 2916352
1733226479601 -0.050778307020664215 2949120
1733226513941 -0.05954631790518761 2981888
1733226548547 -0.05205187946557999 3014656
1733226590653 -0.039147645235061646 3040000
1733226628784 -0.08989524096250534 3080192
1733226663482 -0.09273159503936768 3112960
1733226697831 -0.084161676466465 3145728
1733226732230 -0.08640918880701065 3178496
1733226772819 -0.06649210304021835 3200000
1733226811732 -0.0765167847275734 3244032
1733226846838 -0.11489187926054001 3276800
1733226881497 -0.10573641955852509 3309568
1733226916790 -0.0500948540866375 3342336
1733226956029 -0.07349135726690292 3360000
1733226996265 -0.06704912334680557 3407872
1733227030611 -0.05373480170965195 3440640
1733227065260 -0.08550821244716644 3473408
1733227099846 -0.05863432586193085 3506176
1733227137482 -0.05799725279211998 3520000
1733227178465 -0.08731462061405182 3571712
1733227212661 -0.09906888753175735 3604480
1733227247359 -0.05411609262228012 3637248
1733227282208 -0.050241608172655106 3670016
1733227318090 -0.09624099731445312 3680000
1733227360637 -0.07730192691087723 3735552
1733227394835 -0.08670055866241455 3768320
1733227429125 -0.07897147536277771 3801088
1733227464074 -0.07818365842103958 3833856
1733227498648 -0.05452079698443413 3840000
1733227542980 -0.08278226852416992 3899392
1733227577792 -0.028888139873743057 3932160
1733227612107 -0.053274791687726974 3964928
1733227646748 -0.06476934254169464 3997696
1733227680187 -0.03621750324964523 4000000
1733227726317 -0.04301348328590393 4063232
1733227760749 -0.06972555071115494 4096000
1733227795348 -0.06525645405054092 4128768
1733227839444 -0.09148562699556351 4160000
1733227875706 -0.02561303600668907 4194304
1733227910904 -0.04836112633347511 4227072
1733227945931 1.3515592813491821 4259840
1733227980767 -0.05446762964129448 4292608
1733228023334 -0.06579400599002838 4320000
1733228060815 -0.057798560708761215 4358144
1733228096001 -0.07480120658874512 4390912
1733228131058 -0.07615868002176285 4423680
1733228166573 -0.06614615023136139 4456448
1733228207637 -0.027030888944864273 4480000
1733228246293 -0.056159790605306625 4521984
1733228280970 -0.02484429068863392 4554752
1733228316073 -0.06813975423574448 4587520
1733228350879 -0.08482087403535843 4620288
1733228390068 -0.08255478739738464 4640000
1733228430665 -0.054367829114198685 4685824
1733228465523 -0.055439166724681854 4718592
1733228500895 -0.020666658878326416 4751360
1733228536151 0.04030440002679825 4784128
1733228573858 -0.03985809534788132 4800000
1733228615038 -0.04856225848197937 4849664
1733228649828 -0.07107943296432495 4882432
1733228684076 -0.08701276779174805 4915200
1733228718781 -0.07246029376983643 4947968
1733228755998 -0.03539491072297096 4960000
1733228798669 -0.08717016130685806 5013504
1733228833884 -0.03364959731698036 5046272
1733228868912 -0.058740586042404175 5079040
1733228904464 -0.07642161846160889 5111808
1733228940115 -0.016532769426703453 5120000
1733228984249 -0.07494271546602249 5177344
1733229019589 -0.02459600195288658 5210112
1733229054775 -0.036745864897966385 5242880
1733229090164 -0.05951062589883804 5275648
1733229124528 -0.06956183165311813 5280000
1733229171005 -0.005637757014483213 5341184
1733229206828 -0.027395984157919884 5373952
1733229241843 -0.043440595269203186 5406720
1733229276911 -0.05618729069828987 5439488
1733229309767 -0.05029672384262085 5440000
1733229358714 -0.03858467563986778 5505024
1733229394042 -0.05836351215839386 5537792
1733229428935 -0.05796497315168381 5570560
1733229472029 -0.030635183677077293 5600000
1733229508502 -0.06616593152284622 5636096
1733229543858 -0.06521046161651611 5668864
1733229580324 -0.0951463133096695 5701632
1733229615538 -0.1013878881931305 5734400
1733229658034 -0.03757830336689949 5760000
1733229695666 -0.038557086139917374 5799936
1733229730606 -0.048752471804618835 5832704
1733229765430 -0.03377557545900345 5865472
1733229800528 -0.037825167179107666 5898240
1733229841334 -0.030892666429281235 5920000
1733229881172 -0.07713748514652252 5963776
1733229916005 -0.034469012171030045 5996544
1733229950699 -0.029604122042655945 6029312
1733229986233 -0.07200741022825241 6062080
1733230025374 -0.0716186985373497 6080000
1733230066596 -0.0718117207288742 6127616
1733230101625 -0.05780751258134842 6160384
1733230137205 -0.04569206386804581 6193152
1733230172476 -0.029770737513899803 6225920
1733230210537 -0.06223500892519951 6240000
1733230253449 -0.039255864918231964 6291456
1733230290756 -0.040612053126096725 6324224
1733230326844 -0.029880093410611153 6356992
1733230362932 -0.040897876024246216 6389760
1733230399549 -0.03309473395347595 6400000
1733230445008 -0.05656616389751434 6455296
1733230480628 -0.02810424193739891 6488064
1733230515590 -0.05756692215800285 6520832
1733230551154 -0.01757776364684105 6553600
1733230587215 -0.04814579337835312 6560000
1733230634791 -0.06869212538003922 6619136
1733230670509 -0.06765025109052658 6651904
1733230706498 -0.09527067840099335 6684672
1733230742568 -0.07871318608522415 6717440
1733230776610 -0.06454641371965408 6720000
1733230823581 -0.08662112057209015 6782976
1733230858972 -0.012684604153037071 6815744
1733230894468 -0.03865288943052292 6848512
1733230939447 0.03045724891126156 6880000
1733230976070 -0.05449555441737175 6914048
1733231011747 -0.07109659165143967 6946816
1733231047081 -0.019693784415721893 6979584
1733231082460 -0.062290843576192856 7012352
1733231125348 -0.048628900200128555 7040000
1733231163163 -0.052811384201049805 7077888
1733231198397 -0.05441177636384964 7110656
1733231234316 -0.04867392033338547 7143424
1733231269959 -0.061278391629457474 7176192
1733231312249 -0.07856008410453796 7200000
1733231351357 -0.054460667073726654 7241728
1733231386416 -0.05296685919165611 7274496
1733231422801 -0.03255418688058853 7307264
1733231458662 -0.005770091433078051 7340032
1733231498261 -0.01138634979724884 7360000
1733231538563 -0.05159047991037369 7405568
1733231573481 -0.04769914224743843 7438336
1733231608838 -0.0822434276342392 7471104
1733231644161 -0.02075125277042389 7503872
1733231683290 -0.06531938165426254 7520000
1733231724983 -0.05112474784255028 7569408
1733231760409 -0.07644396275281906 7602176
1733231796044 -0.041080281138420105 7634944
1733231832693 -0.05715993419289589 7667712
1733231870938 -0.055716291069984436 7680000
1733231914194 -0.032168030738830566 7733248
1733231949238 -0.02602042257785797 7766016
1733231985108 -0.07412178814411163 7798784
1733232019859 -0.03518775850534439 7831552
1733232055809 -0.07383032143115997 7840000
1733232100276 -0.027402527630329132 7897088
1733232134839 -0.059423498809337616 7929856
1733232169635 -0.025913191959261894 7962624
1733232206321 0.004862818866968155 7995392
1733232241677 -0.07458704710006714 8000000
1733232287701 -0.044409073889255524 8060928
1733232322477 -0.08582472801208496 8093696
1733232357265 -0.07003431022167206 8126464
1733232392724 0.0031856510322541 8159232
1733232425676 -0.06395494192838669 8160000
1733232473064 -0.036977995187044144 8224768
1733232507859 -0.06834034621715546 8257536
1733232543078 -0.02069573476910591 8290304
1733232586599 -0.0011782021028921008 8320000
1733232624643 -0.02128407545387745 8355840
1733232660332 -0.040095433592796326 8388608
1733232695040 -0.08623916655778885 8421376
1733232730369 -0.0584210604429245 8454144
1733232772859 -0.05196964368224144 8480000
1733232810816 -0.005322993732988834 8519680
1733232845730 -0.049420423805713654 8552448
1733232880620 -0.052007388323545456 8585216
1733232915377 -0.06346359848976135 8617984
1733232956332 -0.07475156337022781 8640000
1733232995238 -0.053038887679576874 8683520
1733233030319 -0.03584613651037216 8716288
1733233065309 -0.05092233046889305 8749056
1733233100316 -0.033383581787347794 8781824
1733233139405 -0.03702900931239128 8800000
1733233179735 -0.06470222771167755 8847360
1733233215192 -0.03882017731666565 8880128
1733233250240 -0.03751459717750549 8912896
1733233284655 -0.07605215162038803 8945664
1733233322519 -0.05870164558291435 8960000
1733233365467 -0.017148664221167564 9011200
1733233401022 -0.04616095870733261 9043968
1733233436187 -0.0930536612868309 9076736
1733233471277 -0.04487043246626854 9109504
1733233507720 -0.07446416467428207 9120000
1733233551614 -0.07995975017547607 9175040
1733233586267 -0.0534684881567955 9207808
1733233621497 -0.026541875675320625 9240576
1733233656642 -0.0599847286939621 9273344
1733233692482 -0.06979598850011826 9280000
1733233738025 -0.07032991200685501 9338880
1733233773587 -0.09754010289907455 9371648
1733233808574 -0.0235909391194582 9404416
1733233843414 -0.07392897456884384 9437184
1733233876238 -0.03436725586652756 9440000
1733233922550 -0.061877354979515076 9502720
1733233956920 -0.0501079224050045 9535488
1733233991894 -0.06731788069009781 9568256
1733234036294 -0.06963042914867401 9600000
1733234072124 -0.04472031071782112 9633792
1733234107724 -0.05907575041055679 9666560
1733234142980 -0.09214001148939133 9699328
1733234177942 -0.04719974100589752 9732096
1733234220086 -0.08603363484144211 9760000
1733234256883 -0.04417744278907776 9797632
1733234292067 -0.031585536897182465 9830400
1733234326823 -0.08215237408876419 9863168
1733234361344 -0.022549623623490334 9895936
1733234402631 -0.09626878052949905 9920000
1733234441069 -0.07081422954797745 9961472
1733234475929 -0.040867358446121216 9994240
1733234511294 -0.04256794601678848 10027008
1733234546810 -0.08737875521183014 10059776
1733234587381 -0.047390569001436234 10080000
1733234627628 -0.01253084372729063 10125312
1733234662393 -0.07026738673448563 10158080
1733234697217 -0.02576158009469509 10190848
1733234732249 -0.05993214249610901 10223616
1733234770979 -0.07834475487470627 10240000
1733234812456 -0.004747765138745308 10289152
1733234846975 -0.056164417415857315 10321920
1733234881636 -0.053054630756378174 10354688
1733234916495 -0.03165857866406441 10387456
1733234953657 -0.06881672143936157 10400000
1733234996617 -0.06722816824913025 10452992
1733235031760 -0.024853333830833435 10485760
1733235066539 -0.03341466560959816 10518528
1733235103211 -0.03360997140407562 10551296
1733235139690 -0.07170054316520691 10560000
1733235183873 -0.036578789353370667 10616832
1733235218541 -0.055569540709257126 10649600
1733235254926 -0.028326334431767464 10682368
1733235290724 -0.07697924971580505 10715136
1733235325241 -0.05947368964552879 10720000
1733235372073 -0.0683077797293663 10780672
1733235407437 -0.04712248966097832 10813440
1733235442761 -0.06244197115302086 10846208
1733235477712 -0.0640728697180748 10878976
1733235510641 -0.07547397166490555 10880000
1733235558403 -0.05586608871817589 10944512
1733235593459 -0.0731363594532013 10977280
1733235628124 0.06127991899847984 11010048
1733235670987 0.027843395248055458 11040000
1733235707991 -0.054928969591856 11075584
1733235743000 -0.025645677000284195 11108352
1733235778019 -0.06530305743217468 11141120
1733235812889 -0.04910233989357948 11173888
1733235855188 -0.06395556777715683 11200000
1733235893151 -0.05357417091727257 11239424
1733235928410 -0.04232131317257881 11272192
1733235963521 -0.03654428943991661 11304960
1733235998279 0.17131590843200684 11337728
1733236038680 -0.09496302902698517 11360000
1733236078095 -0.060618944466114044 11403264
1733236112523 -0.053594790399074554 11436032
1733236147517 -0.07808449864387512 11468800
1733236182368 -0.07678885012865067 11501568
1733236223409 -0.07863231003284454 11520000
1733236264420 0.011778806336224079 11567104
1733236299277 0.010008042678236961 11599872
1733236334000 -0.030535997822880745 11632640
1733236368966 -0.04928284510970116 11665408
1733236406614 -0.0350470244884491 11680000
1733236448211 -0.060752857476472855 11730944
1733236482667 -0.056952692568302155 11763712
1733236517383 -0.03101249225437641 11796480
1733236552198 -0.021700002253055573 11829248
1733236588788 -0.033224038779735565 11840000
1733236632134 -0.04561373591423035 11894784
1733236666674 -0.01567922905087471 11927552
1733236701866 -0.02720736898481846 11960320
1733236736005 -0.042718060314655304 11993088
1733236771902 -0.053060825914144516 12000000
1733236817032 -0.05043410137295723 12058624
1733236852053 -0.031327392905950546 12091392
1733236887135 -0.0279817096889019 12124160
1733236922034 -0.05135031044483185 12156928
1733236955457 -0.046440768986940384 12160000
1733237001031 -0.04461143910884857 12222464
1733237036271 -0.0035941917449235916 12255232
1733237071099 -0.05591398477554321 12288000
1733237115126 -0.057544998824596405 12320000
1733237151736 0.011565249413251877 12353536
1733237186558 -0.06716576218605042 12386304
1733237221606 -0.03650056570768356 12419072
1733237256118 0.00430563697591424 12451840
1733237299218 -0.0041494350880384445 12480000
1733237336087 -0.0010725893080234528 12517376
1733237372647 -0.03846143186092377 12550144
1733237409257 -0.0772295668721199 12582912
1733237444310 -0.07950145751237869 12615680
1733237485884 -0.07143529504537582 12640000
1733237523738 -0.061246395111083984 12681216
1733237558361 -0.022798610851168633 12713984
1733237593101 -0.08027451485395432 12746752
1733237627983 -0.08298094570636749 12779520
1733237668247 -0.0528070367872715 12800000
1733237708196 -0.07170604169368744 12845056
1733237743413 -0.09198454767465591 12877824
1733237777994 -0.05314261466264725 12910592
1733237813068 0.014529271982610226 12943360
1733237851115 -0.029368316754698753 12960000
1733237892829 -0.023513758555054665 13008896
1733237927448 -0.04761326685547829 13041664
1733237962138 -0.032491084188222885 13074432
1733237996714 -0.07680506259202957 13107200
1733238034415 -0.040358904749155045 13120000
1733238078992 -0.05705500766634941 13172736
1733238114164 -0.043495453894138336 13205504
1733238149777 -0.07049399614334106 13238272
1733238184810 -0.05380789190530777 13271040
1733238221034 -0.03867805749177933 13280000
1733238266036 0.007472684606909752 13336576
1733238300884 -0.060715701431035995 13369344
1733238335842 -0.06122444570064545 13402112
1733238371981 -0.05439480394124985 13434880
1733238407704 -0.021662531420588493 13440000
1733238454946 -0.05904295668005943 13500416
1733238490434 -0.04568348079919815 13533184
1733238525013 -0.07241329550743103 13565952
1733238561133 0.002600013744086027 13598720
1733238594360 -0.08440034836530685 13600000
1733238640472 -0.06287466734647751 13664256
1733238675629 -0.06394050270318985 13697024
1733238710530 -0.030178064480423927 13729792
1733238754090 -0.003223028499633074 13760000
1733238791120 -0.04321334511041641 13795328
1733238825970 -0.03247915208339691 13828096
1733238860862 -0.03553931415081024 13860864
1733238895955 -0.023853082209825516 13893632
1733238937818 -0.06667125970125198 13920000
1733238975449 -0.08321523666381836 13959168
1733239011496 -0.06110425293445587 13991936
1733239046802 0.04065284878015518 14024704
1733239081470 -0.03147529810667038 14057472
1733239122502 -0.05218852683901787 14080000
1733239162731 -0.044643204659223557 14123008
1733239198116 -0.0716232880949974 14155776
1733239233030 -0.06622257828712463 14188544
1733239268006 -0.03540175408124924 14221312
1733239307512 -0.0855633094906807 14240000
1733239348184 -0.04617202654480934 14286848
1733239382983 -0.06244630739092827 14319616
1733239417682 -0.08578154444694519 14352384
1733239452190 -0.032220516353845596 14385152
1733239489745 -0.04941732436418533 14400000
1733239531212 -0.07262933999300003 14450688
1733239566137 -0.01164180412888527 14483456
1733239600660 -0.05182275548577309 14516224
1733239634917 -0.01597435399889946 14548992
1733239671481 -0.0451817661523819 14560000
1733239714144 -0.04127282276749611 14614528
1733239749284 -0.03320988640189171 14647296
1733239783904 -0.03982787951827049 14680064
1733239818355 -0.05014275386929512 14712832
1733239853287 -0.02083396352827549 14720000
1733239897757 -0.07157065719366074 14778368
1733239932331 -0.04305583983659744 14811136
1733239966879 -0.03969374671578407 14843904
1733240001536 -0.07502949982881546 14876672
1733240035551 -0.06434212625026703 14880000
1733240081537 -0.011408509686589241 14942208
1733240116396 -0.02722390741109848 14974976
1733240151243 -0.02898150309920311 15007744
1733240195556 0.9996159076690674 15040000
1733240230638 -0.014607195742428303 15073280
1733240264886 -0.01698911562561989 15106048
1733240299445 -0.018436864018440247 15138816
1733240334276 -0.023997677490115166 15171584
1733240376372 -0.04308919608592987 15200000
1733240412787 -0.03445710986852646 15237120
1733240447661 -0.044902391731739044 15269888
1733240482127 -0.056708924472332 15302656
1733240516653 -0.06416340917348862 15335424
1733240558402 -0.03465309739112854 15360000
1733240595928 -0.03361690416932106 15400960
1733240630668 -0.08622531592845917 15433728
1733240665619 -0.0451798215508461 15466496
1733240700152 -0.03397020697593689 15499264
1733240739987 -0.07397148758172989 15520000
1733240779197 -0.03549636900424957 15564800
1733240813468 -0.08948734402656555 15597568
1733240847774 -0.04761510342359543 15630336
1733240882756 0.022705188021063805 15663104
1733240920845 -0.07386206835508347 15680000
1733240961766 -0.07242852449417114 15728640
1733240996190 -0.07409507781267166 15761408
1733241031072 -0.03409188613295555 15794176
1733241065946 -0.07513870298862457 15826944
1733241103185 -0.05148088186979294 15840000
1733241145640 -0.0790395587682724 15892480
1733241180528 -0.057189371436834335 15925248
1733241215321 -0.05646330490708351 15958016
1733241249736 -0.009196089580655098 15990784
1733241285059 -0.042059384286403656 16000000
1733241328956 -0.05873974412679672 16056320
1733241363912 -0.04888143017888069 16089088
1733241398748 -0.06202884018421173 16121856
1733241433160 -0.034987255930900574 16154624
1733241466762 -0.061957597732543945 16160000
1733241511463 -0.05775659903883934 16220160
1733241546631 0.0057660299353301525 16252928
1733241581404 0.003112528007477522 16285696
1733241616269 0.0521545484662056 16318464
1733241648859 -0.05408374220132828 16320000
1733241695304 -0.04436757043004036 16384000
1733241730206 -0.04745941981673241 16416768
1733241764659 -0.03724832832813263 16449536
1733241808648 -0.04382092505693436 16480000
1733241844528 0.006078341975808144 16515072
1733241879468 -0.06420976668596268 16547840
1733241913751 -0.053769879043102264 16580608
1733241948299 -0.02803356572985649 16613376
1733241990453 -0.04231961816549301 16640000
1733242027560 -0.08915462344884872 16678912
1733242062462 -0.033499717712402344 16711680
1733242097507 -0.05144205316901207 16744448
1733242132179 -0.08480006456375122 16777216
1733242172895 -0.07134580612182617 16800000
1733242211615 -0.05969397351145744 16842752
1733242246699 -0.07388607412576675 16875520
1733242281415 -0.07540132850408554 16908288
1733242316183 -0.026761114597320557 16941056
1733242355705 -0.011958295479416847 16960000
1733242395460 0.0001184782013297081 17006592
1733242429984 -0.04407743737101555 17039360
1733242464199 -0.05536297336220741 17072128
1733242499597 -0.03114817477762699 17104896
1733242537536 -0.06275442242622375 17120000
1733242578624 -0.10027147829532623 17170432
1733242613514 -0.04585060849785805 17203200
1733242648004 -0.01778298057615757 17235968
1733242682919 -0.03526584804058075 17268736
1733242719033 -0.014497686177492142 17280000
1733242761030 -0.020888132974505424 17334272
1733242795695 -0.0802278071641922 17367040
1733242829982 0.000803646573331207 17399808
1733242864643 -0.08216089010238647 17432576
1733242899492 -0.04806556925177574 17440000
1733242943397 -0.05783819034695625 17498112
1733242977769 -0.036935046315193176 17530880
1733243012401 -0.0784812867641449 17563648
1733243046458 -0.039602186530828476 17596416
1733243079674 -0.060465116053819656 17600000
1733243125454 -0.057265494018793106 17661952
1733243160423 -0.0361391119658947 17694720
1733243195013 -0.04947105422616005 17727488
1733243238900 -0.011792195029556751 17760000
1733243273790 -0.03572653606534004 17793024
1733243308680 -0.028760481625795364 17825792
1733243343570 -0.06318791210651398 17858560
1733243378560 -0.07504694908857346 17891328
1733243422217 -0.06982499361038208 17920000
1733243458277 -0.07776722311973572 17956864
1733243493102 -0.061506785452365875 17989632
1733243527593 -0.048862606287002563 18022400
1733243562265 -0.029629100114107132 18055168
1733243603270 0.004870284348726273 18080000
1733243640709 0.0005517108365893364 18120704
1733243675433 -0.026364082470536232 18153472
1733243710248 -0.04679516330361366 18186240
1733243744806 -0.020935123786330223 18219008
1733243784230 -0.031874604523181915 18240000
1733243823650 -0.03344694525003433 18284544
1733243858599 -0.029409341514110565 18317312
1733243893255 -0.00729628698900342 18350080
1733243927913 -0.035765718668699265 18382848
1733243966965 -0.015546170994639397 18400000
1733244007645 -0.03536143898963928 18448384
1733244041735 -0.026788940653204918 18481152
1733244076292 -0.024402769282460213 18513920
1733244110507 -0.06622245162725449 18546688
1733244147579 -0.03600245714187622 18560000
1733244189534 -0.07061693072319031 18612224
1733244225215 0.007966574281454086 18644992
1733244260550 -0.03385894000530243 18677760
1733244295137 -0.03564264625310898 18710528
1733244330760 -0.007207922637462616 18720000
1733244374530 -0.03355030715465546 18776064
1733244409145 -0.02344152145087719 18808832
1733244443340 -0.03516082465648651 18841600
1733244477976 -0.04028219357132912 18874368
1733244512624 -0.03378083184361458 18880000
1733244556720 -0.012750968337059021 18939904
1733244590960 -0.041763368993997574 18972672
1733244625326 -0.03710433468222618 19005440
1733244659159 -0.025759384036064148 19038208
1733244692069 0.004887004848569632 19040000
1733244738303 -0.04831515997648239 19103744
1733244773193 -0.028775662183761597 19136512
1733244807501 -0.050364911556243896 19169280
1733244851346 -0.05947329103946686 19200000
1733244887062 -0.019929759204387665 19234816
1733244921602 -0.012178654782474041 19267584
1733244956612 -0.0347287654876709 19300352
1733244991367 -0.037510599941015244 19333120
1733245033888 -0.07525156438350677 19360000
1733245071546 -0.037392858415842056 19398656
1733245106611 -0.03779531642794609 19431424
1733245141126 -0.04884764552116394 19464192
1733245175642 -0.0506652407348156 19496960
1733245216671 -0.051798611879348755 19520000
1733245255184 -0.04512752965092659 19562496
1733245289650 -0.08237908035516739 19595264
1733245324411 -0.03964139148592949 19628032
1733245358929 -0.05244873836636543 19660800
1733245398029 -0.027546819299459457 19680000
1733245437781 -0.03474769741296768 19726336
1733245471765 -0.05170830711722374 19759104
1733245506106 -0.06646546721458435 19791872
1733245540498 -0.026410289108753204 19824640
1733245578077 -0.052111878991127014 19840000
1733245619481 -0.07445625960826874 19890176
1733245654088 -0.058616604655981064 19922944
1733245690160 -0.05152452737092972 19955712
1733245725150 -0.0485680066049099 19988480
1733245761788 -0.027023252099752426 20000000
1733245804492 -0.03192393481731415 20054016
1733245839574 -0.06937756389379501 20086784
1733245874410 -0.027326952666044235 20119552
1733245909220 -0.015936439856886864 20152320
1733245944613 -0.048591502010822296 20160000
1733245988107 -0.04679859057068825 20217856
1733246022924 -0.03436198830604553 20250624
1733246057644 -0.036654628813266754 20283392
1733246092417 -0.049188677221536636 20316160
1733246126049 -0.05089367926120758 20320000
1733246171086 -0.023112062364816666 20381696
1733246205293 -0.05037990212440491 20414464
1733246239791 -0.044069141149520874 20447232
1733246285071 -0.026556644588708878 20480000
1733246320310 -0.036749519407749176 20512768
1733246355264 -0.035644009709358215 20545536
1733246389999 -0.046816419810056686 20578304
1733246425198 0.022042647004127502 20611072
1733246468227 -0.001603520940989256 20640000
1733246504576 -0.04895315691828728 20676608
1733246539449 -0.039968136698007584 20709376
1733246574309 -0.07294360548257828 20742144
1733246608563 -0.042202021926641464 20774912
1733246650381 -0.04367055371403694 20800000
1733246688426 -0.017738942056894302 20840448
1733246723213 -0.025864778086543083 20873216
1733246757967 -0.025237224996089935 20905984
1733246793887 -0.003904494224116206 20938752
1733246834853 -0.06130685657262802 20960000
1733246873625 -0.0652395710349083 21004288
1733246907965 -0.063318632543087 21037056
1733246942896 -0.03906870260834694 21069824
1733246977003 -0.017945965752005577 21102592
1733247015667 -0.07415106147527695 21120000
1733247056700 -0.07521285861730576 21168128
1733247091495 -0.06267768144607544 21200896
1733247126289 -0.04512319341301918 21233664
1733247160951 -0.03773321956396103 21266432
1733247198224 -0.08016887307167053 21280000
1733247239751 -0.04624318704009056 21331968
1733247274445 -0.025462696328759193 21364736
1733247309576 -0.05848370119929314 21397504
1733247344102 -0.05867183208465576 21430272
1733247380666 -0.03496195375919342 21440000
1733247423960 -0.09484019130468369 21495808
1733247458559 -0.06917595118284225 21528576
1733247492833 -0.035995397716760635 21561344
1733247527884 -0.04585247114300728 21594112
1733247562555 -0.08678965270519257 21600000
1733247607576 -0.07789081335067749 21659648
1733247642731 -0.05206495150923729 21692416
1733247677851 -0.06461675465106964 21725184
1733247714415 -0.05668296292424202 21757952
1733247748317 -0.06105014681816101 21760000
1733247794434 -0.05162401124835014 21823488
1733247829641 -0.048376452177762985 21856256
1733247864605 -0.029052939265966415 21889024
1733247907824 -0.07804803550243378 21920000
1733247943527 -0.06407785415649414 21954560
1733247978842 -0.02429289184510708 21987328
1733248013265 -0.0644436627626419 22020096
1733248048178 -0.05780627951025963 22052864
1733248090274 -0.027518117800354958 22080000
1733248127344 -0.03736203908920288 22118400
1733248162271 -0.03987165167927742 22151168
1733248197514 -0.07487672567367554 22183936
1733248232100 -0.03890015557408333 22216704
1733248273157 -0.03247205913066864 22240000
1733248311946 -0.06411483883857727 22282240
1733248347144 -0.055928073823451996 22315008
1733248381595 -0.052621155977249146 22347776
1733248416434 -0.05317153409123421 22380544
1733248456380 -0.03888716548681259 22400000
1733248496325 -0.05752972513437271 22446080
1733248531163 -0.03340195491909981 22478848
1733248566003 -0.08171764016151428 22511616
1733248600881 -0.012245574966073036 22544384
1733248638758 -0.05389818921685219 22560000
1733248679967 -0.03056599199771881 22609920
1733248714861 0.005866247694939375 22642688
1733248750223 -0.057444386184215546 22675456
1733248784810 -0.054053276777267456 22708224
1733248821663 -0.051375266164541245 22720000
1733248864459 -0.07258953899145126 22773760
1733248899240 -0.038697220385074615 22806528
1733248933756 -0.038815535604953766 22839296
1733248968291 0.6342368721961975 22872064
1733249003824 -0.03916194289922714 22880000
1733249047883 -0.03923460468649864 22937600
1733249083123 -0.02210691198706627 22970368
1733249117204 -0.04789144545793533 23003136
1733249152319 -0.044679418206214905 23035904
1733249186051 -0.08014405518770218 23040000
1733249231572 -0.024908609688282013 23101440
1733249266745 0.22451740503311157 23134208
1733249301774 -0.0482950396835804 23166976
1733249336549 -0.046392664313316345 23199744
1733249368699 -0.025081006810069084 23200000
1733249415904 -0.019513234496116638 23265280
1733249450570 -0.06906348466873169 23298048
1733249485217 -0.012271171435713768 23330816
1733249528085 -0.050175730139017105 23360000
1733249564846 -0.03092699497938156 23396352
1733249599312 -0.05703572556376457 23429120
1733249634753 -0.020841289311647415 23461888
1733249669140 -0.013540612533688545 23494656
1733249711191 -0.004039847292006016 23520000
1733249749436 -0.05269597843289375 23560192
1733249784658 -0.020752456039190292 23592960
1733249819477 -0.06504417955875397 23625728
1733249854598 -0.02765039913356304 23658496
1733249894957 -0.05085741728544235 23680000
1733249934180 -0.04651632532477379 23724032
1733249968868 -0.06032535806298256 23756800
1733250004580 0.02320617064833641 23789568
1733250039132 -0.015323531813919544 23822336
1733250078398 -0.08046182245016098 23840000
1733250119564 -0.0656028762459755 23887872
1733250154127 -0.03668173775076866 23920640
1733250189071 -0.06516958773136139 23953408
1733250223849 -0.07293900102376938 23986176
1733250261429 -0.06405562907457352 24000000
1733250303739 -0.03466540202498436 24051712
1733250338464 0.012779686599969864 24084480
1733250373065 -0.042040131986141205 24117248
1733250408263 -0.05147656798362732 24150016
1733250444986 -0.07286703586578369 24160000
1733250488821 -0.034830134361982346 24215552
1733250523607 -0.03598962724208832 24248320
1733250558349 -0.0558178648352623 24281088
1733250593308 -0.015410286374390125 24313856
1733250628231 -0.07755613327026367 24320000
1733250672772 -0.040214184671640396 24379392
1733250707029 -0.04908972978591919 24412160
1733250741313 -0.06354372203350067 24444928
1733250776745 -0.04747506603598595 24477696
1733250810167 -0.06831946969032288 24480000
1733250856294 -0.04582185298204422 24543232
1733250891164 -0.051671627908945084 24576000
1733250926152 -0.05843525007367134 24608768
1733250970595 -0.03954555094242096 24640000
1733251006024 -0.05568603426218033 24674304
1733251041001 -0.06701536476612091 24707072
1733251075689 -0.05367263779044151 24739840
1733251110633 -0.04457761347293854 24772608
1733251152721 -0.07408668845891953 24800000
1733251189567 -0.01924278400838375 24838144
1733251224356 -0.020975634455680847 24870912
1733251258595 -0.06795290112495422 24903680
1733251293104 -0.0521414540708065 24936448
1733251335244 -0.04368007183074951 24960000
1733251374251 -0.07977267354726791 25001984
1733251409232 -0.05055307224392891 25034752
1733251444198 -0.04779087379574776 25067520
1733251479500 -0.05893183872103691 25100288
1733251518998 -0.06161397323012352 25120000
1733251558584 -0.0815272256731987 25165824
1733251593789 0.006260715890675783 25198592
1733251628803 -0.05924861133098602 25231360
1733251663326 -0.06350836157798767 25264128
1733251701423 -0.00976825412362814 25280000
1733251742938 -0.05189106985926628 25329664
1733251777673 -0.08061179518699646 25362432
1733251812330 -0.08092576265335083 25395200
1733251847241 -0.04446837306022644 25427968
1733251884364 -0.06388086825609207 25440000
1733251927036 -0.055188294500112534 25493504
1733251961734 0.007539047859609127 25526272
1733251996225 -0.050483521074056625 25559040
1733252030840 -0.0518890880048275 25591808
1733252066584 -0.018221352249383926 25600000
1733252110951 -0.06639590114355087 25657344
1733252145430 -0.031231844797730446 25690112
1733252179993 0.03427542373538017 25722880
1733252214681 -0.030055351555347443 25755648
1733252248173 0.04941628500819206 25760000
1733252293660 -0.03525189682841301 25821184
1733252328667 -0.06578032672405243 25853952
1733252363714 -0.04277583211660385 25886720
1733252398601 -0.04412780702114105 25919488
1733252431178 -0.05652325600385666 25920000
1733252477306 -0.039339181035757065 25985024
1733252511830 -0.03792450949549675 26017792
1733252546638 -0.03822203725576401 26050560
1733252590527 -0.0078136520460248 26080000
1733252626485 -0.06080860272049904 26116096
1733252661155 -0.07388841360807419 26148864
1733252695986 -0.07065610587596893 26181632
1733252730693 -0.07525812834501266 26214400
1733252772532 -0.04805376008152962 26240000
1733252810248 0.0011425293050706387 26279936
1733252845370 -0.055197831243276596 26312704
1733252880294 -0.05435303971171379 26345472
1733252914655 -0.0713137835264206 26378240
1733252954132 -0.027430426329374313 26400000
1733252993450 -0.03202878311276436 26443776
1733253028248 -0.04623088240623474 26476544
1733253062635 -0.051479291170835495 26509312
1733253096993 -0.023984545841813087 26542080
1733253136514 -0.05738827958703041 26560000
1733253176872 -0.06259862333536148 26607616
1733253211545 -0.033490635454654694 26640384
1733253246543 -0.059780798852443695 26673152
1733253280983 -0.046586159616708755 26705920
1733253318272 -0.04071784391999245 26720000
1733253360127 -0.07967513054609299 26771456
1733253394384 -0.06596232205629349 26804224
1733253429182 -0.03922659903764725 26836992
1733253463809 -0.04511185735464096 26869760
1733253499446 -0.03696617856621742 26880000
1733253542653 -0.08280754089355469 26935296
1733253577331 -0.0042555974796414375 26968064
1733253611937 -0.015011806041002274 27000832
1733253646696 -0.07510986924171448 27033600
1733253680901 -0.06816704571247101 27040000
1733253725572 -0.03704012557864189 27099136
1733253760454 -0.05133970454335213 27131904
1733253795268 -0.06058134883642197 27164672
1733253829850 -0.011555155739188194 27197440
1733253863223 -0.06941814720630646 27200000
1733253908777 -0.024768033996224403 27262976
1733253943866 -0.025232743471860886 27295744
1733253978256 -0.0825364887714386 27328512
1733254020943 0.0024889835622161627 27360000
1733254056732 -0.07881513983011246 27394048
1733254091183 -0.01516061369329691 27426816
1733254126479 -0.056244585663080215 27459584
1733254160701 -0.06127148121595383 27492352
1733254203316 -0.05913550779223442 27520000
1733254240240 -0.030639661476016045 27557888
1733254274818 -0.06706738471984863 27590656
1733254309932 -0.055132489651441574 27623424
1733254344621 -0.06586635112762451 27656192
1733254385891 -0.044983766973018646 27680000
1733254424516 -0.06187654659152031 27721728
1733254458479 -0.0533335842192173 27754496
1733254492851 -0.016410961747169495 27787264
1733254527218 -0.046870604157447815 27820032
1733254566997 -0.04996541887521744 27840000
1733254605963 -0.03906438127160072 27885568
1733254640801 -0.03805975988507271 27918336
1733254676283 -0.05945710465312004 27951104
1733254711154 -0.03002767078578472 27983872
1733254748747 0.0103828189894557 28000000
1733254788879 -0.06618224084377289 28049408
1733254822905 -0.026495913043618202 28082176
1733254857823 -0.04946800321340561 28114944
1733254892204 -0.05548965930938721 28147712
1733254928090 -0.05858875438570976 28160000
1733254969587 -0.045633863657712936 28213248
1733255004375 -0.02164590358734131 28246016
1733255039364 -0.06119341403245926 28278784
1733255074196 -0.055456582456827164 28311552
1733255109055 -0.022642700001597404 28320000
1733255152973 -0.038060080260038376 28377088
1733255187533 -0.05730517953634262 28409856
1733255222793 -0.03544454649090767 28442624
1733255257417 -0.06810025125741959 28475392
1733255290981 0.008847029879689217 28480000
1733255335910 -0.016628127545118332 28540928
1733255370666 -0.07532364130020142 28573696
1733255405048 -0.06398502737283707 28606464
1733255439596 -0.05986369773745537 28639232
1733255471819 -0.06120522692799568 28640000
1733255517423 -0.020991725847125053 28704768
1733255552031 -0.03984866663813591 28737536
1733255586638 -0.031697578728199005 28770304
1733255629327 -0.06659752875566483 28800000
1733255665222 -0.02647276595234871 28835840
1733255699261 -0.07364754378795624 28868608
1733255733817 -0.018474416807293892 28901376
1733255769090 -0.03592487797141075 28934144
1733255809539 -0.03767902031540871 28960000
1733255846445 -0.02174343913793564 28999680
1733255881623 -0.06044282391667366 29032448
1733255916613 -0.07630497217178345 29065216
1733255951732 -0.008893056772649288 29097984
1733255991199 -0.04830825328826904 29120000
1733256031322 0.005997769068926573 29163520
1733256066270 -0.052001871168613434 29196288
1733256101319 -0.06423939764499664 29229056
1733256136039 -0.04684160277247429 29261824
1733256174871 -0.04719492793083191 29280000
1733256214974 -0.0253768227994442 29327360
1733256248945 -0.06871643662452698 29360128
1733256283922 -0.02429511584341526 29392896
1733256318778 -0.04206661134958267 29425664
1733256355045 -0.06269319355487823 29440000
1733256395922 -0.04253360256552696 29491200
1733256430885 -0.012587415985763073 29523968
1733256465675 -0.058632079511880875 29556736
1733256500042 -0.054578445851802826 29589504
1733256535747 -0.041937511414289474 29600000
1733256578622 -0.026338739320635796 29655040
1733256614296 -0.028067121282219887 29687808
1733256648754 -0.053223252296447754 29720576
1733256683419 -0.009652768261730671 29753344
1733256718785 -0.002713071182370186 29760000
1733256763730 -0.07363748550415039 29818880
1733256798294 -0.054814573377370834 29851648
1733256832754 0.0006551829283125699 29884416
1733256867681 0.0007363645127043128 29917184
1733256901571 -0.04856852442026138 29920000
1733256947739 -0.047577865421772 29982720
1733256982522 -0.05935173109173775 30015488
1733257016976 -0.032400816679000854 30048256
1733257060615 -0.0452129952609539 30080000
1733257095654 -0.07618433982133865 30113792
1733257130902 -0.039785079658031464 30146560
1733257165317 -0.05039498209953308 30179328
1733257199999 -0.033223025500774384 30212096
1733257242328 -0.038760315626859665 30240000
1733257279750 -0.04071632772684097 30277632
1733257314678 -0.06100475788116455 30310400
1733257349030 -0.0313478484749794 30343168
1733257384179 -0.02284679375588894 30375936
1733257425174 -0.01770428940653801 30400000
1733257463088 -0.021057672798633575 30441472
1733257498002 -0.02950962632894516 30474240
1733257533000 -0.012327496893703938 30507008
1733257567545 -0.07000367343425751 30539776
1733257607353 -0.0670250728726387 30560000
1733257646475 -0.05967725068330765 30605312
1733257681254 -0.04078132286667824 30638080
1733257716046 -0.0416608490049839 30670848
1733257750602 -0.048354871571063995 30703616
1733257788824 -0.025976400822401047 30720000
1733257830045 -0.04276705160737038 30769152
1733257864776 -0.0620364174246788 30801920
1733257899100 -0.07101427018642426 30834688
1733257933989 -0.062159691005945206 30867456
1733257970670 -0.07135391980409622 30880000
1733258014140 -0.04922298714518547 30932992
1733258048844 -0.06788777559995651 30965760
1733258083853 -0.0067906188778579235 30998528
1733258118468 -0.05859585851430893 31031296
1733258154090 -0.06353630125522614 31040000
1733258197854 -0.04127335920929909 31096832
1733258232623 -0.0334211103618145 31129600
1733258266790 -0.05341867730021477 31162368
1733258301530 0.02861545793712139 31195136
1733258335870 -0.0434434711933136 31200000
1733258381123 -0.060383617877960205 31260672
1733258416160 -0.06121732294559479 31293440
1733258451315 -0.06859578937292099 31326208
1733258486458 -0.08321748673915863 31358976
1733258518651 -0.06307197362184525 31360000
1733258564994 -0.046013861894607544 31424512
1733258599588 -0.030740460380911827 31457280
1733258634207 -0.054919395595788956 31490048
1733258677469 -0.024290019646286964 31520000
1733258713472 -0.03851645812392235 31555584
1733258748173 -0.03498731553554535 31588352
1733258782712 -0.07074085623025894 31621120
1733258817357 -0.06333476305007935 31653888
1733258859319 -0.09491239488124847 31680000
1733258896893 -0.07059070467948914 31719424
1733258931981 -0.020706286653876305 31752192
1733258966879 -0.06801467388868332 31784960
1733259001844 -0.08774976432323456 31817728
1733259042940 0.07029427587985992 31840000
1733259081132 -0.04762263968586922 31883264
1733259115724 -0.02375984378159046 31916032
1733259150512 -0.01559686753898859 31948800
1733259185110 -0.07864920794963837 31981568
1733259224265 -0.044502243399620056 32000000
1733259265011 -0.009914388880133629 32047104
1733259300176 -0.015345647931098938 32079872
1733259334686 -0.05531837418675423 32112640
1733259370594 -0.0254368856549263 32145408
1733259408586 -0.0634138211607933 32160000
1733259450991 -0.08117669075727463 32210944
1733259486699 -0.027614209800958633 32243712
1733259521206 -0.054062873125076294 32276480
1733259556945 0.15109743177890778 32309248
1733259592939 -0.05691595375537872 32320000
1733259636330 -0.04304824769496918 32374784
1733259670766 -0.0764383003115654 32407552
1733259706239 -0.024867570027709007 32440320
1733259742090 -0.05270806699991226 32473088
1733259776576 -0.05953888222575188 32480000
1733259821688 -0.06959217041730881 32538624
1733259856395 -0.05805795267224312 32571392
1733259891617 -0.05081383138895035 32604160
1733259925985 -0.07920762896537781 32636928
1733259959734 0.0014009663136675954 32640000
1733260006557 0.8207725882530212 32702464
1733260041714 -0.05265180766582489 32735232
1733260077265 -0.03314904496073723 32768000
1733260121041 -0.022713858634233475 32800000
1733260157629 -0.0070060198195278645 32833536
1733260191483 -0.06685347855091095 32866304
1733260227120 0.012678503058850765 32899072
1733260262485 -0.03763798251748085 32931840
1733260304014 -0.040126219391822815 32960000
1733260340992 -0.06492498517036438 32997376
1733260376376 -0.05703423172235489 33030144
1733260412540 0.039387062191963196 33062912
1733260447122 -0.04122832790017128 33095680
1733260489117 -0.08073671907186508 33120000
1733260527581 -0.017108779400587082 33161216
1733260563388 -0.05465821549296379 33193984
1733260598635 -0.0656188353896141 33226752
1733260633405 0.014803850091993809 33259520
1733260673546 -0.05863942578434944 33280000
1733260713151 -0.04973701387643814 33325056
1733260749448 -0.03103099949657917 33357824
1733260784471 -0.08430010825395584 33390592
1733260819544 -0.0068937730975449085 33423360
1733260859732 -0.042507659643888474 33440000
1733260900071 -0.05608832836151123 33488896
1733260936393 -0.04216625541448593 33521664
1733260970466 -0.015240147709846497 33554432
1733261006322 -0.05466996505856514 33587200
1733261043886 -0.06895812600851059 33600000
1733261087281 -0.01076959166675806 33652736
1733261123214 -0.046102117747068405 33685504
1733261158033 0.0017440620576962829 33718272
1733261195091 -0.03346986696124077 33751040
1733261231180 -0.049783915281295776 33760000
1733261276491 -0.060364868491888046 33816576
1733261312081 -0.0621548630297184 33849344
1733261347262 -0.010362595319747925 33882112
1733261382712 -0.04561982676386833 33914880
1733261417449 0.011825449764728546 33920000
1733261463019 -0.05079913139343262 33980416
1733261498917 -0.05253235250711441 34013184
1733261536406 -0.060757946223020554 34045952
1733261572522 -0.07401958107948303 34078720
1733261605935 -0.07086137682199478 34080000
1733261654162 -0.06630232185125351 34144256
1733261689919 -0.005251914728432894 34177024
1733261725649 -0.0631701648235321 34209792
1733261769103 -0.07024412602186203 34240000
1733261805401 -0.027750957757234573 34275328
1733261841515 -0.046091701835393906 34308096
1733261877630 -0.03199648857116699 34340864
1733261913060 -0.06328197568655014 34373632
1733261956156 -0.041822999715805054 34400000
1733261995460 -0.04769932106137276 34439168
1733262030800 -0.04991660267114639 34471936
1733262066714 -0.0480070635676384 34504704
1733262105236 -0.08854161947965622 34537472
1733262147490 -0.04664671793580055 34560000
1733262187597 -0.06358321756124496 34603008
1733262222976 -0.018648682162165642 34635776
1733262260090 -0.022374674677848816 34668544
1733262295255 -0.049052644520998 34701312
1733262334060 -0.027859235182404518 34720000
1733262376197 -0.029162302613258362 34766848
1733262413070 -0.06047111377120018 34799616
1733262448501 0.011892101727426052 34832384
1733262484931 -0.013221422210335732 34865152
1733262523562 -0.06289122253656387 34880000
1733262566557 -0.025008106604218483 34930688
1733262602364 -0.03839223086833954 34963456
1733262638986 -0.05766613408923149 34996224
1733262674152 -0.04478367790579796 35028992
1733262711122 -0.039386238902807236 35040000
1733262755176 -0.05818625167012215 35094528
1733262791107 -0.04653102904558182 35127296
1733262826671 -0.022603677585721016 35160064
1733262863394 -0.07224533706903458 35192832
1733262899708 -0.027516283094882965 35200000
1733262946136 -0.03170853853225708 35258368
1733262981517 -0.06526250392198563 35291136
1733263018931 -0.07210653275251389 35323904
1733263054704 -0.03322042524814606 35356672
1733263089373 -0.027914302423596382 35360000
1733263136680 -0.0650351494550705 35422208
1733263173652 -0.07008965313434601 35454976
1733263209158 -0.03906547650694847 35487744
1733263253828 -0.005079968832433224 35520000
1733263290610 -0.012023530900478363 35553280
1733263327140 -0.0483439601957798 35586048
1733263362188 -0.04870541766285896 35618816
1733263398835 -0.0653066337108612 35651584
1733263441381 -0.05381036549806595 35680000
1733263478653 -0.029254456982016563 35717120
1733263513901 -0.05567051097750664 35749888
1733263548732 -0.060294996947050095 35782656
1733263585230 -0.06922414153814316 35815424
1733263626609 -0.06358863413333893 35840000
1733263664406 -0.07454316318035126 35880960
1733263700237 -0.062200531363487244 35913728
1733263734910 -0.0647311583161354 35946496
1733263770775 -0.05163330212235451 35979264
1733263810879 -0.024414269253611565 36000000
1733263850518 -0.034200720489025116 36044800
1733263886415 -0.051788002252578735 36077568
1733263921355 0.02956734038889408 36110336
1733263958027 -0.036974962800741196 36143104
1733263996649 -0.06239032372832298 36160000
1733264037811 0.01595604047179222 36208640
1733264073427 -0.05937260761857033 36241408
1733264108116 -0.04591280594468117 36274176
1733264144605 0.0017407659906893969 36306944
1733264181070 -0.04473012313246727 36320000
1733264223357 -0.07422272861003876 36372480
1733264259022 -0.08132641017436981 36405248
1733264294019 -0.05367308482527733 36438016
1733264329884 -0.05258931592106819 36470784
1733264365082 -0.0464424304664135 36480000
1733264409702 -0.033727698028087616 36536320
1733264445641 -0.07367219030857086 36569088
1733264479939 -0.048856038600206375 36601856
1733264516837 -0.01843388006091118 36634624
1733264551293 -0.02696841023862362 36640000
1733264597021 -0.05500254034996033 36700160
1733264632286 0.2448846399784088 36732928
1733264667317 -0.004661679267883301 36765696
1733264704213 -0.07996080815792084 36798464
1733264736822 -0.04681264981627464 36800000
1733264784899 -0.06767602264881134 36864000
1733264821030 -0.038592323660850525 36896768
1733264855687 -0.04983952268958092 36929536
1733264900398 0.015383090823888779 36960000
1733264936496 -0.03190692886710167 36995072
1733264971902 -0.06679975986480713 37027840
1733265007983 -0.05974103510379791 37060608
1733265043491 -0.021921299397945404 37093376
1733265086310 -0.028586778789758682 37120000
1733265124279 -0.0715680867433548 37158912
1733265159396 -0.0345856249332428 37191680
1733265195331 -0.051576048135757446 37224448
1733265230442 -0.011794118210673332 37257216
1733265272746 -0.07347322255373001 37280000
1733265311877 -0.0766296237707138 37322752
1733265346699 0.02959863841533661 37355520
1733265382769 -0.011410020291805267 37388288
1733265417934 0.0007766321068629622 37421056
1733265458692 -0.05369484797120094 37440000
1733265499013 -0.06783495098352432 37486592
1733265533427 -0.06238216161727905 37519360
1733265568941 0.08197441697120667 37552128
1733265603466 -0.055876441299915314 37584896
1733265642678 -0.014859846793115139 37600000
1733265685224 -0.08016632497310638 37650432
1733265720188 -0.013102912344038486 37683200
1733265756253 -0.003022766439244151 37715968
1733265791418 -0.06609153747558594 37748736
1733265828773 -0.09954192489385605 37760000
1733265872543 -0.030279546976089478 37814272
1733265907235 -0.051865801215171814 37847040
1733265944285 0.4957074224948883 37879808
1733265979364 -0.040033500641584396 37912576
1733266015319 -0.0007985684787854552 37920000
1733266061208 -0.020997527986764908 37978112
1733266096074 0.09047279506921768 38010880
1733266133321 -0.006491167936474085 38043648
1733266168794 -0.058751434087753296 38076416
1733266203045 -0.05158783495426178 38080000
1733266249173 -0.05886948108673096 38141952
1733266283763 -0.05865931138396263 38174720
1733266320507 -0.03579150140285492 38207488
1733266366194 -0.06396711617708206 38240000
1733266401098 -0.022311534732580185 38273024
1733266438342 -0.0366327278316021 38305792
1733266474051 -0.0470103919506073 38338560
1733266510112 -0.03308524191379547 38371328
1733266553908 -0.04113953560590744 38400000
1733266590818 -0.0602986104786396 38436864
1733266626538 0.00236137374304235 38469632
1733266660976 -0.051659513264894485 38502400
1733266696861 -0.04539670795202255 38535168
1733266738557 -0.05377096310257912 38560000
1733266776279 0.0896482914686203 38600704
1733266813043 -0.024908697232604027 38633472
1733266848008 -0.05143892765045166 38666240
1733266883889 -0.07667301595211029 38699008
1733266925220 -0.03728630393743515 38720000
1733266965106 -0.04571421071887016 38764544
1733267001595 -0.06835050880908966 38797312
1733267036910 -0.04767414554953575 38830080
1733267072254 -0.053998176008462906 38862848
1733267112645 -0.07051019370555878 38880000
1733267154500 -0.053410496562719345 38928384
1733267190744 -0.0013918016338720918 38961152
1733267226801 -0.07504090666770935 38993920
1733267261801 -0.04781676456332207 39026688
1733267300573 -0.0023246086202561855 39040000
1733267343260 -0.04973975941538811 39092224
1733267378395 -0.0505349263548851 39124992
1733267413273 -0.04763438552618027 39157760
1733267448554 -0.09525377303361893 39190528
1733267486231 -0.017422987148165703 39200000
1733267530121 -0.04854824021458626 39256064
1733267565611 -0.07057476043701172 39288832
1733267601450 0.29178354144096375 39321600
1733267636681 -0.05780602991580963 39354368
1733267673112 -0.0674639493227005 39360000
1733267718682 -0.04460298642516136 39419904
1733267753049 -0.01977049559354782 39452672
1733267788617 -0.0604458823800087 39485440
1733267823784 -0.0313129685819149 39518208
1733267857824 -0.04044869914650917 39520000
1733267904010 -0.021582860499620438 39583744
1733267938731 -0.05332877114415169 39616512
1733267974373 -0.07494987547397614 39649280
1733268017534 -0.051421284675598145 39680000
1733268054715 -0.063088059425354 39714816
1733268090029 -0.029105763882398605 39747584
1733268125369 0.02747267857193947 39780352
1733268160917 -0.022243045270442963 39813120
1733268203127 -0.02379464916884899 39840000
1733268242042 -0.031355228275060654 39878656
1733268277174 -0.019762903451919556 39911424
1733268312405 -0.07414046674966812 39944192
1733268347786 -0.06094791367650032 39976960
1733268388574 -0.0425100103020668 40000000
1733268428370 -0.06660299003124237 40042496
1733268463916 -0.048978205770254135 40075264
1733268498408 -0.036162156611680984 40108032
1733268533531 -0.05162087082862854 40140800
1733268572519 -0.021400190889835358 40160000
1733268613282 -0.05776189640164375 40206336
1733268648030 -0.034318383783102036 40239104
1733268683469 -0.028646739199757576 40271872
1733268719050 -0.013606277294456959 40304640
1733268756917 -0.03738014027476311 40320000
1733268799152 -0.0318044014275074 40370176
1733268835266 0.027798926457762718 40402944
1733268870289 -0.019486993551254272 40435712
1733268905837 -0.039565056562423706 40468480
1733268941909 4.1244460589950904e-05 40480000
1733268984455 -0.0027532237581908703 40534016
1733269020760 0.0007646402809768915 40566784
1733269055417 -0.07292365282773972 40599552
1733269092931 -0.014900094829499722 40632320
1733269127271 -0.06939829885959625 40640000
1733269171841 -0.026126157492399216 40697856
1733269207722 -0.028060490265488625 40730624
1733269242520 -0.06144728884100914 40763392
1733269278167 -0.046284545212984085 40796160
1733269311991 -0.035798560827970505 40800000
1733269358802 -0.056711215525865555 40861696
1733269394600 -0.05559580773115158 40894464
1733269429356 -0.006906480994075537 40927232
1733269474909 -0.059841983020305634 40960000
1733269510407 -0.004283901769667864 40992768
1733269545484 -0.05008407309651375 41025536
1733269581852 -0.00012184077058918774 41058304
1733269617383 0.034313496202230453 41091072
1733269659437 -0.040157537907361984 41120000
1733269695693 0.0003140453773085028 41156608
1733269730744 -0.07468501478433609 41189376
1733269765572 -0.028087180107831955 41222144
1733269801237 -0.0562225766479969 41254912
1733269841875 -0.02622091770172119 41280000
1733269879963 -0.06836996972560883 41320448
1733269915369 -0.026073962450027466 41353216
1733269950117 -0.023618418723344803 41385984
1733269985766 -0.04866844788193703 41418752
1733270025753 -0.04684741050004959 41440000
1733270065441 -0.03850644454360008 41484288
1733270101656 0.010483548045158386 41517056
1733270136537 -0.03542136028409004 41549824
1733270171306 0.02049201913177967 41582592
1733270210450 -0.04694918543100357 41600000
1733270251770 -0.025485122576355934 41648128
1733270286825 -0.0300074964761734 41680896
1733270322511 -0.021897409111261368 41713664
1733270357816 -0.02164052613079548 41746432
1733270395660 -0.060410838574171066 41760000
1733270436781 -0.02346624806523323 41811968
1733270471183 -0.04727311059832573 41844736
1733270507027 -0.01856970228254795 41877504
1733270541818 -0.05824781954288483 41910272
1733270577472 -0.01814793050289154 41920000
1733270622001 -0.03979669138789177 41975808
1733270657032 -0.04043878614902496 42008576
1733270691809 -0.03825804218649864 42041344
1733270726570 -0.0008627819479443133 42074112
1733270761110 -0.08402342349290848 42080000
1733270806205 -0.05845963582396507 42139648
1733270841569 -0.06111709028482437 42172416
1733270876542 -0.04258767515420914 42205184
1733270913148 -0.05675451084971428 42237952
1733270945605 -0.055077292025089264 42240000
1733270991575 -0.06388863176107407 42303488
1733271027616 -0.0487743616104126 42336256
1733271061837 -0.06660355627536774 42369024
1733271105251 0.02531420812010765 42400000
1733271143096 -0.049524884670972824 42434560
1733271178199 -0.045616231858730316 42467328
1733271213104 -0.029662301763892174 42500096
1733271248473 -0.042010288685560226 42532864
1733271290678 -0.04436243325471878 42560000
1733271327916 -0.020617952570319176 42598400
1733271363014 -0.03973597660660744 42631168
1733271398021 -0.052225567400455475 42663936
1733271434477 -0.07622811198234558 42696704
1733271475323 -0.04552026093006134 42720000
