1733223270389 -0.06250624921349299 65536
1733223306785 -0.07069629501970667 98304
1733223342002 -0.07176291481878252 131072
1733223384384 -0.07029377544326962 160000
1733223421246 -0.06796094794244709 196608
1733223455670 -0.05897557672055882 229376
1733223489452 -0.05720162867396539 262144
1733223525439 -0.05898807239555026 294912
1733223567164 -0.06292560845042772 320000
1733223603870 -0.06896146185636098 360448
1733223638244 -0.07040095645788824 393216
1733223672411 -0.07289233947503818 425984
1733223706853 -0.07332215588953658 458752
1733223745584 -0.07683176577029371 480000
1733223784132 -0.07573199185608245 524288
1733223818863 -0.07756113819100392 557056
1733223853346 -0.07967274672910207 589824
1733223887824 -0.07498424411842279 622592
1733223926884 -0.07576823604840684 640000
1733223966596 -0.07855423043442897 688128
1733224000337 -0.07791934268225305 720896
1733224033636 -0.07616919292859166 753664
1733224067701 -0.07881527058152642 786432
1733224104616 -0.07587985062955341 800000
1733224145746 -0.07747167436587006 851968
1733224180238 -0.07808461359909416 884736
1733224214260 -0.07515772935021232 917504
1733224248767 -0.07549767487107602 950272
1733224284309 -0.07474780518291482 960000
1733224327911 -0.07563967018268158 1015808
1733224361277 -0.07539640258250983 1048576
1733224395958 -0.07564788823710841 1081344
1733224430473 -0.07685644317461993 1114112
1733224465672 -0.07432328621703163 1120000
1733224509368 -0.0769501956528984 1179648
1733224543175 -0.07643238730643134 1212416
1733224577459 -0.07453869326609493 1245184
1733224611156 -0.07591727255939987 1277952
1733224645146 -0.07237038106823093 1280000
1733224688904 -0.07343966693015318 1343488
1733224723449 -0.07416222790880056 1376256
1733224756748 -0.0724423063006725 1409024
1733224799586 -0.0720593607754381 1440000
1733224834193 -0.07257973272908202 1474560
1733224868067 -0.06978093762172648 1507328
1733224902600 -0.06965235019597457 1540096
1733224936481 -0.03774345790789084 1572864
1733224978494 -0.03535613984718111 1600000
1733225015134 -0.04699324463636003 1638400
1733225050024 -0.052070243335901975 1671168
1733225083689 -0.06467431453957033 1703936
1733225117813 -0.06322817587943064 1736704
1733225159078 -0.02095654140382521 1760000
1733225196700 -0.06139849123242129 1802240
1733225231207 -0.05631189150230966 1835008
1733225265497 -0.04800737286877847 1867776
1733225299512 -0.04624919373568446 1900544
1733225339810 -0.056248780254372834 1920000
1733225379923 -0.05287941428864542 1966080
1733225414197 -0.05476487222194919 1998848
1733225448646 -0.06441715671521706 2031616
1733225483436 -0.05431406181778584 2064384
1733225522058 -0.06380720267966353 2080000
1733225562289 -0.06203017376092248 2129920
1733225596359 -0.059627653319785166 2162688
1733225630678 -0.0640314640255383 2195456
1733225665768 -0.06267741566343829 2228224
1733225702720 -0.06345737722858757 2240000
1733225745171 -0.04958563275349661 2293760
1733225779753 -0.04185811065267444 2326528
1733225814418 -0.05028912074454865 2359296
1733225848680 -0.05271325622429686 2392064
1733225884295 -0.05656995083345464 2400000
1733225927920 -0.058031605576070434 2457600
1733225962764 -0.05285617557406112 2490368
1733225997913 -0.029001089583289286 2523136
1733226032939 -0.0393647319934189 2555904
1733226067876 -0.039409930341912515 2560000
1733226113363 -0.054347516280677154 2621440
1733226148171 -0.05725211016633693 2654208
1733226183018 -0.05663527930933014 2686976
1733226217292 -0.04996168117322668 2719744
1733226249291 -0.05552855032515254 2720000
1733226295661 -0.05632749262040306 2785280
1733226330469 -0.05755887220325349 2818048
1733226364683 -0.056252813220999086 2850816
1733226408605 -0.05551658504568877 2880000
1733226444753 -0.021199244065201128 2916352
1733226479618 -0.03158679773782751 2949120
1733226513968 -0.03119056197883765 2981888
1733226548565 -0.03451912128703043 3014656
1733226590669 -0.04189051767152705 3040000
1733226628800 -0.049720031680999456 3080192
1733226663525 -0.05245409911944989 3112960
1733226697848 -0.050307351112860485 3145728
1733226732255 -0.048975232758039056 3178496
1733226772876 -0.049918739612076025 3200000
1733226811753 -0.05129025297464977 3244032
1733226846855 -0.054288572175119044 3276800
1733226881530 -0.05216403080630698 3309568
1733226916832 -0.05072778699859555 3342336
1733226956062 -0.04991843955922377 3360000
1733226996288 -0.052421164566476365 3407872
1733227030645 -0.0511902138615369 3440640
1733227065277 -0.05110851968347561 3473408
1733227099863 -0.050212046563501644 3506176
1733227137498 -0.05213238866481333 3520000
1733227178482 -0.05079937111477193 3571712
1733227212677 -0.043023495693614675 3604480
1733227247442 -0.03169018416933796 3637248
1733227282224 -0.02984387372512174 3670016
1733227318106 -0.04330525760210548 3680000
1733227360653 -0.04544188222962475 3735552
1733227394851 -0.045137004208254436 3768320
1733227429148 -0.04756068071374102 3801088
1733227464090 -0.038357367798653286 3833856
1733227498664 -0.02164095103582895 3840000
1733227543030 -0.029611116196520015 3899392
1733227577809 -0.013420546631527941 3932160
1733227612124 -0.023113820036360266 3964928
1733227646764 -0.020031407777946698 3997696
1733227680223 -0.02873160728804578 4000000
1733227726334 -0.03252474976020494 4063232
1733227760766 -0.038954997601035754 4096000
1733227795364 -0.03906653468111472 4128768
1733227839460 -0.04062723820943574 4160000
1733227875742 -0.008097467245352163 4194304
1733227910945 -0.025825524346691962 4227072
1733227945947 -0.020222011798250606 4259840
1733227980784 -0.021762166932103356 4292608
1733228023384 -0.028359046945706724 4320000
1733228060899 -0.02561188340114313 4358144
1733228096018 -0.03460163581171401 4390912
1733228131118 -0.035274548482038884 4423680
1733228166609 -0.04143873533466831 4456448
1733228207658 -0.041359290206401056 4480000
1733228246370 -0.044546319970322656 4521984
1733228280987 -0.02310763392301851 4554752
1733228316147 -0.029612339284540212 4587520
1733228350896 -0.03604641917627305 4620288
1733228390084 -0.03995517910839226 4640000
1733228430681 -0.03392866466983833 4685824
1733228465547 -0.01627281284241917 4718592
1733228500911 -0.009571596747855437 4751360
1733228536176 -0.025377089467406223 4784128
1733228573874 -0.02562113112608131 4800000
1733228615063 -0.012353006077591999 4849664
1733228649845 -0.026638857899092726 4882432
1733228684093 -0.03129281820267806 4915200
1733228718800 -0.02462872205992426 4947968
1733228756014 -0.021741784453411128 4960000
1733228798685 -0.00962148109597365 5013504
1733228833900 -0.024369324374720235 5046272
1733228868966 -0.03184377065899753 5079040
1733228904480 -0.033065613943108474 5111808
1733228940132 -0.017241662159085534 5120000
1733228984306 0.029127802635366608 5177344
1733229019606 -0.020889635906223704 5210112
1733229054812 -0.03223277395686637 5242880
1733229090228 -0.028367206285611245 5275648
1733229124585 -0.031636764158201915 5280000
1733229171246 -0.03093361955270666 5341184
1733229206845 -0.016203479136220268 5373952
1733229241860 -0.02451190433237116 5406720
1733229276928 -0.033989317720738654 5439488
1733229309783 -0.016940635947685224 5440000
1733229358966 -0.029194838219837038 5505024
1733229394059 -0.03609988657735812 5537792
1733229428980 -0.0386916450188437 5570560
1733229472045 -0.041588891005176265 5600000
1733229508521 -0.041005624783610986 5636096
1733229543875 -0.039058266338543035 5668864
1733229580592 -0.04105198419138105 5701632
1733229615555 -0.042102382304892674 5734400
1733229658058 -0.037368551587860566 5760000
1733229695696 -0.024194588586442477 5799936
1733229730623 -0.018416267421775954 5832704
1733229765463 -0.027686364503142612 5865472
1733229800556 -0.015544809626771895 5898240
1733229841350 -0.025264572163814593 5920000
1733229881189 -0.03929405530934673 5963776
1733229916022 -0.013334060296688221 5996544
1733229950734 -0.021217959749947113 6029312
1733229986259 -0.03016028392753469 6062080
1733230025398 -0.03948506753608853 6080000
1733230066659 -0.029063600874883376 6127616
1733230101671 -0.04090685076016598 6160384
1733230137308 -0.01609213767860638 6193152
1733230172599 -0.016410952586784332 6225920
1733230210591 -0.018470055067336944 6240000
1733230253503 -0.013889130278266748 6291456
1733230291090 -0.02135774305279483 6324224
1733230326943 -0.018564939691214023 6356992
1733230363010 -0.0189952278436067 6389760
1733230399640 -0.03345460561022264 6400000
1733230445299 -0.03566835206675023 6455296
1733230480768 -0.03118072301117536 6488064
1733230515672 -0.03539420359998076 6520832
1733230551370 -0.031921303318813446 6553600
1733230587271 -0.01691442827955143 6560000
1733230635097 -0.022240600215036467 6619136
1733230670617 -0.028760483200380806 6651904
1733230706581 -0.037941914518467 6684672
1733230742749 -0.03828185104280237 6717440
1733230776642 -0.03635515131795728 6720000
1733230823641 -0.03486229489690231 6782976
1733230859082 -0.03320172938229007 6815744
1733230894688 -0.02812063762012258 6848512
1733230939512 -0.014215871071041875 6880000
1733230976229 -0.02620907034784068 6914048
1733231011889 -0.02137566854507895 6946816
1733231047189 -0.01867819351637081 6979584
1733231082553 -0.030027710458443834 7012352
1733231125387 -0.0279923920517831 7040000
1733231163241 -0.029466909945995212 7077888
1733231198437 -0.03440481027187161 7110656
1733231234770 -0.035189258432501445 7143424
1733231270093 -0.03784298464606763 7176192
1733231312361 -0.037458040120418444 7200000
1733231351398 -0.0393441852973865 7241728
1733231386467 -0.04092935974449574 7274496
1733231423138 -0.03409129343872337 7307264
1733231458738 -0.0045799760641330066 7340032
1733231498356 -0.015970102288451925 7360000
1733231538616 -0.02117277619190645 7405568
1733231573592 -0.027615742422131006 7438336
1733231608947 -0.030272216814228158 7471104
1733231644229 -0.034778355262551484 7503872
1733231683409 -0.03342989674083583 7520000
1733231725092 -0.034709639037009764 7569408
1733231760451 -0.032457397099915394 7602176
1733231796077 -0.027125565745700443 7634944
1733231832960 -0.03701278266289591 7667712
1733231870975 -0.03548258062428431 7680000
1733231914212 -0.03549467698435364 7733248
1733231949271 -0.03269820072687253 7766016
1733231985140 -0.03429892899703191 7798784
1733232019892 -0.034238602637788065 7831552
1733232055881 -0.03579879100334438 7840000
1733232100308 -0.03862717305501064 7897088
1733232134875 -0.026678172476727012 7929856
1733232169702 -0.02769338627617799 7962624
1733232206562 -0.03575400195459224 7995392
1733232241729 -0.03147516420199281 8000000
1733232287734 -0.031143030048451693 8060928
1733232322509 -0.038565375876305555 8093696
1733232357302 -0.038825366017726994 8126464
1733232392785 -0.03853081112829386 8159232
1733232425709 -0.03903496979783085 8160000
1733232473080 -0.019402578263407123 8224768
1733232507879 -0.015998739285055307 8257536
1733232543094 -0.02234479893004391 8290304
1733232586615 -0.021952443520467567 8320000
1733232624868 -0.02935451287316937 8355840
1733232660349 -0.03433163893582787 8388608
1733232695069 -0.03451808034187707 8421376
1733232730478 -0.03627388954487287 8454144
1733232772875 -0.03257053501511109 8480000
1733232810898 -0.009848315641602313 8519680
1733232845746 -0.02839566604129686 8552448
1733232880636 -0.019264905552245182 8585216
1733232915393 -0.031104138455884823 8617984
1733232956425 -0.028265082957068442 8640000
1733232995255 -0.017171855075002896 8683520
1733233030345 0.0013130713994769394 8716288
1733233065326 -0.017586407702719953 8749056
1733233100355 -0.012181275638431544 8781824
1733233139438 -0.021259433140767215 8800000
1733233179752 -0.033828291521331266 8847360
1733233215294 -0.01614685047538842 8880128
1733233250257 -0.03137658579744311 8912896
1733233284672 -0.02084482912632666 8945664
1733233322536 -0.019108649228201102 8960000
1733233365699 -0.021795693498643232 9011200
1733233401039 -0.02721089491830071 9043968
1733233436204 -0.03092992560186758 9076736
1733233471294 -0.01728376781438783 9109504
1733233507745 -0.029291833457409665 9120000
1733233551631 -0.031103883123296327 9175040
1733233586462 -0.036720757157763725 9207808
1733233621514 -0.033893947622709676 9240576
1733233656717 -0.039295143391973396 9273344
1733233692785 -0.03594660625926736 9280000
1733233738059 -0.033370490592187704 9338880
1733233773687 -0.03273554705406241 9371648
1733233808590 -0.031533062547805454 9404416
1733233843430 -0.037819454891587154 9437184
1733233876255 -0.03340117528407518 9440000
1733233922567 -0.038357441313746674 9502720
1733233956940 -0.03648032135865833 9535488
1733233991928 -0.03512397080305618 9568256
1733234036420 -0.034641806902527605 9600000
1733234072332 -0.022204714920781042 9633792
1733234107816 -0.021100151375185304 9666560
1733234143039 -0.032436566854084956 9699328
1733234177962 -0.031829934577444874 9732096
1733234220120 -0.026085334241452075 9760000
1733234256916 -0.026804326812043654 9797632
1733234292101 -0.036183177005841574 9830400
1733234326850 -0.028234637859623036 9863168
1733234361378 -0.033003728561834575 9895936
1733234402681 -0.03867002677952769 9920000
1733234441106 -0.03531363134297862 9961472
1733234476005 -0.033501049272445016 9994240
1733234511328 -0.03230882525685956 10027008
1733234546840 -0.03160936979102189 10059776
1733234587481 -0.03623378205506924 10080000
1733234627645 -0.03584862927014001 10125312
1733234662410 -0.03612988071981817 10158080
1733234697267 -0.03273181159213436 10190848
1733234732265 -0.03464143082055671 10223616
1733234770996 -0.02796047560086663 10240000
1733234812476 -0.01757838973530852 10289152
1733234846992 -0.03555573617076106 10321920
1733234881653 -0.025515229958887175 10354688
1733234916531 -0.021825066285475713 10387456
1733234953674 -0.02254964413966718 10400000
1733234996650 -0.00018150570872421667 10452992
1733235031777 -0.023576035662881623 10485760
1733235066570 -0.008599762322546667 10518528
1733235103530 -0.023389182835012436 10551296
1733235139727 -0.0010940780661258032 10560000
1733235183923 -0.018303021243559668 10616832
1733235218557 -0.017201641990868665 10649600
1733235255223 -0.010729106547205446 10682368
1733235290745 -0.03626522962463241 10715136
1733235325274 -0.025312318507803865 10720000
1733235372360 -0.02682117142844618 10780672
1733235407454 -0.02697259418298472 10813440
1733235442777 -0.03425198031109176 10846208
1733235477734 -0.03354180706623992 10878976
1733235510658 -0.03662440673028868 10880000
1733235558461 -0.03377868611041777 10944512
1733235593476 -0.033284372104526484 10977280
1733235628141 -0.03201816138916911 11010048
1733235671004 -0.033753508034897094 11040000
1733235708026 -0.03512667849249738 11075584
1733235743017 -0.0341984064477856 11108352
1733235778066 -0.03609125191164821 11141120
1733235812906 -0.03291162858754433 11173888
1733235855238 -0.022980924702051198 11200000
1733235893193 -0.013431315861339499 11239424
1733235928452 -0.013162236674827455 11272192
1733235963546 -0.014796560098739064 11304960
1733235998327 -0.02599401454931467 11337728
1733236038716 -0.03551552126291426 11360000
1733236078127 -0.03332643832454778 11403264
1733236112540 -0.03543297800142682 11436032
1733236147538 -0.034639430790002736 11468800
1733236182385 -0.03353230335046646 11501568
1733236223685 -0.03547047379011019 11520000
1733236264437 -0.032731731517833394 11567104
1733236299294 0.0004956981457780784 11599872
1733236334017 -0.021084075900398604 11632640
1733236369063 -0.02130859597223207 11665408
1733236406630 -0.022222052368215374 11680000
1733236448228 -0.02901026786616967 11730944
1733236482684 -0.019648955656975886 11763712
1733236517399 -0.021156557276208333 11796480
1733236552215 -0.024113299438795366 11829248
1733236588804 -0.01196443762734134 11840000
1733236632151 -0.017206386273414864 11894784
1733236666691 -0.024056602408995785 11927552
1733236701881 -0.010688997251668298 11960320
1733236736022 0.003948561720449106 11993088
1733236771945 -0.01938911845622897 12000000
1733236817049 -0.015898034604128954 12058624
1733236852126 -0.022539162405610113 12091392
1733236887162 -0.020833274789811184 12124160
1733236922109 -0.01907743619599387 12156928
1733236955477 -0.01268227306031804 12160000
1733237001056 -0.016175106250420866 12222464
1733237036287 0.01727640138215065 12255232
1733237071145 -0.017421446208004454 12288000
1733237115204 -0.030320593913575066 12320000
1733237152022 -0.02330716878786916 12353536
1733237186621 -0.030815520479154656 12386304
1733237221636 -0.019601996439723733 12419072
1733237256158 -0.013312004227782382 12451840
1733237299284 -0.016848259735570536 12480000
1733237336153 -0.017873358401470796 12517376
1733237372912 -0.015172369832816912 12550144
1733237409495 0.006318412101563808 12582912
1733237444335 -0.03151888608376794 12615680
1733237485907 -0.03170469852279893 12640000
1733237523772 -0.02943086544241851 12681216
1733237558378 -0.03017317072822152 12713984
1733237593118 -0.030563679171746117 12746752
1733237628000 -0.03431002990687375 12779520
1733237668326 -0.031587088947162556 12800000
1733237708304 -0.03477339276710154 12845056
1733237743488 -0.03358571141329776 12877824
1733237778027 -0.03038646271779726 12910592
1733237813098 -0.029313123867086687 12943360
1733237851169 -0.021021009596188377 12960000
1733237892879 -0.01651683095712997 13008896
1733237927600 -0.028784198828179796 13041664
1733237962170 -0.01517118700348874 13074432
1733237996731 -0.028890711108169854 13107200
1733238034643 -0.024300375834900478 13120000
1733238079222 -0.024253363885054568 13172736
1733238114181 -0.032434573678210656 13205504
1733238150039 -0.02961492164295123 13238272
1733238184826 -0.03266261685839709 13271040
1733238221048 -0.033246197744051645 13280000
1733238266269 -0.03219202881177807 13336576
1733238300901 -0.03270358203826618 13369344
1733238335859 -0.028028158758252174 13402112
1733238372224 -0.01753150550061946 13434880
1733238407962 -0.005086734190706465 13440000
1733238455166 -0.018519737421047466 13500416
1733238490455 -0.015545017853082755 13533184
1733238525030 -0.031611721177887374 13565952
1733238561386 -0.021703844318381016 13598720
1733238594385 -0.02919705018011882 13600000
1733238640489 -0.023693193131884983 13664256
1733238675645 -0.023058720077779073 13697024
1733238710561 -0.02916535289878084 13729792
1733238754107 -0.00692430746039463 13760000
1733238791372 -0.010618966747097147 13795328
1733238825987 -0.0038864263222194496 13828096
1733238860942 -0.01629820247949283 13860864
1733238895976 -0.024261458422961367 13893632
1733238937839 -0.024920338599577006 13920000
1733238975491 -0.028706948687522528 13959168
1733239011738 -0.030886213115991268 13991936
1733239046851 -0.03022570790944883 14024704
1733239081502 -0.007907595376900644 14057472
1733239122543 -0.019561420660056682 14080000
1733239163109 -0.012108476139064805 14123008
1733239198185 -0.02011277844790129 14155776
1733239233083 -0.029001134280497352 14188544
1733239268042 -0.02974543283639832 14221312
1733239307529 -0.030314428319434226 14240000
1733239348201 -0.023902817345788207 14286848
1733239383000 -0.02204806303896021 14319616
1733239417704 -0.029535693712114154 14352384
1733239452211 -0.026758433955342296 14385152
1733239489767 -0.02775795276684221 14400000
1733239531241 -0.029800152249254096 14450688
1733239566165 -0.03138478161222338 14483456
1733239600689 -0.02999823323498276 14516224
1733239634951 -0.02871590963404742 14548992
1733239671502 -0.028784183772813776 14560000
1733239714165 -0.026790423557167743 14614528
1733239749316 -0.021060593062111367 14647296
1733239783924 -0.027223529937418788 14680064
1733239818372 -0.03559870579110793 14712832
1733239853303 -0.023517604477410713 14720000
1733239897774 -0.03069805865447961 14778368
1733239932364 -0.029639084289237873 14811136
1733239966896 -0.02901022756072962 14843904
1733240001573 -0.02590048695342375 14876672
1733240035567 -0.032119831360796526 14880000
1733240081554 -0.02707834248958534 14942208
1733240116411 -0.012046818737621834 14974976
1733240151285 -0.02184696640110815 15007744
1733240195572 -0.01445186326802741 15040000
1733240230663 -0.006260113359076058 15073280
1733240264916 -0.019157228084259258 15106048
1733240299494 -0.03132898002704678 15138816
1733240334303 -0.00029503328532882734 15171584
1733240376388 -0.02365802214226278 15200000
1733240412804 -0.020839182046711358 15237120
1733240447678 -0.020810186115249964 15269888
1733240482193 -0.02716989296995962 15302656
1733240516676 -0.027981220666924857 15335424
1733240558457 -0.02416513060916259 15360000
1733240595972 -0.03098016544481652 15400960
1733240630692 -0.03420609457534738 15433728
1733240665674 -0.026222773398922074 15466496
1733240700181 -0.03168494594765434 15499264
1733240740005 -0.03613694064706578 15520000
1733240779214 -0.028804735867879572 15564800
1733240813484 -0.031005083681884572 15597568
1733240847897 -0.026283391652441424 15630336
1733240882772 -0.030468712972697175 15663104
1733240920861 -0.030880237049177594 15680000
1733240961783 -0.034667849005836616 15728640
1733240996207 -0.03466489189606818 15761408
1733241031089 -0.03176863788057745 15794176
1733241065962 -0.03357700146339084 15826944
1733241103202 -0.032242481588036755 15840000
1733241145657 -0.03258878971105332 15892480
1733241180580 -0.03423985253384672 15925248
1733241215337 -0.03314768445711706 15958016
1733241249753 -0.01523205173803035 15990784
1733241285076 0.007208273676269528 16000000
1733241328972 -0.013227521260841969 16056320
1733241363929 -0.03168152721887054 16089088
1733241398765 -0.03237634144797994 16121856
1733241433177 -0.026826016048153177 16154624
1733241466779 -0.030406216812366438 16160000
1733241511482 -0.027246292859172173 16220160
1733241546647 -0.014614824987052088 16252928
1733241581421 -0.0019676548494999223 16285696
1733241616286 -0.003080157992343402 16318464
1733241648886 -0.02091112129330668 16320000
1733241695321 -0.025547145251221082 16384000
1733241730239 -0.01756491030514553 16416768
1733241764676 -0.028631248577039515 16449536
1733241808665 -0.011606849715371936 16480000
1733241844545 -0.027554224401706053 16515072
1733241879485 -0.023805216443338394 16547840
1733241913767 -0.032153928982188516 16580608
1733241948325 -0.010845332915687322 16613376
1733241990488 -0.026694191961360046 16640000
1733242027577 -0.025996654270784347 16678912
1733242062484 -0.030351204282624167 16711680
1733242097524 -0.02909529483890765 16744448
1733242132229 -0.02470306224909109 16777216
1733242172911 -0.03139271574000304 16800000
1733242211634 -0.029363542950886768 16842752
1733242246716 -0.030509945993844666 16875520
1733242281440 -0.010548248789154968 16908288
1733242316200 -0.009639956538285333 16941056
1733242355722 -0.021688670436788016 16960000
1733242395477 -0.030134204502383 17006592
1733242430000 -0.024057848690108585 17039360
1733242464215 -0.02602125593330129 17072128
1733242499623 -0.013215119785354546 17104896
1733242537553 -0.021201865737020854 17120000
1733242578641 -0.02072633805191799 17170432
1733242613531 -0.013292267712631655 17203200
1733242648021 -0.0076690220028012845 17235968
1733242682969 -0.01707316973424895 17268736
1733242719050 -0.01833735204140794 17280000
1733242761047 -0.011031635507515602 17334272
1733242795771 -0.028001176175121146 17367040
1733242830003 -0.020438601319415283 17399808
1733242864659 -0.023845174329699147 17432576
1733242899559 -0.027188611670499085 17440000
1733242943414 -0.030832495625554658 17498112
1733242977786 -0.029673387875800473 17530880
1733243012418 -0.027993672751699707 17563648
1733243046475 -0.030594488741007807 17596416
1733243079691 -0.029371222936561026 17600000
1733243125474 -0.03077409528800672 17661952
1733243160439 -0.03318644402961581 17694720
1733243195029 -0.03538601137543083 17727488
1733243238917 -0.026774225258623118 17760000
1733243273830 -0.019363079451886735 17793024
1733243308696 -0.027411491084876616 17825792
1733243343587 -0.030959346026793354 17858560
1733243378597 -0.007268388283455352 17891328
1733243422254 -0.028861466134549117 17920000
1733243458296 -0.03221710743696349 17956864
1733243493120 -0.028956985789500324 17989632
1733243527608 -0.02852971684797012 18022400
1733243562281 -0.020764626507025243 18055168
1733243603287 -0.011363236795136799 18080000
1733243640726 -0.0009027745892126404 18120704
1733243675450 -0.008644596100111812 18153472
1733243710265 -0.03036245999037419 18186240
1733243744823 -0.02989345144424078 18219008
1733243784247 -0.01652767929829224 18240000
1733243823667 -0.00658700911460528 18284544
1733243858615 -0.01347380409138168 18317312
1733243893272 -0.0042179235563480685 18350080
1733243928034 -0.01862845738203305 18382848
1733243966985 -0.019385685791530705 18400000
1733244007661 -0.01648697245555013 18448384
1733244041752 -0.015968675908197838 18481152
1733244076321 0.003097755653107015 18513920
1733244110523 -0.014158453673485383 18546688
1733244147596 -0.016433095097727345 18560000
1733244189551 -0.019767683059262707 18612224
1733244225462 -0.0209932671934439 18644992
1733244260587 0.000275019685125244 18677760
1733244295154 -0.009330502480815994 18710528
1733244330776 0.011489828516096168 18720000
1733244374547 -0.011719693524673858 18776064
1733244409162 -0.02649882359296498 18808832
1733244443356 -0.021893036378014586 18841600
1733244478001 -0.02286337261562039 18874368
1733244512641 -0.027467062886671556 18880000
1733244556737 0.001713757545280714 18939904
1733244590977 -0.01298430982451464 18972672
1733244625343 -0.009690201537750909 19005440
1733244659176 -0.010178109669811874 19038208
1733244692132 -0.010127906553589128 19040000
1733244738331 -0.0043984464396544356 19103744
1733244773219 -0.014425926770513797 19136512
1733244807543 -0.02527355688202988 19169280
1733244851375 -0.026188431774426136 19200000
1733244887128 -0.004978737103647291 19234816
1733244921618 0.018217703716209142 19267584
1733244956646 -0.003810013469774276 19300352
1733244991386 -0.015899890562513973 19333120
1733245034140 -0.009467175942654648 19360000
1733245071562 -0.01144070447858212 19398656
1733245106627 -0.026359124387454358 19431424
1733245141143 -0.024407376141834903 19464192
1733245175658 -0.030235507720090028 19496960
1733245216687 -0.02893617827453454 19520000
1733245255201 -0.015177188164307154 19562496
1733245289667 -0.02925923370266901 19595264
1733245324498 -0.02771829378525581 19628032
1733245358946 -0.022552567356387953 19660800
1733245398116 -0.030212300345647237 19680000
1733245437818 -0.025854444939932365 19726336
1733245471782 -0.025566583080035343 19759104
1733245506121 -0.027798404880240924 19791872
1733245540531 -0.03060270627547652 19824640
1733245578093 -0.026997378084524827 19840000
1733245619498 -0.026573780386024738 19890176
1733245654105 -0.02599628230732378 19922944
1733245690479 -0.02461595533923173 19955712
1733245725224 -0.02846019126122883 19988480
1733245761805 -0.02496387131816391 20000000
1733245804509 -0.024819629604644435 20054016
1733245839595 -0.027210520682365312 20086784
1733245874430 -0.018511534914887308 20119552
1733245909237 -0.023499726246222964 20152320
1733245944635 -0.005579802287729763 20160000
1733245988232 -0.02242509633329064 20217856
1733246023028 -0.030149200466075853 20250624
1733246057691 -0.018638145827799234 20283392
1733246092451 -0.02492183919953277 20316160
1733246126106 -0.01259483343045531 20320000
1733246171103 -0.008355402235292787 20381696
1733246205310 -0.022085438221984076 20414464
1733246239808 -0.015878045953240872 20447232
1733246285121 -0.025751621181007066 20480000
1733246320327 -0.011142971214303543 20512768
1733246355292 -0.015557928581642955 20545536
1733246390016 -0.021368272928270926 20578304
1733246425231 -0.022725427602927083 20611072
1733246468244 -0.022718472017641034 20640000
1733246504592 -0.02164954000945727 20676608
1733246539466 -0.015636425935463195 20709376
1733246574353 -0.024512455342619432 20742144
1733246608580 -0.02490872068938188 20774912
1733246650410 -0.02055131710635578 20800000
1733246688512 -0.006203493387715753 20840448
1733246723231 -0.013429825599246215 20873216
1733246757983 -0.02114524125427124 20905984
1733246794137 -0.01179888924957595 20938752
1733246834869 -0.017104363998191728 20960000
1733246873641 -0.02723857870341817 21004288
1733246907981 -0.03071275869483543 21037056
1733246942913 -0.0259556466747199 21069824
1733246977020 -0.02227874005193371 21102592
1733247015684 -0.030983149807889278 21120000
1733247056821 -0.026592712862611733 21168128
1733247091512 -0.02941996302788539 21200896
1733247126314 -0.024495328205830447 21233664
1733247160967 -0.030224717109513223 21266432
1733247198241 -0.030527550884039557 21280000
1733247239770 -0.022014021842869623 21331968
1733247274462 -0.0253669452117947 21364736
1733247309593 -0.022792124501756918 21397504
1733247344124 -0.022585140458841125 21430272
1733247380683 -0.018614167436135177 21440000
1733247423977 -0.02790103877605361 21495808
1733247458575 -0.021217181105976125 21528576
1733247492858 -0.028199009521449624 21561344
1733247527914 -0.021745401106591088 21594112
1733247562571 -0.03024301780396854 21600000
1733247607596 -0.030683238079200238 21659648
1733247642761 -0.025399645666584546 21692416
1733247677918 -0.023321972042413108 21725184
1733247714655 -0.02951360494967048 21757952
1733247748356 -0.025565384609535613 21760000
1733247794468 -0.027648445833438017 21823488
1733247829699 -0.03240366270365484 21856256
1733247864639 -0.0284511351047513 21889024
1733247907857 -0.028901542075709587 21920000
1733247943586 -0.026803648730333408 21954560
1733247978876 -0.025490867263602012 21987328
1733248013298 -0.028293579311821304 22020096
1733248048211 -0.02281205010567646 22052864
1733248090307 -0.0019358923465233602 22080000
1733248127377 -0.026610825075317736 22118400
1733248162304 -0.023434694772140573 22151168
1733248197547 -0.017723793455684245 22183936
1733248232133 -0.02476605340052629 22216704
1733248273190 -0.03044953038879612 22240000
1733248312062 -0.02985432460177435 22282240
1733248347178 -0.027604370754488627 22315008
1733248381678 -0.029517184401356644 22347776
1733248416532 -0.02780641591684798 22380544
1733248456455 -0.03190839773137668 22400000
1733248496358 -0.0127043675497589 22446080
1733248531196 -0.028231135635905957 22478848
1733248566037 -0.03011266547659943 22511616
1733248600914 -0.02879942117660903 22544384
1733248638792 -0.028879810556895792 22560000
1733248680074 -0.007359862526584493 22609920
1733248714895 -0.009932320107964188 22642688
1733248750311 -0.01385129674572454 22675456
1733248784895 -0.026426216529489465 22708224
1733248821696 -0.02761810966712801 22720000
1733248864498 -0.023856763440562645 22773760
1733248899257 -0.022757239994098198 22806528
1733248933773 -0.005202926884703629 22839296
1733248968329 -0.007047468918244704 22872064
1733249003883 -0.02377603571922009 22880000
1733249047951 -0.023645104703427934 22937600
1733249083156 -0.009314318188239667 22970368
1733249117221 -0.0035871097543804355 23003136
1733249152361 -0.014539116075570745 23035904
1733249186083 -0.027105811340743458 23040000
1733249231639 -0.0100982752210939 23101440
1733249266812 -0.012819843580746237 23134208
1733249301808 -0.02208152367243201 23166976
1733249336584 -0.019715903049996087 23199744
1733249368726 -0.008604334520669 23200000
1733249415935 -0.022989455900642497 23265280
1733249450638 -0.023579898873776983 23298048
1733249485350 -0.025304936480347352 23330816
1733249528102 -0.016644432904422503 23360000
1733249564866 -0.023186659463499383 23396352
1733249599389 -0.020474646884258617 23429120
1733249634870 -0.0060272948374404224 23461888
1733249669205 -0.02001255264763131 23494656
1733249711264 -0.00998379260636284 23520000
1733249749472 -0.02405164735209837 23560192
1733249784765 -0.006204826606153802 23592960
1733249819503 -0.026749064214163808 23625728
1733249854631 -0.02209052657117354 23658496
1733249894991 -0.026051980508782435 23680000
1733249934209 -0.02408496279363135 23724032
1733249968893 -0.02059849997335732 23756800
1733250004615 -0.025188329293268908 23789568
1733250039190 -0.02534906370351564 23822336
1733250078467 -0.030191720306584104 23840000
1733250119608 -0.0256747604256816 23887872
1733250154158 -0.027312324297145096 23920640
1733250189143 -0.03191134224175585 23953408
1733250223890 -0.028482858979350566 23986176
1733250261491 -0.02955921589218633 24000000
1733250303776 -0.027194726830430227 24051712
1733250338496 -0.02738374309583378 24084480
1733250373095 -0.021622692588516658 24117248
1733250408347 -0.02586348109221035 24150016
1733250445028 -0.01636590427788178 24160000
1733250488925 -0.01610777156772656 24215552
1733250523641 -0.020693350616829774 24248320
1733250558391 -0.013193162762263455 24281088
1733250593340 -0.011330882670222309 24313856
1733250628307 -0.025677042039251318 24320000
1733250672803 -0.013379955261598298 24379392
1733250707133 -0.025208917427289635 24412160
1733250741365 -0.027794479832164144 24444928
1733250776800 -0.024311011578038232 24477696
1733250810262 -0.0224530857625723 24480000
1733250856334 -0.02816392198592439 24543232
1733250891207 -0.02515581553411721 24576000
1733250926216 -0.026917127155184063 24608768
1733250970658 -0.02663235437394178 24640000
1733251006100 -0.02541620699835221 24674304
1733251041067 -0.02615259758645152 24707072
1733251075748 -0.02544965916054025 24739840
1733251110674 -0.01598140920514197 24772608
1733251152817 -0.027724792569642887 24800000
1733251189678 -0.012745446660073868 24838144
1733251224535 -0.006775218396933269 24870912
1733251258647 -0.024892934361378138 24903680
1733251293181 -0.02998860186166894 24936448
1733251335349 -0.030223776880211516 24960000
1733251374285 -0.02348583713633161 25001984
1733251409332 -0.02030013758098903 25034752
1733251444257 -0.017444776672505213 25067520
1733251479550 -0.029707941866149667 25100288
1733251519063 -0.02606640111184788 25120000
1733251558629 -0.026411662037162387 25165824
1733251593853 -0.02497007577940167 25198592
1733251628854 -0.02485196600487143 25231360
1733251663368 -0.02812217337095717 25264128
1733251701457 -0.0055040596711251055 25280000
1733251742971 -0.01730589598159895 25329664
1733251777734 -0.019313521992762615 25362432
1733251812368 -0.020178062559807586 25395200
1733251847273 -0.017741179146241848 25427968
1733251884486 -0.016743688528595157 25440000
1733251927091 -0.01658564361923709 25493504
1733251961773 -0.011186683084179094 25526272
1733251996250 -0.02769191937572941 25559040
1733252030877 -0.011494439413081637 25591808
1733252066605 -0.013459063862569565 25600000
1733252111007 -0.01531815403704968 25657344
1733252145452 -0.013195169548532703 25690112
1733252180035 -0.013652380858411561 25722880
1733252214730 -0.01793406249507825 25755648
1733252248198 -0.022176365600262215 25760000
1733252293685 -0.019176161673476598 25821184
1733252328717 -0.028770341988115435 25853952
1733252363748 -0.02309239228061415 25886720
1733252398646 -0.02356615302201135 25919488
1733252431211 -0.02275808934939505 25920000
1733252477323 -0.02542883493924819 25985024
1733252511864 -0.02484934542321753 26017792
1733252546688 -0.004453115352089298 26050560
1733252590550 -0.026652458794796986 26080000
1733252626516 -0.021346760865890248 26116096
1733252661220 -0.003606697730378983 26148864
1733252696019 -0.02349728532494737 26181632
1733252730757 -0.029236387338733037 26214400
1733252772557 -0.025496287771329663 26240000
1733252810301 -0.022420675147191104 26279936
1733252845431 -0.0269062055127506 26312704
1733252880319 -0.029122645005281812 26345472
1733252914680 -0.02957603315671804 26378240
1733252954157 -0.023457488422627647 26400000
1733252993487 -0.026013577598541816 26443776
1733253028340 -0.030192101226839442 26476544
1733253062663 -0.025753746430473255 26509312
1733253097046 -0.008601930520671885 26542080
1733253136541 -0.024632455069195203 26560000
1733253176905 -0.023709918090253267 26607616
1733253211595 -0.028259716563161418 26640384
1733253246571 -0.027295680963743508 26673152
1733253281054 -0.02816602135130779 26705920
1733253318297 -0.01923355880217059 26720000
1733253360189 -0.026789176674719785 26771456
1733253394444 -0.022754390185900773 26804224
1733253429278 -0.021714234737191872 26836992
1733253463839 -0.02903310471074292 26869760
1733253499484 -0.030202461090902945 26880000
1733253542753 -0.02386201051315311 26935296
1733253577357 -0.03102522870831308 26968064
1733253611974 -0.027554607141883024 27000832
1733253646737 -0.027592461821359392 27033600
1733253680928 -0.019961747886418378 27040000
1733253725599 -0.0036659053250559736 27099136
1733253760531 -0.01585872669741093 27131904
1733253795296 -0.010553060035067573 27164672
1733253829893 -0.018332689753515298 27197440
1733253863256 -0.028660996835697006 27200000
1733253908802 -0.023025409071897228 27262976
1733253943922 -0.004391125718620969 27295744
1733253978306 -0.02056434214082401 27328512
1733254020978 -0.026426682879582587 27360000
1733254056757 -0.017602539531276308 27394048
1733254091256 -0.026296807553580947 27426816
1733254126512 -0.02315200207108319 27459584
1733254160733 -0.027742885124507666 27492352
1733254203349 -0.02477314225588998 27520000
1733254240273 -0.02602050062591843 27557888
1733254274860 -0.025879472671704207 27590656
1733254309971 -0.02362762706884496 27623424
1733254344638 -0.023233392770816864 27656192
1733254385951 -0.02807588161726926 27680000
1733254424531 -0.02731203418820769 27721728
1733254458496 -0.02781465874491005 27754496
1733254492885 0.013841646744117498 27787264
1733254527234 -0.0261992321632988 27820032
1733254567014 -0.01511165741339937 27840000
1733254606009 -0.024937838098185238 27885568
1733254640835 -0.02713521230718925 27918336
1733254676323 -0.030147785328608734 27951104
1733254711179 -0.028855410557298455 27983872
1733254748805 -0.027370828030916526 28000000
1733254788957 -0.025901727174641564 28049408
1733254822930 -0.01149152231324706 28082176
1733254857839 -0.006958032077955067 28114944
1733254892237 -0.02662369095119175 28147712
1733254928129 -0.02440490744102135 28160000
1733254969620 -0.01854062354486814 28213248
1733255004392 -0.0008093461107137045 28246016
1733255039479 -0.026960728560788995 28278784
1733255074213 -0.021917471303277127 28311552
1733255109089 -0.021440709767466613 28320000
1733255153007 -0.023962791610165367 28377088
1733255187582 -0.02269508937779392 28409856
1733255222831 -0.017863288246553567 28442624
1733255257450 -0.025998570164438205 28475392
1733255290998 -0.02589366557936046 28480000
1733255335927 -0.028876379619032378 28540928
1733255370691 -0.025781971529022486 28573696
1733255405064 -0.026294195822083567 28606464
1733255439612 -0.030235166011834735 28639232
1733255471853 -0.028448157382854333 28640000
1733255517448 -0.025330597614083673 28704768
1733255552047 -0.008022544771938556 28737536
1733255586672 -0.00683854421408796 28770304
1733255629390 -0.023343401350166458 28800000
1733255665237 -0.013761633331591838 28835840
1733255699329 -0.024086756015549327 28868608
1733255733833 -0.010132940224002596 28901376
1733255769124 -0.026107803032664377 28934144
1733255809556 -0.024098322178588205 28960000
1733255846478 -0.024960643813255957 28999680
1733255881690 -0.011270537423206406 29032448
1733255916640 -0.02800702499939689 29065216
1733255951887 -0.01039190126707581 29097984
1733255991219 -0.02207197366942637 29120000
1733256031641 -0.020807164730024398 29163520
1733256066287 -0.023300266796059076 29196288
1733256101387 -0.031642139580617366 29229056
1733256136056 -0.007581121865428031 29261824
1733256174896 -0.02514130413337625 29280000
1733256214991 -0.01392565643918715 29327360
1733256248981 -0.02758168817540536 29360128
1733256283963 -0.028478113664823466 29392896
1733256318837 -0.008888314792602613 29425664
1733256355073 -0.015844610217482114 29440000
1733256395979 -0.016824767743719347 29491200
1733256430936 -0.025825296250195605 29523968
1733256465691 -0.00511818083275557 29556736
1733256500059 -0.012085730836497532 29589504
1733256535772 -0.024323694148642973 29600000
1733256578657 -0.02745565091863682 29655040
1733256614326 -0.017981977050294518 29687808
1733256648770 -0.026498163482301607 29720576
1733256683444 0.000760878593587222 29753344
1733256718805 -0.0019554808708790008 29760000
1733256763762 -0.027669152452881464 29818880
1733256798310 -0.030924115370771686 29851648
1733256832766 -0.012658902216867319 29884416
1733256867697 -0.006428401926154947 29917184
1733256901587 -0.016524341894955795 29920000
1733256947819 -0.00690500894638717 29982720
1733256982538 -0.02503328061720822 30015488
1733257017003 0.005282848816978003 30048256
1733257060649 -0.021972078527824124 30080000
1733257095671 -0.030202077950752935 30113792
1733257131016 -0.01600033662562055 30146560
1733257165342 -0.022716242544902343 30179328
1733257200021 -0.024738554631630903 30212096
1733257242351 -0.023867806305725027 30240000
1733257279781 -0.023604909167079312 30277632
1733257314797 -0.020465407114306798 30310400
1733257349052 -0.01955721210306365 30343168
1733257384200 -0.005251565483524701 30375936
1733257425207 -0.01892741292658684 30400000
1733257463110 -0.012534162493352596 30441472
1733257498025 -0.023621683215424127 30474240
1733257533017 -0.02039662007282459 30507008
1733257567612 -0.026108052849303932 30539776
1733257607375 -0.021315857885747393 30560000
1733257646503 -0.023886277121300738 30605312
1733257681312 -0.01689697879050982 30638080
1733257716068 -0.021657385945900387 30670848
1733257750624 -0.009884284882923566 30703616
1733257788846 -0.020742748367501916 30720000
1733257830067 -0.01915363962536958 30769152
1733257864799 -0.029262162555050965 30801920
1733257899122 -0.01915149495885089 30834688
1733257934011 -0.012685484990288386 30867456
1733257970692 -0.025919618655825614 30880000
1733258014162 -0.02193436076290709 30932992
1733258048863 -0.026223540184400918 30965760
1733258083875 -0.027842317744489264 30998528
1733258118490 -0.026909536518996902 31031296
1733258154113 0.010418494946929969 31040000
1733258197874 -0.02342326795574081 31096832
1733258232693 -0.022994794610781355 31129600
1733258266812 -0.014753972295829953 31162368
1733258301552 -0.019885840108190677 31195136
1733258335892 -0.02955521186227088 31200000
1733258381145 -0.028113040431117044 31260672
1733258416193 -0.02497498482039191 31293440
1733258451343 -0.027455079979517905 31326208
1733258486539 -0.027312506757880328 31358976
1733258518684 -0.020028123953079558 31360000
1733258565032 -0.026037782058256197 31424512
1733258599609 -0.026848561206406885 31457280
1733258634228 -0.026040729604483205 31490048
1733258677490 -0.0005886546432520845 31520000
1733258713491 -0.019637236469975505 31555584
1733258748214 -0.005316354219667118 31588352
1733258782734 -0.025443336227453983 31621120
1733258817379 -0.018839031885227085 31653888
1733258859340 -0.03140745847258586 31680000
1733258896965 -0.027426207844246164 31719424
1733258932069 -0.023506684366748232 31752192
1733258966900 -0.02885539277126554 31784960
1733259001864 -0.016973644635709207 31817728
1733259042960 -0.021285765269794865 31840000
1733259081153 -0.02095847271771163 31883264
1733259115751 -0.02411065466931177 31916032
1733259150533 -0.024281686554445514 31948800
1733259185131 -0.017412518427545366 31981568
1733259224324 -0.025667377438571747 32000000
1733259265032 -0.02406627413993192 32047104
1733259300196 -0.023080096681633223 32079872
1733259334707 -0.027998617902767364 32112640
1733259370637 -0.022474247432955962 32145408
1733259408606 -0.027221970534674254 32160000
1733259451080 -0.02820233038751212 32210944
1733259486736 -0.01952918665215293 32243712
1733259521227 -0.01100043887031461 32276480
1733259556966 -0.024613749452555567 32309248
1733259592959 -0.027453168632200688 32320000
1733259636351 -0.019269990993007014 32374784
1733259670786 -0.02614771569037657 32407552
1733259706281 -0.01868486093919728 32440320
1733259742112 -0.024249244694419757 32473088
1733259776596 -0.030689554495575068 32480000
1733259821708 -0.01851494948045911 32538624
1733259856414 -0.025644589131707106 32571392
1733259891637 -0.029724362926117465 32604160
1733259926007 -0.016725919725968198 32636928
1733259959766 -0.02043307945618835 32640000
1733260006612 -0.019697793289014952 32702464
1733260041748 -0.021532961312732368 32735232
1733260077307 -0.02597886833721077 32768000
1733260121074 -0.016624961724664898 32800000
1733260157649 -0.019389026472435945 32833536
1733260191507 -0.0098864812328884 32866304
1733260227142 -0.009581718851723053 32899072
1733260262521 -0.012383042843816838 32931840
1733260304036 0.009449808655472226 32960000
1733260341017 -0.017839592424525107 32997376
1733260376398 -0.016293857245318576 33030144
1733260412571 -0.023811118418188927 33062912
1733260447144 -0.02256742238610059 33095680
1733260489140 -0.025339723352431065 33120000
1733260527603 -0.0251231268378433 33161216
1733260563441 -0.02096023545973367 33193984
1733260598657 -0.024342423000234703 33226752
1733260633444 -0.02682332937256433 33259520
1733260673568 -0.023589733716903538 33280000
1733260713208 -0.029437115185328367 33325056
1733260749471 -0.023709031131056692 33357824
1733260784494 -0.023214177042382288 33390592
1733260819577 -0.01075281436055775 33423360
1733260859755 -0.027155119917779302 33440000
1733260900093 -0.025512543085187644 33488896
1733260936415 -0.02796775057013292 33521664
1733260970489 -0.020150457976023974 33554432
1733261006346 -0.021508200127027522 33587200
1733261043909 -0.030442305774295166 33600000
1733261087304 -0.028499892614172496 33652736
1733261123296 -0.028790361862411372 33685504
1733261158094 -0.024905015114927664 33718272
1733261195121 -0.028728457931902086 33751040
1733261231205 -0.02445111521774379 33760000
1733261276516 -0.022460779489665583 33816576
1733261312129 -0.02640980778614903 33849344
1733261347346 -0.025433643483165725 33882112
1733261382735 -0.026285025937033878 33914880
1733261417474 -0.011393232138038912 33920000
1733261463052 -0.025582604456440096 33980416
1733261498948 -0.031672990216134164 34013184
1733261536437 -0.021297415290882783 34045952
1733261572553 -0.023486784999295195 34078720
1733261605967 -0.018155620645484306 34080000
1733261654187 -0.02005796785028906 34144256
1733261689986 -0.024783131843560114 34177024
1733261725683 -0.023408392886130967 34209792
1733261769128 -0.02808972646753318 34240000
1733261805426 -0.024600846734938387 34275328
1733261841531 -0.022746681702938077 34308096
1733261877653 -0.022725236973474238 34340864
1733261913084 -0.02797221996756889 34373632
1733261956198 -0.026925070492325176 34400000
1733261995486 -0.02644293233784083 34439168
1733262030825 -0.02343021899764608 34471936
1733262066739 -0.026596874448568997 34504704
1733262105277 -0.02879590939883201 34537472
1733262147515 -0.021760026086667494 34560000
1733262187626 -0.022480766144462906 34603008
1733262223001 -0.010261158513640112 34635776
1733262260115 -0.006607174219539047 34668544
1733262295288 -0.013650188254473505 34701312
1733262334093 -0.013745904565712407 34720000
1733262376214 -0.008296740074001718 34766848
1733262413086 -0.025151269396019416 34799616
1733262448538 -0.021207990493303443 34832384
1733262484956 -0.025918115597505675 34865152
1733262523578 -0.017962049580000895 34880000
1733262566574 -0.02267121331683484 34930688
1733262602397 -0.0199447420739034 34963456
1733262639011 -0.011212817889236249 34996224
1733262674175 -0.019753163377185957 35028992
1733262711147 -0.024006869743834612 35040000
1733262755201 -0.028050506408726507 35094528
1733262791145 -0.01752918170459452 35127296
1733262826696 -0.01781630455063805 35160064
1733262863421 -0.024241336488876185 35192832
1733262899733 -0.01681375961679805 35200000
1733262946161 -0.022832831764617367 35258368
1733262981542 -0.025952019959368043 35291136
1733263018956 -0.025592239404068094 35323904
1733263054729 -0.028913973599674136 35356672
1733263089402 -0.028198566345054132 35360000
1733263136713 -0.029652257816906058 35422208
1733263173677 -0.02920830192269932 35454976
1733263209198 -0.02634980627767618 35487744
1733263253853 -0.01950233108782413 35520000
1733263290634 -0.02573164477580576 35553280
1733263327340 -0.025253905197450875 35586048
1733263362219 -0.02129176282842309 35618816
1733263398852 -0.021790431863041703 35651584
1733263441397 -0.018875262235542322 35680000
1733263478670 -0.01780430458150022 35717120
1733263513918 -0.017798706206394854 35749888
1733263548766 -0.021146607464788757 35782656
1733263585255 -0.02790481636163804 35815424
1733263626634 -0.008480322088280446 35840000
1733263664431 -0.01675714027014692 35880960
1733263700263 -0.029272526023669344 35913728
1733263734935 -0.0259735552796883 35946496
1733263770800 -0.020375669164877763 35979264
1733263810904 -0.02409401829622766 36000000
1733263850551 0.003002227857723483 36044800
1733263886448 -0.024098007323937055 36077568
1733263921380 -0.02333656580085517 36110336
1733263958044 -0.030079711817688804 36143104
1733263996666 -0.02314485376336961 36160000
1733264037862 -0.01776615471819696 36208640
1733264073452 -0.02931336673309488 36241408
1733264108133 -0.023866950635738248 36274176
1733264144622 -0.019031711984416687 36306944
1733264181094 -0.019360813730781957 36320000
1733264223381 -0.02862184402497405 36372480
1733264259045 -0.029982672262440245 36405248
1733264294053 -0.020204004555762368 36438016
1733264329934 -0.02748312214184807 36470784
1733264365113 -0.027848118025940494 36480000
1733264409727 -0.02476864606496747 36536320
1733264445677 -0.030431796260563714 36569088
1733264479988 -0.02563723715516062 36601856
1733264516870 -0.017327399472424076 36634624
1733264551357 -0.02394853531877743 36640000
1733264597046 -0.020512473548524212 36700160
1733264632311 -0.02396893580289543 36732928
1733264667365 -0.024501414193582604 36765696
1733264704321 -0.026653781048753444 36798464
1733264736847 -0.02408381463819751 36800000
1733264784930 -0.026519386648351427 36864000
1733264821053 -0.029128828504099147 36896768
1733264855711 -0.02471543553203901 36929536
1733264900423 -0.02314644962825696 36960000
1733264936521 -0.027288156953909494 36995072
1733264971953 -0.023969682952474612 37027840
1733265008010 -0.02837856932246723 37060608
1733265043558 -0.021555369338966558 37093376
1733265086376 -0.022987442876819843 37120000
1733265124304 -0.023454802634660155 37158912
1733265159451 -0.02466966528957073 37191680
1733265195466 -0.02394500342215906 37224448
1733265230467 -0.026232874812512817 37257216
1733265272768 -0.026891642223927193 37280000
1733265311926 -0.020569450467428398 37322752
1733265346743 0.027227849181508647 37355520
1733265382802 -0.0069348083680779386 37388288
1733265417970 -0.001211782513507842 37421056
1733265458733 -0.024081652378708896 37440000
1733265499046 -0.010071875094718052 37486592
1733265533458 -0.020712629168883723 37519360
1733265568966 -0.029662586510903567 37552128
1733265603490 -0.02512795959619325 37584896
1733265642695 -0.025465546490022462 37600000
1733265685240 -0.01916083217420237 37650432
1733265720205 -0.02256732319697221 37683200
1733265756283 -0.015156565605536798 37715968
1733265791447 -0.02559546293487074 37748736
1733265828795 -0.022649453025087495 37760000
1733265872565 -0.020172282948715294 37814272
1733265907263 -0.025445704213825592 37847040
1733265944334 -0.013649837752177518 37879808
1733265979408 -0.023877160217034545 37912576
1733266015378 -0.02194495993412602 37920000
1733266061259 -0.006242263157992057 37978112
1733266096123 -0.008660015719647163 38010880
1733266133358 -0.02283500765223607 38043648
1733266168822 -0.02761210097835374 38076416
1733266203146 -0.023101216941631718 38080000
1733266249198 -0.017512251963671586 38141952
1733266283801 -0.019246914896689303 38174720
1733266320541 -0.02014408416680453 38207488
1733266366227 -0.022518434651419738 38240000
1733266401188 -0.017787966606829287 38273024
1733266438367 -0.026791193027474947 38305792
1733266474077 -0.025180058376599847 38338560
1733266510158 -0.019610487216323236 38371328
1733266553934 -0.024091686425322223 38400000
1733266590847 -0.02684820596141435 38436864
1733266626614 -0.0177002604467134 38469632
1733266661001 -0.02034258470689565 38502400
1733266696886 -0.013820324864809663 38535168
1733266738582 -0.013387713494853414 38560000
1733266776304 -0.02142459545107158 38600704
1733266813068 -0.019028391113147337 38633472
1733266848057 -0.023948030578867473 38666240
1733266883914 -0.02200741435635791 38699008
1733266925284 -0.020791918736745175 38720000
1733266965136 -0.01934505217336664 38764544
1733267001648 -0.022285928612018325 38797312
1733267036931 -0.02665584421774838 38830080
1733267072279 -0.02883427117099018 38862848
1733267112667 -0.020670546691189885 38880000
1733267154521 -0.02292938542000229 38928384
1733267190769 -0.025881226195042472 38961152
1733267226900 -0.02500825226743473 38993920
1733267261833 -0.024754097906770765 39026688
1733267300601 -0.023416875987049935 39040000
1733267343285 -0.0199778782595331 39092224
1733267378461 -0.023274449384598484 39124992
1733267413298 -0.02567884971629155 39157760
1733267448587 -0.018698726413595067 39190528
1733267486279 -0.018786949783816453 39200000
1733267530152 -0.015345313802185956 39256064
1733267565636 -0.027698528934479327 39288832
1733267601475 -0.022900377785344973 39321600
1733267636711 -0.025446836743867607 39354368
1733267673134 -0.029534384191083517 39360000
1733267718704 -0.017716025590107164 39419904
1733267753074 -0.019975502585589312 39452672
1733267788662 -0.02825457637150066 39485440
1733267823845 -0.023342432599110906 39518208
1733267857849 -0.026790964979136335 39520000
1733267904040 -0.02538660279346914 39583744
1733267938772 -0.02555175811448862 39616512
1733267974421 -0.028088744892420435 39649280
1733268017557 -0.02662797144498654 39680000
1733268054806 -0.025845961297250142 39714816
1733268090054 -0.0005081433053419459 39747584
1733268125394 -0.006512278265222449 39780352
1733268160942 0.021843855965607874 39813120
1733268203152 -0.010016059259578469 39840000
1733268242067 -0.01915334850555155 39878656
1733268277214 -0.02365725204854243 39911424
1733268312433 -0.020224718202121038 39944192
1733268347811 -0.02746569469441056 39976960
1733268388599 -0.024762083765426723 40000000
1733268428395 -0.026847986673828927 40042496
1733268463943 -0.021354726019126247 40075264
1733268498434 -0.013021689732886444 40108032
1733268533580 -0.029825896537249718 40140800
1733268572536 -0.0268235677881421 40160000
1733268613300 -0.016333953862067575 40206336
1733268648047 -0.01921873158935341 40239104
1733268683501 -0.009190164884239493 40271872
1733268719074 -0.024391214846673392 40304640
1733268756942 -0.012177712397806318 40320000
1733268799175 -0.017109773867355217 40370176
1733268835297 -0.02071074425862207 40402944
1733268870333 -0.009738615021387887 40435712
1733268905862 -0.01273033271386339 40468480
1733268941937 -0.008794094283257437 40480000
1733268984545 -0.006301151569914509 40534016
1733269020786 -0.02573569323603806 40566784
1733269055452 -0.02655180294791535 40599552
1733269092956 0.01287600532301667 40632320
1733269127296 -0.022854277492479015 40640000
1733269171857 -0.012679375614175115 40697856
1733269207747 -0.020110855711982366 40730624
1733269242536 -0.023794898296910106 40763392
1733269278191 -0.017618593374800186 40796160
1733269312014 -0.015877052370433374 40800000
1733269358837 -0.02802652029613455 40861696
1733269394638 -0.02792727323790132 40894464
1733269429381 -0.023769477786072458 40927232
1733269474934 -0.023440687296078976 40960000
1733269510432 -0.024284285945100237 40992768
1733269545588 -0.029605032939844022 41025536
1733269581879 -0.026211900066118687 41058304
1733269617416 -0.02030053810958634 41091072
1733269659462 -0.0180475336276686 41120000
1733269695718 -0.023038375158375857 41156608
1733269730797 -0.025213515601240032 41189376
1733269765603 -0.012478979799016087 41222144
1733269801270 -0.02350860959018064 41254912
1733269841900 -0.026845707660277184 41280000
1733269880039 -0.021362744227371878 41320448
1733269915396 -0.023161584242643585 41353216
1733269950143 -0.025772640829836747 41385984
1733269985830 -0.02257968479684678 41418752
1733270025787 -0.025505207642754612 41440000
1733270065458 -0.02734609548442677 41484288
1733270101681 -0.02647370573254193 41517056
1733270136565 -0.022067020217355092 41549824
1733270171335 -0.026467881693133678 41582592
1733270210499 -0.02184131524309123 41600000
1733270251820 -0.009814198496769677 41648128
1733270286868 -0.03013215143996604 41680896
1733270322536 -0.023372805492272164 41713664
1733270357869 -0.024368323142402913 41746432
1733270395685 -0.023720989963021567 41760000
1733270436806 -0.014707203158945959 41811968
1733270471204 -0.0036637674371831964 41844736
1733270507052 -0.00039955652396201914 41877504
1733270541841 -0.01450936582882605 41910272
1733270577501 -0.022388331816500795 41920000
1733270622026 -0.017134915060751155 41975808
1733270657057 -0.01843886312842642 42008576
1733270691839 -0.021946037457291824 42041344
1733270726595 -0.02229266297895265 42074112
1733270761126 -0.019391058920791692 42080000
1733270806232 -0.026733035193001343 42139648
1733270841586 -0.017393423561543386 42172416
1733270876567 -0.024039561033350764 42205184
1733270913173 -0.022480065828494843 42237952
1733270945629 -0.02740920484500293 42240000
1733270991602 -0.028553212784845527 42303488
1733271027639 -0.014162457744521361 42336256
1733271061935 -0.02316499429293799 42369024
1733271105274 -0.020975876092279577 42400000
1733271143157 -0.014135546752186201 42434560
1733271178260 -0.021438612516612922 42467328
1733271213126 -0.01818500460544783 42500096
1733271248514 -0.01800929056680616 42532864
1733271290760 -0.029684512364428883 42560000
1733271327942 -0.015842116353360323 42598400
1733271363083 -0.01938975961054439 42631168
1733271398053 -0.02223580358008803 42663936
1733271434511 -0.024927883775080772 42696704
1733271475355 -0.022853227465566305 42720000
