1731660316673 1.0 32768
1731660352355 2.0 65536
1731660390319 3.0 98304
1731660428450 4.0 131072
1731660477224 5.0 163840
1731660521582 6.0 196608
1731660565379 7.0 229376
1731660602317 8.0 262144
1731660637841 9.0 294912
1731660675446 10.0 327680
1731660710720 11.0 360448
1731660755561 12.0 393216
1731660791239 13.0 425984
1731660836129 14.0 458752
1731660876435 15.0 491520
1731660910968 16.0 524288
1731660955406 17.0 557056
1731660992331 18.0 589824
1731661029940 19.0 622592
1731661078063 20.0 655360
1731661113701 21.0 688128
1731661149026 22.0 720896
1731661186395 23.0 753664
1731661223788 24.0 786432
1731661263033 25.0 819200
1731661298438 26.0 851968
1731661344732 27.0 884736
1731661382331 28.0 917504
1731661417592 29.0 950272
1731661454647 30.0 983040
1731661492775 31.0 1015808
1731661528498 32.0 1048576
1731661564121 33.0 1081344
1731661599650 34.0 1114112
1731661644242 35.0 1146880
1731661679327 36.0 1179648
1731661715289 37.0 1212416
1731661751645 38.0 1245184
1731661795665 39.0 1277952
1731661831598 40.0 1310720
1731661867312 41.0 1343488
1731661911658 42.0 1376256
1731661955566 43.0 1409024
1731661996234 44.0 1441792
1731662040339 45.0 1474560
1731662076807 46.0 1507328
1731662113316 47.0 1540096
1731662158952 48.0 1572864
1731662206307 49.0 1605632
1731662249936 50.0 1638400
1731662286405 51.0 1671168
1731662321517 52.0 1703936
1731662357561 53.0 1736704
1731662394319 54.0 1769472
1731662429278 55.0 1802240
1731662474129 56.0 1835008
1731662518858 57.0 1867776
1731662556881 58.0 1900544
1731662595704 59.0 1933312
1731662632063 60.0 1966080
1731662668979 61.0 1998848
1731662706934 62.0 2031616
1731662744447 63.0 2064384
1731662781241 64.0 2097152
1731662826358 65.0 2129920
1731662865028 66.0 2162688
1731662901425 67.0 2195456
1731662947368 68.0 2228224
1731662985741 69.0 2260992
1731663029842 70.0 2293760
1731663067110 71.0 2326528
1731663103577 72.0 2359296
1731663149629 73.0 2392064
1731663187143 74.0 2424832
1731663224158 75.0 2457600
1731663261320 76.0 2490368
1731663297783 77.0 2523136
1731663335782 78.0 2555904
1731663382645 79.0 2588672
1731663419192 80.0 2621440
1731663456381 81.0 2654208
1731663502752 82.0 2686976
1731663540832 83.0 2719744
1731663579833 84.0 2752512
1731663617210 85.0 2785280
1731663655872 86.0 2818048
1731663693163 87.0 2850816
1731663734712 88.0 2883584
1731663778464 89.0 2916352
1731663816319 90.0 2949120
1731663853580 91.0 2981888
1731663890308 92.0 3014656
1731663933170 93.0 3047424
1731663969551 94.0 3080192
1731664007123 95.0 3112960
1731664044056 96.0 3145728
1731664083401 97.0 3178496
1731664123123 98.0 3211264
1731664162042 99.0 3244032
1731664200076 100.0 3276800
1731664239998 101.0 3309568
1731664281404 102.0 3342336
1731664319592 103.0 3375104
1731664358126 104.0 3407872
1731664395324 105.0 3440640
1731664439655 106.0 3473408
1731664479843 107.0 3506176
1731664518914 108.0 3538944
1731664556174 109.0 3571712
1731664594388 110.0 3604480
1731664631532 111.0 3637248
1731664670230 112.0 3670016
1731664708763 113.0 3702784
1731664747025 114.0 3735552
1731664786041 115.0 3768320
1731664825819 116.0 3801088
1731664867660 117.0 3833856
1731664905354 118.0 3866624
1731664943862 119.0 3899392
1731664981418 120.0 3932160
1731665018730 121.0 3964928
1731665064102 122.0 3997696
1731665103325 123.0 4030464
1731665140071 124.0 4063232
1731665180653 125.0 4096000
1731665219384 126.0 4128768
1731665263262 127.0 4161536
1731665299791 128.0 4194304
1731665339121 129.0 4227072
1731665377455 130.0 4259840
1731665414112 131.0 4292608
1731665456857 132.0 4325376
1731665494796 133.0 4358144
1731665534257 134.0 4390912
1731665571999 135.0 4423680
1731665609354 136.0 4456448
1731665647789 137.0 4489216
1731665684151 138.0 4521984
1731665723034 139.0 4554752
1731665762303 140.0 4587520
1731665800473 141.0 4620288
1731665837889 142.0 4653056
1731665875388 143.0 4685824
1731665912540 144.0 4718592
1731665948918 145.0 4751360
1731665985941 146.0 4784128
1731666025961 147.0 4816896
1731666061767 148.0 4849664
1731666098565 149.0 4882432
1731666135951 150.0 4915200
1731666174323 151.0 4947968
1731666212288 152.0 4980736
1731666251779 153.0 5013504
1731666289152 154.0 5046272
1731666326433 155.0 5079040
1731666362364 156.0 5111808
1731666403344 157.0 5144576
1731666444091 158.0 5177344
1731666481846 159.0 5210112
1731666522003 160.0 5242880
1731666560232 161.0 5275648
1731666599838 162.0 5308416
1731666639026 163.0 5341184
1731666678253 164.0 5373952
1731666716104 165.0 5406720
1731666754086 166.0 5439488
1731666792441 167.0 5472256
1731666831582 168.0 5505024
1731666869503 169.0 5537792
1731666908725 170.0 5570560
1731666948771 171.0 5603328
1731666984762 172.0 5636096
1731667023327 173.0 5668864
1731667060706 174.0 5701632
1731667098280 175.0 5734400
1731667141829 176.0 5767168
1731667180648 177.0 5799936
1731667216858 178.0 5832704
1731667255382 179.0 5865472
1731667298877 180.0 5898240
1731667337451 181.0 5931008
1731667375987 182.0 5963776
1731667413491 183.0 5996544
1731667450452 184.0 6029312
1731667486630 185.0 6062080
1731667528821 186.0 6094848
1731667567308 187.0 6127616
1731667605591 188.0 6160384
1731667642564 189.0 6193152
1731667678540 190.0 6225920
1731667714409 191.0 6258688
1731667752063 192.0 6291456
1731667789853 193.0 6324224
1731667830643 194.0 6356992
1731667869036 195.0 6389760
1731667908360 196.0 6422528
1731667945569 197.0 6455296
1731667984649 198.0 6488064
1731668024653 199.0 6520832
1731668064409 200.0 6553600
1731668102949 201.0 6586368
1731668142945 202.0 6619136
1731668181084 203.0 6651904
1731668218340 204.0 6684672
1731668256282 205.0 6717440
1731668299009 206.0 6750208
1731668335506 207.0 6782976
1731668372446 208.0 6815744
1731668415625 209.0 6848512
1731668454173 210.0 6881280
1731668497719 211.0 6914048
1731668538464 212.0 6946816
1731668575729 213.0 6979584
1731668613263 214.0 7012352
1731668655875 215.0 7045120
1731668696761 216.0 7077888
1731668738251 217.0 7110656
1731668777631 218.0 7143424
1731668815998 219.0 7176192
1731668856344 220.0 7208960
1731668893894 221.0 7241728
1731668932215 222.0 7274496
1731668970075 223.0 7307264
1731669007631 224.0 7340032
1731669046044 225.0 7372800
1731669083639 226.0 7405568
1731669123092 227.0 7438336
1731669161246 228.0 7471104
1731669201136 229.0 7503872
1731669241463 230.0 7536640
1731669278503 231.0 7569408
1731669316650 232.0 7602176
1731669362030 233.0 7634944
1731669400715 234.0 7667712
1731669439565 235.0 7700480
1731669476519 236.0 7733248
1731669514303 237.0 7766016
1731669552296 238.0 7798784
1731669589194 239.0 7831552
1731669627732 240.0 7864320
1731669666725 241.0 7897088
1731669712261 242.0 7929856
1731669749200 243.0 7962624
1731669786172 244.0 7995392
1731669824974 245.0 8028160
1731669863029 246.0 8060928
1731669901441 247.0 8093696
1731669939530 248.0 8126464
1731669976284 249.0 8159232
1731670013605 250.0 8192000
1731670049707 251.0 8224768
1731670094703 252.0 8257536
1731670131572 253.0 8290304
1731670177361 254.0 8323072
1731670220964 255.0 8355840
1731670258498 256.0 8388608
1731670304190 257.0 8421376
1731670349957 258.0 8454144
1731670390237 259.0 8486912
1731670430745 260.0 8519680
1731670464443 261.0 8552448
1731670501346 262.0 8585216
1731670547139 263.0 8617984
1731670583766 264.0 8650752
1731670619284 265.0 8683520
1731670663592 266.0 8716288
1731670700728 267.0 8749056
1731670733675 268.0 8781824
1731670778873 269.0 8814592
1731670813883 270.0 8847360
1731670849191 271.0 8880128
1731670884972 272.0 8912896
1731670921881 273.0 8945664
1731670967389 274.0 8978432
1731671003075 275.0 9011200
1731671047687 276.0 9043968
1731671085720 277.0 9076736
1731671130055 278.0 9109504
1731671166692 279.0 9142272
1731671202533 280.0 9175040
1731671240982 281.0 9207808
1731671277892 282.0 9240576
1731671325973 283.0 9273344
1731671362902 284.0 9306112
1731671406459 285.0 9338880
1731671441757 286.0 9371648
1731671477403 287.0 9404416
1731671512612 288.0 9437184
1731671558122 289.0 9469952
1731671601763 290.0 9502720
1731671638113 291.0 9535488
1731671673542 292.0 9568256
1731671718621 293.0 9601024
1731671754494 294.0 9633792
1731671799038 295.0 9666560
1731671842920 296.0 9699328
1731671886729 297.0 9732096
1731671932192 298.0 9764864
1731671975112 299.0 9797632
1731672018753 300.0 9830400
1731672055037 301.0 9863168
1731672100481 302.0 9895936
1731672137011 303.0 9928704
1731672171996 304.0 9961472
1731672215250 305.0 9994240
1731672250654 306.0 10027008
1731672285940 307.0 10059776
1731672322235 308.0 10092544
1731672358219 309.0 10125312
1731672394979 310.0 10158080
1731672439825 311.0 10190848
1731672484172 312.0 10223616
1731672522822 313.0 10256384
1731672566744 314.0 10289152
1731672611147 315.0 10321920
1731672647051 316.0 10354688
1731672683094 317.0 10387456
1731672720992 318.0 10420224
1731672764753 319.0 10452992
1731672808609 320.0 10485760
1731672843772 321.0 10518528
1731672879025 322.0 10551296
1731672918892 323.0 10584064
1731672955081 324.0 10616832
1731672990704 325.0 10649600
1731673030052 326.0 10682368
1731673066049 327.0 10715136
1731673102464 328.0 10747904
1731673146293 329.0 10780672
1731673182733 330.0 10813440
1731673227994 331.0 10846208
1731673264552 332.0 10878976
1731673302906 333.0 10911744
1731673337607 334.0 10944512
1731673373636 335.0 10977280
1731673409736 336.0 11010048
1731673446224 337.0 11042816
1731673482038 338.0 11075584
1731673527351 339.0 11108352
1731673571518 340.0 11141120
1731673608190 341.0 11173888
1731673655884 342.0 11206656
1731673699318 343.0 11239424
1731673735786 344.0 11272192
1731673781603 345.0 11304960
1731673817688 346.0 11337728
1731673854482 347.0 11370496
1731673898444 348.0 11403264
1731673934809 349.0 11436032
1731673978613 350.0 11468800
1731674014000 351.0 11501568
1731674050976 352.0 11534336
1731674086157 353.0 11567104
1731674122597 354.0 11599872
1731674157992 355.0 11632640
1731674194319 356.0 11665408
1731674239561 357.0 11698176
1731674274651 358.0 11730944
1731674309968 359.0 11763712
1731674354172 360.0 11796480
1731674391900 361.0 11829248
1731674436819 362.0 11862016
1731674480656 363.0 11894784
1731674516833 364.0 11927552
1731674561512 365.0 11960320
1731674606649 366.0 11993088
1731674645567 367.0 12025856
1731674689517 368.0 12058624
1731674725129 369.0 12091392
1731674761031 370.0 12124160
1731674796076 371.0 12156928
1731674832419 372.0 12189696
1731674867949 373.0 12222464
1731674902874 374.0 12255232
1731674939220 375.0 12288000
1731674975471 376.0 12320768
1731675019843 377.0 12353536
1731675055806 378.0 12386304
1731675091937 379.0 12419072
1731675127800 380.0 12451840
1731675163879 381.0 12484608
1731675208743 382.0 12517376
1731675251951 383.0 12550144
1731675286721 384.0 12582912
1731675323535 385.0 12615680
1731675359804 386.0 12648448
1731675394468 387.0 12681216
1731675429718 388.0 12713984
1731675473505 389.0 12746752
1731675517410 390.0 12779520
1731675562208 391.0 12812288
1731675605938 392.0 12845056
1731675642527 393.0 12877824
1731675678491 394.0 12910592
1731675716614 395.0 12943360
1731675763326 396.0 12976128
1731675798366 397.0 13008896
1731675847736 398.0 13041664
1731675891697 399.0 13074432
1731675935943 400.0 13107200
1731675980705 401.0 13139968
1731676016528 402.0 13172736
1731676053034 403.0 13205504
1731676087990 404.0 13238272
1731676125397 405.0 13271040
1731676165117 406.0 13303808
1731676206491 407.0 13336576
1731676245196 408.0 13369344
1731676280519 409.0 13402112
1731676321092 410.0 13434880
1731676357356 411.0 13467648
1731676393846 412.0 13500416
1731676437167 413.0 13533184
1731676481421 414.0 13565952
1731676522297 415.0 13598720
1731676560886 416.0 13631488
1731676595790 417.0 13664256
1731676639899 418.0 13697024
1731676683956 419.0 13729792
1731676728443 420.0 13762560
1731676763566 421.0 13795328
1731676801011 422.0 13828096
1731676845532 423.0 13860864
1731676889448 424.0 13893632
1731676934235 425.0 13926400
1731676977798 426.0 13959168
1731677013726 427.0 13991936
1731677058434 428.0 14024704
1731677093823 429.0 14057472
1731677138054 430.0 14090240
1731677181797 431.0 14123008
1731677218059 432.0 14155776
1731677261676 433.0 14188544
1731677298069 434.0 14221312
1731677343348 435.0 14254080
1731677387385 436.0 14286848
1731677422617 437.0 14319616
1731677458006 438.0 14352384
1731677493438 439.0 14385152
1731677529170 440.0 14417920
1731677564976 441.0 14450688
1731677600790 442.0 14483456
1731677636105 443.0 14516224
1731677673453 444.0 14548992
1731677711912 445.0 14581760
1731677747988 446.0 14614528
1731677784654 447.0 14647296
1731677828358 448.0 14680064
1731677865394 449.0 14712832
1731677905188 450.0 14745600
1731677944998 451.0 14778368
1731677981898 452.0 14811136
1731678017379 453.0 14843904
1731678052770 454.0 14876672
1731678088860 455.0 14909440
1731678133123 456.0 14942208
1731678176702 457.0 14974976
1731678213268 458.0 15007744
1731678258390 459.0 15040512
1731678292788 460.0 15073280
1731678329531 461.0 15106048
1731678364930 462.0 15138816
1731678400578 463.0 15171584
1731678441993 464.0 15204352
1731678486028 465.0 15237120
1731678522551 466.0 15269888
1731678557712 467.0 15302656
1731678593281 468.0 15335424
1731678631178 469.0 15368192
1731678666806 470.0 15400960
1731678702974 471.0 15433728
1731678739248 472.0 15466496
1731678783724 473.0 15499264
1731678827655 474.0 15532032
1731678863884 475.0 15564800
1731678900982 476.0 15597568
1731678937921 477.0 15630336
1731678974482 478.0 15663104
1731679020008 479.0 15695872
1731679059364 480.0 15728640
1731679095551 481.0 15761408
1731679131368 482.0 15794176
1731679167138 483.0 15826944
1731679204439 484.0 15859712
1731679248171 485.0 15892480
1731679292491 486.0 15925248
1731679327380 487.0 15958016
1731679364068 488.0 15990784
1731679401254 489.0 16023552
1731679437348 490.0 16056320
1731679480727 491.0 16089088
1731679515996 492.0 16121856
1731679553689 493.0 16154624
1731679599505 494.0 16187392
1731679636208 495.0 16220160
1731679682079 496.0 16252928
1731679727856 497.0 16285696
1731679771618 498.0 16318464
1731679818180 499.0 16351232
1731679861898 500.0 16384000
1731679897409 501.0 16416768
1731679933041 502.0 16449536
1731679977626 503.0 16482304
1731680021255 504.0 16515072
1731680057123 505.0 16547840
1731680093256 506.0 16580608
1731680136617 507.0 16613376
1731680179876 508.0 16646144
1731680224255 509.0 16678912
1731680268672 510.0 16711680
1731680304057 511.0 16744448
1731680348669 512.0 16777216
1731680393703 513.0 16809984
1731680430168 514.0 16842752
1731680465261 515.0 16875520
1731680501450 516.0 16908288
1731680537507 517.0 16941056
1731680574271 518.0 16973824
1731680609625 519.0 17006592
1731680653940 520.0 17039360
1731680690196 521.0 17072128
1731680734809 522.0 17104896
1731680779510 523.0 17137664
1731680815291 524.0 17170432
1731680859572 525.0 17203200
1731680895288 526.0 17235968
1731680932135 527.0 17268736
1731680968525 528.0 17301504
1731681004732 529.0 17334272
1731681044128 530.0 17367040
1731681079702 531.0 17399808
1731681116376 532.0 17432576
1731681153389 533.0 17465344
1731681188763 534.0 17498112
1731681232734 535.0 17530880
1731681276850 536.0 17563648
1731681321433 537.0 17596416
1731681367527 538.0 17629184
1731681403519 539.0 17661952
1731681448238 540.0 17694720
1731681492552 541.0 17727488
1731681538370 542.0 17760256
1731681583438 543.0 17793024
1731681620824 544.0 17825792
1731681655881 545.0 17858560
1731681692117 546.0 17891328
1731681736447 547.0 17924096
1731681772619 548.0 17956864
1731681807934 549.0 17989632
1731681843203 550.0 18022400
1731681886920 551.0 18055168
1731681923643 552.0 18087936
1731681959204 553.0 18120704
1731681994954 554.0 18153472
1731682031262 555.0 18186240
1731682068592 556.0 18219008
1731682105791 557.0 18251776
1731682140945 558.0 18284544
1731682184768 559.0 18317312
1731682220664 560.0 18350080
1731682256206 561.0 18382848
1731682293837 562.0 18415616
1731682329176 563.0 18448384
1731682373298 564.0 18481152
1731682419734 565.0 18513920
1731682455607 566.0 18546688
1731682491513 567.0 18579456
1731682525603 568.0 18612224
1731682562451 569.0 18644992
1731682598299 570.0 18677760
1731682641437 571.0 18710528
1731682679889 572.0 18743296
1731682715857 573.0 18776064
1731682751812 574.0 18808832
1731682795827 575.0 18841600
1731682832275 576.0 18874368
1731682877453 577.0 18907136
1731682922199 578.0 18939904
1731682958473 579.0 18972672
1731683003192 580.0 19005440
1731683047637 581.0 19038208
1731683083787 582.0 19070976
1731683119200 583.0 19103744
1731683154876 584.0 19136512
1731683198877 585.0 19169280
1731683244764 586.0 19202048
1731683290338 587.0 19234816
1731683326838 588.0 19267584
1731683363496 589.0 19300352
1731683399203 590.0 19333120
1731683444286 591.0 19365888
1731683480089 592.0 19398656
1731683514986 593.0 19431424
1731683549710 594.0 19464192
1731683584905 595.0 19496960
1731683620573 596.0 19529728
1731683663699 597.0 19562496
1731683699450 598.0 19595264
1731683743029 599.0 19628032
1731683780244 600.0 19660800
1731683825178 601.0 19693568
1731683861094 602.0 19726336
1731683905244 603.0 19759104
1731683949645 604.0 19791872
1731683985585 605.0 19824640
1731684031913 606.0 19857408
1731684068028 607.0 19890176
1731684103776 608.0 19922944
1731684140042 609.0 19955712
1731684175290 610.0 19988480
1731684211787 611.0 20021248
1731684254983 612.0 20054016
1731684290698 613.0 20086784
1731684334810 614.0 20119552
1731684370925 615.0 20152320
1731684415827 616.0 20185088
1731684459224 617.0 20217856
1731684496078 618.0 20250624
1731684532738 619.0 20283392
1731684569165 620.0 20316160
1731684605698 621.0 20348928
1731684641082 622.0 20381696
1731684685270 623.0 20414464
1731684721357 624.0 20447232
1731684766811 625.0 20480000
1731684810515 626.0 20512768
1731684854158 627.0 20545536
1731684888771 628.0 20578304
1731684924907 629.0 20611072
1731684969834 630.0 20643840
1731685005368 631.0 20676608
1731685049359 632.0 20709376
1731685093913 633.0 20742144
1731685129437 634.0 20774912
1731685166201 635.0 20807680
1731685201091 636.0 20840448
1731685244774 637.0 20873216
1731685280836 638.0 20905984
1731685315892 639.0 20938752
1731685352427 640.0 20971520
1731685387616 641.0 21004288
1731685424314 642.0 21037056
1731685468426 643.0 21069824
1731685503233 644.0 21102592
1731685547062 645.0 21135360
1731685581336 646.0 21168128
1731685624490 647.0 21200896
1731685659871 648.0 21233664
1731685703792 649.0 21266432
1731685749787 650.0 21299200
1731685794666 651.0 21331968
1731685831097 652.0 21364736
1731685868112 653.0 21397504
1731685904718 654.0 21430272
1731685950439 655.0 21463040
1731685987603 656.0 21495808
1731686022194 657.0 21528576
1731686057463 658.0 21561344
1731686101938 659.0 21594112
1731686146742 660.0 21626880
1731686190671 661.0 21659648
1731686227859 662.0 21692416
1731686263191 663.0 21725184
1731686299632 664.0 21757952
1731686336414 665.0 21790720
1731686372012 666.0 21823488
1731686416447 667.0 21856256
1731686462370 668.0 21889024
1731686497931 669.0 21921792
1731686533238 670.0 21954560
1731686568895 671.0 21987328
1731686603816 672.0 22020096
1731686639187 673.0 22052864
1731686676626 674.0 22085632
1731686712099 675.0 22118400
1731686747798 676.0 22151168
1731686790925 677.0 22183936
1731686826104 678.0 22216704
1731686870524 679.0 22249472
1731686906978 680.0 22282240
1731686944545 681.0 22315008
1731686988163 682.0 22347776
1731687031637 683.0 22380544
1731687068110 684.0 22413312
1731687103574 685.0 22446080
1731687139414 686.0 22478848
1731687175519 687.0 22511616
1731687220107 688.0 22544384
1731687266061 689.0 22577152
1731687309773 690.0 22609920
1731687344759 691.0 22642688
1731687380995 692.0 22675456
1731687417084 693.0 22708224
1731687456928 694.0 22740992
1731687500719 695.0 22773760
1731687536475 696.0 22806528
1731687571981 697.0 22839296
1731687615352 698.0 22872064
1731687653504 699.0 22904832
1731687689158 700.0 22937600
1731687729804 701.0 22970368
1731687766128 702.0 23003136
1731687810205 703.0 23035904
1731687848415 704.0 23068672
1731687885339 705.0 23101440
1731687931917 706.0 23134208
1731687968708 707.0 23166976
1731688004285 708.0 23199744
1731688041164 709.0 23232512
1731688076237 710.0 23265280
1731688121241 711.0 23298048
1731688165624 712.0 23330816
1731688210136 713.0 23363584
1731688246188 714.0 23396352
1731688291666 715.0 23429120
1731688337578 716.0 23461888
1731688372929 717.0 23494656
1731688409490 718.0 23527424
1731688452762 719.0 23560192
1731688488320 720.0 23592960
1731688524739 721.0 23625728
1731688560656 722.0 23658496
1731688597244 723.0 23691264
1731688639817 724.0 23724032
1731688674882 725.0 23756800
1731688710163 726.0 23789568
1731688746703 727.0 23822336
1731688783639 728.0 23855104
1731688818965 729.0 23887872
1731688853864 730.0 23920640
1731688891167 731.0 23953408
1731688926443 732.0 23986176
1731688972205 733.0 24018944
1731689007278 734.0 24051712
1731689042793 735.0 24084480
1731689078846 736.0 24117248
1731689115268 737.0 24150016
1731689159494 738.0 24182784
1731689194734 739.0 24215552
1731689229746 740.0 24248320
1731689265401 741.0 24281088
1731689301487 742.0 24313856
1731689338502 743.0 24346624
1731689373844 744.0 24379392
1731689409447 745.0 24412160
1731689444603 746.0 24444928
1731689487859 747.0 24477696
1731689524200 748.0 24510464
1731689568428 749.0 24543232
1731689611887 750.0 24576000
1731689649001 751.0 24608768
1731689693911 752.0 24641536
1731689737685 753.0 24674304
1731689774654 754.0 24707072
1731689818071 755.0 24739840
1731689862489 756.0 24772608
1731689900458 757.0 24805376
1731689936292 758.0 24838144
1731689973180 759.0 24870912
1731690017055 760.0 24903680
1731690053456 761.0 24936448
1731690095793 762.0 24969216
1731690138329 763.0 25001984
1731690173234 764.0 25034752
1731690218435 765.0 25067520
1731690262651 766.0 25100288
1731690307341 767.0 25133056
1731690342538 768.0 25165824
1731690378868 769.0 25198592
1731690417892 770.0 25231360
1731690454548 771.0 25264128
1731690499699 772.0 25296896
1731690543246 773.0 25329664
1731690578912 774.0 25362432
1731690616558 775.0 25395200
1731690652106 776.0 25427968
1731690688501 777.0 25460736
1731690724583 778.0 25493504
1731690760680 779.0 25526272
1731690804021 780.0 25559040
1731690839802 781.0 25591808
1731690879825 782.0 25624576
1731690916341 783.0 25657344
1731690953079 784.0 25690112
1731690988623 785.0 25722880
1731691033253 786.0 25755648
1731691070930 787.0 25788416
1731691114857 788.0 25821184
1731691159506 789.0 25853952
1731691196815 790.0 25886720
1731691241225 791.0 25919488
1731691278555 792.0 25952256
1731691314350 793.0 25985024
1731691349440 794.0 26017792
1731691385832 795.0 26050560
1731691424642 796.0 26083328
1731691459946 797.0 26116096
1731691495171 798.0 26148864
1731691540777 799.0 26181632
1731691585451 800.0 26214400
1731691624334 801.0 26247168
1731691660514 802.0 26279936
1731691698258 803.0 26312704
1731691734762 804.0 26345472
1731691780338 805.0 26378240
1731691818309 806.0 26411008
1731691861439 807.0 26443776
1731691897936 808.0 26476544
1731691943567 809.0 26509312
1731691980210 810.0 26542080
1731692026038 811.0 26574848
1731692070016 812.0 26607616
1731692105347 813.0 26640384
1731692149483 814.0 26673152
1731692185922 815.0 26705920
1731692223339 816.0 26738688
1731692267908 817.0 26771456
1731692304600 818.0 26804224
1731692348948 819.0 26836992
1731692393812 820.0 26869760
1731692430363 821.0 26902528
1731692465403 822.0 26935296
1731692500890 823.0 26968064
1731692536780 824.0 27000832
1731692572594 825.0 27033600
1731692610661 826.0 27066368
1731692653888 827.0 27099136
1731692697124 828.0 27131904
1731692733806 829.0 27164672
1731692768926 830.0 27197440
1731692806020 831.0 27230208
1731692841782 832.0 27262976
1731692886318 833.0 27295744
1731692922801 834.0 27328512
1731692960724 835.0 27361280
1731692996718 836.0 27394048
1731693041877 837.0 27426816
1731693086769 838.0 27459584
1731693131264 839.0 27492352
1731693168071 840.0 27525120
1731693213613 841.0 27557888
1731693257217 842.0 27590656
1731693293043 843.0 27623424
1731693331059 844.0 27656192
1731693368482 845.0 27688960
1731693403846 846.0 27721728
1731693439739 847.0 27754496
1731693483435 848.0 27787264
1731693520434 849.0 27820032
1731693557685 850.0 27852800
1731693598194 851.0 27885568
1731693640521 852.0 27918336
1731693685203 853.0 27951104
1731693726916 854.0 27983872
1731693764679 855.0 28016640
1731693800315 856.0 28049408
1731693844895 857.0 28082176
1731693880356 858.0 28114944
1731693924119 859.0 28147712
1731693968514 860.0 28180480
1731694003728 861.0 28213248
1731694039806 862.0 28246016
1731694075346 863.0 28278784
1731694119655 864.0 28311552
1731694164723 865.0 28344320
1731694199523 866.0 28377088
1731694235911 867.0 28409856
1731694271279 868.0 28442624
1731694309172 869.0 28475392
1731694353386 870.0 28508160
1731694396904 871.0 28540928
1731694431817 872.0 28573696
1731694476292 873.0 28606464
1731694512191 874.0 28639232
1731694549063 875.0 28672000
1731694583849 876.0 28704768
1731694628349 877.0 28737536
1731694663122 878.0 28770304
1731694707942 879.0 28803072
1731694750988 880.0 28835840
1731694795476 881.0 28868608
1731694832382 882.0 28901376
1731694876562 883.0 28934144
1731694920706 884.0 28966912
1731694955794 885.0 28999680
1731694991178 886.0 29032448
1731695027526 887.0 29065216
1731695072661 888.0 29097984
1731695109077 889.0 29130752
1731695152031 890.0 29163520
1731695186732 891.0 29196288
1731695222920 892.0 29229056
1731695258284 893.0 29261824
1731695302443 894.0 29294592
1731695338162 895.0 29327360
1731695373735 896.0 29360128
1731695410391 897.0 29392896
1731695446198 898.0 29425664
1731695484820 899.0 29458432
1731695519926 900.0 29491200
1731695554634 901.0 29523968
1731695599621 902.0 29556736
1731695643800 903.0 29589504
1731695680064 904.0 29622272
1731695716338 905.0 29655040
1731695748849 906.0 29687808
1731695792571 907.0 29720576
1731695828563 908.0 29753344
1731695866622 909.0 29786112
1731695902182 910.0 29818880
1731695937618 911.0 29851648
1731695972841 912.0 29884416
1731696008669 913.0 29917184
1731696053248 914.0 29949952
1731696087518 915.0 29982720
1731696124320 916.0 30015488
1731696159997 917.0 30048256
1731696195929 918.0 30081024
1731696240090 919.0 30113792
1731696283621 920.0 30146560
1731696328261 921.0 30179328
1731696372737 922.0 30212096
1731696409621 923.0 30244864
1731696444352 924.0 30277632
1731696480013 925.0 30310400
1731696524270 926.0 30343168
1731696559753 927.0 30375936
1731696596058 928.0 30408704
1731696631026 929.0 30441472
1731696665856 930.0 30474240
1731696710151 931.0 30507008
1731696745308 932.0 30539776
1731696782030 933.0 30572544
1731696817005 934.0 30605312
1731696853728 935.0 30638080
1731696897353 936.0 30670848
1731696931893 937.0 30703616
1731696967882 938.0 30736384
1731697004599 939.0 30769152
1731697041840 940.0 30801920
1731697078247 941.0 30834688
1731697122425 942.0 30867456
1731697167374 943.0 30900224
1731697201871 944.0 30932992
1731697237144 945.0 30965760
1731697272957 946.0 30998528
1731697308778 947.0 31031296
1731697353878 948.0 31064064
1731697389973 949.0 31096832
1731697435690 950.0 31129600
1731697471621 951.0 31162368
1731697508327 952.0 31195136
1731697544998 953.0 31227904
1731697588641 954.0 31260672
1731697624685 955.0 31293440
1731697661041 956.0 31326208
1731697704592 957.0 31358976
1731697741706 958.0 31391744
1731697785040 959.0 31424512
1731697821812 960.0 31457280
1731697856111 961.0 31490048
1731697900474 962.0 31522816
1731697943606 963.0 31555584
1731697987891 964.0 31588352
1731698031096 965.0 31621120
1731698066313 966.0 31653888
1731698102661 967.0 31686656
1731698146840 968.0 31719424
1731698190636 969.0 31752192
1731698234815 970.0 31784960
1731698271679 971.0 31817728
1731698308519 972.0 31850496
1731698352064 973.0 31883264
1731698387397 974.0 31916032
1731698431612 975.0 31948800
1731698468104 976.0 31981568
1731698505595 977.0 32014336
1731698540626 978.0 32047104
1731698576219 979.0 32079872
1731698612748 980.0 32112640
1731698648973 981.0 32145408
1731698685028 982.0 32178176
1731698728548 983.0 32210944
1731698760433 984.0 32243712
1731698797620 985.0 32276480
1731698833728 986.0 32309248
1731698878813 987.0 32342016
1731698922550 988.0 32374784
1731698959215 989.0 32407552
1731699004483 990.0 32440320
1731699047806 991.0 32473088
1731699092410 992.0 32505856
1731699136153 993.0 32538624
1731699171405 994.0 32571392
1731699208564 995.0 32604160
1731699243116 996.0 32636928
1731699279991 997.0 32669696
1731699316479 998.0 32702464
1731699360071 999.0 32735232
1731699395099 1000.0 32768000
1731699439781 1001.0 32800768
1731699476422 1002.0 32833536
1731699513420 1003.0 32866304
1731699548755 1004.0 32899072
1731699585139 1005.0 32931840
1731699620781 1006.0 32964608
1731699655863 1007.0 32997376
1731699692255 1008.0 33030144
1731699735734 1009.0 33062912
1731699771123 1010.0 33095680
1731699807047 1011.0 33128448
1731699842202 1012.0 33161216
1731699887008 1013.0 33193984
1731699924414 1014.0 33226752
1731699961043 1015.0 33259520
1731699999342 1016.0 33292288
1731700043538 1017.0 33325056
1731700079377 1018.0 33357824
1731700123888 1019.0 33390592
1731700159163 1020.0 33423360
1731700195311 1021.0 33456128
1731700238615 1022.0 33488896
1731700274164 1023.0 33521664
1731700310220 1024.0 33554432
1731700353795 1025.0 33587200
1731700389914 1026.0 33619968
1731700425762 1027.0 33652736
1731700461886 1028.0 33685504
1731700498815 1029.0 33718272
1731700543444 1030.0 33751040
1731700581050 1031.0 33783808
1731700624990 1032.0 33816576
1731700669334 1033.0 33849344
1731700704581 1034.0 33882112
1731700739599 1035.0 33914880
1731700774889 1036.0 33947648
1731700818524 1037.0 33980416
1731700853326 1038.0 34013184
1731700897671 1039.0 34045952
1731700933811 1040.0 34078720
1731700978331 1041.0 34111488
1731701021100 1042.0 34144256
1731701058131 1043.0 34177024
1731701093535 1044.0 34209792
1731701129851 1045.0 34242560
1731701173547 1046.0 34275328
1731701208409 1047.0 34308096
1731701252258 1048.0 34340864
1731701297590 1049.0 34373632
1731701342282 1050.0 34406400
1731701385570 1051.0 34439168
1731701429088 1052.0 34471936
1731701472653 1053.0 34504704
1731701516782 1054.0 34537472
1731701553503 1055.0 34570240
1731701597699 1056.0 34603008
1731701632756 1057.0 34635776
1731701669052 1058.0 34668544
1731701705671 1059.0 34701312
1731701746166 1060.0 34734080
1731701789703 1061.0 34766848
1731701824843 1062.0 34799616
1731701862518 1063.0 34832384
1731701898370 1064.0 34865152
1731701934038 1065.0 34897920
1731701969286 1066.0 34930688
1731702006862 1067.0 34963456
1731702050924 1068.0 34996224
1731702087169 1069.0 35028992
1731702132516 1070.0 35061760
1731702176676 1071.0 35094528
1731702212059 1072.0 35127296
1731702247941 1073.0 35160064
1731702284048 1074.0 35192832
1731702319968 1075.0 35225600
1731702363598 1076.0 35258368
1731702398421 1077.0 35291136
1731702435211 1078.0 35323904
1731702478551 1079.0 35356672
1731702515895 1080.0 35389440
1731702559656 1081.0 35422208
1731702596505 1082.0 35454976
1731702634095 1083.0 35487744
1731702671110 1084.0 35520512
1731702715646 1085.0 35553280
1731702759900 1086.0 35586048
1731702804232 1087.0 35618816
1731702840800 1088.0 35651584
1731702877492 1089.0 35684352
1731702921243 1090.0 35717120
1731702957083 1091.0 35749888
1731702993042 1092.0 35782656
1731703029548 1093.0 35815424
1731703065071 1094.0 35848192
1731703108060 1095.0 35880960
1731703143715 1096.0 35913728
1731703179247 1097.0 35946496
1731703215478 1098.0 35979264
1731703251151 1099.0 36012032
1731703285933 1100.0 36044800
1731703329787 1101.0 36077568
1731703374763 1102.0 36110336
1731703418986 1103.0 36143104
1731703456026 1104.0 36175872
1731703500613 1105.0 36208640
1731703537344 1106.0 36241408
1731703581624 1107.0 36274176
1731703616764 1108.0 36306944
1731703652911 1109.0 36339712
1731703696400 1110.0 36372480
1731703740321 1111.0 36405248
1731703776144 1112.0 36438016
1731703812667 1113.0 36470784
1731703857624 1114.0 36503552
1731703902580 1115.0 36536320
1731703937879 1116.0 36569088
1731703973888 1117.0 36601856
1731704008959 1118.0 36634624
1731704054096 1119.0 36667392
1731704097661 1120.0 36700160
1731704134366 1121.0 36732928
1731704169943 1122.0 36765696
1731704206331 1123.0 36798464
1731704251961 1124.0 36831232
1731704287162 1125.0 36864000
1731704322682 1126.0 36896768
1731704358149 1127.0 36929536
1731704395181 1128.0 36962304
1731704439174 1129.0 36995072
1731704474781 1130.0 37027840
1731704511082 1131.0 37060608
1731704555066 1132.0 37093376
1731704590359 1133.0 37126144
1731704634038 1134.0 37158912
1731704678206 1135.0 37191680
1731704713039 1136.0 37224448
1731704757101 1137.0 37257216
