1731660349587 0.2 65536
1731660383734 0.2 98304
1731660417690 0.2 131072
1731660449418 0.2 160000
1731660484986 0.2 196608
1731660519684 0.2 229376
1731660554077 0.2 262144
1731660588121 0.2 294912
1731660619357 0.2 320000
1731660655669 0.2 360448
1731660689460 0.2 393216
1731660724480 0.2 425984
1731660759879 0.2 458752
1731660790899 0.2 480000
1731660831430 0.2 524288
1731660867155 0.2 557056
1731660902614 0.2 589824
1731660937845 0.2 622592
1731660968144 0.2 640000
1731661008168 0.2 688128
1731661044687 0.2 720896
1731661080516 0.2 753664
1731661115981 0.2 786432
1731661145561 0.2 800000
1731661187685 0.2 851968
1731661224636 0.2 884736
1731661259254 0.2 917504
1731661294743 0.2 950272
1731661323135 0.2 960000
1731661365750 0.2 1015808
1731661400813 0.2 1048576
1731661434742 0.2 1081344
1731661469290 0.2 1114112
1731661495988 0.2 1120000
1731661537790 0.2 1179648
1731661571469 0.2 1212416
1731661605270 0.2 1245184
1731661639433 0.2 1277952
1731661665128 0.2 1280000
1731661709717 0.2 1343488
1731661744191 0.2 1376256
1731661777870 0.2 1409024
1731661811428 0.2 1440000
1731661845637 0.2 1474560
1731661879451 0.2 1507328
1731661914405 0.2 1540096
1731661948588 0.2 1572864
1731661981524 0.2 1600000
1731662016957 0.2 1638400
1731662051266 0.2 1671168
1731662086921 0.2 1703936
1731662121602 0.2 1736704
1731662153251 0.2 1760000
1731662191707 0.2 1802240
1731662226993 0.2 1835008
1731662261822 0.2 1867776
1731662295732 0.2 1900544
1731662326394 0.2 1920000
1731662364449 0.2 1966080
1731662399064 0.2 1998848
1731662433941 0.2 2031616
1731662467508 0.2 2064384
1731662498750 0.2 2080000
1731662540121 0.2 2129920
1731662574664 0.2 2162688
1731662610385 0.2 2195456
1731662644926 0.2 2228224
1731662673812 0.2 2240000
1731662716242 0.2 2293760
1731662751731 0.2 2326528
1731662787296 0.2 2359296
1731662824422 0.2 2392064
1731662852643 0.2 2400000
1731662895034 0.2 2457600
1731662930489 0.2 2490368
1731662965725 0.2 2523136
1731663001380 0.2 2555904
1731663027492 0.2 2560000
1731663071015 0.2 2621440
1731663106621 0.2 2654208
1731663142676 0.2 2686976
1731663178645 0.2 2719744
1731663203972 0.2 2720000
1731663250022 0.2 2785280
1731663285791 0.2 2818048
1731663320608 0.2 2850816
1731663355270 0.2 2880000
1731663392162 0.2 2916352
1731663428207 0.2 2949120
1731663464188 0.2 2981888
1731663500635 0.2 3014656
1731663533250 0.2 3040000
1731663571231 0.2 3080192
1731663606743 0.2 3112960
1731663642071 0.2 3145728
1731663678283 0.2 3178496
1731663710624 0.2 3200000
1731663750202 0.2 3244032
1731663786979 0.2 3276800
1731663821790 0.2 3309568
1731663855939 0.2 3342336
1731663886524 0.2 3360000
1731663926015 0.2 3407872
1731663961154 0.2 3440640
1731663995177 0.2 3473408
1731664030522 0.2 3506176
1731664060454 0.2 3520000
1731664102921 0.2 3571712
1731664138512 0.2 3604480
1731664175413 0.2 3637248
1731664212169 0.2 3670016
1731664241068 0.2 3680000
1731664284580 0.2 3735552
1731664320910 0.2 3768320
1731664356797 0.2 3801088
1731664392567 0.2 3833856
1731664420163 0.2 3840000
1731664464330 0.2 3899392
1731664499832 0.2 3932160
1731664535030 0.2 3964928
1731664569886 0.2 3997696
1731664596506 0.2 4000000
1731664641728 0.2 4063232
1731664676154 0.2 4096000
1731664710943 0.2 4128768
1731664745494 0.2 4160000
1731664781420 0.2 4194304
1731664817665 0.2 4227072
1731664852913 0.2 4259840
1731664888511 0.2 4292608
1731664923145 0.2 4320000
1731664961887 0.2 4358144
1731664997643 0.2 4390912
1731665034020 0.2 4423680
1731665070031 0.2 4456448
1731665103877 0.2 4480000
1731665143423 0.2 4521984
1731665179106 0.2 4554752
1731665213449 0.2 4587520
1731665248486 0.2 4620288
1731665280403 0.2 4640000
1731665322110 0.2 4685824
1731665358293 0.2 4718592
1731665394382 0.2 4751360
1731665430129 0.2 4784128
1731665460758 0.2 4800000
1731665504690 0.2 4849664
1731665542013 0.2 4882432
1731665578255 0.2 4915200
1731665613860 0.2 4947968
1731665644157 0.2 4960000
1731665687332 0.2 5013504
1731665723231 0.2 5046272
1731665759074 0.2 5079040
1731665793333 0.2 5111808
1731665820436 0.2 5120000
1731665861797 0.2 5177344
1731665895847 0.2 5210112
1731665930191 0.2 5242880
1731665964871 0.2 5275648
1731665990588 0.2 5280000
1731666033389 0.2 5341184
1731666067492 0.2 5373952
1731666102143 0.2 5406720
1731666137121 0.2 5439488
1731666161574 0.2 5440000
1731666206412 0.2 5505024
1731666240744 0.2 5537792
1731666276204 0.2 5570560
1731666310314 0.2 5600000
1731666347773 0.2 5636096
1731666382407 0.2 5668864
1731666417051 0.2 5701632
1731666451708 0.2 5734400
1731666485126 0.2 5760000
1731666522767 0.2 5799936
1731666559188 0.2 5832704
1731666594195 0.2 5865472
1731666629553 0.2 5898240
1731666661317 0.2 5920000
1731666700292 0.2 5963776
1731666734121 0.2 5996544
1731666770383 0.2 6029312
1731666804771 0.2 6062080
1731666835500 0.2 6080000
1731666875850 0.2 6127616
1731666911552 0.2 6160384
1731666947722 0.2 6193152
1731666984498 0.2 6225920
1731667015214 0.2 6240000
1731667058937 0.2 6291456
1731667095773 0.2 6324224
1731667131962 0.2 6356992
1731667168450 0.2 6389760
1731667197162 0.2 6400000
1731667239270 0.2 6455296
1731667275490 0.2 6488064
1731667313027 0.2 6520832
1731667349367 0.2 6553600
1731667376957 0.2 6560000
1731667421675 0.2 6619136
1731667455977 0.2 6651904
1731667492578 0.2 6684672
1731667527251 0.2 6717440
1731667553000 0.2 6720000
1731667597754 0.2 6782976
1731667632273 0.2 6815744
1731667667141 0.2 6848512
1731667702372 0.2 6880000
1731667737775 0.2 6914048
1731667773768 0.2 6946816
1731667808322 0.2 6979584
1731667843420 0.2 7012352
1731667877894 0.2 7040000
1731667916249 0.2 7077888
1731667952209 0.2 7110656
1731667987362 0.2 7143424
1731668021742 0.2 7176192
1731668054079 0.2 7200000
1731668092308 0.2 7241728
1731668128878 0.2 7274496
1731668164382 0.2 7307264
1731668199214 0.2 7340032
1731668230835 0.2 7360000
1731668270794 0.2 7405568
1731668305346 0.2 7438336
1731668340886 0.2 7471104
1731668377660 0.2 7503872
1731668408616 0.2 7520000
1731668449385 0.2 7569408
1731668483834 0.2 7602176
1731668519015 0.2 7634944
1731668554898 0.2 7667712
1731668584131 0.2 7680000
1731668626994 0.2 7733248
1731668664697 0.2 7766016
1731668700031 0.2 7798784
1731668735807 0.2 7831552
1731668763233 0.2 7840000
1731668806216 0.2 7897088
1731668840794 0.2 7929856
1731668876106 0.2 7962624
1731668911489 0.2 7995392
1731668938467 0.2 8000000
1731668983373 0.2 8060928
1731669018215 0.2 8093696
1731669053375 0.2 8126464
1731669090255 0.2 8159232
1731669116839 0.2 8160000
1731669162779 0.2 8224768
1731669198393 0.2 8257536
1731669233624 0.2 8290304
1731669268117 0.2 8320000
1731669304477 0.2 8355840
1731669338477 0.2 8388608
1731669372603 0.2 8421376
1731669406715 0.2 8454144
1731669440347 0.2 8480000
1731669477831 0.2 8519680
1731669513169 0.2 8552448
1731669548036 0.2 8585216
1731669584285 0.2 8617984
1731669615749 0.2 8640000
1731669654584 0.2 8683520
1731669690697 0.2 8716288
1731669725608 0.2 8749056
1731669761006 0.2 8781824
1731669792206 0.2 8800000
1731669831281 0.2 8847360
1731669866092 0.2 8880128
1731669900266 0.2 8912896
1731669935752 0.2 8945664
1731669965499 0.2 8960000
1731670005905 0.2 9011200
1731670041195 0.2 9043968
1731670075444 0.2 9076736
1731670109311 0.2 9109504
1731670136862 0.2 9120000
1731670178440 0.2 9175040
1731670213375 0.2 9207808
1731670248169 0.2 9240576
1731670281643 0.2 9273344
1731670309121 0.2 9280000
1731670351528 0.2 9338880
1731670386768 0.2 9371648
1731670422087 0.2 9404416
1731670457768 0.2 9437184
1731670483241 0.2 9440000
1731670525684 0.2 9502720
1731670560384 0.2 9535488
1731670593727 0.2 9568256
1731670628683 0.2 9600000
1731670663338 0.2 9633792
1731670697542 0.2 9666560
1731670731847 0.2 9699328
1731670766610 0.2 9732096
1731670799688 0.2 9760000
1731670835355 0.2 9797632
1731670868895 0.2 9830400
1731670903374 0.2 9863168
1731670936631 0.2 9895936
1731670968178 0.2 9920000
1731671004957 0.2 9961472
1731671039246 0.2 9994240
1731671073363 0.2 10027008
1731671106875 0.2 10059776
1731671137418 0.2 10080000
1731671176144 0.2 10125312
1731671210316 0.2 10158080
1731671245191 0.2 10190848
1731671279440 0.2 10223616
1731671308559 0.2 10240000
1731671347662 0.2 10289152
1731671381952 0.2 10321920
1731671415844 0.2 10354688
1731671449773 0.2 10387456
1731671478566 0.2 10400000
1731671518273 0.2 10452992
1731671552641 0.2 10485760
1731671586817 0.2 10518528
1731671619956 0.2 10551296
1731671646583 0.2 10560000
1731671688249 0.2 10616832
1731671723111 0.2 10649600
1731671757597 0.2 10682368
1731671791571 0.2 10715136
1731671817226 0.2 10720000
1731671859373 0.2 10780672
1731671893441 0.2 10813440
1731671927737 0.2 10846208
1731671962447 0.2 10878976
1731671986995 0.2 10880000
1731672031793 0.2 10944512
1731672065385 0.2 10977280
1731672100008 0.2 11010048
1731672133278 0.2 11040000
1731672168023 0.2 11075584
1731672201687 0.2 11108352
1731672235710 0.2 11141120
1731672269253 0.2 11173888
1731672301904 0.2 11200000
1731672338689 0.2 11239424
1731672372766 0.2 11272192
1731672405752 0.2 11304960
1731672439636 0.2 11337728
1731672471048 0.2 11360000
1731672509119 0.2 11403264
1731672542964 0.2 11436032
1731672576854 0.2 11468800
1731672610931 0.2 11501568
1731672641095 0.2 11520000
1731672679444 0.2 11567104
1731672714847 0.2 11599872
1731672748675 0.2 11632640
1731672783590 0.2 11665408
1731672813504 0.2 11680000
1731672852231 0.2 11730944
1731672885985 0.2 11763712
1731672920075 0.2 11796480
1731672953895 0.2 11829248
1731672981941 0.2 11840000
1731673022209 0.2 11894784
1731673055844 0.2 11927552
1731673090311 0.2 11960320
1731673124246 0.2 11993088
1731673151242 0.2 12000000
1731673193090 0.2 12058624
1731673227586 0.2 12091392
1731673262100 0.2 12124160
1731673296257 0.2 12156928
1731673322048 0.2 12160000
1731673364846 0.2 12222464
1731673399141 0.2 12255232
1731673433102 0.2 12288000
1731673466380 0.2 12320000
1731673500597 0.2 12353536
1731673534795 0.2 12386304
1731673568110 0.2 12419072
1731673603455 0.2 12451840
1731673636791 0.2 12480000
1731673672658 0.2 12517376
1731673706658 0.2 12550144
1731673741320 0.2 12582912
1731673776679 0.2 12615680
1731673808580 0.2 12640000
1731673845488 0.2 12681216
1731673880173 0.2 12713984
1731673913738 0.2 12746752
1731673947243 0.2 12779520
1731673978249 0.2 12800000
1731674015772 0.2 12845056
1731674050175 0.2 12877824
1731674084310 0.2 12910592
1731674118507 0.2 12943360
1731674148576 0.2 12960000
1731674187928 0.2 13008896
1731674221457 0.2 13041664
1731674254854 0.2 13074432
1731674288208 0.2 13107200
1731674317327 0.2 13120000
1731674357335 0.2 13172736
1731674391841 0.2 13205504
1731674425704 0.2 13238272
1731674459527 0.2 13271040
1731674487432 0.2 13280000
1731674529852 0.2 13336576
1731674563496 0.2 13369344
1731674597216 0.2 13402112
1731674631116 0.2 13434880
1731674658008 0.2 13440000
1731674701814 0.2 13500416
1731674735301 0.2 13533184
1731674769191 0.2 13565952
1731674802910 0.2 13598720
1731674828414 0.2 13600000
1731674872215 0.2 13664256
1731674906444 0.2 13697024
1731674940334 0.2 13729792
1731674973732 0.2 13760000
1731675008774 0.2 13795328
1731675042605 0.2 13828096
1731675076243 0.2 13860864
1731675110165 0.2 13893632
1731675142170 0.2 13920000
1731675178826 0.2 13959168
1731675213092 0.2 13991936
1731675246446 0.2 14024704
1731675280362 0.2 14057472
1731675311159 0.2 14080000
1731675348020 0.2 14123008
1731675381699 0.2 14155776
1731675415301 0.2 14188544
1731675449261 0.2 14221312
1731675478805 0.2 14240000
1731675517709 0.2 14286848
1731675551558 0.2 14319616
1731675584924 0.2 14352384
1731675618991 0.2 14385152
1731675648185 0.2 14400000
1731675687570 0.2 14450688
1731675721366 0.2 14483456
1731675757572 0.2 14516224
1731675790479 0.2 14548992
1731675817651 0.2 14560000
1731675858822 0.2 14614528
1731675893014 0.2 14647296
1731675927213 0.2 14680064
1731675960515 0.2 14712832
1731675986486 0.2 14720000
1731676028209 0.2 14778368
1731676061825 0.2 14811136
1731676095889 0.2 14843904
1731676130159 0.2 14876672
1731676155994 0.2 14880000
1731676199215 0.2 14942208
1731676233713 0.2 14974976
1731676267579 0.2 15007744
1731676301231 0.2 15040000
1731676334988 0.2 15073280
1731676368361 0.2 15106048
1731676403995 0.2 15138816
1731676437719 0.2 15171584
1731676470354 0.2 15200000
1731676505240 0.2 15237120
1731676539312 0.2 15269888
1731676574210 0.2 15302656
1731676607439 0.2 15335424
1731676638911 0.2 15360000
1731676675329 0.2 15400960
1731676708952 0.2 15433728
1731676742677 0.2 15466496
1731676777136 0.2 15499264
1731676807651 0.2 15520000
1731676845882 0.2 15564800
1731676879229 0.2 15597568
1731676913835 0.2 15630336
1731676947689 0.2 15663104
1731676977191 0.2 15680000
1731677016141 0.2 15728640
1731677050618 0.2 15761408
1731677085019 0.2 15794176
1731677118333 0.2 15826944
1731677146542 0.2 15840000
1731677186340 0.2 15892480
1731677220659 0.2 15925248
1731677254542 0.2 15958016
1731677289945 0.2 15990784
1731677316854 0.2 16000000
1731677357351 0.2 16056320
1731677391073 0.2 16089088
1731677424731 0.2 16121856
1731677459023 0.2 16154624
1731677485464 0.2 16160000
1731677528000 0.2 16220160
1731677560692 0.2 16252928
1731677594657 0.2 16285696
1731677628841 0.2 16318464
1731677654193 0.2 16320000
1731677697312 0.2 16384000
1731677731425 0.2 16416768
1731677765287 0.2 16449536
1731677798152 0.2 16480000
1731677832716 0.2 16515072
1731677867890 0.2 16547840
1731677903596 0.2 16580608
1731677937597 0.2 16613376
1731677969928 0.2 16640000
1731678005836 0.2 16678912
1731678039834 0.2 16711680
1731678074536 0.2 16744448
1731678109611 0.2 16777216
1731678140410 0.2 16800000
1731678176412 0.2 16842752
1731678210255 0.2 16875520
1731678243878 0.2 16908288
1731678277240 0.2 16941056
1731678307347 0.2 16960000
1731678345607 0.2 17006592
1731678379225 0.2 17039360
1731678413091 0.2 17072128
1731678447654 0.2 17104896
1731678477140 0.2 17120000
1731678515801 0.2 17170432
1731678548670 0.2 17203200
1731678581559 0.2 17235968
1731678614916 0.2 17268736
1731678643327 0.2 17280000
1731678684204 0.2 17334272
1731678717592 0.2 17367040
1731678750927 0.2 17399808
1731678784520 0.2 17432576
1731678810583 0.2 17440000
1731678852279 0.2 17498112
1731678886008 0.2 17530880
1731678920223 0.2 17563648
1731678954572 0.2 17596416
1731678980798 0.2 17600000
1731679024589 0.2 17661952
1731679057926 0.2 17694720
1731679092580 0.2 17727488
1731679126298 0.2 17760000
1731679159700 0.2 17793024
1731679194123 0.2 17825792
1731679228892 0.2 17858560
1731679262148 0.2 17891328
1731679294980 0.2 17920000
1731679330599 0.2 17956864
1731679364872 0.2 17989632
1731679399430 0.2 18022400
1731679433532 0.2 18055168
1731679464598 0.2 18080000
1731679500934 0.2 18120704
1731679534633 0.2 18153472
1731679568978 0.2 18186240
1731679603656 0.2 18219008
1731679633930 0.2 18240000
1731679671986 0.2 18284544
1731679706519 0.2 18317312
1731679740645 0.2 18350080
1731679775282 0.2 18382848
1731679806765 0.2 18400000
1731679844755 0.2 18448384
1731679878800 0.2 18481152
1731679913445 0.2 18513920
1731679947342 0.2 18546688
1731679975843 0.2 18560000
1731680015371 0.2 18612224
1731680049180 0.2 18644992
1731680082741 0.2 18677760
1731680116429 0.2 18710528
1731680144128 0.2 18720000
1731680185507 0.2 18776064
1731680219240 0.2 18808832
1731680253419 0.2 18841600
1731680287529 0.2 18874368
1731680313675 0.2 18880000
1731680354560 0.2 18939904
1731680387997 0.2 18972672
1731680421708 0.2 19005440
1731680456428 0.2 19038208
1731680481520 0.2 19040000
1731680525419 0.2 19103744
1731680559333 0.2 19136512
1731680592533 0.2 19169280
1731680625737 0.2 19200000
1731680661387 0.2 19234816
1731680695790 0.2 19267584
1731680731131 0.2 19300352
1731680765142 0.2 19333120
1731680797714 0.2 19360000
1731680833561 0.2 19398656
1731680869996 0.2 19431424
1731680903916 0.2 19464192
1731680938415 0.2 19496960
1731680969922 0.2 19520000
1731681011276 0.2 19562496
1731681046106 0.2 19595264
1731681080863 0.2 19628032
1731681115008 0.2 19660800
1731681145104 0.2 19680000
1731681184027 0.2 19726336
1731681217876 0.2 19759104
1731681252461 0.2 19791872
1731681286531 0.2 19824640
1731681315641 0.2 19840000
1731681355049 0.2 19890176
1731681390723 0.2 19922944
1731681426553 0.2 19955712
1731681460258 0.2 19988480
1731681488957 0.2 20000000
1731681528636 0.2 20054016
1731681563703 0.2 20086784
1731681598289 0.2 20119552
1731681632267 0.2 20152320
1731681659424 0.2 20160000
1731681700645 0.2 20217856
1731681734016 0.2 20250624
1731681767522 0.2 20283392
1731681801083 0.2 20316160
1731681826705 0.2 20320000
1731681868756 0.2 20381696
1731681903183 0.2 20414464
1731681937001 0.2 20447232
1731681971705 0.2 20480000
1731682005873 0.2 20512768
1731682042571 0.2 20545536
1731682075703 0.2 20578304
1731682109383 0.2 20611072
1731682141795 0.2 20640000
1731682177369 0.2 20676608
1731682211027 0.2 20709376
1731682245128 0.2 20742144
1731682279684 0.2 20774912
1731682311618 0.2 20800000
1731682347757 0.2 20840448
1731682381992 0.2 20873216
1731682419966 0.2 20905984
1731682453320 0.2 20938752
1731682484092 0.2 20960000
1731682521937 0.2 21004288
1731682556037 0.2 21037056
1731682589732 0.2 21069824
1731682623863 0.2 21102592
1731682652940 0.2 21120000
1731682691945 0.2 21168128
1731682725414 0.2 21200896
1731682759271 0.2 21233664
1731682793285 0.2 21266432
1731682821451 0.2 21280000
1731682860456 0.2 21331968
1731682895114 0.2 21364736
1731682928845 0.2 21397504
1731682962581 0.2 21430272
1731682989926 0.2 21440000
1731683030981 0.2 21495808
1731683064915 0.2 21528576
1731683099171 0.2 21561344
1731683132664 0.2 21594112
1731683158331 0.2 21600000
1731683200468 0.2 21659648
1731683234964 0.2 21692416
1731683269230 0.2 21725184
1731683302937 0.2 21757952
1731683327863 0.2 21760000
1731683370359 0.2 21823488
1731683403740 0.2 21856256
1731683437484 0.2 21889024
1731683471404 0.2 21920000
1731683506548 0.2 21954560
1731683539951 0.2 21987328
1731683573471 0.2 22020096
1731683608261 0.2 22052864
1731683640668 0.2 22080000
1731683675958 0.2 22118400
1731683709352 0.2 22151168
1731683742718 0.2 22183936
1731683777196 0.2 22216704
1731683808709 0.2 22240000
1731683845385 0.2 22282240
1731683879322 0.2 22315008
1731683913191 0.2 22347776
1731683946416 0.2 22380544
1731683976967 0.2 22400000
1731684015491 0.2 22446080
1731684049778 0.2 22478848
1731684082873 0.2 22511616
1731684116022 0.2 22544384
1731684145616 0.2 22560000
1731684184636 0.2 22609920
1731684219455 0.2 22642688
1731684253470 0.2 22675456
1731684287962 0.2 22708224
1731684315812 0.2 22720000
1731684356342 0.2 22773760
1731684390275 0.2 22806528
1731684423207 0.2 22839296
1731684456197 0.2 22872064
1731684482734 0.2 22880000
1731684523602 0.2 22937600
1731684556926 0.2 22970368
1731684590221 0.2 23003136
1731684624617 0.2 23035904
1731684650141 0.2 23040000
1731684692933 0.2 23101440
1731684727303 0.2 23134208
1731684761093 0.2 23166976
1731684795395 0.2 23199744
1731684820009 0.2 23200000
1731684863572 0.2 23265280
1731684897485 0.2 23298048
1731684931819 0.2 23330816
1731684964960 0.2 23360000
1731684999550 0.2 23396352
1731685034001 0.2 23429120
1731685067530 0.2 23461888
1731685101237 0.2 23494656
1731685134015 0.2 23520000
1731685171614 0.2 23560192
1731685205511 0.2 23592960
1731685240011 0.2 23625728
1731685274729 0.2 23658496
1731685306338 0.2 23680000
1731685345136 0.2 23724032
1731685379010 0.2 23756800
1731685413531 0.2 23789568
1731685447146 0.2 23822336
1731685477254 0.2 23840000
1731685515152 0.2 23887872
1731685549425 0.2 23920640
1731685583780 0.2 23953408
1731685618162 0.2 23986176
1731685647143 0.2 24000000
1731685687464 0.2 24051712
1731685721250 0.2 24084480
1731685754850 0.2 24117248
1731685790350 0.2 24150016
1731685817730 0.2 24160000
1731685858763 0.2 24215552
1731685893970 0.2 24248320
1731685927502 0.2 24281088
1731685966283 0.2 24313856
1731685992124 0.2 24320000
1731686034223 0.2 24379392
1731686067711 0.2 24412160
1731686101269 0.2 24444928
1731686135647 0.2 24477696
1731686160684 0.2 24480000
1731686203707 0.2 24543232
1731686237121 0.2 24576000
1731686271043 0.2 24608768
1731686304109 0.2 24640000
1731686338916 0.2 24674304
1731686372682 0.2 24707072
1731686407894 0.2 24739840
1731686441863 0.2 24772608
1731686474726 0.2 24800000
1731686510351 0.2 24838144
1731686544407 0.2 24870912
1731686578497 0.2 24903680
1731686611916 0.2 24936448
1731686642952 0.2 24960000
1731686679574 0.2 25001984
1731686713925 0.2 25034752
1731686748330 0.2 25067520
1731686781890 0.2 25100288
1731686812074 0.2 25120000
1731686850446 0.2 25165824
1731686884744 0.2 25198592
1731686918974 0.2 25231360
1731686953371 0.2 25264128
1731686983446 0.2 25280000
1731687022816 0.2 25329664
1731687056830 0.2 25362432
1731687091188 0.2 25395200
1731687125889 0.2 25427968
1731687153912 0.2 25440000
1731687194576 0.2 25493504
1731687229684 0.2 25526272
1731687264292 0.2 25559040
1731687298369 0.2 25591808
1731687325572 0.2 25600000
1731687369335 0.2 25657344
1731687403408 0.2 25690112
1731687437468 0.2 25722880
1731687471935 0.2 25755648
1731687497802 0.2 25760000
1731687540448 0.2 25821184
1731687575396 0.2 25853952
1731687609893 0.2 25886720
1731687643884 0.2 25919488
1731687668714 0.2 25920000
1731687711239 0.2 25985024
1731687745412 0.2 26017792
1731687780530 0.2 26050560
1731687814002 0.2 26080000
1731687850446 0.2 26116096
1731687887282 0.2 26148864
1731687921596 0.2 26181632
1731687956196 0.2 26214400
1731687987551 0.2 26240000
1731688024182 0.2 26279936
1731688058948 0.2 26312704
1731688092863 0.2 26345472
1731688126845 0.2 26378240
1731688157819 0.2 26400000
1731688194967 0.2 26443776
1731688229535 0.2 26476544
1731688263392 0.2 26509312
1731688298165 0.2 26542080
1731688327998 0.2 26560000
1731688367319 0.2 26607616
1731688400462 0.2 26640384
1731688433007 0.2 26673152
1731688466566 0.2 26705920
1731688495247 0.2 26720000
1731688534630 0.2 26771456
1731688568671 0.2 26804224
1731688602829 0.2 26836992
1731688636332 0.2 26869760
1731688663599 0.2 26880000
1731688703887 0.2 26935296
1731688737344 0.2 26968064
1731688771090 0.2 27000832
1731688804863 0.2 27033600
1731688831384 0.2 27040000
1731688873115 0.2 27099136
1731688907738 0.2 27131904
1731688941168 0.2 27164672
1731688975708 0.2 27197440
1731689001138 0.2 27200000
1731689044196 0.2 27262976
1731689078561 0.2 27295744
1731689111554 0.2 27328512
1731689145313 0.2 27360000
1731689181357 0.2 27394048
1731689216089 0.2 27426816
1731689250428 0.2 27459584
1731689284673 0.2 27492352
1731689317033 0.2 27520000
1731689353618 0.2 27557888
1731689388658 0.2 27590656
1731689422198 0.2 27623424
1731689456340 0.2 27656192
1731689488420 0.2 27680000
1731689524695 0.2 27721728
1731689559006 0.2 27754496
1731689592739 0.2 27787264
1731689626981 0.2 27820032
1731689658688 0.2 27840000
1731689697084 0.2 27885568
1731689731633 0.2 27918336
1731689764924 0.2 27951104
1731689798636 0.2 27983872
1731689828043 0.2 28000000
1731689867129 0.2 28049408
1731689901332 0.2 28082176
1731689935206 0.2 28114944
1731689969535 0.2 28147712
1731689998140 0.2 28160000
1731690038461 0.2 28213248
1731690072496 0.2 28246016
1731690107954 0.2 28278784
1731690142568 0.2 28311552
1731690169310 0.2 28320000
1731690211334 0.2 28377088
1731690245460 0.2 28409856
1731690279402 0.2 28442624
1731690313747 0.2 28475392
1731690340330 0.2 28480000
1731690382269 0.2 28540928
1731690416467 0.2 28573696
1731690451196 0.2 28606464
1731690485094 0.2 28639232
1731690509636 0.2 28640000
1731690553155 0.2 28704768
1731690587202 0.2 28737536
1731690621573 0.2 28770304
1731690654733 0.2 28800000
1731690692076 0.2 28835840
1731690726587 0.2 28868608
1731690762248 0.2 28901376
1731690796727 0.2 28934144
1731690828723 0.2 28960000
1731690865335 0.2 28999680
1731690906221 0.2 29032448
1731690939941 0.2 29065216
1731690974480 0.2 29097984
1731691004912 0.2 29120000
1731691042748 0.2 29163520
1731691076961 0.2 29196288
1731691111644 0.2 29229056
1731691145899 0.2 29261824
1731691175761 0.2 29280000
1731691215160 0.2 29327360
1731691249950 0.2 29360128
1731691284341 0.2 29392896
1731691319657 0.2 29425664
1731691349260 0.2 29440000
1731691388328 0.2 29491200
1731691423062 0.2 29523968
1731691457432 0.2 29556736
1731691491884 0.2 29589504
1731691520085 0.2 29600000
1731691560716 0.2 29655040
1731691595753 0.2 29687808
1731691630078 0.2 29720576
1731691664082 0.2 29753344
1731691691379 0.2 29760000
1731691734556 0.2 29818880
1731691768257 0.2 29851648
1731691802791 0.2 29884416
1731691836966 0.2 29917184
1731691863282 0.2 29920000
1731691906766 0.2 29982720
1731691941836 0.2 30015488
1731691977404 0.2 30048256
1731692011312 0.2 30080000
1731692046190 0.2 30113792
1731692080608 0.2 30146560
1731692115457 0.2 30179328
1731692149744 0.2 30212096
1731692182445 0.2 30240000
1731692218219 0.2 30277632
1731692252871 0.2 30310400
1731692287342 0.2 30343168
1731692324904 0.2 30375936
1731692356277 0.2 30400000
1731692394041 0.2 30441472
1731692428343 0.2 30474240
1731692462177 0.2 30507008
1731692497052 0.2 30539776
1731692528630 0.2 30560000
1731692571582 0.2 30605312
1731692605518 0.2 30638080
1731692639255 0.2 30670848
1731692673327 0.2 30703616
1731692703607 0.2 30720000
1731692746018 0.2 30769152
1731692779454 0.2 30801920
1731692814205 0.2 30834688
1731692848552 0.2 30867456
1731692877535 0.2 30880000
1731692917325 0.2 30932992
1731692951984 0.2 30965760
1731692986646 0.2 30998528
1731693021311 0.2 31031296
1731693049168 0.2 31040000
1731693091349 0.2 31096832
1731693125780 0.2 31129600
1731693160103 0.2 31162368
1731693194634 0.2 31195136
1731693220795 0.2 31200000
1731693262957 0.2 31260672
1731693297461 0.2 31293440
1731693332260 0.2 31326208
1731693367204 0.2 31358976
1731693391857 0.2 31360000
1731693434856 0.2 31424512
1731693468712 0.2 31457280
1731693503485 0.2 31490048
1731693537300 0.2 31520000
1731693572188 0.2 31555584
1731693606163 0.2 31588352
1731693642578 0.2 31621120
1731693677449 0.2 31653888
1731693710326 0.2 31680000
1731693746483 0.2 31719424
1731693780380 0.2 31752192
1731693814395 0.2 31784960
1731693848747 0.2 31817728
1731693879734 0.2 31840000
1731693917240 0.2 31883264
1731693951015 0.2 31916032
1731693985144 0.2 31948800
1731694019560 0.2 31981568
1731694049637 0.2 32000000
1731694089075 0.2 32047104
1731694123380 0.2 32079872
1731694157010 0.2 32112640
1731694190361 0.2 32145408
1731694219246 0.2 32160000
1731694258202 0.2 32210944
1731694293339 0.2 32243712
1731694327728 0.2 32276480
1731694361781 0.2 32309248
1731694389784 0.2 32320000
1731694430570 0.2 32374784
1731694464851 0.2 32407552
1731694498893 0.2 32440320
1731694532952 0.2 32473088
1731694559518 0.2 32480000
1731694600429 0.2 32538624
1731694634319 0.2 32571392
1731694668254 0.2 32604160
1731694701508 0.2 32636928
1731694726670 0.2 32640000
1731694768839 0.2 32702464
1731694802963 0.2 32735232
1731694837272 0.2 32768000
1731694871063 0.2 32800000
1731694905408 0.2 32833536
1731694940249 0.2 32866304
1731694974423 0.2 32899072
1731695008513 0.2 32931840
1731695040915 0.2 32960000
1731695076734 0.2 32997376
1731695110381 0.2 33030144
1731695143742 0.2 33062912
1731695177423 0.2 33095680
1731695208809 0.2 33120000
1731695245848 0.2 33161216
1731695279214 0.2 33193984
1731695312828 0.2 33226752
1731695347425 0.2 33259520
1731695377897 0.2 33280000
1731695415687 0.2 33325056
1731695450195 0.2 33357824
1731695484890 0.2 33390592
1731695518656 0.2 33423360
1731695548336 0.2 33440000
1731695586664 0.2 33488896
1731695620270 0.2 33521664
1731695654001 0.2 33554432
1731695688042 0.2 33587200
1731695716518 0.2 33600000
1731695755931 0.2 33652736
1731695795777 0.2 33685504
1731695829271 0.2 33718272
1731695864128 0.2 33751040
1731695891025 0.2 33760000
1731695931797 0.2 33816576
1731695965626 0.2 33849344
1731695999337 0.2 33882112
1731696033703 0.2 33914880
1731696059319 0.2 33920000
1731696102274 0.2 33980416
1731696136451 0.2 34013184
1731696170505 0.2 34045952
1731696204414 0.2 34078720
1731696229013 0.2 34080000
1731696271480 0.2 34144256
1731696308766 0.2 34177024
1731696342107 0.2 34209792
1731696375039 0.2 34240000
1731696409985 0.2 34275328
1731696443943 0.2 34308096
1731696478477 0.2 34340864
1731696512556 0.2 34373632
1731696544571 0.2 34400000
1731696580275 0.2 34439168
1731696614495 0.2 34471936
1731696648464 0.2 34504704
1731696682756 0.2 34537472
1731696714129 0.2 34560000
1731696750604 0.2 34603008
1731696784897 0.2 34635776
1731696819250 0.2 34668544
1731696853392 0.2 34701312
1731696884000 0.2 34720000
1731696922621 0.2 34766848
1731696956155 0.2 34799616
1731696990238 0.2 34832384
1731697023850 0.2 34865152
1731697052250 0.2 34880000
1731697091384 0.2 34930688
1731697125447 0.2 34963456
1731697159268 0.2 34996224
1731697193652 0.2 35028992
1731697220776 0.2 35040000
1731697261548 0.2 35094528
1731697295440 0.2 35127296
1731697328665 0.2 35160064
1731697362902 0.2 35192832
1731697389537 0.2 35200000
1731697431655 0.2 35258368
1731697465024 0.2 35291136
1731697499125 0.2 35323904
1731697532945 0.2 35356672
1731697559382 0.2 35360000
1731697602485 0.2 35422208
1731697635928 0.2 35454976
1731697670242 0.2 35487744
1731697704022 0.2 35520000
1731697738480 0.2 35553280
1731697772361 0.2 35586048
1731697807176 0.2 35618816
1731697840442 0.2 35651584
1731697872725 0.2 35680000
1731697908888 0.2 35717120
1731697942573 0.2 35749888
1731697976414 0.2 35782656
1731698010518 0.2 35815424
1731698042053 0.2 35840000
1731698079134 0.2 35880960
1731698113326 0.2 35913728
1731698147339 0.2 35946496
1731698180329 0.2 35979264
1731698210253 0.2 36000000
1731698247626 0.2 36044800
1731698281858 0.2 36077568
1731698315838 0.2 36110336
1731698350147 0.2 36143104
1731698379100 0.2 36160000
1731698417808 0.2 36208640
1731698451676 0.2 36241408
1731698485129 0.2 36274176
1731698518939 0.2 36306944
1731698547057 0.2 36320000
1731698586721 0.2 36372480
1731698620452 0.2 36405248
1731698654958 0.2 36438016
1731698688765 0.2 36470784
1731698715899 0.2 36480000
1731698756789 0.2 36536320
1731698790927 0.2 36569088
1731698825220 0.2 36601856
1731698858691 0.2 36634624
1731698884428 0.2 36640000
1731698926775 0.2 36700160
1731698961472 0.2 36732928
1731698995194 0.2 36765696
1731699028410 0.2 36798464
1731699054028 0.2 36800000
1731699097116 0.2 36864000
1731699130814 0.2 36896768
1731699164053 0.2 36929536
1731699197720 0.2 36960000
1731699232716 0.2 36995072
1731699266041 0.2 37027840
1731699300065 0.2 37060608
1731699334446 0.2 37093376
1731699367031 0.2 37120000
1731699403268 0.2 37158912
1731699437018 0.2 37191680
1731699470302 0.2 37224448
1731699504081 0.2 37257216
1731699535372 0.2 37280000
1731699572237 0.2 37322752
1731699606027 0.2 37355520
1731699639401 0.2 37388288
1731699673333 0.2 37421056
1731699704081 0.2 37440000
1731699741979 0.2 37486592
1731699775864 0.2 37519360
1731699809487 0.2 37552128
1731699843420 0.2 37584896
1731699871822 0.2 37600000
1731699910263 0.2 37650432
1731699944197 0.2 37683200
1731699978260 0.2 37715968
1731700011242 0.2 37748736
1731700039025 0.2 37760000
1731700079263 0.2 37814272
1731700113256 0.2 37847040
1731700147502 0.2 37879808
1731700181344 0.2 37912576
1731700207615 0.2 37920000
1731700248403 0.2 37978112
1731700282301 0.2 38010880
1731700315670 0.2 38043648
1731700349522 0.2 38076416
1731700374906 0.2 38080000
1731700416703 0.2 38141952
1731700450477 0.2 38174720
1731700484633 0.2 38207488
1731700519123 0.2 38240000
1731700553306 0.2 38273024
1731700586646 0.2 38305792
1731700620570 0.2 38338560
1731700654345 0.2 38371328
1731700686565 0.2 38400000
1731700721524 0.2 38436864
1731700756139 0.2 38469632
1731700790236 0.2 38502400
1731700823789 0.2 38535168
1731700855385 0.2 38560000
1731700890992 0.2 38600704
1731700924307 0.2 38633472
1731700957596 0.2 38666240
1731700991218 0.2 38699008
1731701021806 0.2 38720000
1731701059445 0.2 38764544
1731701093494 0.2 38797312
1731701127583 0.2 38830080
1731701161582 0.2 38862848
1731701191082 0.2 38880000
1731701229703 0.2 38928384
1731701263277 0.2 38961152
1731701297142 0.2 38993920
1731701331962 0.2 39026688
1731701360350 0.2 39040000
1731701399912 0.2 39092224
1731701433820 0.2 39124992
1731701468326 0.2 39157760
1731701503266 0.2 39190528
1731701530593 0.2 39200000
1731701570817 0.2 39256064
1731701605347 0.2 39288832
1731701638943 0.2 39321600
1731701671801 0.2 39354368
1731701697945 0.2 39360000
1731701740242 0.2 39419904
1731701773795 0.2 39452672
1731701807055 0.2 39485440
1731701840660 0.2 39518208
1731701865620 0.2 39520000
1731701908850 0.2 39583744
1731701946171 0.2 39616512
1731701980147 0.2 39649280
1731702013703 0.2 39680000
1731702048093 0.2 39714816
1731702081842 0.2 39747584
1731702118346 0.2 39780352
1731702151539 0.2 39813120
1731702183921 0.2 39840000
1731702222202 0.2 39878656
1731702255709 0.2 39911424
1731702290507 0.2 39944192
1731702324972 0.2 39976960
1731702356170 0.2 40000000
1731702392744 0.2 40042496
1731702427200 0.2 40075264
1731702460825 0.2 40108032
1731702494174 0.2 40140800
1731702524546 0.2 40160000
1731702562519 0.2 40206336
1731702596782 0.2 40239104
1731702630862 0.2 40271872
1731702664563 0.2 40304640
1731702693165 0.2 40320000
1731702731809 0.2 40370176
1731702765297 0.2 40402944
1731702798880 0.2 40435712
1731702832928 0.2 40468480
1731702860736 0.2 40480000
1731702899957 0.2 40534016
1731702933150 0.2 40566784
1731702967113 0.2 40599552
1731703000688 0.2 40632320
1731703027522 0.2 40640000
1731703069067 0.2 40697856
1731703102609 0.2 40730624
1731703137026 0.2 40763392
1731703171090 0.2 40796160
1731703196307 0.2 40800000
1731703238128 0.2 40861696
1731703271809 0.2 40894464
1731703306472 0.2 40927232
1731703340185 0.2 40960000
1731703374463 0.2 40992768
1731703407695 0.2 41025536
1731703441063 0.2 41058304
1731703474751 0.2 41091072
1731703507125 0.2 41120000
1731703542173 0.2 41156608
1731703576514 0.2 41189376
1731703610013 0.2 41222144
1731703644213 0.2 41254912
1731703675595 0.2 41280000
1731703711717 0.2 41320448
1731703746063 0.2 41353216
1731703780921 0.2 41385984
1731703814220 0.2 41418752
1731703844370 0.2 41440000
1731703882084 0.2 41484288
1731703915641 0.2 41517056
1731703948807 0.2 41549824
1731703981848 0.2 41582592
1731704010748 0.2 41600000
1731704049398 0.2 41648128
1731704083128 0.2 41680896
1731704116987 0.2 41713664
1731704150773 0.2 41746432
1731704178966 0.2 41760000
1731704219629 0.2 41811968
1731704253991 0.2 41844736
1731704287926 0.2 41877504
1731704321146 0.2 41910272
1731704348473 0.2 41920000
1731704389810 0.2 41975808
1731704423845 0.2 42008576
1731704456931 0.2 42041344
1731704489893 0.2 42074112
1731704516065 0.2 42080000
