1731660349681 0.013260632753372192 65536
1731660384308 -0.008471948094666004 98304
1731660417762 0.015993701294064522 131072
1731660449691 -0.02100316807627678 160000
1731660485497 -0.0340116061270237 196608
1731660520467 0.021168317645788193 229376
1731660554527 -0.05441446974873543 262144
1731660588318 0.00340346060693264 294912
1731660619915 -0.04338739439845085 320000
1731660655762 -0.015123426914215088 360448
1731660690227 -0.03694716468453407 393216
1731660725004 -0.034792542457580566 425984
1731660760428 0.0049300952814519405 458752
1731660791145 -0.058580320328474045 480000
1731660832422 -0.0254429429769516 524288
1731660867296 -0.020277973264455795 557056
1731660903312 -0.025805238634347916 589824
1731660938029 -0.02630111202597618 622592
1731660968820 -0.006776279769837856 640000
1731661008762 -0.0174095556139946 688128
1731661045379 -0.01504492200911045 720896
1731661081139 -0.03662692382931709 753664
1731661116195 -0.02860025130212307 786432
1731661146220 -0.01572313718497753 800000
1731661187889 -0.016279829666018486 851968
1731661225284 -0.009368420578539371 884736
1731661259470 0.02336912788450718 917504
1731661295264 -0.03455304354429245 950272
1731661323279 -0.023195507004857063 960000
1731661366422 -0.018147042021155357 1015808
1731661400953 -0.039061300456523895 1048576
1731661434831 -0.004519095178693533 1081344
1731661469407 -0.003046182217076421 1114112
1731661496125 -0.020767368376255035 1120000
1731661537933 0.0026078757364302874 1179648
1731661571587 -0.01400554459542036 1212416
1731661605403 -0.007598056457936764 1245184
1731661639581 -5.958750261925161e-05 1277952
1731661665243 0.009938652627170086 1280000
1731661709806 -0.03653053566813469 1343488
1731661744313 -0.023745033890008926 1376256
1731661777963 -0.015318239107728004 1409024
1731661811555 -0.04004162177443504 1440000
1731661845783 -0.00763738714158535 1474560
1731661879581 -0.017623420804739 1507328
1731661914465 -0.045093655586242676 1540096
1731661949097 -0.000629343674518168 1572864
1731661981690 -0.009074154309928417 1600000
1731662017274 -0.03606293350458145 1638400
1731662051426 -0.032060038298368454 1671168
1731662087534 -0.013179740868508816 1703936
1731662121754 -0.017782364040613174 1736704
1731662153445 0.016354069113731384 1760000
1731662192374 0.06293784826993942 1802240
1731662227177 -0.006002968642860651 1835008
1731662262049 -0.014494837261736393 1867776
1731662295861 -0.008303401991724968 1900544
1731662326502 -0.014121654443442822 1920000
1731662364580 -0.011391894891858101 1966080
1731662399182 -0.010085265152156353 1998848
1731662434088 -0.024183010682463646 2031616
1731662467698 -0.03151078149676323 2064384
1731662499309 0.001331102685071528 2080000
1731662540247 -0.011321241967380047 2129920
1731662574734 -0.017591696232557297 2162688
1731662610984 -0.01764575205743313 2195456
1731662645282 0.02400813437998295 2228224
1731662673947 -0.011442698538303375 2240000
1731662716318 -0.012616250663995743 2293760
1731662752565 -0.01969839446246624 2326528
1731662787436 -0.018221011385321617 2359296
1731662825005 -0.03140727058053017 2392064
1731662852737 -0.019801096990704536 2400000
1731662895135 -0.011597072705626488 2457600
1731662930651 -0.01614004746079445 2490368
1731662965963 -0.026464801281690598 2523136
1731663001500 -0.01011419016867876 2555904
1731663027639 0.003647723700851202 2560000
1731663071166 -0.01617772877216339 2621440
1731663106875 -0.014076858758926392 2654208
1731663142771 -0.011289326474070549 2686976
1731663178757 -0.04051956161856651 2719744
1731663204054 -0.029847748577594757 2720000
1731663250295 -0.02310613915324211 2785280
1731663285975 -0.040810853242874146 2818048
1731663320706 0.0012544329511001706 2850816
1731663355414 -0.030432462692260742 2880000
1731663392276 -0.0012877773260697722 2916352
1731663428345 -0.020622579380869865 2949120
1731663464388 0.0071254270151257515 2981888
1731663500731 -0.02496473863720894 3014656
1731663533389 -0.022207148373126984 3040000
1731663571398 -0.034663356840610504 3080192
1731663606885 -0.027461379766464233 3112960
1731663642576 -0.020737629383802414 3145728
1731663678453 0.0015114055713638663 3178496
1731663710927 0.010983704589307308 3200000
1731663750797 -0.032839834690093994 3244032
1731663787535 -0.027100516483187675 3276800
1731663821895 -0.005027581471949816 3309568
1731663856057 -0.02650434523820877 3342336
1731663886625 -0.04111533612012863 3360000
1731663926547 -0.03416028991341591 3407872
1731663961276 -0.04219016060233116 3440640
1731663995263 -0.034660350531339645 3473408
1731664030659 -0.00813881866633892 3506176
1731664060973 -0.015249130316078663 3520000
1731664103091 0.002445233752951026 3571712
1731664138579 -0.0076898131519556046 3604480
1731664175929 -0.001348349847830832 3637248
1731664212235 -0.03264211490750313 3670016
1731664241135 -0.034245457500219345 3680000
1731664285132 -0.022974738851189613 3735552
1731664320993 -0.020170893520116806 3768320
1731664356881 -0.01768544502556324 3801088
1731664392701 0.015965882688760757 3833856
1731664420337 -0.006605389062315226 3840000
1731664464405 -0.021321263164281845 3899392
1731664499907 0.0016034269938245416 3932160
1731664535116 -0.025380907580256462 3964928
1731664570036 -0.04374350234866142 3997696
1731664596546 -0.030862806364893913 4000000
1731664641839 -0.026586541905999184 4063232
1731664676192 -0.02181105874478817 4096000
1731664711120 0.0019339192658662796 4128768
1731664745776 -0.036973170936107635 4160000
1731664781492 -0.005478640552610159 4194304
1731664818265 -0.03188978508114815 4227072
1731664853087 -0.004987677093595266 4259840
1731664888719 0.011259734630584717 4292608
1731664923694 -0.016590509563684464 4320000
1731664961971 0.011024159379303455 4358144
1731664997784 -0.004739642143249512 4390912
1731665034506 -0.022776294499635696 4423680
1731665070121 -0.028915682807564735 4456448
1731665104271 -0.008466262370347977 4480000
1731665143573 -0.008513875305652618 4521984
1731665179229 -0.023388640955090523 4554752
1731665213563 -0.0339692123234272 4587520
1731665248575 -0.043705444782972336 4620288
1731665280948 -0.005868612788617611 4640000
1731665322144 0.002458692528307438 4685824
1731665358458 -0.019860316067934036 4718592
1731665394489 -0.026924103498458862 4751360
1731665430262 0.020891210064291954 4784128
1731665460883 0.009155536070466042 4800000
1731665504825 -0.021199455484747887 4849664
1731665542167 0.015698477625846863 4882432
1731665578337 -0.04713616892695427 4915200
1731665613977 -0.0015363962156698108 4947968
1731665644317 -0.02609339728951454 4960000
1731665687418 -0.007570999674499035 5013504
1731665723382 0.016811100766062737 5046272
1731665759201 0.005638533271849155 5079040
1731665793369 -0.0030690301209688187 5111808
1731665820469 -0.032286617904901505 5120000
1731665861943 -0.033512141555547714 5177344
1731665895890 -0.03017926774919033 5210112
1731665930247 -0.046617209911346436 5242880
1731665964971 -0.03058728389441967 5275648
1731665990643 -0.02111128158867359 5280000
1731666033467 0.011275415308773518 5341184
1731666067559 -0.049412451684474945 5373952
1731666102272 -0.035187941044569016 5406720
1731666137166 -0.008299335837364197 5439488
1731666161651 -0.015097834169864655 5440000
1731666206484 -0.013553636148571968 5505024
1731666240827 -0.025753015652298927 5537792
1731666276301 -0.019637074321508408 5570560
1731666310448 0.0057208240032196045 5600000
1731666347839 -0.04365278407931328 5636096
1731666382460 -0.02003459818661213 5668864
1731666417120 -0.014353047125041485 5701632
1731666451846 -0.0040588113479316235 5734400
1731666485183 -0.018635019659996033 5760000
1731666522801 0.007759787142276764 5799936
1731666559231 0.033775296062231064 5832704
1731666594229 -0.017271436750888824 5865472
1731666629653 -0.002274602185934782 5898240
1731666661376 -0.028525203466415405 5920000
1731666700425 0.015517203137278557 5963776
1731666734257 -0.03518243134021759 5996544
1731666770435 0.004423405975103378 6029312
1731666804911 -0.02768491581082344 6062080
1731666835732 -0.024149348959326744 6080000
1731666875922 -0.026970231905579567 6127616
1731666911667 -0.027876755222678185 6160384
1731666947817 -0.006544079165905714 6193152
1731666984652 -0.007969765923917294 6225920
1731667016942 -0.013724053278565407 6240000
1731667059082 0.016313008964061737 6291456
1731667096397 -0.019274882972240448 6324224
1731667132243 -0.026864659041166306 6356992
1731667168549 -0.027174778282642365 6389760
1731667197324 -0.011091274209320545 6400000
1731667239368 -0.011771815828979015 6455296
1731667275613 -0.027824221178889275 6488064
1731667313118 -0.002195964567363262 6520832
1731667349447 -0.01969280280172825 6553600
1731667377268 -0.02392684482038021 6560000
1731667421823 -0.005122605711221695 6619136
1731667456141 0.00633597606793046 6651904
1731667492774 -0.010856704786419868 6684672
1731667527369 -0.03639473021030426 6717440
1731667553095 -0.027043916285037994 6720000
1731667597845 -0.02228538878262043 6782976
1731667632468 -0.026602700352668762 6815744
1731667667216 -0.026024965569376945 6848512
1731667702479 -0.04457927122712135 6880000
1731667737881 -0.007398731075227261 6914048
1731667773860 -0.026508096605539322 6946816
1731667808507 -0.027363333851099014 6979584
1731667843548 -0.000316232064506039 7012352
1731667878019 0.0002176092384615913 7040000
1731667916377 -0.018938332796096802 7077888
1731667952276 -0.001599927432835102 7110656
1731667987416 -0.016335230320692062 7143424
1731668021820 0.0056520323269069195 7176192
1731668054175 0.013165279291570187 7200000
1731668092437 0.0008059460087679327 7241728
1731668128952 -0.029520826414227486 7274496
1731668164475 -0.010860304348170757 7307264
1731668199285 -0.038360875099897385 7340032
1731668231032 -0.028219781816005707 7360000
1731668270957 -0.016175374388694763 7405568
1731668305456 -0.024132421240210533 7438336
1731668340951 -0.014077296480536461 7471104
1731668377738 -0.017479194328188896 7503872
1731668408682 -0.02009616419672966 7520000
1731668449715 -0.00682036904618144 7569408
1731668483998 -0.008839487098157406 7602176
1731668519151 -0.01600908860564232 7634944
1731668555072 0.02658907137811184 7667712
1731668584358 -0.01558808796107769 7680000
1731668627294 -0.012001555413007736 7733248
1731668665102 -0.00993746891617775 7766016
1731668700250 -0.01629098318517208 7798784
1731668735893 -0.004055448807775974 7831552
1731668763574 0.004107207525521517 7840000
1731668806548 0.015543190762400627 7897088
1731668841072 0.006026564631611109 7929856
1731668876351 0.051734648644924164 7962624
1731668911653 -0.010085542686283588 7995392
1731668938602 -0.002478986047208309 8000000
1731668983592 -0.013216034509241581 8060928
1731669018411 -0.009090469218790531 8093696
1731669053635 -0.03149992227554321 8126464
1731669090520 -0.016318637877702713 8159232
1731669117353 -0.02968781068921089 8160000
1731669163661 -0.036315467208623886 8224768
1731669198726 -0.018146904185414314 8257536
1731669234219 -0.021193424239754677 8290304
1731669268325 -0.0009090751991607249 8320000
1731669304647 -0.02897694520652294 8355840
1731669338681 -0.05104964226484299 8388608
1731669372944 -0.022216714918613434 8421376
1731669406915 -0.009579907171428204 8454144
1731669440497 -0.03533722087740898 8480000
1731669478155 -0.028914829716086388 8519680
1731669513568 -0.018073176965117455 8552448
1731669550067 -0.022847523912787437 8585216
1731669584508 -0.01675664447247982 8617984
1731669616020 -0.03708672523498535 8640000
1731669654931 -0.03328070417046547 8683520
1731669690962 -0.03991994634270668 8716288
1731669725778 -0.023976407945156097 8749056
1731669761297 -0.005396078806370497 8781824
1731669792496 -0.02569573186337948 8800000
1731669831542 -0.007439080160111189 8847360
1731669866339 -0.020049873739480972 8880128
1731669900636 -0.02150207757949829 8912896
1731669935970 -0.033172495663166046 8945664
1731669965654 -0.033785417675971985 8960000
1731670006167 -0.01829829439520836 9011200
1731670041410 -0.026741545647382736 9043968
1731670075651 -0.013570006936788559 9076736
1731670109450 -0.008330120705068111 9109504
1731670137132 -0.028085513040423393 9120000
1731670178672 -0.029129447415471077 9175040
1731670213526 -0.005280868150293827 9207808
1731670248391 -0.03589325398206711 9240576
1731670281787 -0.019807148724794388 9273344
1731670309353 -0.032231446355581284 9280000
1731670351640 -0.048574741929769516 9338880
1731670386966 -0.015564507804811 9371648
1731670422410 -0.03916565701365471 9404416
1731670457953 0.001765175606124103 9437184
1731670483424 -0.0008109683403745294 9440000
1731670525878 -0.02965637855231762 9502720
1731670560612 -0.007246714551001787 9535488
1731670593905 -0.0012698363279923797 9568256
1731670628859 -0.02275298349559307 9600000
1731670663516 -0.037608060985803604 9633792
1731670697698 -0.026603391394019127 9666560
1731670732002 0.04053526371717453 9699328
1731670766750 -0.022918840870261192 9732096
1731670799833 -0.013353584334254265 9760000
1731670835450 -0.046424008905887604 9797632
1731670869145 -0.016769209876656532 9830400
1731670903475 -0.027513790875673294 9863168
1731670936718 -0.013145246542990208 9895936
1731670968299 -0.015664955601096153 9920000
1731671005044 -0.03302336484193802 9961472
1731671039335 0.0462859570980072 9994240
1731671073443 -0.0202878899872303 10027008
1731671106929 -0.037101298570632935 10059776
1731671137596 -0.002363113686442375 10080000
1731671176342 -0.004618238657712936 10125312
1731671210479 0.006478086579591036 10158080
1731671245279 -0.01054278016090393 10190848
1731671279510 -0.022761885076761246 10223616
1731671308807 -0.028535764664411545 10240000
1731671347768 -0.02210482582449913 10289152
1731671382023 -0.01615005172789097 10321920
1731671415941 -0.025902865454554558 10354688
1731671449872 -0.024739598855376244 10387456
1731671478670 -0.03386394679546356 10400000
1731671518378 -0.03474962338805199 10452992
1731671552733 -0.0296830702573061 10485760
1731671586982 -0.035778164863586426 10518528
1731671620102 -0.03333057463169098 10551296
1731671646650 0.01003661472350359 10560000
1731671688371 -0.008597951382398605 10616832
1731671723185 -0.021649125963449478 10649600
1731671757663 -0.012135553173720837 10682368
1731671791642 -0.026617957279086113 10715136
1731671817357 -0.028221067041158676 10720000
1731671859555 -0.026593690738081932 10780672
1731671893554 -0.004637664649635553 10813440
1731671927878 -0.029634740203619003 10846208
1731671962501 -0.031974852085113525 10878976
1731671987123 -0.04869646206498146 10880000
1731672031840 0.000362263061106205 10944512
1731672065463 -0.02593141421675682 10977280
1731672100058 -0.02862326055765152 11010048
1731672133423 -0.027066295966506004 11040000
1731672168124 0.017952749505639076 11075584
1731672201805 -0.015505419112741947 11108352
1731672235770 -0.027527879923582077 11141120
1731672269344 -0.019483061507344246 11173888
1731672302656 -0.02689296007156372 11200000
1731672338834 -0.0025001231115311384 11239424
1731672372882 0.008780274540185928 11272192
1731672405870 -0.03595834597945213 11304960
1731672439843 0.007075655739754438 11337728
1731672471240 -0.016919676214456558 11360000
1731672509233 -0.015042834915220737 11403264
1731672543084 0.00012096339924028143 11436032
1731672576942 -0.002422056160867214 11468800
1731672611169 -0.02926960587501526 11501568
1731672641207 -0.039203424006700516 11520000
1731672679692 -0.008505330421030521 11567104
1731672714969 0.004704662598669529 11599872
1731672748756 -0.0437040850520134 11632640
1731672783911 -0.034360285848379135 11665408
1731672813569 -0.02601025626063347 11680000
1731672852366 -0.042765434831380844 11730944
1731672886063 -0.021000277251005173 11763712
1731672920166 -0.030979184433817863 11796480
1731672954071 -0.012627208605408669 11829248
1731672982011 -0.01995803229510784 11840000
1731673022288 -0.029893822968006134 11894784
1731673055929 -0.01337410882115364 11927552
1731673090427 -0.016166044399142265 11960320
1731673124308 -0.032621774822473526 11993088
1731673151520 -0.02317030355334282 12000000
1731673193166 0.027485381811857224 12058624
1731673227634 -0.037442974746227264 12091392
1731673262218 0.0049653383903205395 12124160
1731673296398 -0.007245069369673729 12156928
1731673322203 -0.035923849791288376 12160000
1731673364929 -0.0020795674063265324 12222464
1731673399205 -0.03723714128136635 12255232
1731673433291 -0.024937676265835762 12288000
1731673466432 -0.022864332422614098 12320000
1731673500738 -0.015565920621156693 12353536
1731673534874 0.06938665360212326 12386304
1731673568217 -0.03702034428715706 12419072
1731673603990 0.042383693158626556 12451840
1731673636888 -0.0264542568475008 12480000
1731673672766 0.12815377116203308 12517376
1731673706713 -0.014405886642634869 12550144
1731673741811 -0.021511724218726158 12582912
1731673776749 0.0010317012201994658 12615680
1731673808629 -0.03379945084452629 12640000
1731673845593 -0.028917165473103523 12681216
1731673880256 -0.02053799107670784 12713984
1731673913788 -0.007913283072412014 12746752
1731673947291 -0.024405185133218765 12779520
1731673978339 -0.02260507270693779 12800000
1731674015856 -0.012112502008676529 12845056
1731674050220 -0.035554274916648865 12877824
1731674084380 -6.433088128687814e-05 12910592
1731674118584 -0.03460454195737839 12943360
1731674148634 -0.0026718946173787117 12960000
1731674188009 -0.036350980401039124 13008896
1731674221553 -0.03033784218132496 13041664
1731674254952 -0.03147188946604729 13074432
1731674288295 -0.02919401042163372 13107200
1731674317424 -0.032707322388887405 13120000
1731674357480 -0.022177450358867645 13172736
1731674392022 -0.023111414164304733 13205504
1731674425756 0.3031751215457916 13238272
1731674459617 -0.03772303834557533 13271040
1731674487481 0.009554768912494183 13280000
1731674529982 -0.0278329961001873 13336576
1731674563629 0.009275191463530064 13369344
1731674597322 -0.031972795724868774 13402112
1731674631263 -0.016948653385043144 13434880
1731674658549 0.03187556192278862 13440000
1731674701881 0.018972517922520638 13500416
1731674735386 -0.005262960679829121 13533184
1731674769246 -0.009617574512958527 13565952
1731674802967 -0.046670082956552505 13598720
1731674828729 -0.02479231357574463 13600000
1731674872309 -0.016034502536058426 13664256
1731674906494 -0.00580776808783412 13697024
1731674940401 -0.044084396213293076 13729792
1731674973847 -0.021982325240969658 13760000
1731675008848 -0.037149470299482346 13795328
1731675042717 -0.02689729817211628 13828096
1731675076361 -0.0051026660948991776 13860864
1731675110203 -0.037978459149599075 13893632
1731675142227 -0.012268629856407642 13920000
1731675179024 -0.012152152135968208 13959168
1731675213148 0.0027652261778712273 13991936
1731675246531 -0.03979393467307091 14024704
1731675280423 -0.011662834323942661 14057472
1731675311230 0.007909690961241722 14080000
1731675348070 -0.04346151277422905 14123008
1731675381758 -0.02650056779384613 14155776
1731675415398 -0.00996289774775505 14188544
1731675449342 -0.008013423532247543 14221312
1731675478851 -0.010984624736011028 14240000
1731675517944 -0.041024018079042435 14286848
1731675551672 0.003942898940294981 14319616
1731675585015 -0.011509336531162262 14352384
1731675619112 -0.026630403473973274 14385152
1731675648230 -0.03698825091123581 14400000
1731675687690 -0.02477898821234703 14450688
1731675721625 -0.034640807658433914 14483456
1731675757655 -0.02995673380792141 14516224
1731675790515 -0.023434823378920555 14548992
1731675817716 0.019604405388236046 14560000
1731675858923 -0.03225516900420189 14614528
1731675893084 0.004799892194569111 14647296
1731675927286 -0.017488127574324608 14680064
1731675960582 -0.004352105315774679 14712832
1731675986551 -0.02232000231742859 14720000
1731676028339 -0.04204483702778816 14778368
1731676061882 -0.018602589145302773 14811136
1731676095969 -0.019782405346632004 14843904
1731676130226 -0.023454299196600914 14876672
1731676156038 0.012425960041582584 14880000
1731676199267 -0.021414974704384804 14942208
1731676233802 -0.02281130850315094 14974976
1731676267615 -0.017577188089489937 15007744
1731676301280 -0.003987881820648909 15040000
1731676335024 -0.01991739496588707 15073280
1731676370158 -0.027657559141516685 15106048
1731676404130 -0.01625089719891548 15138816
1731676437809 -0.027428844943642616 15171584
1731676470433 -0.021800072863698006 15200000
1731676505359 -0.03082873485982418 15237120
1731676539564 -0.04004647582769394 15269888
1731676574279 -0.005614879075437784 15302656
1731676607596 -0.03617613762617111 15335424
1731676638967 -0.03357018157839775 15360000
1731676675403 -0.013980929739773273 15400960
1731676709066 -0.02352289669215679 15433728
1731676742758 -0.014484142884612083 15466496
1731676777262 0.0009069693624041975 15499264
1731676807708 -0.025655323639512062 15520000
1731676846100 -0.028767960146069527 15564800
1731676879367 -0.00923389382660389 15597568
1731676913909 -0.036569178104400635 15630336
1731676947851 -0.026130465790629387 15663104
1731676977499 -0.033724281936883926 15680000
1731677016191 -0.004396406468003988 15728640
1731677050781 -0.026199791580438614 15761408
1731677085086 -0.03554321825504303 15794176
1731677118441 -0.014989802613854408 15826944
1731677146617 0.0014701668405905366 15840000
1731677186480 0.2599635720252991 15892480
1731677220822 -0.03458232432603836 15925248
1731677254751 -0.03887062892317772 15958016
1731677290003 -0.022472647950053215 15990784
1731677316920 -0.02803630568087101 16000000
1731677357680 -0.027894364669919014 16056320
1731677391171 -0.014579545706510544 16089088
1731677424800 -0.04370972514152527 16121856
1731677459113 -0.028417468070983887 16154624
1731677485515 -0.02043992280960083 16160000
1731677528105 -0.027775395661592484 16220160
1731677560749 -0.02746850624680519 16252928
1731677594726 -0.03539712354540825 16285696
1731677628918 -0.033869143575429916 16318464
1731677654260 -0.024087978526949883 16320000
1731677697452 -0.014954211190342903 16384000
1731677731488 -0.012993750162422657 16416768
1731677765349 -0.034663621336221695 16449536
1731677798203 0.0015926985070109367 16480000
1731677832812 -0.032290469855070114 16515072
1731677868712 -0.016989680007100105 16547840
1731677904049 0.00116836151573807 16580608
1731677937681 -0.021829970180988312 16613376
1731677970047 -0.013569897040724754 16640000
1731678005918 -0.03187162056565285 16678912
1731678039942 -0.0026627671904861927 16711680
1731678074598 -0.019096190109848976 16744448
1731678109697 -0.006471490953117609 16777216
1731678140473 -0.03253330662846565 16800000
1731678176479 -0.025067482143640518 16842752
1731678210312 -0.03971472010016441 16875520
1731678243972 -0.03921045735478401 16908288
1731678277317 -0.003729571821168065 16941056
1731678307854 -0.022868715226650238 16960000
1731678345685 -0.022199198603630066 17006592
1731678379405 -0.02583245374262333 17039360
1731678413164 -0.005811655428260565 17072128
1731678447752 -0.022592617198824883 17104896
1731678477279 -0.022507889196276665 17120000
1731678515910 -0.027858547866344452 17170432
1731678548751 0.012982228770852089 17203200
1731678581683 0.0021299575455486774 17235968
1731678615015 -0.02142115868628025 17268736
1731678643399 -0.019717270508408546 17280000
1731678684246 -0.0013708503684028983 17334272
1731678717654 -0.028193026781082153 17367040
1731678751080 -0.026150023564696312 17399808
1731678784585 -0.02353195659816265 17432576
1731678810653 -0.005659278016537428 17440000
1731678852351 -0.04131242260336876 17498112
1731678886071 -0.02377943880856037 17530880
1731678920796 -0.022950412705540657 17563648
1731678954652 0.009635481983423233 17596416
1731678981309 -0.018504923209547997 17600000
1731679024659 -0.022281639277935028 17661952
1731679058009 -0.041853971779346466 17694720
1731679092688 0.016785744577646255 17727488
1731679126596 -0.007067043334245682 17760000
1731679159844 -0.010030095465481281 17793024
1731679194161 -0.03574487194418907 17825792
1731679228951 -0.02225501276552677 17858560
1731679262249 0.030480416491627693 17891328
1731679295127 0.11970232427120209 17920000
1731679330742 -0.037275802344083786 17956864
1731679364993 -0.012128177098929882 17989632
1731679399512 -0.03342505171895027 18022400
1731679433601 -0.01805255003273487 18055168
1731679464719 -0.024824898689985275 18080000
1731679501025 0.09318186342716217 18120704
1731679534691 -0.031466931104660034 18153472
1731679569048 -0.009655884467065334 18186240
1731679603758 -0.01942509412765503 18219008
1731679634013 -0.03427867218852043 18240000
1731679672594 -0.038356903940439224 18284544
1731679706600 -0.022187406197190285 18317312
1731679740837 -0.020571179687976837 18350080
1731679775364 -0.0025650218594819307 18382848
1731679806907 -0.028017058968544006 18400000
1731679844838 -0.012187761254608631 18448384
1731679879045 0.053596027195453644 18481152
1731679913514 -0.03455435857176781 18513920
1731679947409 -0.01067428570240736 18546688
1731679975903 -0.03919685259461403 18560000
1731680015498 -0.04192632809281349 18612224
1731680049330 -0.029057376086711884 18644992
1731680082887 -0.02083371952176094 18677760
1731680116479 -0.012609981000423431 18710528
1731680144179 -0.0323445200920105 18720000
1731680185592 0.006140255369246006 18776064
1731680219282 0.002459466690197587 18808832
1731680253554 -0.03307056799530983 18841600
1731680287571 -0.015955433249473572 18874368
1731680313729 -0.011011543683707714 18880000
1731680354660 -0.027012400329113007 18939904
1731680388092 -0.017616478726267815 18972672
1731680421742 -0.03406805172562599 19005440
1731680456768 -0.032426994293928146 19038208
1731680481708 -0.01603272370994091 19040000
1731680525518 -0.014661157503724098 19103744
1731680559386 -0.026206187903881073 19136512
1731680592869 -0.02660762518644333 19169280
1731680626302 -0.03293803706765175 19200000
1731680661516 -0.033572617918252945 19234816
1731680695865 0.008009947836399078 19267584
1731680731183 0.019569380208849907 19300352
1731680765220 -0.03118140436708927 19333120
1731680798004 -0.022058766335248947 19360000
1731680833678 -0.0050209625624120235 19398656
1731680870192 0.006959737278521061 19431424
1731680904022 0.005188939161598682 19464192
1731680938802 -0.03763865306973457 19496960
1731680970130 -0.031609658151865005 19520000
1731681011823 -0.0061135124415159225 19562496
1731681046323 -0.0391690656542778 19595264
1731681080942 -0.0050614201463758945 19628032
1731681115104 0.1862916201353073 19660800
1731681145198 -0.01531329657882452 19680000
1731681184127 -0.015646032989025116 19726336
1731681217979 -0.05025837570428848 19759104
1731681252782 -0.029025854542851448 19791872
1731681286601 -0.033496491611003876 19824640
1731681315709 -0.03627539053559303 19840000
1731681355247 -0.0033608805388212204 19890176
1731681391193 0.003185373730957508 19922944
1731681426663 -0.018457427620887756 19955712
1731681460357 -0.009922552853822708 19988480
1731681489035 -0.042573101818561554 20000000
1731681528692 -0.0328860804438591 20054016
1731681564195 -0.02939569018781185 20086784
1731681598389 -0.003557109273970127 20119552
1731681632334 -0.019835954532027245 20152320
1731681659471 -0.030988333746790886 20160000
1731681700698 -0.0031875353306531906 20217856
1731681734057 -0.037857186049222946 20250624
1731681767638 0.013359908014535904 20283392
1731681801221 0.005437902174890041 20316160
1731681826755 -0.04027825593948364 20320000
1731681868884 -0.021694255992770195 20381696
1731681903272 -0.030154654756188393 20414464
1731681937301 -0.01254989393055439 20447232
1731681971872 -0.029963131994009018 20480000
1731682005912 -0.020221397280693054 20512768
1731682042750 0.02804945409297943 20545536
1731682075833 -0.007313249167054892 20578304
1731682109422 -0.023419754579663277 20611072
1731682141855 -0.015084521844983101 20640000
1731682177488 -0.03343173861503601 20676608
1731682211093 -0.03018333576619625 20709376
1731682245248 0.012394402176141739 20742144
1731682279743 -0.021151112392544746 20774912
1731682311783 -0.0074541918002069 20800000
1731682347807 -0.013491261750459671 20840448
1731682382126 -0.0036828794982284307 20873216
1731682420041 -0.025174053385853767 20905984
1731682453397 -0.009511466138064861 20938752
1731682484231 -0.014059540815651417 20960000
1731682522083 -0.004561428911983967 21004288
1731682556093 -0.022845199331641197 21037056
1731682589823 0.008679328486323357 21069824
1731682623909 -0.030992228537797928 21102592
1731682653006 -0.0020995642989873886 21120000
1731682692002 -0.02996373362839222 21168128
1731682725486 -0.009799027815461159 21200896
1731682759347 -0.026058493182063103 21233664
1731682793340 -0.02800689823925495 21266432
1731682821615 -0.013945909217000008 21280000
1731682860588 -0.017450658604502678 21331968
1731682895162 -0.015011463314294815 21364736
1731682928949 -0.03237002342939377 21397504
1731682962676 -0.011475123465061188 21430272
1731682989978 0.012295742519199848 21440000
1731683031036 -0.04246838018298149 21495808
1731683064990 -0.014521222561597824 21528576
1731683099270 -0.007233146578073502 21561344
1731683132810 -0.0017561712302267551 21594112
1731683158370 -0.03471631556749344 21600000
1731683200573 -0.035144269466400146 21659648
1731683235229 -0.029766812920570374 21692416
1731683269444 -0.04456941410899162 21725184
1731683302997 -0.03964826092123985 21757952
1731683327943 -0.03380562365055084 21760000
1731683370414 -0.030211323872208595 21823488
1731683403962 0.004492165055125952 21856256
1731683437577 -0.028608018532395363 21889024
1731683471473 -0.041891857981681824 21920000
1731683506624 -0.04473629593849182 21954560
1731683539989 -0.027156414464116096 21987328
1731683573564 -0.040035516023635864 22020096
1731683608303 -0.03290633112192154 22052864
1731683640710 -0.05340307205915451 22080000
1731683676007 -0.030608344823122025 22118400
1731683709417 -0.013786953873932362 22151168
1731683742777 -0.02849915809929371 22183936
1731683777280 -0.017018837854266167 22216704
1731683808754 -0.024637160822749138 22240000
1731683845527 -0.007454231847077608 22282240
1731683879376 -0.024123400449752808 22315008
1731683913224 -0.02523677982389927 22347776
1731683946457 -0.00819698441773653 22380544
1731683977221 -0.04299966245889664 22400000
1731684016385 -0.028886042535305023 22446080
1731684049915 -0.016790326684713364 22478848
1731684082923 -0.003011004999279976 22511616
1731684116115 0.010187127627432346 22544384
1731684145667 -0.029114704579114914 22560000
1731684184756 -0.03013850376009941 22609920
1731684219523 -0.030228884890675545 22642688
1731684253523 -0.036676980555057526 22675456
1731684288019 -0.015941623598337173 22708224
1731684315924 -0.03442481532692909 22720000
1731684356478 -0.027714893221855164 22773760
1731684390308 -0.01857658475637436 22806528
1731684423265 -0.001322979456745088 22839296
1731684456267 -0.021525606513023376 22872064
1731684482782 -0.024433866143226624 22880000
1731684523636 -0.019728025421500206 22937600
1731684556962 0.0024014352820813656 22970368
1731684590309 -0.041485805064439774 23003136
1731684624718 -0.015164997428655624 23035904
1731684650237 -0.009289762936532497 23040000
1731684693080 -0.022720802575349808 23101440
1731684727386 -0.02952096238732338 23134208
1731684761237 -0.006721578072756529 23166976
1731684795478 -0.0028428046498447657 23199744
1731684820164 -0.02163868024945259 23200000
1731684863640 -0.012562202289700508 23265280
1731684897535 0.01050800271332264 23298048
1731684931905 -0.04051223769783974 23330816
1731684965016 -0.028736691921949387 23360000
1731684999619 -0.0092123132199049 23396352
1731685034076 -0.024814244359731674 23429120
1731685067577 0.016636861488223076 23461888
1731685101391 -0.04912969470024109 23494656
1731685134131 -0.01570437289774418 23520000
1731685171781 -0.020721228793263435 23560192
1731685205579 -0.03017389215528965 23592960
1731685240111 -0.039483945816755295 23625728
1731685274834 -0.025648754090070724 23658496
1731685306486 -0.03182830661535263 23680000
1731685345330 -0.013784141279757023 23724032
1731685379210 -0.030881863087415695 23756800
1731685413794 0.026837067678570747 23789568
1731685447184 -0.017040610313415527 23822336
1731685477344 -0.01476751547306776 23840000
1731685515190 0.006569161545485258 23887872
1731685549470 -0.03651449829339981 23920640
1731685584336 -0.016373775899410248 23953408
1731685618225 -0.023185918107628822 23986176
1731685647212 -0.0237873587757349 24000000
1731685687872 -0.034701865166425705 24051712
1731685721340 -0.018493948504328728 24084480
1731685754944 0.045772310346364975 24117248
1731685790425 -0.0037530725821852684 24150016
1731685817806 -0.03131243586540222 24160000
1731685858813 -0.01456666924059391 24215552
1731685894045 -0.020565612241625786 24248320
1731685932236 0.01065986417233944 24281088
1731685966350 -0.016858985647559166 24313856
1731685992171 0.002489004982635379 24320000
1731686034303 -0.0029541938565671444 24379392
1731686067754 -0.03658290207386017 24412160
1731686101334 -0.001445269794203341 24444928
1731686135722 -0.020939921960234642 24477696
1731686160791 -0.032351963222026825 24480000
1731686203774 -0.022402584552764893 24543232
1731686237218 -0.015151012688875198 24576000
1731686271081 0.002025611698627472 24608768
1731686304181 -0.03835369274020195 24640000
1731686338970 -0.027880577370524406 24674304
1731686372715 -0.03252456709742546 24707072
1731686408478 -0.02193833701312542 24739840
1731686441946 -0.036350950598716736 24772608
1731686474840 -0.027550015598535538 24800000
1731686510433 -0.015138693153858185 24838144
1731686544536 -0.021096494048833847 24870912
1731686578591 -0.02031441032886505 24903680
1731686612014 -0.022912556305527687 24936448
1731686643030 -0.025788437575101852 24960000
1731686679641 -0.008649016730487347 25001984
1731686714199 -0.007209461182355881 25034752
1731686748413 -0.027143457904458046 25067520
1731686781983 -0.03361458703875542 25100288
1731686812119 -0.019871123135089874 25120000
1731686850551 -0.028347769752144814 25165824
1731686884808 -0.012686008587479591 25198592
1731686919036 -0.01986844651401043 25231360
1731686953555 -0.021372370421886444 25264128
1731686983501 -0.024833761155605316 25280000
1731687022861 -0.022236719727516174 25329664
1731687057233 0.015400361269712448 25362432
1731687091313 -0.02957192249596119 25395200
1731687126053 -0.025752218440175056 25427968
1731687153979 -0.026891035959124565 25440000
1731687194677 -0.025767866522073746 25493504
1731687230125 0.006203388795256615 25526272
1731687264381 -0.027060415595769882 25559040
1731687298444 -0.018540022894740105 25591808
1731687325678 -0.030289556831121445 25600000
1731687369410 -0.03419187664985657 25657344
1731687403655 -0.04048852249979973 25690112
1731687437554 -0.020718717947602272 25722880
1731687472100 -0.0033143186010420322 25755648
1731687497866 0.0004732031375169754 25760000
1731687540511 -0.03272576630115509 25821184
1731687575447 -0.020215796306729317 25853952
1731687609945 -0.03576863557100296 25886720
1731687644041 -0.025479905307292938 25919488
1731687668813 -0.00766531890258193 25920000
1731687711336 0.006220161449164152 25985024
1731687745547 -0.02367456629872322 26017792
1731687781236 -0.02233780175447464 26050560
1731687814059 0.018894290551543236 26080000
1731687850752 0.0021193246357142925 26116096
1731687887943 -0.031261567026376724 26148864
1731687921850 -0.01389093603938818 26181632
1731687956273 -0.021356657147407532 26214400
1731687987630 -0.0054908618330955505 26240000
1731688024228 -0.03169430047273636 26279936
1731688059005 -0.026057593524456024 26312704
1731688092942 -0.011196213774383068 26345472
1731688126902 -0.0068734013475477695 26378240
1731688157870 -0.04871651902794838 26400000
1731688195096 -0.021617934107780457 26443776
1731688229603 -0.03490493819117546 26476544
1731688263446 -0.01255823764950037 26509312
1731688298447 -0.0012778129894286394 26542080
1731688328056 -0.03002318926155567 26560000
1731688367428 -0.01946413144469261 26607616
1731688400514 -0.018585773184895515 26640384
1731688433055 -0.026493258774280548 26673152
1731688467059 -0.03208271786570549 26705920
1731688495389 -0.03468658775091171 26720000
1731688534717 -0.029987281188368797 26771456
1731688568707 -0.031137898564338684 26804224
1731688602956 -0.009035615250468254 26836992
1731688636399 -0.015438517555594444 26869760
1731688663637 -0.02433612197637558 26880000
1731688703934 -0.01798160746693611 26935296
1731688737391 -0.032889872789382935 26968064
1731688771282 0.006820220034569502 27000832
1731688804896 -0.020886095240712166 27033600
1731688831456 -0.03511414676904678 27040000
1731688873327 -0.028392400592565536 27099136
1731688907801 -0.0013601238606497645 27131904
1731688941226 0.016478389501571655 27164672
1731688976232 -0.042265385389328 27197440
1731689001185 -0.01986590214073658 27200000
1731689044330 -0.022379057481884956 27262976
1731689078617 -0.01698743924498558 27295744
1731689111619 -0.02513602003455162 27328512
1731689145701 -0.011039063334465027 27360000
1731689181449 -0.028867671266198158 27394048
1731689216218 -0.016644611954689026 27426816
1731689250551 -0.011252018623054028 27459584
1731689284795 -0.014212753623723984 27492352
1731689317291 -0.016165519133210182 27520000
1731689354067 -0.008193149231374264 27557888
1731689388868 -0.009933674708008766 27590656
1731689422293 -0.0099279023706913 27623424
1731689456453 -0.02947506494820118 27656192
1731689488618 -0.03654886782169342 27680000
1731689524794 -0.03464089706540108 27721728
1731689559060 -0.018946019932627678 27754496
1731689592842 -0.0214486476033926 27787264
1731689627162 0.003715182188898325 27820032
1731689658896 -0.01614200323820114 27840000
1731689697308 -0.0046092066913843155 27885568
1731689731825 -0.02643033117055893 27918336
1731689765103 0.0024747622665017843 27951104
1731689798808 -0.028209112584590912 27983872
1731689828190 -0.02972775138914585 28000000
1731689867259 -0.016440430656075478 28049408
1731689901481 -0.008624949492514133 28082176
1731689935284 -0.002984983380883932 28114944
1731689969642 -0.03752029687166214 28147712
1731689998304 -0.015155429020524025 28160000
1731690038648 0.0125825684517622 28213248
1731690072974 -0.012777223251760006 28246016
1731690108134 0.0013740321155637503 28278784
1731690142641 -0.010745992884039879 28311552
1731690169637 -0.014165853150188923 28320000
1731690211781 -0.0167878158390522 28377088
1731690245527 -0.02922024019062519 28409856
1731690279606 -0.03727954253554344 28442624
1731690313912 -0.011885411106050014 28475392
1731690340502 -0.028074493631720543 28480000
1731690382385 -0.009426476433873177 28540928
1731690416608 -0.026478750631213188 28573696
1731690451294 -0.010439951904118061 28606464
1731690485198 -0.017074663192033768 28639232
1731690509713 -0.02779003418982029 28640000
1731690553271 -0.04090151935815811 28704768
1731690587432 -0.02327958680689335 28737536
1731690621714 0.029078543186187744 28770304
1731690654895 -0.009166840463876724 28800000
1731690692255 -0.01890675164759159 28835840
1731690727319 -0.018515581265091896 28868608
1731690762340 -0.020099736750125885 28901376
1731690796811 -0.0436992309987545 28934144
1731690828774 -0.0014859943185001612 28960000
1731690865419 -0.037505000829696655 28999680
1731690906419 -0.034237492829561234 29032448
1731690940042 -0.015833955258131027 29065216
1731690974662 -0.03242077678442001 29097984
1731691005024 -0.022473230957984924 29120000
1731691042816 -0.04088049381971359 29163520
1731691077196 -0.015329435467720032 29196288
1731691111848 -0.004338684491813183 29229056
1731691146142 -0.029500730335712433 29261824
1731691175883 -0.036461178213357925 29280000
1731691215259 -0.017170125618577003 29327360
1731691250218 -0.036949459463357925 29360128
1731691284666 -0.03004768304526806 29392896
1731691319800 -0.04050934687256813 29425664
1731691349535 -0.03407130017876625 29440000
1731691388491 -0.0386248342692852 29491200
1731691423266 -0.020007072016596794 29523968
1731691457828 -0.045844558626413345 29556736
1731691492182 -0.027456149458885193 29589504
1731691520261 -0.0161399245262146 29600000
1731691561166 -0.03548252582550049 29655040
1731691595914 -0.017643112689256668 29687808
1731691630248 -0.03127432242035866 29720576
1731691664589 0.0013752124505117536 29753344
1731691691645 -0.017566917464137077 29760000
1731691734762 -0.02302718535065651 29818880
1731691768412 -0.019183214753866196 29851648
1731691803044 -0.007204415742307901 29884416
1731691837262 -0.022989006713032722 29917184
1731691863569 -0.02518969401717186 29920000
1731691906970 -0.027412619441747665 29982720
1731691942023 -0.028013840317726135 30015488
1731691977606 -0.039694562554359436 30048256
1731692012032 -0.03585268184542656 30080000
1731692046715 -0.03208291530609131 30113792
1731692080684 0.019180061295628548 30146560
1731692115723 -0.04077202454209328 30179328
1731692150185 -0.029311303049325943 30212096
1731692182558 -0.02073049731552601 30240000
1731692218397 -0.015691757202148438 30277632
1731692253733 -0.015542611479759216 30310400
1731692287415 -0.0032077175565063953 30343168
1731692325029 -0.031479932367801666 30375936
1731692356454 -0.018463974818587303 30400000
1731692394243 -0.03575646132230759 30441472
1731692428467 -0.021455302834510803 30474240
1731692462322 -0.028121450915932655 30507008
1731692497194 -0.01694062165915966 30539776
1731692532896 -0.00885949656367302 30560000
1731692571700 -0.04198235273361206 30605312
1731692605620 -0.022379592061042786 30638080
1731692639354 -0.030161142349243164 30670848
1731692673460 -0.04603488743305206 30703616
1731692703764 -0.029961101710796356 30720000
1731692746166 -0.017753995954990387 30769152
1731692779613 -0.010872622951865196 30801920
1731692814429 -0.0299318116158247 30834688
1731692848684 -0.033086325973272324 30867456
1731692877687 -0.01813669316470623 30880000
1731692917498 -0.038242995738983154 30932992
1731692952374 -0.01863776333630085 30965760
1731692986820 -0.01313635054975748 30998528
1731693021450 -0.03129659220576286 31031296
1731693049522 -0.029442138969898224 31040000
1731693091577 -0.028426382690668106 31096832
1731693125944 -0.012316782958805561 31129600
1731693160321 0.09743514657020569 31162368
1731693194746 -0.007008283399045467 31195136
1731693220998 -0.033980678766965866 31200000
1731693263158 -0.008725210092961788 31260672
1731693297655 -0.04380436986684799 31293440
1731693332412 -0.013511729426681995 31326208
1731693367336 -0.017594637349247932 31358976
1731693391949 -0.021455256268382072 31360000
1731693434938 -0.021306484937667847 31424512
1731693468845 -0.01418306678533554 31457280
1731693503631 -0.03414173796772957 31490048
1731693537517 -0.03377949818968773 31520000
1731693572270 -0.026195818558335304 31555584
1731693606370 -0.03094734251499176 31588352
1731693642901 -0.016693435609340668 31621120
1731693677558 -0.014206658117473125 31653888
1731693710428 -0.026848558336496353 31680000
1731693746556 -0.02362607605755329 31719424
1731693780462 -0.02646627090871334 31752192
1731693814436 -0.03074362687766552 31784960
1731693848799 -0.012177021242678165 31817728
1731693879832 -0.018842842429876328 31840000
1731693917315 -0.026013217866420746 31883264
1731693951080 -0.026484305039048195 31916032
1731693985262 0.058383192867040634 31948800
1731694019652 -0.0012284208787605166 31981568
1731694050082 -0.02518421597778797 32000000
1731694089133 -0.03320319205522537 32047104
1731694123465 -0.025443237274885178 32079872
1731694157126 -0.02319217287003994 32112640
1731694190472 -0.033451568335294724 32145408
1731694219313 -0.029218992218375206 32160000
1731694258351 -0.009943692944943905 32210944
1731694293474 -0.016918178647756577 32243712
1731694327794 -0.025606868788599968 32276480
1731694361851 -0.01730891689658165 32309248
1731694389932 -0.03388916328549385 32320000
1731694430986 -0.018722742795944214 32374784
1731694465021 -0.028462162241339684 32407552
1731694498944 -0.02584243379533291 32440320
1731694533143 0.0010482232319191098 32473088
1731694559571 -0.023998362943530083 32480000
1731694600593 -0.014966767281293869 32538624
1731694634423 -0.03621552884578705 32571392
1731694668304 -0.03022417612373829 32604160
1731694701544 -0.025157660245895386 32636928
1731694726861 -0.011572062969207764 32640000
1731694768929 -0.028144145384430885 32702464
1731694803065 -0.033707279711961746 32735232
1731694837376 -0.016547946259379387 32768000
1731694871197 -0.027917711064219475 32800000
1731694905526 -0.025463884696364403 32833536
1731694940325 0.07672548294067383 32866304
1731694974550 0.022766312584280968 32899072
1731695008597 -0.029780087992548943 32931840
1731695040973 -0.027166079729795456 32960000
1731695076793 -0.021652651950716972 32997376
1731695110500 -0.01844976842403412 33030144
1731695143790 -0.0148976631462574 33062912
1731695177493 -0.019643206149339676 33095680
1731695209027 -0.02211521565914154 33120000
1731695245968 -0.03732603043317795 33161216
1731695279298 -0.006066617090255022 33193984
1731695312919 -0.015046550892293453 33226752
1731695347547 -0.02482505701482296 33259520
1731695377988 -0.031893935054540634 33280000
1731695415736 -0.03198287636041641 33325056
1731695450322 -0.03384815528988838 33357824
1731695484986 -0.0103811239823699 33390592
1731695518747 -0.03945954889059067 33423360
1731695548428 -0.00839282851666212 33440000
1731695586835 -0.008979899808764458 33488896
1731695620378 0.00203053280711174 33521664
1731695654294 -0.022311273962259293 33554432
1731695688141 -0.01967739313840866 33587200
1731695716624 -0.010860715992748737 33600000
1731695761923 0.024188322946429253 33652736
1731695795810 -0.014377851970493793 33685504
1731695829386 -0.03161131590604782 33718272
1731695864195 -0.036576204001903534 33751040
1731695891075 -0.02278847247362137 33760000
1731695931857 -0.031017104163765907 33816576
1731695965699 -0.027585500851273537 33849344
1731695999428 -0.01772994175553322 33882112
1731696033798 -0.012329197488725185 33914880
1731696059369 -0.02032679133117199 33920000
1731696102324 -0.01791023649275303 33980416
1731696136567 -0.04555460065603256 34013184
1731696170621 -0.029118558391928673 34045952
1731696204506 -0.013132822699844837 34078720
1731696229081 -0.019523106515407562 34080000
1731696271560 -0.03144192323088646 34144256
1731696308869 -0.02268478460609913 34177024
1731696342200 -0.03869877755641937 34209792
1731696375138 -0.022050611674785614 34240000
1731696410054 -0.01689947210252285 34275328
1731696444033 -0.014311596751213074 34308096
1731696478552 -0.02320709638297558 34340864
1731696512668 -0.012812430039048195 34373632
1731696544633 -0.0033686975948512554 34400000
1731696580477 -0.039445098489522934 34439168
1731696614822 -0.023199835792183876 34471936
1731696648585 -0.020283322781324387 34504704
1731696682867 0.019849868491292 34537472
1731696714232 -0.016022928059101105 34560000
1731696750782 -0.050874263048172 34603008
1731696784949 -0.015029624104499817 34635776
1731696819637 -0.02973906509578228 34668544
1731696853536 -0.025926392525434494 34701312
1731696884165 -0.012476257048547268 34720000
1731696922676 -0.020524688065052032 34766848
1731696956212 0.005994183477014303 34799616
1731696990307 -0.02451791614294052 34832384
1731697023919 0.027807151898741722 34865152
1731697052340 -0.0379081554710865 34880000
1731697091461 -0.028103668242692947 34930688
1731697125554 -0.016603359952569008 34963456
1731697159311 -0.005320463329553604 34996224
1731697193759 -0.025802046060562134 35028992
1731697220917 0.13693244755268097 35040000
1731697261923 -0.018489640206098557 35094528
1731697295479 -0.03324368968605995 35127296
1731697328903 -0.02633192017674446 35160064
1731697363018 -0.02859450876712799 35192832
1731697389821 -0.03294755890965462 35200000
1731697431797 -0.01938590221107006 35258368
1731697465073 -0.01050766184926033 35291136
1731697499206 -0.024828022345900536 35323904
1731697533329 -0.041500866413116455 35356672
1731697559522 -0.04464209824800491 35360000
1731697602565 0.010089379735291004 35422208
1731697636022 -0.041162554174661636 35454976
1731697670312 -0.0010431826813146472 35487744
1731697704094 -0.039934366941452026 35520000
1731697738548 -0.02598840370774269 35553280
1731697772471 -0.0406346470117569 35586048
1731697807227 -0.03879709541797638 35618816
1731697840510 -0.03225531429052353 35651584
1731697872809 0.005843172315508127 35680000
1731697908942 -0.004788207355886698 35717120
1731697942689 -0.022009920328855515 35749888
1731697976534 0.012398491613566875 35782656
1731698010579 -0.039052750915288925 35815424
1731698042128 -0.018685605376958847 35840000
1731698079315 -0.035978082567453384 35880960
1731698113666 -0.012666777707636356 35913728
1731698147389 -0.02457616664469242 35946496
1731698180471 -0.0203621294349432 35979264
1731698210320 -0.028077462688088417 36000000
1731698247685 -0.032248128205537796 36044800
1731698281916 -0.004701397381722927 36077568
1731698315975 0.014318529516458511 36110336
1731698350219 0.021836701780557632 36143104
1731698379171 -0.0015845773741602898 36160000
1731698417910 -0.017230529338121414 36208640
1731698451773 -0.0015694443136453629 36241408
1731698485294 -0.005738640669733286 36274176
1731698518997 0.07240264117717743 36306944
1731698547159 -0.019669361412525177 36320000
1731698586792 0.004533315077424049 36372480
1731698620538 -0.022256236523389816 36405248
1731698655020 -0.024347955361008644 36438016
1731698688846 -0.029603026807308197 36470784
1731698715951 -0.035964954644441605 36480000
1731698756855 -0.010171204805374146 36536320
1731698791056 -0.016352087259292603 36569088
1731698825287 -0.02233286201953888 36601856
1731698858785 -0.01736907847225666 36634624
1731698884495 -0.039024680852890015 36640000
1731698926875 -0.03391264006495476 36700160
1731698961522 -0.018060782924294472 36732928
1731698995334 -0.013987704180181026 36765696
1731699028501 -0.041302189230918884 36798464
1731699054112 -0.01728251203894615 36800000
1731699097174 -0.015034720301628113 36864000
1731699130885 -0.027895260602235794 36896768
1731699164097 -0.004820710513740778 36929536
1731699197845 -0.01615874096751213 36960000
1731699232845 -0.034062474966049194 36995072
1731699266085 0.04004396125674248 37027840
1731699300193 -0.02431228943169117 37060608
1731699334512 -0.009199571795761585 37093376
1731699367087 -0.017564555630087852 37120000
1731699403345 -0.020122135058045387 37158912
1731699437185 -0.028239263221621513 37191680
1731699470362 -0.03369168937206268 37224448
1731699504131 -0.04000266641378403 37257216
1731699535422 -0.024352537468075752 37280000
1731699572328 -0.008793593384325504 37322752
1731699606106 -0.03156855329871178 37355520
1731699639454 -0.03761439025402069 37388288
1731699673429 -0.04190044850111008 37421056
1731699704139 -0.03372721001505852 37440000
1731699742053 -0.04355403035879135 37486592
1731699775918 -0.018730152398347855 37519360
1731699809533 -0.03769586235284805 37552128
1731699843457 -0.02254837565124035 37584896
1731699871857 -0.012263868004083633 37600000
1731699910971 -0.013300196267664433 37650432
1731699944502 -0.03228897228837013 37683200
1731699978301 -0.05645133927464485 37715968
1731700011317 -0.02952565811574459 37748736
1731700039058 0.0008927781018428504 37760000
1731700079450 -0.018572483211755753 37814272
1731700113325 -0.026451395824551582 37847040
1731700147535 -0.031268320977687836 37879808
1731700181376 -0.023593053221702576 37912576
1731700207685 -0.016104891896247864 37920000
1731700248482 -0.030315225943922997 37978112
1731700282423 -0.028199682012200356 38010880
1731700315763 -0.03394358232617378 38043648
1731700349561 -0.028356702998280525 38076416
1731700374963 -0.014845097437500954 38080000
1731700416808 -0.0024036255199462175 38141952
1731700450958 -0.021860245615243912 38174720
1731700484758 -0.029764149338006973 38207488
1731700519211 -0.024462956935167313 38240000
1731700553373 0.032080721110105515 38273024
1731700586791 -0.019232526421546936 38305792
1731700620718 -0.015190576203167439 38338560
1731700654392 -0.02674119919538498 38371328
1731700686691 -0.008672714233398438 38400000
1731700721579 -0.0336468331515789 38436864
1731700756188 -0.0456632524728775 38469632
1731700790311 -0.01311519555747509 38502400
1731700823839 -0.008344000205397606 38535168
1731700855421 -0.03460356965661049 38560000
1731700891027 0.010533038526773453 38600704
1731700924382 -0.003403322072699666 38633472
1731700957664 -0.02068372443318367 38666240
1731700991288 0.027863234281539917 38699008
1731701021840 -0.0323939174413681 38720000
1731701059478 -0.04619850218296051 38764544
1731701093635 -0.04691958799958229 38797312
1731701127622 0.006340219639241695 38830080
1731701161699 -0.013065430335700512 38862848
1731701191142 -0.047928255051374435 38880000
1731701229792 -0.013661723583936691 38928384
1731701263311 -0.025887787342071533 38961152
1731701297176 -0.03342197835445404 38993920
1731701332000 -0.03668520227074623 39026688
1731701360416 -0.028575090691447258 39040000
1731701399964 -0.042836807668209076 39092224
1731701434021 0.005910525564104319 39124992
1731701468444 -0.02179732918739319 39157760
1731701503301 -0.022207600995898247 39190528
1731701530626 -0.021385062485933304 39200000
1731701570929 -0.02452930249273777 39256064
1731701605380 -0.013046939857304096 39288832
1731701638979 -0.020332995802164078 39321600
1731701671836 -1.1760110282921232e-05 39354368
1731701698001 -0.006609827745705843 39360000
1731701740323 0.009830735623836517 39419904
1731701773867 -0.023787744343280792 39452672
1731701807186 -0.02111579105257988 39485440
1731701841382 -0.03285512328147888 39518208
1731701865861 -0.030368248000741005 39520000
1731701908898 -0.018036989495158195 39583744
1731701946298 -0.023273028433322906 39616512
1731701980202 -0.02686295099556446 39649280
1731702013748 -0.020090552046895027 39680000
1731702048233 -0.009191988036036491 39714816
1731702081889 -0.019046902656555176 39747584
1731702118380 -0.015577916987240314 39780352
1731702151619 -0.04235410317778587 39813120
1731702183968 0.016413314267992973 39840000
1731702222257 -0.01914302073419094 39878656
1731702255839 -0.03747214376926422 39911424
1731702291669 -0.02795274741947651 39944192
1731702325019 0.009878176264464855 39976960
1731702356268 -0.028684189543128014 40000000
1731702392791 -0.027544083073735237 40042496
1731702427317 -0.01657808944582939 40075264
1731702460867 0.05516982078552246 40108032
1731702494220 -0.022090252488851547 40140800
1731702524613 -0.029309110715985298 40160000
1731702562609 -0.02984129637479782 40206336
1731702596921 0.00906960666179657 40239104
1731702630940 0.047509267926216125 40271872
1731702664622 -0.013364662416279316 40304640
1731702693302 -0.031932856887578964 40320000
1731702731844 -0.002377461176365614 40370176
1731702765335 -0.014170128852128983 40402944
1731702798950 -0.011898958124220371 40435712
1731702832969 -0.028299016878008842 40468480
1731702860774 -0.016066068783402443 40480000
1731702900019 -0.014775247313082218 40534016
1731702933212 -0.029150404036045074 40566784
1731702967165 -0.04629543051123619 40599552
1731703000764 -0.02761387825012207 40632320
1731703027763 -0.026365231722593307 40640000
1731703069124 -0.00817597284913063 40697856
1731703102720 -0.007184803485870361 40730624
1731703137093 -0.028333481401205063 40763392
1731703171123 -0.0255039781332016 40796160
1731703196341 -0.015815967693924904 40800000
1731703238170 -0.016538241878151894 40861696
1731703271860 -0.01906091533601284 40894464
1731703306596 -0.0034904282074421644 40927232
1731703340224 -0.03095819056034088 40960000
1731703374622 -0.024889346212148666 40992768
1731703407884 -0.013440580107271671 41025536
1731703441103 -0.013573461212217808 41058304
1731703474868 -0.005865847691893578 41091072
1731703507158 -0.007013446651399136 41120000
1731703542232 -0.02503841556608677 41156608
1731703576630 -0.020657187327742577 41189376
1731703610186 -0.03550773486495018 41222144
1731703644253 -0.006587597541511059 41254912
1731703675644 -0.027724027633666992 41280000
1731703711767 -0.03684035688638687 41320448
1731703746107 -0.01887383684515953 41353216
1731703780955 -0.015608989633619785 41385984
1731703814263 -0.02541346102952957 41418752
1731703844422 -0.012108830735087395 41440000
1731703882157 -0.02569042518734932 41484288
1731703915809 -0.024875503033399582 41517056
1731703948864 -0.034026894718408585 41549824
1731703981882 -0.0014260417083278298 41582592
1731704010782 -0.015475118532776833 41600000
1731704049538 -0.03242522105574608 41648128
1731704083178 -0.034225307404994965 41680896
1731704117035 0.03681495785713196 41713664
1731704150830 -0.02711724303662777 41746432
1731704179013 -0.0039517879486083984 41760000
1731704219732 -0.011060891672968864 41811968
1731704254041 -0.021004628390073776 41844736
1731704287973 -0.009034051559865475 41877504
1731704321255 0.00847631972283125 41910272
1731704348669 -0.0149309691041708 41920000
1731704389877 -0.022539569064974785 41975808
1731704423892 -0.010613733902573586 42008576
1731704456997 -0.018191101029515266 42041344
1731704490079 -0.048782769590616226 42074112
1731704516098 -0.01556516531854868 42080000
