1731660349751 -0.008514096584258368 65536
1731660384588 -0.009528680459334282 98304
1731660417835 -0.011708184295684987 131072
1731660449848 -0.016413352647396094 160000
1731660485769 -0.021863531342796706 196608
1731660520745 -0.026461581669127553 229376
1731660554806 -0.03166741860927687 262144
1731660588346 -0.039185702118629706 294912
1731660620203 -0.040393219139514255 320000
1731660655807 -0.035990063811914295 360448
1731660690473 -0.02998932233845153 393216
1731660725292 -0.026055135567867184 425984
1731660760686 -0.02698096130702652 458752
1731660791302 -0.03309005012156376 480000
1731660832698 -0.029515395842372526 524288
1731660867409 -0.026616833854905052 557056
1731660903695 -0.026274922123548095 589824
1731660938085 -0.023116086407435434 622592
1731660969095 -0.017724242739905093 640000
1731661009064 -0.016836770112422527 688128
1731661045691 -0.01399398304179158 720896
1731661081555 -0.014069721591249617 753664
1731661116261 -0.012094648319657609 786432
1731661146514 -0.011636499463929795 800000
1731661187997 -0.01070938041939371 851968
1731661225593 -0.011521507125826247 884736
1731661259543 -0.010878130681885523 917504
1731661295601 -0.009696671973824778 950272
1731661323495 -0.009908764956617234 960000
1731661366703 -0.011168638831168209 1015808
1731661401006 -0.011196190458485944 1048576
1731661434895 -0.009398890449688224 1081344
1731661469457 -0.009571743852529836 1114112
1731661496180 -0.011714201628478804 1120000
1731661537970 -0.010064398528584206 1179648
1731661571636 -0.009953546390761403 1212416
1731661605457 -0.010507615893311594 1245184
1731661639658 -0.009419239234307496 1277952
1731661665309 -0.0103736681364353 1280000
1731661709864 -0.010823612282001705 1343488
1731661744417 -0.010664604015755686 1376256
1731661778003 -0.009535302907988808 1409024
1731661811605 -0.01091276623574231 1440000
1731661845843 -0.009516295932303364 1474560
1731661879633 -0.010645535929120343 1507328
1731661914499 -0.009553498301283981 1540096
1731661949363 -0.009815254268210083 1572864
1731661981750 -0.008002781623872579 1600000
1731662017424 -0.009675085012690942 1638400
1731662051523 -0.010363514124446738 1671168
1731662087834 -0.009805542454000716 1703936
1731662121867 -0.009434710370697985 1736704
1731662153536 -0.00988088696963132 1760000
1731662192734 -0.009866521823960283 1802240
1731662227298 -0.00958060730786201 1835008
1731662262164 -0.009535366760508169 1867776
1731662295963 -0.009579793298871663 1900544
1731662326586 -0.01014086731909174 1920000
1731662364649 -0.01073817252408844 1966080
1731662399248 -0.011502674401981494 1998848
1731662434190 -0.00802777121575673 2031616
1731662467792 -0.010590564417816495 2064384
1731662499627 -0.010499336754560318 2080000
1731662540294 -0.010386228863217184 2129920
1731662574771 -0.009964199171099608 2162688
1731662611291 -0.010453665116983757 2195456
1731662645339 -0.009987683576446216 2228224
1731662674008 -0.01037212036312667 2240000
1731662716356 -0.009559421609253604 2293760
1731662752601 -0.010001814342012949 2326528
1731662787509 -0.009390644457289455 2359296
1731662825277 -0.010896938128280454 2392064
1731662852798 -0.010695167141375351 2400000
1731662895241 -0.009792952082852935 2457600
1731662930727 -0.010274274457719912 2490368
1731662966081 -0.009553983443765901 2523136
1731663001562 -0.009961241611154036 2555904
1731663027687 -0.010308721850287838 2560000
1731663071216 -0.010986581087740888 2621440
1731663106933 -0.010659256855774402 2654208
1731663142812 -0.009551385056124673 2686976
1731663178857 -0.010678911128252366 2719744
1731663204116 -0.01054087083543891 2720000
1731663250435 -0.010044503242716019 2785280
1731663286027 -0.010735653423535042 2818048
1731663320736 -0.011711829271462193 2850816
1731663355472 -0.010516402232701694 2880000
1731663392314 -0.010115999087406635 2916352
1731663428390 -0.010845615156131316 2949120
1731663464513 -0.009206750260227636 2981888
1731663500844 -0.010262171771796603 3014656
1731663533431 -0.010760923777820609 3040000
1731663571466 -0.010632596829543673 3080192
1731663606937 -0.011537269863356413 3112960
1731663642834 -0.010362387888744707 3145728
1731663678495 -0.00997958011330411 3178496
1731663711038 -0.009933319393803685 3200000
1731663751040 -0.011244181283905164 3244032
1731663787854 -0.009722998483118772 3276800
1731663821941 -0.009996569935492517 3309568
1731663856092 -0.010887564535732964 3342336
1731663886663 -0.010612025718637596 3360000
1731663926815 -0.010391064505370196 3407872
1731663961318 -0.012133088585460427 3440640
1731663995336 -0.01012152501350556 3473408
1731664030701 -0.011149718813885556 3506176
1731664061222 -0.012908889152754455 3520000
1731664103191 -0.0119886713689084 3571712
1731664138612 -0.009737299282414824 3604480
1731664176179 -0.010019579229197006 3637248
1731664212268 -0.011007440022876836 3670016
1731664241168 -0.010201525248021426 3680000
1731664285383 -0.011054336860001967 3735552
1731664321045 -0.010188072040637052 3768320
1731664356940 -0.012790421190993584 3801088
1731664392784 -0.010329286211799626 3833856
1731664420396 -0.010479038966809639 3840000
1731664464463 -0.01113762136992591 3899392
1731664499940 -0.012225753136954154 3932160
1731664535163 -0.01047607744162633 3964928
1731664570061 -0.010571423822966608 3997696
1731664596569 -0.011159319623129705 4000000
1731664641872 -0.009744942287875346 4063232
1731664676238 -0.01123730188994614 4096000
1731664711185 -0.010983520228023735 4128768
1731664745827 -0.009856840233896946 4160000
1731664781534 -0.010437460541493238 4194304
1731664818587 -0.010108077356608191 4227072
1731664853199 -0.009675472083654314 4259840
1731664888817 -0.009449439687136874 4292608
1731664923945 -0.011250842106289839 4320000
1731664962004 -0.010038738947014281 4358144
1731664997905 -0.01165006815531342 4390912
1731665034764 -0.010639519726237268 4423680
1731665070256 -0.012251315193634583 4456448
1731665104319 -0.010347066988765618 4480000
1731665143633 -0.012600465967534547 4521984
1731665179273 -0.011082128418638603 4554752
1731665213590 -0.010686581118716277 4587520
1731665248616 -0.011661821419102126 4620288
1731665281206 -0.011092707926445655 4640000
1731665322160 -0.01147403159266105 4685824
1731665358489 -0.011000239373515797 4718592
1731665394511 -0.010998417950190742 4751360
1731665430328 -0.010082865183039757 4784128
1731665460928 -0.011612345597222884 4800000
1731665504890 -0.010734107355813195 4849664
1731665542211 -0.01230367175394349 4882432
1731665578380 -0.01342105075696054 4915200
1731665614028 -0.008793428581520856 4947968
1731665644380 -0.011099800338138266 4960000
1731665687451 -0.011012650388602196 5013504
1731665723440 -0.011613550950892204 5046272
1731665759287 -0.0097952437996355 5079040
1731665793386 -0.01126651150793805 5111808
1731665820494 -0.010892052057783985 5120000
1731665861982 -0.011572039554994262 5177344
1731665895907 -0.011348705417458405 5210112
1731665930266 -0.011555750817342414 5242880
1731665964995 -0.010978765338177255 5275648
1731665990663 -0.011124020800662038 5280000
1731666033494 -0.011396154816111448 5341184
1731666067598 -0.012000106473760753 5373952
1731666102325 -0.011347051171242128 5406720
1731666137187 -0.008785000554098588 5439488
1731666161683 -0.00984320172092339 5440000
1731666206512 -0.010005948310208623 5505024
1731666240861 -0.010524072725229417 5537792
1731666276355 -0.01033030175328804 5570560
1731666310474 -0.012147754550801438 5600000
1731666347897 -0.011467506411895556 5636096
1731666382493 -0.01283667970078568 5668864
1731666417153 -0.011518603759782309 5701632
1731666451872 -0.012909002714559392 5734400
1731666485244 -0.010007432354677803 5760000
1731666522817 -0.009404140569768061 5799936
1731666559248 -0.011189964010145558 5832704
1731666594246 -0.010652390118548283 5865472
1731666629736 -0.01057065877621426 5898240
1731666661402 -0.01053518704684393 5920000
1731666700458 -0.01289447702133657 5963776
1731666734292 -0.013108530117824558 5996544
1731666770463 -0.011862305001523054 6029312
1731666804970 -0.01175023343976136 6062080
1731666835779 -0.011644543164538845 6080000
1731666875969 -0.010847865333425943 6127616
1731666911708 -0.011377805460597301 6160384
1731666947857 -0.010636891514900526 6193152
1731666984750 -0.011024127552218488 6225920
1731667017020 -0.010533427121208661 6240000
1731667059190 -0.011513709049791033 6291456
1731667096703 -0.010736801284292597 6324224
1731667132394 -0.010739160772664036 6356992
1731667168602 -0.011679956034413408 6389760
1731667197403 -0.010628352149069542 6400000
1731667239421 -0.01126805872577279 6455296
1731667275652 -0.012244129711370988 6488064
1731667313185 -0.010532358554723942 6520832
1731667349486 -0.011773160686379925 6553600
1731667377329 -0.010525146595955447 6560000
1731667421857 -0.012725831242505592 6619136
1731667456187 -0.011972584755585557 6651904
1731667492859 -0.010506940002005648 6684672
1731667527422 -0.01182506701679813 6717440
1731667553147 -0.011624994052954207 6720000
1731667597887 -0.012738693617393437 6782976
1731667632525 -0.012162678473305277 6815744
1731667667277 -0.012194089503987015 6848512
1731667702522 -0.011602584385946102 6880000
1731667737914 -0.010068592590550906 6914048
1731667773950 -0.010073646781847856 6946816
1731667808557 -0.011654443989573337 6979584
1731667843580 -0.009463570049979353 7012352
1731667878080 -0.011600863281091733 7040000
1731667916404 -0.01096846363370787 7077888
1731667952306 -0.013034496509271775 7110656
1731667987441 -0.010064713722704255 7143424
1731668021900 -0.010520588203735314 7176192
1731668054240 -0.013652974455169442 7200000
1731668092487 -0.010858016233532908 7241728
1731668128977 -0.012367252578496846 7274496
1731668164528 -0.012875074028625023 7307264
1731668199316 -0.013290439472530124 7340032
1731668231189 -0.010701720815677617 7360000
1731668271003 -0.010959029246669161 7405568
1731668305500 -0.010854275042174778 7438336
1731668340977 -0.010081873998001357 7471104
1731668377761 -0.012855357352918872 7503872
1731668408708 -0.01425413144270351 7520000
1731668449748 -0.011178312415904657 7569408
1731668484128 -0.011088555701144287 7602176
1731668519203 -0.012638469960415932 7634944
1731668555144 -0.011648575097706271 7667712
1731668584424 -0.01040837460820967 7680000
1731668627407 -0.01315121209793233 7733248
1731668665396 -0.012610463533337678 7766016
1731668700862 -0.010680274986475525 7798784
1731668735938 -0.01269006150751011 7831552
1731668763643 -0.012897636740876805 7840000
1731668806665 -0.013066612024840652 7897088
1731668841201 -0.012231808432397883 7929856
1731668876517 -0.011720403382651057 7962624
1731668911737 -0.012483590354008811 7995392
1731668938734 -0.011217238739186541 8000000
1731668983676 -0.01084026498976982 8060928
1731669018486 -0.012756316893774055 8093696
1731669053806 -0.01214831141810464 8126464
1731669090678 -0.010417613345657628 8159232
1731669117646 -0.012197830657896702 8160000
1731669164103 -0.012647024317800515 8224768
1731669198865 -0.009523496135034292 8257536
1731669234413 -0.010698986296506518 8290304
1731669268380 -0.009805902769630847 8320000
1731669304790 -0.012118662940793001 8355840
1731669338786 -0.010469660925627977 8388608
1731669373112 -0.012027973579824902 8421376
1731669407011 -0.011619256108656374 8454144
1731669440606 -0.012199340626057164 8480000
1731669478296 -0.012232911278397296 8519680
1731669513849 -0.009814575828659144 8552448
1731669550239 -0.010556515497273721 8585216
1731669584594 -0.011239916060640098 8617984
1731669616201 -0.010351486977651803 8640000
1731669655089 -0.009409869629348578 8683520
1731669691089 -0.010417775274117958 8716288
1731669725920 -0.010514428589294767 8749056
1731669761417 -0.013372268934108433 8781824
1731669792703 -0.011791705978203027 8800000
1731669831637 -0.013051976649899188 8847360
1731669866462 -0.012498623648889406 8880128
1731669900787 -0.012324528780618493 8912896
1731669936087 -0.011944677826295446 8945664
1731669965802 -0.012357449223986804 8960000
1731670006271 -0.01184212202524577 9011200
1731670041530 -0.012153108786424126 9043968
1731670075766 -0.014016956474006293 9076736
1731670109584 -0.009061608969204826 9109504
1731670137215 -0.012050434103684893 9120000
1731670178779 -0.01175650061422857 9175040
1731670213684 -0.010101387609552148 9207808
1731670248472 -0.01309876869800064 9240576
1731670281943 -0.011816185507632327 9273344
1731670309459 -0.010673276204011017 9280000
1731670351782 -0.011772255529331232 9338880
1731670387062 -0.01195972801933749 9371648
1731670422579 -0.011740511031530333 9404416
1731670457997 -0.011282926917465375 9437184
1731670483496 -0.011394859578058459 9440000
1731670525990 -0.01230991943605204 9502720
1731670560710 -0.012613016129898824 9535488
1731670594019 -0.011704967846299041 9568256
1731670628912 -0.009296559923075164 9600000
1731670663609 -0.012627816442636686 9633792
1731670697817 -0.013062455925603445 9666560
1731670732092 -0.012067741082819338 9699328
1731670766899 -0.011350975600339552 9732096
1731670799948 -0.011617179910217601 9760000
1731670835487 -0.011900384270848007 9797632
1731670869228 -0.011978647646947138 9830400
1731670903569 -0.013800512912348495 9863168
1731670936754 -0.012573033246326304 9895936
1731670968338 -0.01157110457966155 9920000
1731671005089 -0.01042753127285323 9961472
1731671039372 -0.012052884325203194 9994240
1731671073517 -0.012582406612500563 10027008
1731671106954 -0.009848946354486543 10059776
1731671137662 -0.01059465149924108 10080000
1731671176392 -0.01125669642099183 10125312
1731671210513 -0.012770343120928373 10158080
1731671245316 -0.010414918526498696 10190848
1731671279545 -0.011414677556876996 10223616
1731671308873 -0.0121745676954788 10240000
1731671347800 -0.011545140311045542 10289152
1731671382056 -0.009978945028638008 10321920
1731671415974 -0.011764748033442629 10354688
1731671449914 -0.011917371873778393 10387456
1731671478729 -0.0118094009798142 10400000
1731671518439 -0.012479559965868248 10452992
1731671552775 -0.011340299666062491 10485760
1731671587019 -0.012437047970161074 10518528
1731671620156 -0.012333264850531123 10551296
1731671646683 -0.011153903016247569 10560000
1731671688432 -0.011357790186502825 10616832
1731671723219 -0.011004069973705555 10649600
1731671757692 -0.013618921383590532 10682368
1731671791670 -0.013627046189230895 10715136
1731671817438 -0.011897071994553698 10720000
1731671859623 -0.01311832622759539 10780672
1731671893604 -0.013421014401342291 10813440
1731671927939 -0.01182927540376113 10846208
1731671962526 -0.0122934319295382 10878976
1731671987202 -0.01234172106551341 10880000
1731672031865 -0.012769778349229455 10944512
1731672065509 -0.012499457271474057 10977280
1731672100092 -0.012823292987582136 11010048
1731672133527 -0.012054332778461685 11040000
1731672168234 -0.012667107214338103 11075584
1731672201830 -0.011660861080008545 11108352
1731672235831 -0.010855254168666307 11141120
1731672269378 -0.01148825039467738 11173888
1731672302706 -0.012556513544541303 11200000
1731672338913 -0.013669664322924291 11239424
1731672372907 -0.009448393001184741 11272192
1731672405996 -0.013121720599428954 11304960
1731672439906 -0.013873316765216259 11337728
1731672471301 -0.012444976305118871 11360000
1731672509310 -0.012421231526968769 11403264
1731672543117 -0.01294839176671303 11436032
1731672576975 -0.011131146592106234 11468800
1731672611313 -0.01158492055944862 11501568
1731672641311 -0.01310742665627913 11520000
1731672679769 -0.011468015077196015 11567104
1731672715036 -0.01208687884727624 11599872
1731672748791 -0.01325041223885819 11632640
1731672784323 -0.013300920534220495 11665408
1731672813623 -0.009399044923679867 11680000
1731672852410 -0.012481039013755435 11730944
1731672886101 -0.011630368461419493 11763712
1731672920234 -0.010331103020780575 11796480
1731672954179 -0.012316990487761359 11829248
1731672982059 -0.012923753097174995 11840000
1731673022342 -0.00961196538880813 11894784
1731673055973 -0.011160235092484072 11927552
1731673090476 -0.012163001562839781 11960320
1731673124351 -0.012497154050856807 11993088
1731673151605 -0.010639534455037847 12000000
1731673193190 -0.012128375104862244 12058624
1731673227661 -0.011963308988538302 12091392
1731673262251 -0.012135535934385188 12124160
1731673296437 -0.012212619212141363 12156928
1731673322238 -0.010584180989349079 12160000
1731673364954 -0.011989497109789226 12222464
1731673399273 -0.012007669513468499 12255232
1731673433361 -0.013719729962895144 12288000
1731673466464 -0.013600483448772138 12320000
1731673500762 -0.010830379002118206 12353536
1731673534920 -0.01306831274812339 12386304
1731673568247 -0.012266796131211778 12419072
1731673604262 -0.011263025002608628 12451840
1731673636938 -0.010864625331942079 12480000
1731673672830 -0.013409576448111693 12517376
1731673706784 -0.012471292862778682 12550144
1731673742062 -0.013024307741807207 12582912
1731673776780 -0.013074723514910147 12615680
1731673808663 -0.012370240120208108 12640000
1731673845661 -0.012915744785686911 12681216
1731673880281 -0.01122003947293706 12713984
1731673913813 -0.012598403325682739 12746752
1731673947316 -0.01295480522330763 12779520
1731673978430 -0.011713959443250132 12800000
1731674015893 -0.013265330794865804 12845056
1731674050245 -0.011336535027044192 12877824
1731674084444 -0.013451889548423423 12910592
1731674118618 -0.011060796907736403 12943360
1731674148667 -0.01662775192378376 12960000
1731674188087 -0.01633776280332313 13008896
1731674221603 -0.0118731591195683 13041664
1731674254979 -0.011244341017709302 13074432
1731674288311 -0.011267388095620844 13107200
1731674317459 -0.012063264149855969 13120000
1731674357513 -0.012540763184460957 13172736
1731674392154 -0.010950188165043073 13205504
1731674425785 -0.011240268923938857 13238272
1731674459645 -0.01153534111585941 13271040
1731674487506 -0.010154979797380292 13280000
1731674530014 -0.012234616120576903 13336576
1731674563675 -0.013054871200279195 13369344
1731674597397 -0.012993639740716389 13402112
1731674631330 -0.01079651152090264 13434880
1731674658804 -0.01276436199100317 13440000
1731674701904 -0.012163955485948463 13500416
1731674735421 -0.012666106178903647 13533184
1731674769280 -0.012702913082966916 13565952
1731674802984 -0.01249888815759732 13598720
1731674829091 -0.009215690213136441 13600000
1731674872331 -0.01271083801345867 13664256
1731674906530 -0.01084113711392547 13697024
1731674940427 -0.011110782756429672 13729792
1731674973878 -0.01218732019883646 13760000
1731675008876 -0.01280071698820393 13795328
1731675042784 -0.01266635105075693 13828096
1731675076404 -0.012225367227847528 13860864
1731675110231 -0.012277977588701106 13893632
1731675142336 -0.012885676455971407 13920000
1731675179062 -0.012827334635903753 13959168
1731675213185 -0.01341463129801923 13991936
1731675246579 -0.012596721900786178 14024704
1731675280455 -0.010841369939635115 14057472
1731675311282 -0.010497566496997023 14080000
1731675348137 -0.009115243204450962 14123008
1731675381795 -0.012875655243601614 14155776
1731675415435 -0.011514616537033362 14188544
1731675449384 -0.012181872563587604 14221312
1731675478888 -0.01159318043901294 14240000
1731675517994 -0.013068376294427253 14286848
1731675551701 -0.011363265698673786 14319616
1731675585042 -0.012025891553821565 14352384
1731675619148 -0.013397988975157205 14385152
1731675648265 -0.01260582376385173 14400000
1731675687750 -0.013768451006717442 14450688
1731675721668 -0.012708820911439035 14483456
1731675757708 -0.012654557060523075 14516224
1731675790540 -0.012670646336664504 14548992
1731675817762 -0.012006186491771587 14560000
1731675858999 -0.013834144139968885 14614528
1731675893118 -0.012431911282237706 14647296
1731675927325 -0.010974556449036754 14680064
1731675960615 -0.013562367342683502 14712832
1731675986593 -0.013661443291630349 14720000
1731676028389 -0.013859809098585174 14778368
1731676061923 -0.011393362927128692 14811136
1731676096027 -0.011766915645966946 14843904
1731676130270 -0.01203087944352319 14876672
1731676156060 -0.01387016459680126 14880000
1731676199298 -0.009972468891146492 14942208
1731676233913 -0.012952667144099905 14974976
1731676267645 -0.013427964597167375 15007744
1731676301308 -0.011883897078405425 15040000
1731676335093 -0.010474321554579547 15073280
1731676370260 -0.013370370669326804 15106048
1731676404212 -0.014235251837499163 15138816
1731676437843 -0.011683148376891949 15171584
1731676470463 -0.0114418840805115 15200000
1731676505451 -0.011481941638180615 15237120
1731676539679 -0.011268818823509719 15269888
1731676574311 -0.012297795221570595 15302656
1731676607652 -0.010752418391734863 15335424
1731676639048 -0.01141326704596395 15360000
1731676675447 -0.011070045172891696 15400960
1731676709089 -0.011249207859236776 15433728
1731676742792 -0.01163145531045302 15466496
1731676777304 -0.011180433908612031 15499264
1731676807735 -0.011299729524876057 15520000
1731676846235 -0.012291405341579775 15564800
1731676879420 -0.01281597833565229 15597568
1731676913945 -0.012866849623878806 15630336
1731676947888 -0.016665262602964505 15663104
1731676977583 -0.013412085442314491 15680000
1731677016209 -0.011230710245990849 15728640
1731677050808 -0.012568718267630175 15761408
1731677085115 -0.014573696072147868 15794176
1731677118472 -0.011991279617268447 15826944
1731677146655 -0.010666441213743383 15840000
1731677186508 -0.012734409833865357 15892480
1731677220860 -0.013482088078080778 15925248
1731677254818 -0.012357364560546102 15958016
1731677290028 -0.013787940021438771 15990784
1731677316958 -0.011411337567415103 16000000
1731677357714 -0.009114408917366746 16056320
1731677391199 -0.011331095329478558 16089088
1731677424841 -0.012629405324287291 16121856
1731677459228 -0.012469322032529817 16154624
1731677485552 -0.012605928236757791 16160000
1731677528207 -0.013507099403523171 16220160
1731677560774 -0.02250068466011044 16252928
1731677594747 -0.020313122962943454 16285696
1731677628946 -0.011588360435644063 16318464
1731677654292 -0.013005354657025237 16320000
1731677697516 -0.012657388261573033 16384000
1731677731508 -0.012758459209544526 16416768
1731677765381 -0.014811378185459034 16449536
1731677798277 -0.012214555764876423 16480000
1731677832903 -0.013604621601780309 16515072
1731677868977 -0.011902578300828281 16547840
1731677904074 -0.012352529014378888 16580608
1731677937711 -0.011736770809420705 16613376
1731677970100 -0.013167676887815106 16640000
1731678005964 -0.012278847744391896 16678912
1731678039967 -0.010800586342884343 16711680
1731678074628 -0.011429559483053709 16744448
1731678109772 -0.013485512775878306 16777216
1731678140505 -0.012166082382645983 16800000
1731678176507 -0.01215125328862996 16842752
1731678210389 -0.011598813580940259 16875520
1731678244021 -0.01030616958828432 16908288
1731678277340 -0.011258226239783653 16941056
1731678307927 -0.012965340585151353 16960000
1731678345768 -0.011503578085239496 17006592
1731678379440 -0.010897540595624377 17039360
1731678413199 -0.01164972395067707 17072128
1731678447786 -0.013478059662202214 17104896
1731678477307 -0.012046960250108896 17120000
1731678515932 -0.011335109268929954 17170432
1731678548796 -0.012012440982107363 17203200
1731678581723 -0.013193761139382332 17235968
1731678615034 -0.01125229803842558 17268736
1731678643433 -0.010738298809974367 17280000
1731678684264 -0.014749183387607445 17334272
1731678717686 -0.011705741096170641 17367040
1731678751150 -0.009192130893870854 17399808
1731678784611 -0.0115772280037163 17432576
1731678810716 -0.012451513140058523 17440000
1731678852384 -0.011757621155038579 17498112
1731678886096 -0.011853151412606167 17530880
1731678921088 -0.014893877995791626 17563648
1731678954710 -0.01411000543598675 17596416
1731678981504 -0.013640512498886892 17600000
1731679024687 -0.011993960500376488 17661952
1731679058112 -0.012653921127321156 17694720
1731679092733 -0.012913684571958583 17727488
1731679126652 -0.011995583133784748 17760000
1731679159872 -0.01179871374747563 17793024
1731679194196 -0.012142988929258535 17825792
1731679228982 -0.011123795431149119 17858560
1731679262270 -0.01207756914282072 17891328
1731679295174 -0.01159951622380504 17920000
1731679330777 -0.012330571977349792 17956864
1731679365062 -0.014066904097671796 17989632
1731679399552 -0.01160322051800904 18022400
1731679433641 -0.012920204056013063 18055168
1731679464821 -0.012221061312357052 18080000
1731679501063 -0.010960542361453917 18120704
1731679534716 -0.013639639292387073 18153472
1731679569078 -0.012575819870812665 18186240
1731679603797 -0.010505812323435748 18219008
1731679634036 -0.011402147768762916 18240000
1731679672844 -0.013575327470698539 18284544
1731679706626 -0.011382426484806274 18317312
1731679741058 -0.010600019780076764 18350080
1731679775393 -0.012990262427001653 18382848
1731679806944 -0.012253705604143761 18400000
1731679844891 -0.013610392399186821 18448384
1731679879138 -0.013063267486222685 18481152
1731679913538 -0.011444449681948753 18513920
1731679947437 -0.011676448520256599 18546688
1731679975945 -0.012084998522777824 18560000
1731680015517 -0.013389863301972582 18612224
1731680049349 -0.012106622769283603 18644992
1731680082952 -0.011212774529303715 18677760
1731680116511 -0.011507078268277838 18710528
1731680144196 -0.011929178226000658 18720000
1731680185634 -0.012579604766779084 18776064
1731680219299 -0.011184134625727893 18808832
1731680253596 -0.01220731569800364 18841600
1731680287602 -0.011106725699210073 18874368
1731680313751 -0.012056168667186284 18880000
1731680354713 -0.012294920686508703 18939904
1731680388142 -0.012909242225032359 18972672
1731680421771 -0.01195184575087751 19005440
1731680456836 -0.010437682318706721 19038208
1731680481758 -0.01305154670126285 19040000
1731680525568 -0.011965617585883593 19103744
1731680559408 -0.01116413864333481 19136512
1731680592914 -0.011017101137645114 19169280
1731680626365 -0.0103159333081976 19200000
1731680661541 -0.013093027181230354 19234816
1731680696749 -0.012148374002208584 19267584
1731680731210 -0.011881945502432245 19300352
1731680765253 -0.013564098566189387 19333120
1731680798097 -0.012013123671749781 19360000
1731680833712 -0.013001353453546471 19398656
1731680870240 -0.012759371287711475 19431424
1731680904099 -0.011539612157503144 19464192
1731680938851 -0.013654066598382997 19496960
1731680970238 -0.012870172586190165 19520000
1731681012101 -0.012046792091905446 19562496
1731681046587 -0.0124567071415413 19595264
1731681080999 -0.014035608130188847 19628032
1731681115183 -0.011968572919477083 19660800
1731681145315 -0.010703611654196265 19680000
1731681184162 -0.013632402763073514 19726336
1731681218022 -0.011581616389003102 19759104
1731681252890 -0.011741278259250976 19791872
1731681286642 -0.010962651823228952 19824640
1731681315748 -0.011618745434475386 19840000
1731681355358 -0.012630652783855112 19890176
1731681391343 -0.012919484180315521 19922944
1731681426734 -0.011855083230216223 19955712
1731681460560 -0.011060919656347323 19988480
1731681489104 -0.012386513587216541 20000000
1731681528723 -0.012495185626221428 20054016
1731681564448 -0.011235083322480932 20086784
1731681598457 -0.014084560555693315 20119552
1731681632359 -0.013296177221229754 20152320
1731681659496 -0.011787907014559095 20160000
1731681700725 -0.012847773863853718 20217856
1731681734082 -0.012175842337069299 20250624
1731681767679 -0.011200107154627404 20283392
1731681801257 -0.011060572310202587 20316160
1731681826772 -0.010655023718300072 20320000
1731681869176 -0.015188424536290768 20381696
1731681903338 -0.01232653723986914 20414464
1731681937421 -0.01354051830444405 20447232
1731681972330 -0.012362650419709098 20480000
1731682005937 -0.011468166211170683 20512768
1731682042819 -0.011451574654984142 20545536
1731682075876 -0.010117997506108622 20578304
1731682109441 -0.010053963676091371 20611072
1731682141882 -0.011075446678819389 20640000
1731682177514 -0.013724663154562222 20676608
1731682211122 -0.012518535919934948 20709376
1731682245311 -0.010992729907502507 20742144
1731682279775 -0.011471174848679766 20774912
1731682311814 -0.011560489799717289 20800000
1731682347843 -0.011140303275738006 20840448
1731682382168 -0.011625035923225368 20873216
1731682420076 -0.011554867731638297 20905984
1731682453428 -0.011109549598813828 20938752
1731682484278 -0.011971961144263332 20960000
1731682522110 -0.014996475373197881 21004288
1731682556123 -0.010743805347146917 21037056
1731682589841 -0.01071076520115639 21069824
1731682623946 -0.012589587235652289 21102592
1731682653039 -0.013452279730472583 21120000
1731682692028 -0.013450847660215004 21168128
1731682725510 -0.01289367789906919 21200896
1731682759382 -0.013099513648967331 21233664
1731682793375 -0.013541247092189224 21266432
1731682821733 -0.01153743196787218 21280000
1731682860634 -0.011938511575863231 21331968
1731682895226 -0.011725253656959467 21364736
1731682928973 -0.011857207613365972 21397504
1731682962717 -0.013155223580997698 21430272
1731682990012 -0.016659392022620522 21440000
1731683031081 -0.013453673866797545 21495808
1731683065054 -0.012241702945902943 21528576
1731683099303 -0.013364319709603478 21561344
1731683132828 -0.01260934524524373 21594112
1731683158396 -0.011690581094944719 21600000
1731683200672 -0.013889526999582813 21659648
1731683235312 -0.017515040916464386 21692416
1731683269468 -0.014799204982796254 21725184
1731683303080 -0.012701551009990908 21757952
1731683328001 -0.011618406821071403 21760000
1731683370444 -0.012505325718530002 21823488
1731683404004 -0.015407482519185578 21856256
1731683437594 -0.011651860591973673 21889024
1731683471536 -0.013628380563841348 21920000
1731683506641 -0.012252681798986486 21954560
1731683540006 -0.012753508859577777 21987328
1731683573600 -0.01219296788729025 22020096
1731683608330 -0.012520678449322985 22052864
1731683640727 -0.013057541423404474 22080000
1731683676043 -0.014279125263374225 22118400
1731683709444 -0.013251172862874227 22151168
1731683742856 -0.011164383998675476 22183936
1731683777313 -0.014048785245108775 22216704
1731683808781 -0.01302853429986044 22240000
1731683845557 -0.012481231714400565 22282240
1731683879397 -0.013442160494628297 22315008
1731683913241 -0.010610710789933364 22347776
1731683946483 -0.012543338712021068 22380544
1731683977443 -0.01281829803947403 22400000
1731684016612 -0.013655021362387743 22446080
1731684049951 -0.012805483533202277 22478848
1731684082948 -0.013207847584862976 22511616
1731684116188 -0.011707577437118744 22544384
1731684145692 -0.012529918189443379 22560000
1731684184951 -0.011640697854522842 22609920
1731684219566 -0.011541120296351437 22642688
1731684253551 -0.013008712080772967 22675456
1731684288046 -0.014094743068244497 22708224
1731684315946 -0.012816524705908706 22720000
1731684356508 -0.011809544871675825 22773760
1731684390325 -0.012426225830222393 22806528
1731684423282 -0.013238118296726498 22839296
1731684456342 -0.0107603517752068 22872064
1731684482815 -0.01100123216774591 22880000
1731684523653 -0.013278744477952386 22937600
1731684556979 -0.012129293112934647 22970368
1731684590334 -0.012720739823089388 23003136
1731684624770 -0.010384435829291761 23035904
1731684650292 -0.013590326243866002 23040000
1731684693122 -0.013174783201793615 23101440
1731684727418 -0.013355095020278896 23134208
1731684761267 -0.011326630826010842 23166976
1731684795513 -0.012441195271662764 23199744
1731684820196 -0.010828656187504749 23200000
1731684863671 -0.012161084355329876 23265280
1731684897587 -0.012548406746691398 23298048
1731684931936 -0.011825207625724943 23330816
1731684965041 -0.012945804802575367 23360000
1731684999644 -0.012390139739318328 23396352
1731685034101 -0.013478938758044023 23429120
1731685067602 -0.010193623966324594 23461888
1731685101415 -0.01380948648766207 23494656
1731685134165 -0.013236284865979542 23520000
1731685171806 -0.01176580314270268 23560192
1731685205611 -0.014805399551801202 23592960
1731685240161 -0.013536903653630361 23625728
1731685274850 -0.01234189128529124 23658496
1731685306554 -0.01330142056058321 23680000
1731685345363 -0.011973269068721492 23724032
1731685379245 -0.012626766079483787 23756800
1731685413836 -0.012986932265903306 23789568
1731685447201 -0.013262753159369822 23822336
1731685477382 -0.013145751528281836 23840000
1731685515207 -0.014168804052906126 23887872
1731685549500 -0.013028329962207864 23920640
1731685584404 -0.012037169073801124 23953408
1731685618250 -0.011870172818771608 23986176
1731685647273 -0.01179835420928157 24000000
1731685687891 -0.013587444759241406 24051712
1731685721394 -0.012989424591955867 24084480
1731685754969 -0.01356047123265398 24117248
1731685790504 -0.013378137399058687 24150016
1731685817853 -0.011986478491598973 24160000
1731685858839 -0.011948069656614279 24215552
1731685894070 -0.012704709025183548 24248320
1731685932275 -0.011446709703704983 24281088
1731685966392 -0.011079638648419632 24313856
1731685992191 -0.012549743977888283 24320000
1731686034358 -0.011843738113884682 24379392
1731686067787 -0.01255143141620465 24412160
1731686101367 -0.011567888156969275 24444928
1731686135753 -0.013588655393687078 24477696
1731686160822 -0.012851103668617725 24480000
1731686203805 -0.012859282574072494 24543232
1731686237270 -0.012194588429429132 24576000
1731686271107 -0.011378831561660262 24608768
1731686304240 -0.013554615418092908 24640000
1731686338998 -0.012734691818104693 24674304
1731686372740 -0.0126857026788457 24707072
1731686408723 -0.012539784504042473 24739840
1731686442083 -0.01279896140481469 24772608
1731686474888 -0.012040841442558303 24800000
1731686510460 -0.010544711608963553 24838144
1731686544589 -0.011184763576511613 24870912
1731686578624 -0.012080017287416922 24903680
1731686612154 -0.013389993010696344 24936448
1731686643077 -0.012371827437982574 24960000
1731686679709 -0.013410823538242767 25001984
1731686714269 -0.012063192031473591 25034752
1731686748444 -0.012218581180059118 25067520
1731686782008 -0.01266118511998684 25100288
1731686812175 -0.012691362386794936 25120000
1731686850614 -0.012930222678505743 25165824
1731686884848 -0.012947992930730835 25198592
1731686919071 -0.012312322592242709 25231360
1731686953622 -0.01127862676762561 25264128
1731686983535 -0.013468478207505541 25280000
1731687022891 -0.012042034258183777 25329664
1731687057278 -0.011799185079462404 25362432
1731687091343 -0.011990661158802141 25395200
1731687126089 -0.012831626606293866 25427968
1731687154018 -0.01254530147391506 25440000
1731687194743 -0.012013848284141204 25493504
1731687230224 -0.01332218826062217 25526272
1731687264414 -0.013655466148111372 25559040
1731687298472 -0.012106976350423793 25591808
1731687325885 -0.01143663771190404 25600000
1731687369583 -0.012614162778345418 25657344
1731687403751 -0.011667641333428947 25690112
1731687437578 -0.011766176746323253 25722880
1731687472263 -0.013111473704429954 25755648
1731687497899 -0.012435032484381736 25760000
1731687540544 -0.013720414234512646 25821184
1731687575495 -0.01183831982184529 25853952
1731687609975 -0.012689820636887816 25886720
1731687644100 -0.012783271188459367 25919488
1731687668844 -0.011115087708822103 25920000
1731687711365 -0.010447186855026302 25985024
1731687745620 -0.011830414094947627 26017792
1731687781261 -0.011035677090080753 26050560
1731687814118 -0.012201828242223201 26080000
1731687851114 -0.0111605643189705 26116096
1731687888120 -0.012709379027955946 26148864
1731687921953 -0.010548105290854436 26181632
1731687956302 -0.012080208903080347 26214400
1731687987662 -0.012764290321763383 26240000
1731688024250 -0.011605525305753872 26279936
1731688059032 -0.009447380974052066 26312704
1731688092977 -0.011606157324558808 26345472
1731688127160 -0.012547673162225692 26378240
1731688157892 -0.012441455230418796 26400000
1731688195119 -0.01392108107943386 26443776
1731688229664 -0.012122078808579318 26476544
1731688263474 -0.010645530521787804 26509312
1731688298477 -0.012151123933699636 26542080
1731688328081 -0.013474273589395125 26560000
1731688367455 -0.012796530022887964 26607616
1731688400539 -0.010811790666230081 26640384
1731688433080 -0.012001880644311314 26673152
1731688467112 -0.013216353939742475 26705920
1731688495412 -0.013220713146733943 26720000
1731688534748 -0.013462485095737975 26771456
1731688568724 -0.011255212753235355 26804224
1731688602986 -0.013569279623379771 26836992
1731688636450 -0.011578090700118083 26869760
1731688663658 -0.01097045793289908 26880000
1731688703951 -0.012575505928293752 26935296
1731688737432 -0.013209344339520613 26968064
1731688771319 -0.012351113812337644 27000832
1731688804913 -0.012928574754550937 27033600
1731688831472 -0.012097400906122857 27040000
1731688873348 -0.01582910095197576 27099136
1731688907856 -0.011228677068265825 27131904
1731688941267 -0.012285606331988674 27164672
1731688976481 -0.012060866499314215 27197440
1731689001233 -0.011765361389598184 27200000
1731689044416 -0.012918065320309324 27262976
1731689078639 -0.011651997902117728 27295744
1731689111752 -0.01281445617096324 27328512
1731689145850 -0.011811647231115784 27360000
1731689181497 -0.011081750466405537 27394048
1731689216256 -0.01370652228738436 27426816
1731689250588 -0.012007527229798143 27459584
1731689284883 -0.011332958147499994 27492352
1731689317480 -0.013940480360179208 27520000
1731689354313 -0.012809704810342737 27557888
1731689388933 -0.013959049695813519 27590656
1731689422327 -0.013459511310838935 27623424
1731689456498 -0.01401706113583714 27656192
1731689488660 -0.013459018073240259 27680000
1731689524828 -0.011285591708133324 27721728
1731689559095 -0.012247459940590488 27754496
1731689593054 -0.012374098840018633 27787264
1731689627203 -0.011772030491420083 27820032
1731689658977 -0.01239658973954647 27840000
1731689697432 -0.011540442063187583 27885568
1731689731904 -0.011864435185771072 27918336
1731689765184 -0.013369672053499926 27951104
1731689798858 -0.012752746095043222 27983872
1731689828269 -0.011780395916798626 28000000
1731689867321 -0.012902353880576811 28049408
1731689901573 -0.007803924246036331 28082176
1731689935353 -0.013144207710524825 28114944
1731689969713 -0.011857472474571296 28147712
1731689998354 -0.012415837216497038 28160000
1731690038819 -0.01263676397279596 28213248
1731690073098 -0.013057932803826588 28246016
1731690108190 -0.012233999467684952 28278784
1731690142679 -0.01150603090554796 28311552
1731690169683 -0.013326876590735993 28320000
1731690211921 -0.013159087196663677 28377088
1731690245566 -0.01472646533875377 28409856
1731690279686 -0.013232935652013111 28442624
1731690313997 -0.012766178645006222 28475392
1731690340548 -0.01451025751389352 28480000
1731690382427 -0.012362417120766623 28540928
1731690416659 -0.012336193909482063 28573696
1731690451395 -0.012314800090030076 28606464
1731690485301 -0.011572546172487819 28639232
1731690509752 -0.007275493293241198 28640000
1731690553374 -0.012610732922325951 28704768
1731690587556 -0.01329699916723257 28737536
1731690621801 -0.011419043394744222 28770304
1731690654947 -0.011408653779199085 28800000
1731690692294 -0.012423955376834783 28835840
1731690727395 -0.014327772590377208 28868608
1731690762387 -0.010628688833617162 28901376
1731690796895 -0.012672641682974018 28934144
1731690828810 -0.012770799729287319 28960000
1731690865688 -0.015009081694415727 28999680
1731690906463 -0.012828417967239148 29032448
1731690940094 -0.01072313462400416 29065216
1731690974750 -0.011604731804573021 29097984
1731691005071 -0.011609477147976577 29120000
1731691042863 -0.011403758454935086 29163520
1731691077282 -0.011936527686816589 29196288
1731691112083 -0.01341698272190115 29229056
1731691146331 -0.013222450858006597 29261824
1731691176022 -0.01343335933693197 29280000
1731691215333 -0.012286751218266546 29327360
1731691250306 -0.01175682748867075 29360128
1731691284820 -0.0122741363451496 29392896
1731691319859 -0.013728702356979738 29425664
1731691349679 -0.013605140008212401 29440000
1731691388606 -0.012891082427904621 29491200
1731691423437 -0.011269877253971572 29523968
1731691458037 -0.01292774326975632 29556736
1731691492230 -0.013694623136461814 29589504
1731691520343 -0.01206809422499191 29600000
1731691561483 -0.013606975933271315 29655040
1731691596015 -0.01240955499906704 29687808
1731691630364 -0.010958829526953196 29720576
1731691664756 -0.012772469241599537 29753344
1731691691720 -0.013026331500918786 29760000
1731691734872 -0.011511852124704092 29818880
1731691768454 -0.01244695620771381 29851648
1731691803177 -0.013944546963944048 29884416
1731691837396 -0.011234681928590362 29917184
1731691863683 -0.014035259498677987 29920000
1731691907087 -0.012623129912890363 29982720
1731691942178 -0.014227059256461417 30015488
1731691977728 -0.013883672221777488 30048256
1731692012176 -0.012940734148287447 30080000
1731692046856 -0.010919420414347769 30113792
1731692080745 -0.012295115212805286 30146560
1731692115814 -0.012353737518492381 30179328
1731692150281 -0.014690211159199862 30212096
1731692182601 -0.012184690763092476 30240000
1731692218517 -0.012370782752896048 30277632
1731692253808 -0.012162596748203214 30310400
1731692287445 -0.009280407451410611 30343168
1731692325126 -0.011732177759404295 30375936
1731692356529 -0.013729400746638021 30400000
1731692394287 -0.0123419698030375 30441472
1731692428504 -0.01350821223618368 30474240
1731692462366 -0.013853929106380747 30507008
1731692497368 -0.012429205593025471 30539776
1731692532951 -0.013694377362980958 30560000
1731692571765 -0.013039882404609671 30605312
1731692605660 -0.012821309434548312 30638080
1731692639425 -0.013443553559955034 30670848
1731692673520 -0.014370739530295395 30703616
1731692703842 -0.01404688736083699 30720000
1731692746209 -0.01340040009342829 30769152
1731692779679 -0.0121649490079335 30801920
1731692814494 -0.010636090895877715 30834688
1731692848748 -0.012211074531342092 30867456
1731692877752 -0.013073269031178825 30880000
1731692917601 -0.014806659803480216 30932992
1731692952442 -0.01209900015871881 30965760
1731692986909 -0.013111389390223849 30998528
1731693021556 -0.01281883327419564 31031296
1731693049647 -0.012227553091406662 31040000
1731693091743 -0.012886924962504053 31096832
1731693126006 -0.01249076544336276 31129600
1731693160411 -0.012760379459632532 31162368
1731693194806 -0.011055774670967366 31195136
1731693221079 -0.012695867884281143 31200000
1731693263253 -0.01305048785056897 31260672
1731693297738 -0.014330412173876539 31293440
1731693332496 -0.012072620121762157 31326208
1731693367423 -0.014230488898874682 31358976
1731693392001 -0.012291673790514324 31360000
1731693435005 -0.01404838155476682 31424512
1731693468957 -0.013153662122749665 31457280
1731693503696 -0.011588359488223432 31490048
1731693537552 -0.01234176391621986 31520000
1731693572303 -0.01211659146549664 31555584
1731693606451 -0.012332812486829426 31588352
1731693643799 -0.013882453804330907 31621120
1731693677668 -0.01094002469312727 31653888
1731693710485 -0.01118763835243044 31680000
1731693746590 -0.013705785127240234 31719424
1731693780495 -0.01263953982336261 31752192
1731693814494 -0.011069106894001379 31784960
1731693848831 -0.012551605601765914 31817728
1731693880081 -0.012864560198613617 31840000
1731693917340 -0.014330862758151852 31883264
1731693951116 -0.010650729261510606 31916032
1731693985325 -0.011203794539187583 31948800
1731694019745 -0.014028763615056051 31981568
1731694050136 -0.012326688043003742 32000000
1731694089168 -0.011174503670895319 32047104
1731694123482 -0.012767790630778108 32079872
1731694157152 -0.013604454022424762 32112640
1731694190521 -0.014498624994530473 32145408
1731694219338 -0.013583134217424232 32160000
1731694258409 -0.013457684486002108 32210944
1731694293581 -0.013004326799273259 32243712
1731694327836 -0.01389004548154844 32276480
1731694361881 -0.011733326360536011 32309248
1731694389999 -0.012564468106756977 32320000
1731694431066 -0.012150841267316536 32374784
1731694465097 -0.013364351308155165 32407552
1731694498969 -0.012441757780561603 32440320
1731694533197 -0.012823331245817826 32473088
1731694559603 -0.012395703795709779 32480000
1731694600615 -0.01274332977729955 32538624
1731694634464 -0.015881635001960603 32571392
1731694668321 -0.01446502182814129 32604160
1731694701560 -0.011365613012935682 32636928
1731694726959 -0.01264879888374253 32640000
1731694768965 -0.013294078181797887 32702464
1731694803106 -0.01274190411663767 32735232
1731694837428 -0.011557876311917426 32768000
1731694871221 -0.01319423234047008 32800000
1731694905551 -0.012294542808695042 32833536
1731694940362 -0.013961966516558278 32866304
1731694974609 -0.014665313703335413 32899072
1731695008629 -0.012816778849582988 32931840
1731695040990 -0.011657495080680747 32960000
1731695076818 -0.012572652074459257 32997376
1731695110533 -0.012064590949285048 33030144
1731695143855 -0.011157319201765858 33062912
1731695177526 -0.012463002716140181 33095680
1731695209051 -0.011936115692628846 33120000
1731695246007 -0.013308408776197211 33161216
1731695279323 -0.012903166578053061 33193984
1731695312964 -0.012893827796733603 33226752
1731695347589 -0.01253082711814386 33259520
1731695378034 -0.012578955886920085 33280000
1731695415761 -0.011573046946159593 33325056
1731695450371 -0.013175724995744532 33357824
1731695485007 -0.011755739317413827 33390592
1731695518780 -0.01331070751778043 33423360
1731695548463 -0.01298116127566118 33440000
1731695586891 -0.013721532686963656 33488896
1731695620422 -0.012573857136885636 33521664
1731695654624 -0.013268610931413604 33554432
1731695688213 -0.013625250193103965 33587200
1731695716654 -0.011538171791380591 33600000
1731695762127 -0.012915387314274085 33652736
1731695795827 -0.010939223301750189 33685504
1731695829443 -0.012268362387976595 33718272
1731695864225 -0.012518388768853583 33751040
1731695891101 -0.01115063845691111 33760000
1731695931896 -0.011209029123369874 33816576
1731695965831 -0.012532721681009207 33849344
1731695999486 -0.0113211921211132 33882112
1731696033842 -0.011751784375542229 33914880
1731696059417 -0.01213630334559639 33920000
1731696102349 -0.011521929100467787 33980416
1731696136607 -0.014087723726424884 34013184
1731696170655 -0.013382186915714555 34045952
1731696204585 -0.013356733583850654 34078720
1731696229144 -0.011175027511376357 34080000
1731696271618 -0.012701818579989777 34144256
1731696308903 -0.013580676523497459 34177024
1731696342230 -0.0131646689471836 34209792
1731696375171 -0.013313917726281942 34240000
1731696410097 -0.011256070594936319 34275328
1731696444062 -0.01116283484568612 34308096
1731696478590 -0.012934807304236528 34340864
1731696512700 -0.013522233349408452 34373632
1731696544650 -0.011465292180810138 34400000
1731696580517 -0.011363572641289465 34439168
1731696614856 -0.012079740536591999 34471936
1731696648610 -0.011469953576192893 34504704
1731696682916 -0.011948287146651637 34537472
1731696714257 -0.011960415289422599 34560000
1731696750805 -0.01769380459986678 34603008
1731696784982 -0.01715474418551821 34635776
1731696819689 -0.0129117219523323 34668544
1731696853672 -0.011584114710603898 34701312
1731696884220 -0.012032497295876965 34720000
1731696922701 -0.012310152770714922 34766848
1731696956236 -0.012543351170438654 34799616
1731696990332 -0.014063762083833354 34832384
1731697023942 -0.017301547954230046 34865152
1731697052365 -0.01577143327856447 34880000
1731697091500 -0.01311340287272742 34930688
1731697125570 -0.014274643115277286 34963456
1731697159327 -0.013935428677677919 34996224
1731697193809 -0.014641398301455411 35028992
1731697221004 -0.011863214950290057 35040000
1731697261956 -0.010713546495617265 35094528
1731697295496 -0.012891462660218168 35127296
1731697328961 -0.012706273296453218 35160064
1731697363044 -0.012967911401756283 35192832
1731697389887 -0.012278458100445278 35200000
1731697431825 -0.012354535893018692 35258368
1731697465096 -0.01356398137738779 35291136
1731697499239 -0.015474691170174993 35323904
1731697533363 -0.012508872131638782 35356672
1731697559552 -0.012129483990565858 35360000
1731697602593 -0.010928833606499211 35422208
1731697636046 -0.01260347245029152 35454976
1731697670362 -0.012668654880235409 35487744
1731697704119 -0.013708338915375862 35520000
1731697738578 -0.013740565492526002 35553280
1731697772508 -0.013409882230803305 35586048
1731697807252 -0.014173852843737223 35618816
1731697840560 -0.013779955560403323 35651584
1731697872883 -0.009729873263677292 35680000
1731697908967 -0.012017445985588893 35717120
1731697942740 -0.012385742506239694 35749888
1731697976568 -0.012867140553362333 35782656
1731698010596 -0.013572460887780835 35815424
1731698042210 -0.012965315691189971 35840000
1731698079344 -0.012386428267427618 35880960
1731698113691 -0.011112293678297646 35913728
1731698147406 -0.011188456375975875 35946496
1731698180489 -0.013527678798254783 35979264
1731698210361 -0.011531996412520585 36000000
1731698247703 -0.012223775350639699 36044800
1731698281936 -0.012326649965143589 36077568
1731698315998 -0.014109767832997023 36110336
1731698350244 -0.014145462569854318 36143104
1731698379205 -0.012005963143019471 36160000
1731698417963 -0.01057554245217034 36208640
1731698451817 -0.012334888675945876 36241408
1731698485352 -0.01290770264281491 36274176
1731698519028 -0.013485610814700521 36306944
1731698547198 -0.012953727897661338 36320000
1731698586824 -0.014834583348329034 36372480
1731698620569 -0.013045350417542068 36405248
1731698655051 -0.011477111856879673 36438016
1731698688869 -0.012699986322218138 36470784
1731698715968 -0.01286433954765016 36480000
1731698756882 -0.012118152839684626 36536320
1731698791099 -0.012522996793586571 36569088
1731698825303 -0.013247915591500714 36601856
1731698858805 -0.012965693272963107 36634624
1731698884536 -0.012077567146025103 36640000
1731698926922 -0.01141933997639626 36700160
1731698961547 -0.010775065359462132 36732928
1731698995354 -0.014079771513434026 36765696
1731699028705 -0.01396505586405965 36798464
1731699054129 -0.012211012598982052 36800000
1731699097200 -0.013894416016819377 36864000
1731699130907 -0.011680576393700903 36896768
1731699164114 -0.012738875435388763 36929536
1731699197945 -0.011344862601185923 36960000
1731699232911 -0.01354191397986142 36995072
1731699266102 -0.011431298425191017 37027840
1731699300217 -0.011395640589080358 37060608
1731699334546 -0.01313074045956455 37093376
1731699367112 -0.01205817593286156 37120000
1731699403435 -0.011527110492261272 37158912
1731699437234 -0.014198440481436592 37191680
1731699470386 -0.012651370340654467 37224448
1731699504156 -0.012610124744878704 37257216
1731699535452 -0.011466960689904226 37280000
1731699572357 -0.011895077641906938 37322752
1731699606131 -0.011052043535983103 37355520
1731699639486 -0.011426808019655255 37388288
1731699673487 -0.012857185662824122 37421056
1731699704156 -0.014939491731229281 37440000
1731699742091 -0.01151465571206245 37486592
1731699775935 -0.014238190637229309 37519360
1731699809550 -0.014982831158476984 37552128
1731699843474 -0.014032207999161984 37584896
1731699871874 -0.012456719429292207 37600000
1731699910996 -0.013739156533415554 37650432
1731699944736 -0.011222219819751444 37683200
1731699978318 -0.015346579731590282 37715968
1731700011350 -0.015217288073677082 37748736
1731700039075 -0.013847212034738732 37760000
1731700079484 -0.012539848623714534 37814272
1731700113379 -0.012376442624440643 37847040
1731700147552 -0.012738562193408142 37879808
1731700181393 -0.014851955425729101 37912576
1731700207710 -0.008505896147221392 37920000
1731700248507 -0.014214444666640702 37978112
1731700282440 -0.012106950648649218 38010880
1731700315779 -0.0115341005980099 38043648
1731700349578 -0.012300999622721066 38076416
1731700375006 -0.012710503865719147 38080000
1731700416885 -0.011579768716455874 38141952
1731700450989 -0.012922099046136282 38174720
1731700484782 -0.01363586333350213 38207488
1731700519261 -0.012274095407474307 38240000
1731700553412 -0.011043158843722266 38273024
1731700586841 -0.012232774655467437 38305792
1731700620743 -0.013850302020046001 38338560
1731700654417 -0.009832197692230694 38371328
1731700686729 -0.011989097855212094 38400000
1731700721661 -0.013401374119666798 38436864
1731700756226 -0.01338662806499542 38469632
1731700790336 -0.012157261299444144 38502400
1731700823864 -0.014001714541245746 38535168
1731700855438 -0.013783715477347868 38560000
1731700891044 -0.014379825285368497 38600704
1731700924458 -0.01360707602484581 38633472
1731700957692 -0.01387350676850474 38666240
1731700991547 -0.01260610463350531 38699008
1731701021857 -0.011743362684956082 38720000
1731701059527 -0.012735602306474903 38764544
1731701093686 -0.013124503405038013 38797312
1731701127691 -0.010836826094123352 38830080
1731701161732 -0.012457701072344207 38862848
1731701191159 -0.012567618591674545 38880000
1731701229821 -0.014813209044905306 38928384
1731701263327 -0.012110653653735426 38961152
1731701297193 -0.012937073056696136 38993920
1731701332016 -0.011888078512902212 39026688
1731701360458 -0.01159117610800422 39040000
1731701399980 -0.013272419197983254 39092224
1731701434061 -0.013278945395177289 39124992
1731701468469 -0.013381274166431468 39157760
1731701503318 -0.013730254895426697 39190528
1731701530643 -0.01339931600007276 39200000
1731701570965 -0.012703696075459448 39256064
1731701605397 -0.01180539339097777 39288832
1731701638996 -0.01126532982552817 39321600
1731701671853 -0.01496264493862327 39354368
1731701698021 -0.013023874181817519 39360000
1731701740359 -0.010948695535353182 39419904
1731701773938 -0.014181978446458743 39452672
1731701807269 -0.01189062132998515 39485440
1731701841422 -0.011683693591839983 39518208
1731701865886 -0.010285271192378787 39520000
1731701908923 -0.012767187221697895 39583744
1731701946334 -0.012031479932306865 39616512
1731701980227 -0.01239506857282322 39649280
1731702013828 -0.012419645284694525 39680000
1731702048249 -0.010450625541807312 39714816
1731702081906 -0.012547830785183577 39747584
1731702118396 -0.012494201710705966 39780352
1731702151651 -0.01235699264620962 39813120
1731702183985 -0.01113627198251379 39840000
1731702222282 -0.012335498938455203 39878656
1731702255856 -0.011344165108403104 39911424
1731702291694 -0.011359948847541546 39944192
1731702325035 -0.012587123858406813 39976960
1731702356293 -0.010897024136465917 40000000
1731702392807 -0.013962273558172455 40042496
1731702427364 -0.012756418600838515 40075264
1731702460957 -0.012203732994771599 40108032
1731702494237 -0.012597441209936732 40140800
1731702524735 -0.013488798454636708 40160000
1731702562626 -0.013971328721413556 40206336
1731702596975 -0.012939044511472274 40239104
1731702630974 -0.01155224179601646 40271872
1731702664656 -0.012486829745103022 40304640
1731702693348 -0.011569441041183381 40320000
1731702731875 -0.012407895386104428 40370176
1731702765351 -0.011709053316099016 40402944
1731702798967 -0.01216045578912599 40435712
1731702832991 -0.011813436878037464 40468480
1731702860791 -0.013185225005054235 40480000
1731702900047 -0.011108752917903076 40534016
1731702933234 -0.011393926893742901 40566784
1731702967191 -0.013284648095236662 40599552
1731703000816 -0.012238435796007252 40632320
1731703027802 -0.010760148305394068 40640000
1731703069149 -0.012893523897957948 40697856
1731703102752 -0.012830004840293441 40730624
1731703137138 -0.012094760989748465 40763392
1731703171140 -0.010466866842853051 40796160
1731703196357 -0.011823538044018278 40800000
1731703238201 -0.012629598362900651 40861696
1731703271877 -0.012502672149003047 40894464
1731703306617 -0.013983787757342724 40927232
1731703340240 -0.012634380227405017 40960000
1731703374674 -0.011869278866333844 40992768
1731703407904 -0.014082875548820085 41025536
1731703441174 -0.012173201710538706 41058304
1731703474885 -0.012548220623557427 41091072
1731703507175 -0.012107442361593713 41120000
1731703542248 -0.014161110933764575 41156608
1731703576647 -0.01079537802629602 41189376
1731703610229 -0.013719836668360585 41222144
1731703644269 -0.010867395292780201 41254912
1731703675894 -0.013478359720238586 41280000
1731703711834 -0.012243263022992324 41320448
1731703746128 -0.012522346926903082 41353216
1731703780972 -0.013828293064716491 41385984
1731703814279 -0.012736538049227874 41418752
1731703844439 -0.013392846084525446 41440000
1731703882183 -0.011602916158562949 41484288
1731703915834 -0.014010318778628062 41517056
1731703948889 -0.013409902706553112 41549824
1731703981898 -0.011954596152236263 41582592
1731704010798 -0.012078818517761648 41600000
1731704049576 -0.01346539802730149 41648128
1731704083211 -0.012134488994138336 41680896
1731704117111 -0.011637627692266506 41713664
1731704150855 -0.012220520202208717 41746432
1731704179066 -0.013334570326878747 41760000
1731704219756 -0.013466342520837315 41811968
1731704254066 -0.012008819169523122 41844736
1731704288003 -0.012621945713453897 41877504
1731704321272 -0.014808881906355964 41910272
1731704348699 -0.012481143615605105 41920000
1731704389894 -0.011085820315929595 41975808
1731704423909 -0.012118564036518365 42008576
1731704457030 -0.010371210839002743 42041344
1731704490098 -0.012935122932253762 42074112
1731704516119 -0.01084043603077589 42080000
