1733223266115 0.14046630859375 65536
1733223310383 0.153070068359375 98304
1733223354982 0.148138427734375 131072
1733223400427 0.153106689453125 160000
1733223447779 0.1665252685546875 196608
1733223490759 0.17174072265625 229376
1733223535147 0.1815704345703125 262144
1733223579802 0.187371826171875 294912
1733223621853 0.1961212158203125 320000
1733223667858 0.2000152587890625 360448
1733223709223 0.20438232421875 393216
1733223752536 0.21131591796875 425984
1733223797013 0.20748291015625 458752
1733223836026 0.21773681640625 480000
1733223883108 0.210028076171875 524288
1733223924412 0.209490966796875 557056
1733223966506 0.2172454833984375 589824
1733224008033 0.2235321044921875 622592
1733224045006 0.226953125 640000
1733224093179 0.223724365234375 688128
1733224135591 0.223626708984375 720896
1733224177070 0.21871337890625 753664
1733224219133 0.2277801513671875 786432
1733224254058 0.22415771484375 800000
1733224303468 0.2319549560546875 851968
1733224345172 0.23167724609375 884736
1733224387282 0.2263458251953125 917504
1733224429482 0.229425048828125 950272
1733224463404 0.2333709716796875 960000
1733224514982 0.235186767578125 1015808
1733224556012 0.2303436279296875 1048576
1733224597950 0.238006591796875 1081344
1733224639780 0.2380950927734375 1114112
1733224671675 0.2318328857421875 1120000
1733224724952 0.235302734375 1179648
1733224767226 0.2398895263671875 1212416
1733224808514 0.2406585693359375 1245184
1733224850351 0.242120361328125 1277952
1733224881768 0.243927001953125 1280000
1733224937221 0.2398681640625 1343488
1733224979432 0.2341278076171875 1376256
1733225020645 0.238787841796875 1409024
1733225063252 0.2433013916015625 1440000
1733225106430 0.245001220703125 1474560
1733225148000 0.2384185791015625 1507328
1733225190280 0.243695068359375 1540096
1733225232776 0.24619140625 1572864
1733225273939 0.2402984619140625 1600000
1733225318728 0.24437255859375 1638400
1733225361373 0.2425018310546875 1671168
1733225404321 0.2464996337890625 1703936
1733225445884 0.24798583984375 1736704
1733225486203 0.250238037109375 1760000
1733225532335 0.248455810546875 1802240
1733225574403 0.2495635986328125 1835008
1733225615883 0.2464813232421875 1867776
1733225657566 0.2484161376953125 1900544
1733225694869 0.2537109375 1920000
1733225743259 0.24794921875 1966080
1733225785384 0.2459869384765625 1998848
1733225827652 0.2483489990234375 2031616
1733225870165 0.247808837890625 2064384
1733225906413 0.25565185546875 2080000
1733225957782 0.24520263671875 2129920
1733226001930 0.2499176025390625 2162688
1733226043899 0.2469940185546875 2195456
1733226086520 0.2489288330078125 2228224
1733226121301 0.251214599609375 2240000
1733226172665 0.2547271728515625 2293760
1733226215164 0.2468536376953125 2326528
1733226257875 0.247735595703125 2359296
1733226300428 0.2468414306640625 2392064
1733226333230 0.2462005615234375 2400000
1733226386637 0.24361572265625 2457600
1733226428842 0.251544189453125 2490368
1733226471604 0.247186279296875 2523136
1733226514658 0.2459075927734375 2555904
1733226545667 0.2472015380859375 2560000
1733226601064 0.249884033203125 2621440
1733226643905 0.2489227294921875 2654208
1733226686710 0.2504913330078125 2686976
1733226729489 0.2461181640625 2719744
1733226758928 0.2452728271484375 2720000
1733226816265 0.237725830078125 2785280
1733226858753 0.24722900390625 2818048
1733226901191 0.2378326416015625 2850816
1733226943319 0.2413970947265625 2880000
1733226987343 0.241326904296875 2916352
1733227029836 0.2349029541015625 2949120
1733227075484 0.2375640869140625 2981888
1733227117908 0.2348876953125 3014656
1733227160027 0.2437347412109375 3040000
1733227205028 0.2339447021484375 3080192
1733227247723 0.23902587890625 3112960
1733227290373 0.23189697265625 3145728
1733227333215 0.2352294921875 3178496
1733227371750 0.2457733154296875 3200000
1733227419592 0.23114013671875 3244032
1733227463646 0.237933349609375 3276800
1733227506929 0.231158447265625 3309568
1733227550742 0.2298309326171875 3342336
1733227588790 0.23790283203125 3360000
1733227637792 0.235076904296875 3407872
1733227680147 0.2332550048828125 3440640
1733227723088 0.2349273681640625 3473408
1733227765332 0.2333953857421875 3506176
1733227799994 0.2271148681640625 3520000
1733227851141 0.2280731201171875 3571712
1733227893321 0.230328369140625 3604480
1733227935861 0.232415771484375 3637248
1733227978715 0.2299285888671875 3670016
1733228012480 0.2251556396484375 3680000
1733228065365 0.22056884765625 3735552
1733228107910 0.2287109375 3768320
1733228150382 0.22431640625 3801088
1733228193076 0.227001953125 3833856
1733228225453 0.2327423095703125 3840000
1733228280169 0.2314056396484375 3899392
1733228322566 0.225616455078125 3932160
1733228365063 0.22255859375 3964928
1733228408658 0.2251251220703125 3997696
1733228438529 0.2276641845703125 4000000
1733228495017 0.2215576171875 4063232
1733228537837 0.2272979736328125 4096000
1733228581916 0.2236480712890625 4128768
1733228624449 0.2240509033203125 4160000
1733228667936 0.2256103515625 4194304
1733228710341 0.2185546875 4227072
1733228752934 0.223272705078125 4259840
1733228795739 0.2146453857421875 4292608
1733228837005 0.225897216796875 4320000
1733228882073 0.22169189453125 4358144
1733228923892 0.2179840087890625 4390912
1733228966473 0.2235382080078125 4423680
1733229009017 0.2224945068359375 4456448
1733229048542 0.2279571533203125 4480000
1733229094629 0.2219451904296875 4521984
1733229136923 0.2139801025390625 4554752
1733229180137 0.2157806396484375 4587520
1733229223233 0.210333251953125 4620288
1733229260855 0.2102081298828125 4640000
1733229309312 0.2174713134765625 4685824
1733229352821 0.2079864501953125 4718592
1733229395959 0.212005615234375 4751360
1733229438671 0.2144500732421875 4784128
1733229474989 0.2113372802734375 4800000
1733229524904 0.20645751953125 4849664
1733229568534 0.2090362548828125 4882432
1733229612356 0.211175537109375 4915200
1733229655534 0.2104248046875 4947968
1733229689935 0.2093017578125 4960000
1733229741817 0.213836669921875 5013504
1733229784388 0.2050750732421875 5046272
1733229827493 0.1994964599609375 5079040
1733229870982 0.2067474365234375 5111808
1733229904047 0.2105224609375 5120000
1733229958023 0.2016632080078125 5177344
1733230001583 0.20289306640625 5210112
1733230043997 0.2041168212890625 5242880
1733230086470 0.2023681640625 5275648
1733230117396 0.2010528564453125 5280000
1733230174162 0.19951171875 5341184
1733230217285 0.1978912353515625 5373952
1733230259939 0.1990234375 5406720
1733230303793 0.2086181640625 5439488
1733230334888 0.199603271484375 5440000
1733230393846 0.2001708984375 5505024
1733230438369 0.192718505859375 5537792
1733230481973 0.1990234375 5570560
1733230524605 0.19622802734375 5600000
1733230570696 0.1995452880859375 5636096
1733230613267 0.2010955810546875 5668864
1733230657312 0.1998199462890625 5701632
1733230701264 0.20234375 5734400
1733230742702 0.2010650634765625 5760000
1733230789903 0.196124267578125 5799936
1733230833425 0.1956573486328125 5832704
1733230876296 0.1980987548828125 5865472
1733230920295 0.2002777099609375 5898240
1733230960244 0.1957672119140625 5920000
1733231008522 0.194708251953125 5963776
1733231053569 0.1959320068359375 5996544
1733231096841 0.1929534912109375 6029312
1733231140522 0.1937347412109375 6062080
1733231179931 0.190350341796875 6080000
1733231230622 0.195001220703125 6127616
1733231273395 0.19027099609375 6160384
1733231317285 0.1952972412109375 6193152
1733231360994 0.1912628173828125 6225920
1733231397359 0.192864990234375 6240000
1733231451712 0.1911224365234375 6291456
1733231495024 0.1926025390625 6324224
1733231538433 0.189300537109375 6356992
1733231581646 0.189959716796875 6389760
1733231616158 0.19453125 6400000
1733231670340 0.1981781005859375 6455296
1733231714219 0.191888427734375 6488064
1733231757169 0.1863250732421875 6520832
1733231801187 0.1887298583984375 6553600
1733231834755 0.1894866943359375 6560000
1733231890109 0.1877288818359375 6619136
1733231933404 0.186822509765625 6651904
1733231975992 0.1892669677734375 6684672
1733232018460 0.1939849853515625 6717440
1733232048148 0.192303466796875 6720000
1733232104769 0.1923828125 6782976
1733232146984 0.19486083984375 6815744
1733232190481 0.190277099609375 6848512
1733232235762 0.189556884765625 6880000
1733232279679 0.186016845703125 6914048
1733232322163 0.1855133056640625 6946816
1733232365442 0.1817718505859375 6979584
1733232409832 0.1796173095703125 7012352
1733232451534 0.1817291259765625 7040000
1733232497759 0.183892822265625 7077888
1733232540172 0.1827880859375 7110656
1733232582641 0.183111572265625 7143424
1733232626683 0.1812774658203125 7176192
1733232669020 0.177490234375 7200000
1733232715446 0.1852325439453125 7241728
1733232758767 0.183123779296875 7274496
1733232801034 0.18543701171875 7307264
1733232843923 0.1905609130859375 7340032
1733232881612 0.1792999267578125 7360000
1733232930752 0.179608154296875 7405568
1733232974381 0.183074951171875 7438336
1733233017438 0.18707275390625 7471104
1733233060215 0.18131103515625 7503872
1733233097963 0.1877960205078125 7520000
1733233148756 0.184075927734375 7569408
1733233191612 0.1794464111328125 7602176
1733233234483 0.1808502197265625 7634944
1733233277156 0.181365966796875 7667712
1733233311895 0.1794189453125 7680000
1733233365447 0.17991943359375 7733248
1733233412425 0.179229736328125 7766016
1733233454989 0.17894287109375 7798784
1733233497248 0.1782196044921875 7831552
1733233530190 0.1779022216796875 7840000
1733233584651 0.17879638671875 7897088
1733233627370 0.1827789306640625 7929856
1733233669977 0.1767364501953125 7962624
1733233713928 0.17738037109375 7995392
1733233745900 0.173626708984375 8000000
1733233801136 0.1718536376953125 8060928
1733233844503 0.177838134765625 8093696
1733233887645 0.1814422607421875 8126464
1733233930232 0.1742706298828125 8159232
1733233959760 0.179327392578125 8160000
1733234017882 0.178009033203125 8224768
1733234061072 0.17178955078125 8257536
1733234103961 0.17596435546875 8290304
1733234146940 0.1741058349609375 8320000
1733234191934 0.1678680419921875 8355840
1733234234919 0.17181396484375 8388608
1733234280252 0.1744293212890625 8421376
1733234324161 0.1725677490234375 8454144
1733234364970 0.174945068359375 8480000
1733234411107 0.1720947265625 8519680
1733234454278 0.17403564453125 8552448
1733234497017 0.1689422607421875 8585216
1733234540341 0.1705230712890625 8617984
1733234579784 0.1712188720703125 8640000
1733234629974 0.1680938720703125 8683520
1733234672578 0.175946044921875 8716288
1733234715369 0.174737548828125 8749056
1733234758488 0.1705352783203125 8781824
1733234795840 0.180487060546875 8800000
1733234845697 0.171478271484375 8847360
1733234888534 0.1680023193359375 8880128
1733234932044 0.1707122802734375 8912896
1733234975357 0.174481201171875 8945664
1733235010833 0.164935302734375 8960000
1733235062774 0.1667083740234375 9011200
1733235107041 0.163787841796875 9043968
1733235151993 0.170635986328125 9076736
1733235195717 0.1708587646484375 9109504
1733235229547 0.1700927734375 9120000
1733235284656 0.173443603515625 9175040
1733235328381 0.171087646484375 9207808
1733235371972 0.1660064697265625 9240576
1733235415923 0.1696868896484375 9273344
1733235448187 0.1640228271484375 9280000
1733235503439 0.16951904296875 9338880
1733235545591 0.1631805419921875 9371648
1733235588815 0.1632415771484375 9404416
1733235631475 0.16661376953125 9437184
1733235662047 0.1636474609375 9440000
1733235719794 0.1739654541015625 9502720
1733235762611 0.1693328857421875 9535488
1733235806000 0.169610595703125 9568256
1733235849253 0.1658111572265625 9600000
1733235893468 0.1625091552734375 9633792
1733235937489 0.1663360595703125 9666560
1733235981352 0.165301513671875 9699328
1733236023879 0.15906982421875 9732096
1733236065067 0.165875244140625 9760000
1733236113205 0.163470458984375 9797632
1733236157524 0.167535400390625 9830400
1733236199903 0.1621551513671875 9863168
1733236244052 0.162286376953125 9895936
1733236285496 0.1640960693359375 9920000
1733236332211 0.162445068359375 9961472
1733236375089 0.1647613525390625 9994240
1733236417629 0.1678192138671875 10027008
1733236460344 0.1629791259765625 10059776
1733236498439 0.167486572265625 10080000
1733236547717 0.1689422607421875 10125312
1733236591563 0.1654296875 10158080
1733236634784 0.1677947998046875 10190848
1733236677926 0.160784912109375 10223616
1733236714551 0.16009521484375 10240000
1733236765006 0.16678466796875 10289152
1733236808210 0.1635162353515625 10321920
1733236852109 0.1704376220703125 10354688
1733236895586 0.1610931396484375 10387456
1733236930558 0.1645416259765625 10400000
1733236983761 0.170147705078125 10452992
1733237027649 0.1599365234375 10485760
1733237070846 0.162158203125 10518528
1733237113870 0.159283447265625 10551296
1733237146891 0.1623260498046875 10560000
1733237202457 0.16510009765625 10616832
1733237246335 0.160675048828125 10649600
1733237288786 0.1701446533203125 10682368
1733237331922 0.157568359375 10715136
1733237363598 0.1597747802734375 10720000
1733237421610 0.1634857177734375 10780672
1733237465194 0.1609588623046875 10813440
1733237509099 0.16065673828125 10846208
1733237552143 0.160443115234375 10878976
1733237581418 0.1576568603515625 10880000
1733237640219 0.1666778564453125 10944512
1733237683671 0.157476806640625 10977280
1733237726764 0.1566436767578125 11010048
1733237770103 0.1529449462890625 11040000
1733237815870 0.15760498046875 11075584
1733237859146 0.1596466064453125 11108352
1733237901858 0.1597320556640625 11141120
1733237944891 0.152886962890625 11173888
1733237985661 0.1619354248046875 11200000
1733238032825 0.1562255859375 11239424
1733238077531 0.1576507568359375 11272192
1733238122205 0.156561279296875 11304960
1733238166445 0.1564788818359375 11337728
1733238205384 0.1683349609375 11360000
1733238252851 0.1643157958984375 11403264
1733238296768 0.155126953125 11436032
1733238340367 0.16134033203125 11468800
1733238384276 0.1613250732421875 11501568
1733238423798 0.1603729248046875 11520000
1733238474813 0.161822509765625 11567104
1733238518962 0.15909423828125 11599872
1733238562659 0.1552154541015625 11632640
1733238606313 0.153411865234375 11665408
1733238641640 0.157952880859375 11680000
