1733223266154 -3.440949653694406 65536
1733223310625 -3.460338996257633 98304
1733223355012 -3.4362621094100176 131072
1733223400466 -3.4233103395905347 160000
1733223447853 -3.413316176366061 196608
1733223490863 -3.3935227651149034 229376
1733223535409 -3.347412615455687 262144
1733223579832 -3.358571283146739 294912
1733223621905 -3.346860089432448 320000
1733223667945 -3.2866419887170197 360448
1733223709257 -3.266617099568248 393216
1733223752597 -3.264247853914276 425984
1733223797065 -3.2165208148770033 458752
1733223836070 -3.192472345661372 480000
1733223883175 -3.146072931122035 524288
1733223924455 -3.1096982028800992 557056
1733223966544 -3.0833472134079782 589824
1733224008093 -3.0270130780059845 622592
1733224045035 -3.0134431660175323 640000
1733224093221 -2.961181564629078 688128
1733224135626 -2.9394268522039058 720896
1733224177106 -2.858392775384709 753664
1733224219169 -2.8133437327109276 786432
1733224254097 -2.767255269223824 800000
1733224303543 -2.744159429753199 851968
1733224345204 -2.679320941865444 884736
1733224387345 -2.6543331744149326 917504
1733224429521 -2.5924745745491236 950272
1733224463468 -2.5454633851535617 960000
1733224515021 -2.485679996898398 1015808
1733224556050 -2.4462103985715657 1048576
1733224597988 -2.389462862489745 1081344
1733224639835 -2.3475178722292185 1114112
1733224671711 -2.277520211460069 1120000
1733224725044 -2.2183221012353895 1179648
1733224767283 -2.1770694663515315 1212416
1733224808562 -2.144703032099642 1245184
1733224850485 -2.1054743653861805 1277952
1733224881842 -2.0370167898479847 1280000
1733224937345 -1.987624355382286 1343488
1733224979520 -1.9458471493097023 1376256
1733225020680 -1.9008911804994568 1409024
1733225063293 -1.8617484788876026 1440000
1733225106516 -1.8197919231373816 1474560
1733225148069 -1.793363082781434 1507328
1733225190345 -1.7580685483058915 1540096
1733225232809 -1.7137413187418133 1572864
1733225273973 -1.668680047080852 1600000
1733225318771 -1.6269975007511674 1638400
1733225361616 -1.5896845003124327 1671168
1733225404365 -1.5724357755156233 1703936
1733225445953 -1.526799657382071 1736704
1733225486240 -1.503720370400697 1760000
1733225532380 -1.4777644660323859 1802240
1733225574480 -1.4543565091211348 1835008
1733225615938 -1.4208048526896164 1867776
1733225657641 -1.389566686982289 1900544
1733225694916 -1.3651182770961896 1920000
1733225743384 -1.3277776875067502 1966080
1733225785422 -1.3152444994309918 1998848
1733225827725 -1.2928529195138254 2031616
1733225870197 -1.2765154322842136 2064384
1733225906445 -1.263082193513401 2080000
1733225957859 -1.2484741445165128 2129920
1733226001968 -1.2232367684715428 2162688
1733226043968 -1.2035536984913051 2195456
1733226086590 -1.1884930970147252 2228224
1733226121335 -1.167036614974495 2240000
1733226172708 -1.162329002597835 2293760
1733226215209 -1.1448061015456914 2326528
1733226257939 -1.1226252300199122 2359296
1733226300479 -1.096264397772029 2392064
1733226333261 -1.0940945037058554 2400000
1733226386678 -1.082605264801532 2457600
1733226428882 -1.0636091714259237 2490368
1733226471721 -1.0490133049315773 2523136
1733226514710 -1.039318621205166 2555904
1733226545700 -1.026436112774536 2560000
1733226601100 -1.0135877003194764 2621440
1733226643958 -1.0013060088735073 2654208
1733226686751 -0.9910533304559067 2686976
1733226729531 -0.9688609719392843 2719744
1733226758956 -0.9586509796092286 2720000
1733226816319 -0.9493992705014535 2785280
1733226858803 -0.9377277459250764 2818048
1733226901231 -0.93399917621864 2850816
1733226943363 -0.9265072354581207 2880000
1733226987392 -0.9148656692472287 2916352
1733227029881 -0.8978126562898978 2949120
1733227075556 -0.880251414119266 2981888
1733227117967 -0.88420002538478 3014656
1733227160060 -0.8609169750590808 3040000
1733227205097 -0.8621278801816515 3080192
1733227247761 -0.8574548619566486 3112960
1733227290415 -0.8495589012978598 3145728
1733227333265 -0.8400962938903831 3178496
1733227371801 -0.8321648813551292 3200000
1733227419633 -0.8227752718143165 3244032
1733227463686 -0.8102128706290387 3276800
1733227506974 -0.809820833557751 3309568
1733227550837 -0.802375408867374 3342336
1733227588833 -0.7975224669557065 3360000
1733227637843 -0.7894476508838124 3407872
1733227680205 -0.7808364098076709 3440640
1733227723127 -0.773157296073623 3473408
1733227765376 -0.7617999696289189 3506176
1733227800022 -0.7615907356259413 3520000
1733227851214 -0.7531858182512223 3571712
1733227893370 -0.7408224017708562 3604480
1733227935901 -0.7445928456203547 3637248
1733227978760 -0.7365556655684486 3670016
1733228012529 -0.728488445864059 3680000
1733228065409 -0.7183520232152659 3735552
1733228107955 -0.7127356244367548 3768320
1733228150465 -0.7005794699769468 3801088
1733228193114 -0.7115418717672582 3833856
1733228225488 -0.7027101978019346 3840000
1733228280236 -0.693528143723961 3899392
1733228322601 -0.6987235615320969 3932160
1733228365117 -0.6824975016585085 3964928
1733228408699 -0.6737586906063371 3997696
1733228438564 -0.6740314534166828 4000000
1733228495101 -0.6704200657724868 4063232
1733228537873 -0.6597000012465287 4096000
1733228581970 -0.6525473160843831 4128768
1733228624487 -0.6572787297249306 4160000
1733228667974 -0.6587885306798853 4194304
1733228710386 -0.6484937970060856 4227072
1733228752974 -0.6441467233817093 4259840
1733228795829 -0.6421011775208172 4292608
1733228837088 -0.6347723438113462 4320000
1733228882111 -0.6251555069873576 4358144
1733228923932 -0.6218147311650682 4390912
1733228966511 -0.6228220399934798 4423680
1733229009091 -0.6197635110002011 4456448
1733229048571 -0.6105040165246465 4480000
1733229094672 -0.5995960380823817 4521984
1733229137067 -0.5953644750872626 4554752
1733229180380 -0.5954345598700457 4587520
1733229223323 -0.589565239107469 4620288
1733229260900 -0.5827713180449792 4640000
1733229309344 -0.5766603579220828 4685824
1733229353102 -0.573208329785848 4718592
1733229395993 -0.5661777329572942 4751360
1733229438723 -0.5638441848393996 4784128
1733229475029 -0.5664500023704022 4800000
1733229524954 -0.5559906046662946 4849664
1733229568784 -0.5491724501771387 4882432
1733229612396 -0.5478162947052624 4915200
1733229655598 -0.5479620008147321 4947968
1733229690016 -0.5408739940554369 4960000
1733229741891 -0.5376396131992806 5013504
1733229784474 -0.5309549261059147 5046272
1733229827561 -0.526869087695377 5079040
1733229871023 -0.5308156642655376 5111808
1733229904111 -0.5258387250418309 5120000
1733229958335 -0.5176399352727458 5177344
1733230001615 -0.5094673224026337 5210112
1733230044061 -0.5159047586494125 5242880
1733230086562 -0.5028878960467409 5275648
1733230117446 -0.5105829811131116 5280000
1733230174224 -0.5012576500070282 5341184
1733230217367 -0.4955613760044798 5373952
1733230260036 -0.49348321779980325 5406720
1733230304092 -0.5012710522161796 5439488
1733230335057 -0.48545653967303226 5440000
1733230393981 -0.48800021976348945 5505024
1733230438651 -0.4810055958398152 5537792
1733230482035 -0.48564387012156657 5570560
1733230524666 -0.4763536377286073 5600000
1733230570779 -0.47754390320624224 5636096
1733230613327 -0.4803049903246574 5668864
1733230657669 -0.47511193234822713 5701632
1733230701381 -0.47795374976703897 5734400
1733230742807 -0.47582840112154373 5760000
1733230790076 -0.4702999083150644 5799936
1733230833571 -0.4713392570381984 5832704
1733230876355 -0.46990721409674735 5865472
1733230920382 -0.4684597619168926 5898240
1733230960355 -0.46169808151316827 5920000
1733231008722 -0.4593758240283933 5963776
1733231053658 -0.46194436809164474 5996544
1733231096982 -0.4488240272679832 6029312
1733231140598 -0.45277309291413986 6062080
1733231180029 -0.44977902791579255 6080000
1733231230701 -0.45133031702134757 6127616
1733231273524 -0.4470785389712546 6160384
1733231317419 -0.44637634088285266 6193152
1733231361068 -0.4445761139970273 6225920
1733231397706 -0.44018485870910806 6240000
1733231451888 -0.4447501600137912 6291456
1733231495205 -0.4409539442101959 6324224
1733231538511 -0.44338236803596376 6356992
1733231581795 -0.4323212173825596 6389760
1733231616345 -0.4373068880988285 6400000
1733231670423 -0.43792274430743416 6455296
1733231714332 -0.432106111390749 6488064
1733231757294 -0.42033714191056787 6520832
1733231801453 -0.4199611964460928 6553600
1733231834817 -0.4216447893093573 6560000
1733231890218 -0.41999797414755446 6619136
1733231933463 -0.417056041728938 6651904
1733231976052 -0.4160114464582875 6684672
1733232018495 -0.4217650445265463 6717440
1733232048192 -0.41485295442689674 6720000
1733232104814 -0.4065044832415879 6782976
1733232147034 -0.4139021039824001 6815744
1733232190714 -0.41131325329188256 6848512
1733232235847 -0.40664124796167017 6880000
1733232279712 -0.40514675003651063 6914048
1733232322210 -0.40335078818316106 6946816
1733232365550 -0.39445268858689814 6979584
1733232409887 -0.3902361764863599 7012352
1733232451603 -0.3919344585767249 7040000
1733232497797 -0.38954591086658186 7077888
1733232540218 -0.38863305713166485 7110656
1733232582680 -0.38980852376262193 7143424
1733232626918 -0.3879093003022717 7176192
1733232669056 -0.3849742236081511 7200000
1733232715534 -0.38659924554813185 7241728
1733232758811 -0.38491762480698527 7274496
1733232801075 -0.38688034904771484 7307264
1733232843966 -0.38644593218632506 7340032
1733232881662 -0.3832064938353142 7360000
1733232930834 -0.3843838372646132 7405568
1733232974425 -0.37585131181403997 7438336
1733233017473 -0.37650633356533947 7471104
1733233060258 -0.37582751795707736 7503872
1733233098059 -0.3742882674734574 7520000
1733233148839 -0.37327119854453483 7569408
1733233191680 -0.36527237985283134 7602176
1733233234530 -0.3682709874410648 7634944
1733233277193 -0.36689926355611535 7667712
1733233311924 -0.3665793473162921 7680000
1733233365692 -0.3683359193644719 7733248
1733233412454 -0.36720486224803606 7766016
1733233455025 -0.3640871878480539 7798784
1733233497286 -0.3619233056000667 7831552
1733233530221 -0.35850605528103185 7840000
1733233584689 -0.359591850702418 7897088
1733233627440 -0.3633028112759348 7929856
1733233670010 -0.3510248908190988 7962624
1733233714169 -0.35287658495653884 7995392
1733233745980 -0.34696488759946076 8000000
1733233801205 -0.34570814655162396 8060928
1733233844556 -0.3481861859851051 8093696
1733233887788 -0.3514093222998781 8126464
1733233930277 -0.3445008997368859 8159232
1733233959865 -0.3467129949887749 8160000
1733234017942 -0.3445069633657113 8224768
1733234061157 -0.3377250641526189 8257536
1733234104002 -0.33987345439963973 8290304
1733234147006 -0.3368330130237155 8320000
1733234192071 -0.33065818139584735 8355840
1733234234965 -0.3340371984813828 8388608
1733234280289 -0.34039109558216296 8421376
1733234324196 -0.33582674644421784 8454144
1733234365013 -0.3305303559667664 8480000
1733234411177 -0.3299948933359701 8519680
1733234454324 -0.33164449541072827 8552448
1733234497058 -0.32978642105299516 8585216
1733234540404 -0.32593059084319975 8617984
1733234579837 -0.33346405169868376 8640000
1733234630012 -0.3288988880987745 8683520
1733234672684 -0.33247828391904477 8716288
1733234715431 -0.3301994268927956 8749056
1733234758572 -0.3321518941054819 8781824
1733234795874 -0.3329903889476554 8800000
1733234845763 -0.3261694520537276 8847360
1733234888608 -0.3259515423560515 8880128
1733234932103 -0.322171632462414 8912896
1733234975435 -0.32223744941002225 8945664
1733235010868 -0.3194462580984691 8960000
1733235062834 -0.3234073075465858 9011200
1733235107298 -0.319763502565911 9043968
1733235152050 -0.3282015492586652 9076736
1733235195762 -0.32544273895327935 9109504
1733235229811 -0.3262351326091448 9120000
1733235284761 -0.32438504189776723 9175040
1733235328473 -0.31823979134787805 9207808
1733235372204 -0.32001594273606315 9240576
1733235416044 -0.32049642704369036 9273344
1733235448263 -0.3162079724133946 9280000
1733235503480 -0.31565145690983626 9338880
1733235545646 -0.3093439650750952 9371648
1733235588891 -0.309277427487541 9404416
1733235631563 -0.31346354896959383 9437184
1733235662092 -0.31105413752957245 9440000
1733235719845 -0.310768081547576 9502720
1733235762693 -0.3116510193736758 9535488
1733235806041 -0.31025117793760726 9568256
1733235849320 -0.30236173917946874 9600000
1733235893510 -0.3029252264765091 9633792
1733235937537 -0.3024769603187451 9666560
1733235981412 -0.30068802072783 9699328
1733236023922 -0.2948127594718244 9732096
1733236065124 -0.2957765821949579 9760000
1733236113274 -0.29400697873788884 9797632
1733236157574 -0.2998929419671185 9830400
1733236199942 -0.2944059448345797 9863168
1733236244401 -0.2966672378825024 9895936
1733236285533 -0.2959284882730572 9920000
1733236332253 -0.2966064763226314 9961472
1733236375132 -0.29584898754546884 9994240
1733236417702 -0.2940219223673921 10027008
1733236460382 -0.29286918149737173 10059776
1733236498488 -0.3019796275388217 10080000
1733236547789 -0.2966869842959568 10125312
1733236591618 -0.29816414275264835 10158080
1733236634849 -0.29465661285503303 10190848
1733236677978 -0.2893364051444223 10223616
1733236714585 -0.289017047159723 10240000
1733236765090 -0.29161238280066754 10289152
1733236808267 -0.2870951025892282 10321920
1733236852163 -0.28962429520324806 10354688
1733236895651 -0.2873681641998701 10387456
1733236930641 -0.2849245607823832 10400000
1733236983834 -0.29379127782594877 10452992
1733237027671 -0.28251607475976925 10485760
1733237070974 -0.28186424319283104 10518528
1733237113911 -0.28354250389675145 10551296
1733237146991 -0.2828936526173493 10560000
1733237202703 -0.28369984015298544 10616832
1733237246359 -0.2779892132850364 10649600
1733237288895 -0.2842294223693898 10682368
1733237332004 -0.27246552535216323 10715136
1733237363868 -0.27943061086407395 10720000
1733237421874 -0.2788712024601409 10780672
1733237465214 -0.27695614691765513 10813440
1733237509153 -0.27665809290192556 10846208
1733237552197 -0.27878790504473727 10878976
1733237581448 -0.27229430235747715 10880000
1733237640313 -0.2758263726864243 10944512
1733237683731 -0.27663469209801406 10977280
1733237726847 -0.2735757461719913 11010048
1733237770135 -0.2708623159880517 11040000
1733237815912 -0.2707959820560063 11075584
1733237859236 -0.2707445204883697 11108352
1733237901917 -0.27042887182615233 11141120
1733237944920 -0.2641484103820403 11173888
1733237985792 -0.27239871504716573 11200000
1733238033071 -0.2677115878381301 11239424
1733238077807 -0.27047064491198397 11272192
1733238122506 -0.2721184960537357 11304960
1733238166477 -0.2714293998578796 11337728
1733238205422 -0.27477411668514834 11360000
1733238252884 -0.27419674569973723 11403264
1733238297178 -0.2681824140527169 11436032
1733238340413 -0.26829863744496835 11468800
1733238384544 -0.2716348287416622 11501568
1733238424043 -0.26916976434295065 11520000
1733238475064 -0.2708478829881642 11567104
1733238518994 -0.26396848092554137 11599872
1733238562923 -0.25984533991286296 11632640
1733238606344 -0.26289277353644136 11665408
1733238641684 -0.26474062525958286 11680000
