1733223266188 0.0003 65536
1733223310866 0.0003 98304
1733223355029 0.0003 131072
1733223400482 0.0003 160000
1733223447869 0.0003 196608
1733223490932 0.0003 229376
1733223535671 0.0003 262144
1733223579849 0.0003 294912
1733223621970 0.0003 320000
1733223668012 0.0003 360448
1733223709274 0.0003 393216
1733223752620 0.0003 425984
1733223797082 0.0003 458752
1733223836135 0.0003 480000
1733223883247 0.0003 524288
1733223924484 0.0003 557056
1733223966570 0.0003 589824
1733224008162 0.0003 622592
1733224045051 0.0003 640000
1733224093238 0.0003 688128
1733224135643 0.0003 720896
1733224177123 0.0003 753664
1733224219199 0.0003 786432
1733224254122 0.0003 800000
1733224303612 0.0003 851968
1733224345220 0.0003 884736
1733224387391 0.0003 917504
1733224429539 0.0003 950272
1733224463528 0.0003 960000
1733224515039 0.0003 1015808
1733224556067 0.0003 1048576
1733224598004 0.0003 1081344
1733224639868 0.0003 1114112
1733224671725 0.0003 1120000
1733224725144 0.0003 1179648
1733224767299 0.0003 1212416
1733224808579 0.0003 1245184
1733224850630 0.0003 1277952
1733224881892 0.0003 1280000
1733224937409 0.0003 1343488
1733224979542 0.0003 1376256
1733225020697 0.0003 1409024
1733225063309 0.0003 1440000
1733225106555 0.0003 1474560
1733225148092 0.0003 1507328
1733225190398 0.0003 1540096
1733225232826 0.0003 1572864
1733225273990 0.0003 1600000
1733225318785 0.0003 1638400
1733225361882 0.0003 1671168
1733225404395 0.0003 1703936
1733225446013 0.0003 1736704
1733225486263 0.0003 1760000
1733225532405 0.0003 1802240
1733225574547 0.0003 1835008
1733225615955 0.0003 1867776
1733225657684 0.0003 1900544
1733225694933 0.0003 1920000
1733225743447 0.0003 1966080
1733225785438 0.0003 1998848
1733225827836 0.0003 2031616
1733225870214 0.0003 2064384
1733225906462 0.0003 2080000
1733225957908 0.0003 2129920
1733226001985 0.0003 2162688
1733226044037 0.0003 2195456
1733226086611 0.0003 2228224
1733226121352 0.0003 2240000
1733226172750 0.0003 2293760
1733226215286 0.0003 2326528
1733226258000 0.0003 2359296
1733226300495 0.0003 2392064
1733226333277 0.0003 2400000
1733226386704 0.0003 2457600
1733226428899 0.0003 2490368
1733226471803 0.0003 2523136
1733226514737 0.0003 2555904
1733226545716 0.0003 2560000
1733226601117 0.0003 2621440
1733226643980 0.0003 2654208
1733226686768 0.0003 2686976
1733226729667 0.0003 2719744
1733226758972 0.0003 2720000
1733226816335 0.0003 2785280
1733226858823 0.0003 2818048
1733226901262 0.0003 2850816
1733226943421 0.0003 2880000
1733226987427 0.0003 2916352
1733227029897 0.0003 2949120
1733227075589 0.0003 2981888
1733227117982 0.0003 3014656
1733227160077 0.0003 3040000
1733227205131 0.0003 3080192
1733227247777 0.0003 3112960
1733227290431 0.0003 3145728
1733227333286 0.0003 3178496
1733227371902 0.0003 3200000
1733227419678 0.0003 3244032
1733227463726 0.0003 3276800
1733227507001 0.0003 3309568
1733227550894 0.0003 3342336
1733227588850 0.0003 3360000
1733227637860 0.0003 3407872
1733227680264 0.0003 3440640
1733227723144 0.0003 3473408
1733227765401 0.0003 3506176
1733227800038 0.0003 3520000
1733227851249 0.0003 3571712
1733227893387 0.0003 3604480
1733227935917 0.0003 3637248
1733227978780 0.0003 3670016
1733228012545 0.0003 3680000
1733228065426 0.0003 3735552
1733228108005 0.0003 3768320
1733228150494 0.0003 3801088
1733228193146 0.0003 3833856
1733228225511 0.0003 3840000
1733228280266 0.0003 3899392
1733228322617 0.0003 3932160
1733228365180 0.0003 3964928
1733228408795 0.0003 3997696
1733228438584 0.0003 4000000
1733228495142 0.0003 4063232
1733228537890 0.0003 4096000
1733228581999 0.0003 4128768
1733228624507 0.0003 4160000
1733228668003 0.0003 4194304
1733228710403 0.0003 4227072
1733228752991 0.0003 4259840
1733228795870 0.0003 4292608
1733228837173 0.0003 4320000
1733228882128 0.0003 4358144
1733228923949 0.0003 4390912
1733228966528 0.0003 4423680
1733229009158 0.0003 4456448
1733229048592 0.0003 4480000
1733229094692 0.0003 4521984
1733229137146 0.0003 4554752
1733229180656 0.0003 4587520
1733229223378 0.0003 4620288
1733229260935 0.0003 4640000
1733229309364 0.0003 4685824
1733229353374 0.0003 4718592
1733229396024 0.0003 4751360
1733229438739 0.0003 4784128
1733229475045 0.0003 4800000
1733229524980 0.0003 4849664
1733229569080 0.0003 4882432
1733229612425 0.0003 4915200
1733229655679 0.0003 4947968
1733229690049 0.0003 4960000
1733229741910 0.0003 5013504
1733229784514 0.0003 5046272
1733229827625 0.0003 5079040
1733229871040 0.0003 5111808
1733229904156 0.0003 5120000
1733229958398 0.0003 5177344
1733230001649 0.0003 5210112
1733230044096 0.0003 5242880
1733230086590 0.0003 5275648
1733230117480 0.0003 5280000
1733230174309 0.0003 5341184
1733230217478 0.0003 5373952
1733230260148 0.0003 5406720
1733230304388 0.0003 5439488
1733230335219 0.0003 5440000
1733230394286 0.0003 5505024
1733230438911 0.0003 5537792
1733230482151 0.0003 5570560
1733230524795 0.0003 5600000
1733230570951 0.0003 5636096
1733230613421 0.0003 5668864
1733230657961 0.0003 5701632
1733230701509 0.0003 5734400
1733230742933 0.0003 5760000
1733230790175 0.0003 5799936
1733230833670 0.0003 5832704
1733230876407 0.0003 5865472
1733230920448 0.0003 5898240
1733230960415 0.0003 5920000
1733231008894 0.0003 5963776
1733231053746 0.0003 5996544
1733231097096 0.0003 6029312
1733231140656 0.0003 6062080
1733231180166 0.0003 6080000
1733231230810 0.0003 6127616
1733231273616 0.0003 6160384
1733231317643 0.0003 6193152
1733231361165 0.0003 6225920
1733231398012 0.0003 6240000
1733231451995 0.0003 6291456
1733231495303 0.0003 6324224
1733231538597 0.0003 6356992
1733231581863 0.0003 6389760
1733231616493 0.0003 6400000
1733231670551 0.0003 6455296
1733231714391 0.0003 6488064
1733231757369 0.0003 6520832
1733231801731 0.0003 6553600
1733231834859 0.0003 6560000
1733231890264 0.0003 6619136
1733231933495 0.0003 6651904
1733231976118 0.0003 6684672
1733232018529 0.0003 6717440
1733232048225 0.0003 6720000
1733232104848 0.0003 6782976
1733232147068 0.0003 6815744
1733232190995 0.0003 6848512
1733232235967 0.0003 6880000
1733232279745 0.0003 6914048
1733232322246 0.0003 6946816
1733232365583 0.0003 6979584
1733232409920 0.0003 7012352
1733232451652 0.0003 7040000
1733232497814 0.0003 7077888
1733232540250 0.0003 7110656
1733232582753 0.0003 7143424
1733232627168 0.0003 7176192
1733232669114 0.0003 7200000
1733232715550 0.0003 7241728
1733232758829 0.0003 7274496
1733232801159 0.0003 7307264
1733232843999 0.0003 7340032
1733232881720 0.0003 7360000
1733232930856 0.0003 7405568
1733232974444 0.0003 7438336
1733233017498 0.0003 7471104
1733233060282 0.0003 7503872
1733233098135 0.0003 7520000
1733233148889 0.0003 7569408
1733233191718 0.0003 7602176
1733233234547 0.0003 7634944
1733233277218 0.0003 7667712
1733233311942 0.0003 7680000
1733233366057 0.0003 7733248
1733233412471 0.0003 7766016
1733233455042 0.0003 7798784
1733233497314 0.0003 7831552
1733233530238 0.0003 7840000
1733233584711 0.0003 7897088
1733233627477 0.0003 7929856
1733233670111 0.0003 7962624
1733233714415 0.0003 7995392
1733233746014 0.0003 8000000
1733233801267 0.0003 8060928
1733233844603 0.0003 8093696
1733233887822 0.0003 8126464
1733233930310 0.0003 8159232
1733233959899 0.0003 8160000
1733234017985 0.0003 8224768
1733234061192 0.0003 8257536
1733234104068 0.0003 8290304
1733234147057 0.0003 8320000
1733234192228 0.0003 8355840
1733234235000 0.0003 8388608
1733234280336 0.0003 8421376
1733234324230 0.0003 8454144
1733234365048 0.0003 8480000
1733234411237 0.0003 8519680
1733234454370 0.0003 8552448
1733234497100 0.0003 8585216
1733234540430 0.0003 8617984
1733234579854 0.0003 8640000
1733234630041 0.0003 8683520
1733234672821 0.0003 8716288
1733234715480 0.0003 8749056
1733234758626 0.0003 8781824
1733234795891 0.0003 8800000
1733234845817 0.0003 8847360
1733234888653 0.0003 8880128
1733234932244 0.0003 8912896
1733234975457 0.0003 8945664
1733235010892 0.0003 8960000
1733235062879 0.0003 9011200
1733235107570 0.0003 9043968
1733235152125 0.0003 9076736
1733235195779 0.0003 9109504
1733235230103 0.0003 9120000
1733235284804 0.0003 9175040
1733235328491 0.0003 9207808
1733235372454 0.0003 9240576
1733235416141 0.0003 9273344
1733235448389 0.0003 9280000
1733235503500 0.0003 9338880
1733235545695 0.0003 9371648
1733235588961 0.0003 9404416
1733235631589 0.0003 9437184
1733235662152 0.0003 9440000
1733235719892 0.0003 9502720
1733235762783 0.0003 9535488
1733235806066 0.0003 9568256
1733235849347 0.0003 9600000
1733235893535 0.0003 9633792
1733235937572 0.0003 9666560
1733235981477 0.0003 9699328
1733236023954 0.0003 9732096
1733236065158 0.0003 9760000
1733236113301 0.0003 9797632
1733236157596 0.0003 9830400
1733236199967 0.0003 9863168
1733236244679 0.0003 9895936
1733236285580 0.0003 9920000
1733236332313 0.0003 9961472
1733236375190 0.0003 9994240
1733236417739 0.0003 10027008
1733236460415 0.0003 10059776
1733236498525 0.0003 10080000
1733236547836 0.0003 10125312
1733236591695 0.0003 10158080
1733236634924 0.0003 10190848
1733236678016 0.0003 10223616
1733236714614 0.0003 10240000
1733236765161 0.0003 10289152
1733236808299 0.0003 10321920
1733236852196 0.0003 10354688
1733236895707 0.0003 10387456
1733236930696 0.0003 10400000
1733236983988 0.0003 10452992
1733237027693 0.0003 10485760
1733237071028 0.0003 10518528
1733237113947 0.0003 10551296
1733237147036 0.0003 10560000
1733237202972 0.0003 10616832
1733237246384 0.0003 10649600
1733237288937 0.0003 10682368
1733237332105 0.0003 10715136
1733237364125 0.0003 10720000
1733237422110 0.0003 10780672
1733237465239 0.0003 10813440
1733237509206 0.0003 10846208
1733237552231 0.0003 10878976
1733237581481 0.0003 10880000
1733237640379 0.0003 10944512
1733237683789 0.0003 10977280
1733237726935 0.0003 11010048
1733237770169 0.0003 11040000
1733237815970 0.0003 11075584
1733237859329 0.0003 11108352
1733237901968 0.0003 11141120
1733237944949 0.0003 11173888
1733237985859 0.0003 11200000
1733238033320 0.0003 11239424
1733238078083 0.0003 11272192
1733238122967 0.0003 11304960
1733238166500 0.0003 11337728
1733238205449 0.0003 11360000
1733238252918 0.0003 11403264
1733238297519 0.0003 11436032
1733238340449 0.0003 11468800
1733238384816 0.0003 11501568
1733238424318 0.0003 11520000
1733238475349 0.0003 11567104
1733238519018 0.0003 11599872
1733238563195 0.0003 11632640
1733238606380 0.0003 11665408
1733238641709 0.0003 11680000
