1733223266287 10.0 65536
1733223311133 20.0 98304
1733223355045 30.0 131072
1733223400499 40.0 160000
1733223447895 50.0 196608
1733223490949 60.0 229376
1733223535942 70.0 262144
1733223579865 80.0 294912
1733223621995 90.0 320000
1733223668036 100.0 360448
1733223709291 110.0 393216
1733223752636 120.0 425984
1733223797104 130.0 458752
1733223836184 140.0 480000
1733223883298 150.0 524288
1733223924536 160.0 557056
1733223966607 170.0 589824
1733224008178 180.0 622592
1733224045176 190.0 640000
1733224093255 200.0 688128
1733224135659 210.0 720896
1733224177139 220.0 753664
1733224219219 230.0 786432
1733224254147 240.0 800000
1733224303695 250.0 851968
1733224345338 260.0 884736
1733224387416 270.0 917504
1733224429555 280.0 950272
1733224463586 290.0 960000
1733224515055 300.0 1015808
1733224556083 310.0 1048576
1733224598021 320.0 1081344
1733224639884 330.0 1114112
1733224671742 340.0 1120000
1733224725177 350.0 1179648
1733224767315 360.0 1212416
1733224808595 370.0 1245184
1733224850664 380.0 1277952
1733224881942 390.0 1280000
1733224937479 400.0 1343488
1733224979564 410.0 1376256
1733225020713 420.0 1409024
1733225063326 430.0 1440000
1733225106617 440.0 1474560
1733225148109 450.0 1507328
1733225190413 460.0 1540096
1733225232851 470.0 1572864
1733225274006 480.0 1600000
1733225318802 490.0 1638400
1733225362159 500.0 1671168
1733225404411 510.0 1703936
1733225446050 520.0 1736704
1733225486280 530.0 1760000
1733225532430 540.0 1802240
1733225574597 550.0 1835008
1733225615972 560.0 1867776
1733225657701 570.0 1900544
1733225694950 580.0 1920000
1733225743468 590.0 1966080
1733225785455 600.0 1998848
1733225827884 610.0 2031616
1733225870231 620.0 2064384
1733225906479 630.0 2080000
1733225957925 640.0 2129920
1733226002002 650.0 2162688
1733226044071 660.0 2195456
1733226086628 670.0 2228224
1733226121368 680.0 2240000
1733226172824 690.0 2293760
1733226215345 700.0 2326528
1733226258147 710.0 2359296
1733226300512 720.0 2392064
1733226333294 730.0 2400000
1733226386721 740.0 2457600
1733226428916 750.0 2490368
1733226471873 760.0 2523136
1733226514766 770.0 2555904
1733226545733 780.0 2560000
1733226601134 790.0 2621440
1733226644031 800.0 2654208
1733226686784 810.0 2686976
1733226729722 820.0 2719744
1733226758989 830.0 2720000
1733226816352 840.0 2785280
1733226858848 850.0 2818048
1733226901285 860.0 2850816
1733226943440 870.0 2880000
1733226987443 880.0 2916352
1733227029914 890.0 2949120
1733227075622 900.0 2981888
1733227117998 910.0 3014656
1733227160093 920.0 3040000
1733227205164 930.0 3080192
1733227247793 940.0 3112960
1733227290448 950.0 3145728
1733227333303 960.0 3178496
1733227371935 970.0 3200000
1733227419733 980.0 3244032
1733227463817 990.0 3276800
1733227507024 1000.0 3309568
1733227550928 1010.0 3342336
1733227588866 1020.0 3360000
1733227637877 1030.0 3407872
1733227680308 1040.0 3440640
1733227723160 1050.0 3473408
1733227765418 1060.0 3506176
1733227800055 1070.0 3520000
1733227851324 1080.0 3571712
1733227893404 1090.0 3604480
1733227935934 1100.0 3637248
1733227978796 1110.0 3670016
1733228012562 1120.0 3680000
1733228065451 1130.0 3735552
1733228108022 1140.0 3768320
1733228150535 1150.0 3801088
1733228193228 1160.0 3833856
1733228225536 1170.0 3840000
1733228280300 1180.0 3899392
1733228322634 1190.0 3932160
1733228365226 1200.0 3964928
1733228408876 1210.0 3997696
1733228438601 1220.0 4000000
1733228495160 1230.0 4063232
1733228537906 1240.0 4096000
1733228582019 1250.0 4128768
1733228624523 1260.0 4160000
1733228668086 1270.0 4194304
1733228710420 1280.0 4227072
1733228753008 1290.0 4259840
1733228795935 1300.0 4292608
1733228837200 1310.0 4320000
1733228882155 1320.0 4358144
1733228923965 1330.0 4390912
1733228966545 1340.0 4423680
1733229009224 1350.0 4456448
1733229048646 1360.0 4480000
1733229094709 1370.0 4521984
1733229137163 1380.0 4554752
1733229180890 1390.0 4587520
1733229223436 1400.0 4620288
1733229260961 1410.0 4640000
1733229309381 1420.0 4685824
1733229353649 1430.0 4718592
1733229396057 1440.0 4751360
1733229438756 1450.0 4784128
1733229475062 1460.0 4800000
1733229524997 1470.0 4849664
1733229569335 1480.0 4882432
1733229612459 1490.0 4915200
1733229655726 1500.0 4947968
1733229690116 1510.0 4960000
1733229741926 1520.0 5013504
1733229784538 1530.0 5046272
1733229827644 1540.0 5079040
1733229871057 1550.0 5111808
1733229904244 1560.0 5120000
1733229958481 1570.0 5177344
1733230001709 1580.0 5210112
1733230044130 1590.0 5242880
1733230086608 1600.0 5275648
1733230117508 1610.0 5280000
1733230174403 1620.0 5341184
1733230217585 1630.0 5373952
1733230260257 1640.0 5406720
1733230304659 1650.0 5439488
1733230335410 1660.0 5440000
1733230394460 1670.0 5505024
1733230439199 1680.0 5537792
1733230482228 1690.0 5570560
1733230524921 1700.0 5600000
1733230571085 1710.0 5636096
1733230613484 1720.0 5668864
1733230658252 1730.0 5701632
1733230701664 1740.0 5734400
1733230743058 1750.0 5760000
1733230790219 1760.0 5799936
1733230833735 1770.0 5832704
1733230876461 1780.0 5865472
1733230920543 1790.0 5898240
1733230960503 1800.0 5920000
1733231009085 1810.0 5963776
1733231054198 1820.0 5996544
1733231097191 1830.0 6029312
1733231140740 1840.0 6062080
1733231180468 1850.0 6080000
1733231230877 1860.0 6127616
1733231273731 1870.0 6160384
1733231317794 1880.0 6193152
1733231361251 1890.0 6225920
1733231398321 1900.0 6240000
1733231452068 1910.0 6291456
1733231495378 1920.0 6324224
1733231538689 1930.0 6356992
1733231581930 1940.0 6389760
1733231616670 1950.0 6400000
1733231670607 1960.0 6455296
1733231714452 1970.0 6488064
1733231757453 1980.0 6520832
1733231802038 1990.0 6553600
1733231834921 2000.0 6560000
1733231890319 2010.0 6619136
1733231933528 2020.0 6651904
1733231976168 2030.0 6684672
1733232018566 2040.0 6717440
1733232048259 2050.0 6720000
1733232104881 2060.0 6782976
1733232147108 2070.0 6815744
1733232191239 2080.0 6848512
1733232236043 2090.0 6880000
1733232279779 2100.0 6914048
1733232322289 2110.0 6946816
1733232365617 2120.0 6979584
1733232409962 2130.0 7012352
1733232451686 2140.0 7040000
1733232497831 2150.0 7077888
1733232540268 2160.0 7110656
1733232582806 2170.0 7143424
1733232627542 2180.0 7176192
1733232669173 2190.0 7200000
1733232715567 2200.0 7241728
1733232758846 2210.0 7274496
1733232801218 2220.0 7307264
1733232844014 2230.0 7340032
1733232881797 2240.0 7360000
1733232930873 2250.0 7405568
1733232974461 2260.0 7438336
1733233017529 2270.0 7471104
1733233060332 2280.0 7503872
1733233098201 2290.0 7520000
1733233148906 2300.0 7569408
1733233191735 2310.0 7602176
1733233234564 2320.0 7634944
1733233277235 2330.0 7667712
1733233311958 2340.0 7680000
1733233366298 2350.0 7733248
1733233412488 2360.0 7766016
1733233455059 2370.0 7798784
1733233497349 2380.0 7831552
1733233530254 2390.0 7840000
1733233584731 2400.0 7897088
1733233627519 2410.0 7929856
1733233670151 2420.0 7962624
1733233714722 2430.0 7995392
1733233746036 2440.0 8000000
1733233801306 2450.0 8060928
1733233844626 2460.0 8093696
1733233887855 2470.0 8126464
1733233930368 2480.0 8159232
1733233959932 2490.0 8160000
1733234018035 2500.0 8224768
1733234061278 2510.0 8257536
1733234104205 2520.0 8290304
1733234147094 2530.0 8320000
1733234192262 2540.0 8355840
1733234235042 2550.0 8388608
1733234280397 2560.0 8421376
1733234324263 2570.0 8454144
1733234365077 2580.0 8480000
1733234411293 2590.0 8519680
1733234454454 2600.0 8552448
1733234497133 2610.0 8585216
1733234540458 2620.0 8617984
1733234579870 2630.0 8640000
1733234630062 2640.0 8683520
1733234672884 2650.0 8716288
1733234715530 2660.0 8749056
1733234758643 2670.0 8781824
1733234795907 2680.0 8800000
1733234845865 2690.0 8847360
1733234888673 2700.0 8880128
1733234932336 2710.0 8912896
1733234975477 2720.0 8945664
1733235010945 2730.0 8960000
1733235062932 2740.0 9011200
1733235107823 2750.0 9043968
1733235152168 2760.0 9076736
1733235195796 2770.0 9109504
1733235230369 2780.0 9120000
1733235284845 2790.0 9175040
1733235328508 2800.0 9207808
1733235372688 2810.0 9240576
1733235416231 2820.0 9273344
1733235448490 2830.0 9280000
1733235503568 2840.0 9338880
1733235545718 2850.0 9371648
1733235588990 2860.0 9404416
1733235631632 2870.0 9437184
1733235662234 2880.0 9440000
1733235719909 2890.0 9502720
1733235762821 2900.0 9535488
1733235806091 2910.0 9568256
1733235849368 2920.0 9600000
1733235893569 2930.0 9633792
1733235937628 2940.0 9666560
1733235981518 2950.0 9699328
1733236023988 2960.0 9732096
1733236065192 2970.0 9760000
1733236113322 2980.0 9797632
1733236157617 2990.0 9830400
1733236199984 3000.0 9863168
1733236244962 3010.0 9895936
1733236285661 3020.0 9920000
1733236332343 3030.0 9961472
1733236375275 3040.0 9994240
1733236417770 3050.0 10027008
1733236460491 3060.0 10059776
1733236498538 3070.0 10080000
1733236547866 3080.0 10125312
1733236591756 3090.0 10158080
1733236634992 3100.0 10190848
1733236678038 3110.0 10223616
1733236714636 3120.0 10240000
1733236765197 3130.0 10289152
1733236808347 3140.0 10321920
1733236852218 3150.0 10354688
1733236895752 3160.0 10387456
1733236930727 3170.0 10400000
1733236984050 3180.0 10452992
1733237027733 3190.0 10485760
1733237071091 3200.0 10518528
1733237113991 3210.0 10551296
1733237147142 3220.0 10560000
1733237203284 3230.0 10616832
1733237246412 3240.0 10649600
1733237288959 3250.0 10682368
1733237332155 3260.0 10715136
1733237364379 3270.0 10720000
1733237422354 3280.0 10780672
1733237465276 3290.0 10813440
1733237509300 3300.0 10846208
1733237552267 3310.0 10878976
1733237581513 3320.0 10880000
1733237640454 3330.0 10944512
1733237683834 3340.0 10977280
1733237727042 3350.0 11010048
1733237770602 3360.0 11040000
1733237816039 3370.0 11075584
1733237859372 3380.0 11108352
1733237902050 3390.0 11141120
1733237944991 3400.0 11173888
1733237985887 3410.0 11200000
1733238033604 3420.0 11239424
1733238078345 3430.0 11272192
1733238123260 3440.0 11304960
1733238166531 3450.0 11337728
1733238205495 3460.0 11360000
1733238252978 3470.0 11403264
1733238297835 3480.0 11436032
1733238340480 3490.0 11468800
1733238385093 3500.0 11501568
1733238424572 3510.0 11520000
1733238475607 3520.0 11567104
1733238519083 3530.0 11599872
1733238563475 3540.0 11632640
1733238606413 3550.0 11665408
1733238641766 3560.0 11680000
