1733223266341 -0.02119121887772053 65536
1733223311274 -0.022130764311486927 98304
1733223355057 -0.0203225994196373 131072
1733223400507 -0.01958427585818754 160000
1733223447904 -0.018910932239623434 196608
1733223490957 -0.018557381736309254 229376
1733223536071 -0.017859615400584516 262144
1733223579874 -0.018779375233771135 294912
1733223622008 -0.020867385944939087 320000
1733223668049 -0.021408626695665588 360448
1733223709299 -0.02173549714391356 393216
1733223752645 -0.023710676325617897 425984
1733223797115 -0.023999414129002618 458752
1733223836211 -0.024969126579117075 480000
1733223883306 -0.024818270341916103 524288
1733223924553 -0.02495911629373495 557056
1733223966624 -0.02526370263683475 589824
1733224008187 -0.026418559415833442 622592
1733224045292 -0.027195620708471323 640000
1733224093263 -0.026149008791344387 688128
1733224135668 -0.026775611245329855 720896
1733224177148 -0.026589472847354044 753664
1733224219227 -0.02748084005338569 786432
1733224254159 -0.027795991810489796 800000
1733224303708 -0.028093595404243388 851968
1733224345354 -0.027728151858627825 884736
1733224387425 -0.027566302647528573 917504
1733224429568 -0.028396899158769882 950272
1733224463620 -0.028554988054111163 960000
1733224515064 -0.027937112409244947 1015808
1733224556092 -0.027637502846300777 1048576
1733224598029 -0.0290874636828903 1081344
1733224639893 -0.028545927232653413 1114112
1733224671750 -0.027679516297394003 1120000
1733224725194 -0.028154752538875984 1179648
1733224767324 -0.028628304019730422 1212416
1733224808604 -0.028824826868003584 1245184
1733224850708 -0.029721796969261048 1277952
1733224881967 -0.02964862452363377 1280000
1733224937492 -0.029438518697043038 1343488
1733224979576 -0.02815761795588969 1376256
1733225020722 -0.028685150764431455 1409024
1733225063334 -0.029606592092386565 1440000
1733225106637 -0.02972304882523531 1474560
1733225148118 -0.029287251965797623 1507328
1733225190422 -0.028634475862918406 1540096
1733225232859 -0.029769966961202952 1572864
1733225274015 -0.028079841547491925 1600000
1733225318810 -0.02928662722165427 1638400
1733225362298 -0.029280641732930233 1671168
1733225404420 -0.028836826221913726 1703936
1733225446058 -0.029017019890216034 1736704
1733225486288 -0.03004293897720345 1760000
1733225532466 -0.02859815902220362 1802240
1733225574622 -0.02876513066230473 1835008
1733225615980 -0.028128238361750844 1867776
1733225657709 -0.028451398990773667 1900544
1733225694958 -0.02978523183769539 1920000
1733225743476 -0.02930543025777297 1966080
1733225785463 -0.028512167931239674 1998848
1733225827893 -0.028304200716866033 2031616
1733225870239 -0.028656261728065145 2064384
1733225906487 -0.02917334059716268 2080000
1733225957933 -0.028024506809879314 2129920
1733226002010 -0.028705914895954265 2162688
1733226044088 -0.028747057151986156 2195456
1733226086636 -0.028788116790985897 2228224
1733226121377 -0.028974982074532817 2240000
1733226172841 -0.028597402520108516 2293760
1733226215362 -0.02802919888083579 2326528
1733226258166 -0.027890092753295903 2359296
1733226300520 -0.02648659175376906 2392064
1733226333310 -0.027326604407221566 2400000
1733226386729 -0.0270162564320799 2457600
1733226428924 -0.028913644439899144 2490368
1733226471916 -0.027902533245196537 2523136
1733226514799 -0.02734041568644443 2555904
1733226545741 -0.027377358256944716 2560000
1733226601142 -0.027778562080084158 2621440
1733226644078 -0.028533864245036965 2654208
1733226686793 -0.02780509689291648 2686976
1733226729748 -0.02617145822828206 2719744
1733226758997 -0.027861443683923424 2720000
1733226816360 -0.02666515326920944 2785280
1733226858856 -0.027031441534882107 2818048
1733226901294 -0.025564238623701385 2850816
1733226943448 -0.025510461558542374 2880000
1733226987452 -0.026197022402675428 2916352
1733227029922 -0.025279954350662593 2949120
1733227075634 -0.025519714498341273 2981888
1733227118007 -0.024867988894948213 3014656
1733227160102 -0.026243245598880093 3040000
1733227205181 -0.025498279933890443 3080192
1733227247802 -0.025577574928229298 3112960
1733227290456 -0.02452390277626364 3145728
1733227333311 -0.02413093177756309 3178496
1733227371952 -0.026412885712488787 3200000
1733227419745 -0.0243583252280132 3244032
1733227463891 -0.025881940321050935 3276800
1733227507053 -0.024697303861785258 3309568
1733227550944 -0.02441086793901377 3342336
1733227588875 -0.02538960069955465 3360000
1733227637885 -0.025736537844466056 3407872
1733227680331 -0.02460444084474602 3440640
1733227723169 -0.02511993775585779 3473408
1733227765426 -0.02481203028019081 3506176
1733227800063 -0.023634402297557245 3520000
1733227851332 -0.024638831749598467 3571712
1733227893412 -0.02347223322371974 3604480
1733227935942 -0.024345616999858065 3637248
1733227978805 -0.024190846821375088 3670016
1733228012570 -0.02238786420264205 3680000
1733228065471 -0.024047058131645826 3735552
1733228108030 -0.025211190316576905 3768320
1733228150551 -0.02347358496392644 3801088
1733228193260 -0.023285762113550844 3833856
1733228225557 -0.02544135719736005 3840000
1733228280316 -0.024780892541275534 3899392
1733228322642 -0.024224343450532614 3932160
1733228365242 -0.023794907533238076 3964928
1733228408892 -0.02452974513425943 3997696
1733228438609 -0.02508824567185002 4000000
1733228495168 -0.02376115141119044 4063232
1733228537914 -0.02457699269270961 4096000
1733228582027 -0.02408921374908459 4128768
1733228624532 -0.023694315036141233 4160000
1733228668125 -0.024703005311812375 4194304
1733228710428 -0.02276783841452925 4227072
1733228753016 -0.025002088912378893 4259840
1733228795954 -0.022328170126729673 4292608
1733228837208 -0.02495532248035488 4320000
1733228882168 -0.02350361683720621 4358144
1733228923974 -0.023400640972658947 4390912
1733228966553 -0.023249008653374405 4423680
1733229009257 -0.02420902902410944 4456448
1733229048654 -0.024360425072381987 4480000
1733229094753 -0.024882788471154528 4521984
1733229137171 -0.02323707683590328 4554752
1733229181007 -0.02316953590684534 4587520
1733229223461 -0.021117273746494903 4620288
1733229260970 -0.02225969003256978 4640000
1733229309389 -0.02284454503580946 4685824
1733229353786 -0.02084135451009388 4718592
1733229396078 -0.0229101487381854 4751360
1733229438764 -0.02290639188622663 4784128
1733229475070 -0.02296202397394609 4800000
1733229525006 -0.021837663495034576 4849664
1733229569460 -0.024629835754512896 4882432
1733229612475 -0.021796874215260685 4915200
1733229655743 -0.0243060735848303 4947968
1733229690133 -0.02254311678425438 4960000
1733229741939 -0.02345718844185285 5013504
1733229784548 -0.02278265518079934 5046272
1733229827652 -0.021946677359392198 5079040
1733229871065 -0.022872907332566684 5111808
1733229904257 -0.023911999505708083 5120000
1733229958543 -0.02087814667168004 5177344
1733230001720 -0.022817990949397425 5210112
1733230044146 -0.021686036195842463 5242880
1733230086617 -0.022047403872420546 5275648
1733230117521 -0.023805216831669897 5280000
1733230174429 -0.023133496727723468 5341184
1733230217642 -0.022234835777271655 5373952
1733230260320 -0.02031724348157695 5406720
1733230304814 -0.02123677369500001 5439488
1733230335502 -0.022984466358184363 5440000
1733230394516 -0.021832120211729488 5505024
1733230439342 -0.021361506569655832 5537792
1733230482270 -0.020896958492380692 5570560
1733230524946 -0.020910941197325884 5600000
1733230571205 -0.02361299592021169 5636096
1733230613526 -0.021596824194830333 5668864
1733230658394 -0.01876704877397515 5701632
1733230701778 -0.022833789473520483 5734400
1733230743103 -0.020405932002449844 5760000
1733230790236 -0.02184246708561659 5799936
1733230833790 -0.021491298944056325 5832704
1733230876501 -0.022777822560647108 5865472
1733230920598 -0.024418775736421594 5898240
1733230960525 -0.020170509887748267 5920000
1733231009123 -0.021589036746900093 5963776
1733231054240 -0.020146839657991224 5996544
1733231097238 -0.020733282043102007 6029312
1733231140813 -0.020300262386945177 6062080
1733231180494 -0.02040018735137892 6080000
1733231230893 -0.02184719333222347 6127616
1733231273766 -0.02103578674837081 6160384
1733231317910 -0.019732058697309186 6193152
1733231361318 -0.021465460470471952 6225920
1733231398487 -0.021041675770334223 6240000
1733231452201 -0.02126836332572566 6291456
1733231495445 -0.020954302628501863 6324224
1733231538730 -0.02116385263934717 6356992
1733231581955 -0.018988253392353726 6389760
1733231616704 -0.021809244571454656 6400000
1733231670659 -0.023863062247392007 6455296
1733231714527 -0.02283490164163595 6488064
1733231757494 -0.020763518726289475 6520832
1733231802335 -0.020676929347200713 6553600
1733231834938 -0.024130198072634813 6560000
1733231890332 -0.020515537195660728 6619136
1733231933545 -0.02181929953958388 6651904
1733231976185 -0.020528263458345464 6684672
1733232018582 -0.020297945890024493 6717440
1733232048276 -0.02344420792942401 6720000
1733232104898 -0.022584466340958897 6782976
1733232147126 -0.021691240793325052 6815744
1733232191356 -0.021843964645540837 6848512
1733232236076 -0.02194810021021567 6880000
1733232279795 -0.022359945753510146 6914048
1733232322305 -0.02007868964892623 6946816
1733232365633 -0.0154879249167152 6979584
1733232409979 -0.020459411783076576 7012352
1733232451710 -0.01865954777681509 7040000
1733232497847 -0.02091067426340487 7077888
1733232540276 -0.018656325543861384 7110656
1733232582814 -0.020467792536373965 7143424
1733232627683 -0.020016894108539417 7176192
1733232669205 -0.016900102046270148 7200000
1733232715575 -0.019883919054609577 7241728
1733232758854 -0.021022044272876884 7274496
1733232801236 -0.02121504907031522 7307264
1733232844022 -0.021969114846388037 7340032
1733232881827 -0.018166682980881886 7360000
1733232930881 -0.01955005585014078 7405568
1733232974468 -0.019483545641946876 7438336
1733233017540 -0.02022572076189135 7471104
1733233060373 -0.021292575631400724 7503872
1733233098234 -0.021703575530341367 7520000
1733233148914 -0.02092973767471449 7569408
1733233191743 -0.021960607235632777 7602176
1733233234572 -0.02132134265730201 7634944
1733233277243 -0.021137661745365223 7667712
1733233311974 -0.021890576383611915 7680000
1733233366425 -0.02192196575701928 7733248
1733233412495 -0.020314367899027276 7766016
1733233455067 -0.020733632153360305 7798784
1733233497405 -0.020374147363099837 7831552
1733233530262 -0.020646029390718468 7840000
1733233584745 -0.017788324647744956 7897088
1733233627535 -0.02196483170901047 7929856
1733233670178 -0.020503488822259896 7962624
1733233714848 -0.021148901641845443 7995392
1733233746050 -0.02106617252597971 8000000
1733233801314 -0.019430851761535452 8060928
1733233844634 -0.022148811893748642 8093696
1733233887863 -0.023062480140106346 8126464
1733233930391 -0.019162086123378684 8159232
1733233959950 -0.02147992054688075 8160000
1733234018051 -0.021002534609942815 8224768
1733234061312 -0.01967940424462995 8257536
1733234104277 -0.021624815989412127 8290304
1733234147110 -0.020797097526747167 8320000
1733234192297 -0.01802688904558636 8355840
1733234235059 -0.017909860393410783 8388608
1733234280414 -0.021186784560904927 8421376
1733234324280 -0.018950324080924473 8454144
1733234365094 -0.02144553951288799 8480000
1733234411352 -0.02192131936599253 8519680
1733234454471 -0.02164107321470965 8552448
1733234497158 -0.01694340098933935 8585216
1733234540474 -0.01887009244028377 8617984
1733234579879 -0.012379831635462324 8640000
1733234630070 -0.019349621178002964 8683520
1733234672901 -0.020112770234618438 8716288
1733234715555 -0.018109050452494557 8749056
1733234758651 -0.01794472737947217 8781824
1733234795915 -0.020665350255194427 8800000
1733234845889 -0.019035168710524887 8847360
1733234888685 -0.020160722459536373 8880128
1733234932398 -0.018649657234936966 8912896
1733234975485 -0.02028535560261844 8945664
1733235010955 -0.019180942534489986 8960000
1733235062958 -0.01819120507898333 9011200
1733235107944 -0.017133483358020386 9043968
1733235152183 -0.019011699175371176 9076736
1733235195803 -0.018230866774206333 9109504
1733235230510 -0.01984863398588459 9120000
1733235284872 -0.02102582039196932 9175040
1733235328516 -0.02069158711883574 9207808
1733235372829 -0.01829152010382131 9240576
1733235416264 -0.018878095782611126 9273344
1733235448516 -0.01866662711713616 9280000
1733235503587 -0.01918847412148352 9338880
1733235545730 -0.0189301594063636 9371648
1733235589001 -0.019142761126158803 9404416
1733235631642 -0.018828054434311525 9437184
1733235662250 -0.017600917483991906 9440000
1733235719927 -0.022460337645793516 9502720
1733235762840 -0.022473252504551056 9535488
1733235806103 -0.021117751189149204 9568256
1733235849382 -0.01969982018040355 9600000
1733235893585 -0.01849492999290305 9633792
1733235937653 -0.019768712408267674 9666560
1733235981544 -0.018361485030391124 9699328
1733236024034 -0.01792889704324807 9732096
1733236065209 -0.01890109236569515 9760000
1733236113331 -0.020322907845729786 9797632
1733236157627 -0.0182847162894177 9830400
1733236199990 -0.01812101672112476 9863168
1733236245086 -0.015197723233541183 9895936
1733236285691 -0.018252123819729606 9920000
1733236332360 -0.017288897506523425 9961472
1733236375307 -0.021938313737928185 9994240
1733236417787 -0.021254070285840497 10027008
1733236460507 -0.017801370763436353 10059776
1733236498554 -0.020544927065611774 10080000
1733236547890 -0.021338539248517918 10125312
1733236591780 -0.016955948614941006 10158080
1733236635023 -0.01908088648874582 10190848
1733236678061 -0.018804847499836796 10223616
1733236714654 -0.01769221237041165 10240000
1733236765219 -0.018466768455004966 10289152
1733236808369 -0.0216333907572789 10321920
1733236852231 -0.02272238432260565 10354688
1733236895773 -0.018889997700216554 10387456
1733236930738 -0.01859130536618068 10400000
1733236984116 -0.018214794515824907 10452992
1733237027749 -0.0193545019922567 10485760
1733237071112 -0.019943779743152847 10518528
1733237114011 -0.019786903034560054 10551296
1733237147160 -0.01855284691678207 10560000
1733237203425 -0.022024469359166687 10616832
1733237246429 -0.019876805192598112 10649600
1733237288975 -0.02573483429573571 10682368
1733237332202 -0.020239158943013535 10715136
1733237364615 -0.019719053679637 10720000
1733237422496 -0.019574900309635268 10780672
1733237465317 -0.020292631871780032 10813440
1733237509314 -0.02211894982622198 10846208
1733237552277 -0.02046219026021845 10878976
1733237581521 -0.01789638414250021 10880000
1733237640476 -0.022335136240189967 10944512
1733237683865 -0.02156716400440928 10977280
1733237727201 -0.018020676823061875 11010048
1733237770736 -0.015225221087302999 11040000
1733237816063 -0.019753664577910966 11075584
1733237859411 -0.020477432654729455 11108352
1733237902079 -0.02128849362343317 11141120
1733237945074 -0.01846948159798103 11173888
1733237985913 -0.021535377018608415 11200000
1733238033731 -0.015507155009436247 11239424
1733238078474 -0.021228106885610033 11272192
1733238123391 -0.018261758865992305 11304960
1733238166545 -0.02042133706158893 11337728
1733238205506 -0.018382005425974058 11360000
1733238253023 -0.021097551226512225 11403264
1733238297972 -0.01715383707687579 11436032
1733238340496 -0.021334730112903343 11468800
1733238385213 -0.020395126710104704 11501568
1733238424715 -0.01876401586391694 11520000
1733238475742 -0.021614122771279654 11567104
1733238519121 -0.01897719990583937 11599872
1733238563625 -0.018051939926954218 11632640
1733238606430 -0.018345814308850093 11665408
1733238641798 -0.01623078796635582 11680000
