1733223266377 0.05131666225570371 65536
1733223311383 0.006744921119616265 98304
1733223355070 0.0013811651955506932 131072
1733223400516 0.0007347090654377553 160000
1733223447920 0.0010599765654205839 196608
1733223490965 0.0010018957661372951 229376
1733223536208 0.0017876808931760024 262144
1733223579882 0.0012599236243573842 294912
1733223622042 0.0014229493484378963 320000
1733223668061 0.0028578252184502163 360448
1733223709307 0.003002162921211493 393216
1733223752653 0.003407824914512503 425984
1733223797123 0.004515574034167002 458752
1733223836227 0.0044257258401955825 480000
1733223883314 0.004699042130550879 524288
1733223924561 0.005395276178489894 557056
1733223966640 0.005394929640260671 589824
1733224008195 0.006678388864156659 622592
1733224045317 0.005130597433151252 640000
1733224093271 0.006407710558028157 688128
1733224135676 0.006610713930353995 720896
1733224177156 0.006924884923364516 753664
1733224219236 0.007038837794243591 786432
1733224254178 0.008184223915850452 800000
1733224303725 0.0071850765154977125 851968
1733224345362 0.007816936725475898 884736
1733224387433 0.008221860855428531 917504
1733224429579 0.007844440230792315 950272
1733224463670 0.007022541585115505 960000
1733224515072 0.0072692108612045555 1015808
1733224556113 0.007359250331637668 1048576
1733224598038 0.008161194560216245 1081344
1733224639901 0.008212205156087293 1114112
1733224671759 0.00750218982620936 1120000
1733224725210 0.007569753580492033 1179648
1733224767332 0.008126663505163379 1212416
1733224808612 0.0072337913594765265 1245184
1733224850734 0.006102819338002519 1277952
1733224882042 0.005912540578810877 1280000
1733224937552 0.005472577651971733 1343488
1733224979584 0.004663750532313315 1376256
1733225020730 0.004349531317166111 1409024
1733225063343 0.003997670363514771 1440000
1733225106662 0.0037493446233838766 1474560
1733225148126 0.0033848158873070132 1507328
1733225190430 0.003054961034195003 1540096
1733225232868 0.0028057757040187425 1572864
1733225274023 0.0024870020699609085 1600000
1733225318819 0.0023634765439055627 1638400
1733225362423 0.0020936437579280208 1671168
1733225404428 0.0019140839468263949 1703936
1733225446066 0.0016710088264517253 1736704
1733225486297 0.0017181740221531073 1760000
1733225532510 0.001693298722614145 1802240
1733225574647 0.0014763846549726623 1835008
1733225615988 0.0012981887666001057 1867776
1733225657718 0.0010377356898629841 1900544
1733225694966 0.0010898186970109691 1920000
1733225743484 0.0009201824452304663 1966080
1733225785472 0.0007959602498033291 1998848
1733225827901 0.000987404905981748 2031616
1733225870247 0.0009977541844364169 2064384
1733225906495 0.0009925469794893615 2080000
1733225957942 0.000819311596717398 2129920
1733226002018 0.0007838105257860662 2162688
1733226044104 0.000699074317992654 2195456
1733226086645 0.000701746523412794 2228224
1733226121385 0.0006722503243310029 2240000
1733226172850 0.0007241925293726581 2293760
1733226215379 0.0006888083832507164 2326528
1733226258200 0.0006189802221001628 2359296
1733226300529 0.0005571738920082225 2392064
1733226333327 0.0006793108664169267 2400000
1733226386738 0.0006304195363014742 2457600
1733226428933 0.0005326494897133216 2490368
1733226471963 0.0005869500527268201 2523136
1733226514841 0.0006505489705403988 2555904
1733226545750 0.0005725957363694079 2560000
1733226601166 0.0005847087843932286 2621440
1733226644088 0.0005375712014284772 2654208
1733226686802 0.0005509349049077628 2686976
1733226729806 0.0004906973641595868 2719744
1733226759006 0.0005395665975470365 2720000
1733226816369 0.0005596952244275144 2785280
1733226858873 0.0005096856462898814 2818048
1733226901302 0.00048471124508751016 2850816
1733226943460 0.0005353170586971601 2880000
1733226987460 0.0005304088322645839 2916352
1733227029931 0.00045960116624712557 2949120
1733227075642 0.000450758106276794 2981888
1733227118015 0.00043828383687127825 3014656
1733227160110 0.0004673295579806336 3040000
1733227205197 0.00046015181176528586 3080192
1733227247810 0.00045692351396837695 3112960
1733227290465 0.000427720764167816 3145728
1733227333319 0.0004165674639466488 3178496
1733227371996 0.0004364216184242764 3200000
1733227419754 0.00043248054602571526 3244032
1733227463930 0.0004488572262758339 3276800
1733227507063 0.0004127012055732848 3309568
1733227550958 0.00036868974514590034 3342336
1733227588883 0.0003976709196962247 3360000
1733227637894 0.00041325033715793323 3407872
1733227680348 0.0004302190745690382 3440640
1733227723177 0.00041777152758015745 3473408
1733227765435 0.0004498489771236791 3506176
1733227800072 0.0004293850160223656 3520000
1733227851341 0.00046125600700577254 3571712
1733227893420 0.00038897879851447216 3604480
1733227935950 0.00041079030807935626 3637248
1733227978813 0.00039146540664773964 3670016
1733228012579 0.00041836243661350634 3680000
1733228065480 0.0003792704138319891 3735552
1733228108039 0.0003817579440791974 3768320
1733228150568 0.0003495679367816251 3801088
1733228193272 0.00036812326959392296 3833856
1733228225570 0.0003736551511209996 3840000
1733228280333 0.0003681198930152618 3899392
1733228322651 0.0003585810439204806 3932160
1733228365263 0.0003819183961326189 3964928
1733228408906 0.00037698853266476817 3997696
1733228438617 0.0003768485382153131 4000000
1733228495176 0.0003541014320617819 4063232
1733228537923 0.00036374917603296806 4096000
1733228582035 0.00037667300886568 4128768
1733228624540 0.00041453102177229083 4160000
1733228668136 0.0004137646287901475 4194304
1733228710437 0.0003563702392597179 4227072
1733228753024 0.0003214840519191853 4259840
1733228795979 0.00034592300858662386 4292608
1733228837216 0.0003824871990659062 4320000
1733228882201 0.000378366149782039 4358144
1733228923982 0.00039808700717003376 4390912
1733228966561 0.0003654633876564617 4423680
1733229009291 0.0003608730295056262 4456448
1733229048663 0.0003945744608600421 4480000
1733229094774 0.0003909311442043872 4521984
1733229137180 0.00033468673947822936 4554752
1733229181123 0.0003565114732651864 4587520
1733229223486 0.00035891564741774573 4620288
1733229260978 0.0003219194415663651 4640000
1733229309398 0.0003784375679018126 4685824
1733229353916 0.0003390188994146115 4718592
1733229396205 0.0003344095425475757 4751360
1733229438772 0.00034853121647557825 4784128
1733229475079 0.00033519128342618387 4800000
1733229525014 0.0003497550128102489 4849664
1733229569589 0.0003851005478821889 4882432
1733229612492 0.0003418010091280621 4915200
1733229655756 0.000349078362371813 4947968
1733229690160 0.00035487076427926923 4960000
1733229741951 0.0003692229796925517 5013504
1733229784564 0.00036983718241287986 5046272
1733229827661 0.0003163323760745129 5079040
1733229871073 0.00034601921629615615 5111808
1733229904286 0.00035385499076880935 5120000
1733229958572 0.0002983376579365427 5177344
1733230001732 0.0003592468400313464 5210112
1733230044163 0.00035608282279468994 5242880
1733230086625 0.00031248098501635013 5275648
1733230117548 0.00028540439830351263 5280000
1733230174461 0.00029034139322590133 5341184
1733230217700 0.00033563285251432263 5373952
1733230260353 0.0003092010773272591 5406720
1733230304952 0.00035111862494829893 5439488
1733230335582 0.0003221592219148306 5440000
1733230394600 0.00032383861351092946 5505024
1733230439518 0.0002954482885826337 5537792
1733230482321 0.00028640435640738817 5570560
1733230524994 0.0003299927479545772 5600000
1733230571232 0.0003011806141230977 5636096
1733230613543 0.0003317852439082003 5668864
1733230658569 0.00034469390924556363 5701632
1733230701808 0.0003251275819877719 5734400
1733230743159 0.00034695058736531335 5760000
1733230790252 0.00034741548890195875 5799936
1733230833860 0.0003426742509191172 5832704
1733230876530 0.00034835209292793934 5865472
1733230920627 0.0003592457389473225 5898240
1733230960549 0.00029731292124353105 5920000
1733231009222 0.0003013680665787888 5963776
1733231054305 0.0002842180825467722 5996544
1733231097263 0.0002739762182017103 6029312
1733231140856 0.000293965261387541 6062080
1733231180561 0.00031368529519539836 6080000
1733231230945 0.0002955351451220167 6127616
1733231273821 0.00032560951931230874 6160384
1733231318010 0.0003012652002595928 6193152
1733231361377 0.00029644003224973405 6225920
1733231398639 0.00024341962479326184 6240000
1733231452301 0.00030851952252959337 6291456
1733231495486 0.0003096442920977438 6324224
1733231538761 0.00029717167819853785 6356992
1733231582047 0.000342518862996144 6389760
1733231616762 0.00026580395455226834 6400000
1733231670690 0.00034506496805732925 6455296
1733231714545 0.00031485092453777954 6488064
1733231757536 0.00029197535015725864 6520832
1733231802461 0.0002555996543378569 6553600
1733231834955 0.0002550494353883437 6560000
1733231890352 0.00029175085197081786 6619136
1733231933590 0.00026490700077914654 6651904
1733231976202 0.00032559033741677015 6684672
1733232018599 0.0003069143568012578 6717440
1733232048329 0.0002848600255823897 6720000
1733232104914 0.00033177304855342983 6782976
1733232147143 0.000308002771366489 6815744
1733232191491 0.00032098919367911093 6848512
1733232236112 0.00032513178818618373 6880000
1733232279852 0.00033654735996577754 6914048
1733232322323 0.0002931530300159579 6946816
1733232365650 0.00026052912147633833 6979584
1733232409995 0.0002381751326872461 7012352
1733232451720 0.00026673666889323047 7040000
1733232497856 0.0002752975267696911 7077888
1733232540286 0.0003012440929353488 7110656
1733232582826 0.0002643280614933019 7143424
1733232627825 0.00025222694530384614 7176192
1733232669254 0.00024467030970996004 7200000
1733232715583 0.00026303153198199426 7241728
1733232758863 0.00026769036053195803 7274496
1733232801253 0.0002992244017860912 7307264
1733232844044 0.0003239232618241772 7340032
1733232881845 0.00025255501272383187 7360000
1733232930889 0.0002708772152921313 7405568
1733232974477 0.00030638500896174037 7438336
1733233017548 0.00034784960367204574 7471104
1733233060431 0.00029077843755231925 7503872
1733233098268 0.0002939494486383865 7520000
1733233148923 0.00026186358216833127 7569408
1733233191752 0.00025464173182427886 7602176
1733233234581 0.00027700995713644263 7634944
1733233277252 0.0002503341070152487 7667712
1733233311983 0.0003024154171313853 7680000
1733233366551 0.0003347103763488235 7733248
1733233412504 0.0002988595048847742 7766016
1733233455076 0.0003073733904841447 7798784
1733233497437 0.00025392756656898995 7831552
1733233530271 0.00031531278306999865 7840000
1733233584784 0.0002845863398690085 7897088
1733233627552 0.00034093447629430785 7929856
1733233670202 0.00031363614580612873 7962624
1733233714961 0.00029116283764238913 7995392
1733233746068 0.00030556178357556976 8000000
1733233801322 0.0002893988828894578 8060928
1733233844643 0.0002878776379574788 8093696
1733233887872 0.0003305541750577845 8126464
1733233930410 0.0003170451920773587 8159232
1733233959973 0.00043565637128182286 8160000
1733234018068 0.0003182856910640908 8224768
1733234061336 0.0002759927288991548 8257536
1733234104322 0.00026575321100921203 8290304
1733234147127 0.0002866185758605866 8320000
1733234192332 0.00026520486412096034 8355840
1733234235075 0.00027314977359225166 8388608
1733234280428 0.00032183677725043934 8421376
1733234324336 0.00024733638385399104 8454144
1733234365110 0.0003066450327665393 8480000
1733234411382 0.00029084752883079545 8519680
1733234454488 0.00031427134748867046 8552448
1733234497175 0.0002741151642126738 8585216
1733234540491 0.0002746442096423607 8617984
1733234579887 0.00026091698421026877 8640000
1733234630079 0.00020779617652451067 8683520
1733234672909 0.0002715789423263004 8716288
1733234715589 0.00026672309688251515 8749056
1733234758659 0.00025899194711058725 8781824
1733234795924 0.0003380984008089172 8800000
1733234845907 0.00026096506454678094 8847360
1733234888698 0.0002760375464525566 8880128
1733234932453 0.00025304619892807523 8912896
1733234975494 0.00029236002165475836 8945664
1733235010967 0.00023781776050952886 8960000
1733235063008 0.00026443142527767807 9011200
1733235108089 0.00019659374903042704 9043968
1733235152211 0.0002416355231957823 9076736
1733235195812 0.000271679485213383 9109504
1733235230664 0.00027993667448455994 9120000
1733235284909 0.0003449880986607923 9175040
1733235328524 0.0002920574353311167 9207808
1733235372974 0.00026530806059454903 9240576
1733235416284 0.0002619240112196053 9273344
1733235448547 0.00023404202734482736 9280000
1733235503597 0.0003198692071350706 9338880
1733235545739 0.00026505803999725684 9371648
1733235589014 0.0002656725470828292 9404416
1733235631651 0.0002903812399580374 9437184
1733235662259 0.00025916214265890857 9440000
1733235719941 0.0003025658882506832 9502720
1733235762860 0.0002862141106668048 9535488
1733235806117 0.0002848673602656504 9568256
1733235849392 0.0002574899270349817 9600000
1733235893602 0.0002719116585360837 9633792
1733235937671 0.0002703380123200816 9666560
1733235981560 0.00025378636221518036 9699328
1733236024087 0.00026018432211003526 9732096
1733236065225 0.0002578524659860193 9760000
1733236113343 0.00028072437680677355 9797632
1733236157639 0.0002915892197833614 9830400
1733236200001 0.0002584104786379271 9863168
1733236245222 0.0002620481002267638 9895936
1733236285718 0.00023537201137884266 9920000
1733236332404 0.0002709707144305185 9961472
1733236375334 0.0002974681671581436 9994240
1733236417795 0.00025583703459304276 10027008
1733236460516 0.00021875951441927555 10059776
1733236498581 0.00029031240455879015 10080000
1733236547906 0.00032276396513708505 10125312
1733236591796 0.000275341823410713 10158080
1733236635096 0.0002728019482944433 10190848
1733236678086 0.00024326761203212753 10223616
1733236714674 0.00026069162997472973 10240000
1733236765230 0.0002328865622573062 10289152
1733236808406 0.00024106170363324964 10321920
1733236852280 0.0002980602593666504 10354688
1733236895801 0.0002220038929387158 10387456
1733236930750 0.00025871320373553884 10400000
1733236984162 0.0002828045644378108 10452992
1733237027758 0.000235545450583885 10485760
1733237071122 0.00030660761433622954 10518528
1733237114032 0.0002402941127805036 10551296
1733237147202 0.0002874478852959328 10560000
1733237203549 0.00027936587628829557 10616832
1733237246437 0.00026502380303270454 10649600
1733237288983 0.00029884474141539386 10682368
1733237332270 0.00025304424014009895 10715136
1733237364783 0.00029372614506613105 10720000
1733237422630 0.00021985075351480532 10780672
1733237465348 0.0002498336025411163 10813440
1733237509331 0.00025173879386173323 10846208
1733237552287 0.00026009196960572465 10878976
1733237581534 0.00024100355693974508 10880000
1733237640495 0.0002523224365504007 10944512
1733237683890 0.00030599867013307857 10977280
1733237727252 0.00021346156010793038 11010048
1733237770793 0.00022805994122450103 11040000
1733237816080 0.00026220401594230226 11075584
1733237859463 0.0003070951536329858 11108352
1733237902113 0.00028791378165067273 11141120
1733237945105 0.00024530000063123226 11173888
1733237985921 0.0003047509734770415 11200000
1733238033849 0.00028154004775373667 11239424
1733238078599 0.0002589789772358131 11272192
1733238123532 0.00025091207318510554 11304960
1733238166585 0.0002601264789582558 11337728
1733238205517 0.0003407804540984216 11360000
1733238253039 0.0002801514615889289 11403264
1733238298101 0.0002603206912517919 11436032
1733238340505 0.0002725316530707289 11468800
1733238385358 0.00027819785179730163 11501568
1733238424862 0.00026963605693737237 11520000
1733238475886 0.0003152588579659721 11567104
1733238519157 0.00026765553513641294 11599872
1733238563767 0.0001967452674939807 11632640
1733238606438 0.00027651578870759865 11665408
1733238641808 0.000205097290302092 11680000
