1733223234543 1.0 32768
1733223267043 2.0 65536
1733223299968 3.0 98304
1733223333297 4.0 131072
1733223374900 5.0 163840
1733223407494 6.0 196608
1733223439378 7.0 229376
1733223471464 8.0 262144
1733223503446 9.0 294912
1733223552586 10.0 327680
1733223585349 11.0 360448
1733223617889 12.0 393216
1733223650564 13.0 425984
1733223682518 14.0 458752
1733223721499 15.0 491520
1733223753323 16.0 524288
1733223785311 17.0 557056
1733223817202 18.0 589824
1733223849389 19.0 622592
1733223889877 20.0 655360
1733223922198 21.0 688128
1733223954197 22.0 720896
1733223986687 23.0 753664
1733224018970 24.0 786432
1733224066379 25.0 819200
1733224097681 26.0 851968
1733224129428 27.0 884736
1733224161837 28.0 917504
1733224193717 29.0 950272
1733224234755 30.0 983040
1733224266433 31.0 1015808
1733224306269 32.0 1048576
1733224338127 33.0 1081344
1733224370566 34.0 1114112
1733224410863 35.0 1146880
1733224442564 36.0 1179648
1733224474338 37.0 1212416
1733224506199 38.0 1245184
1733224538667 39.0 1277952
1733224578564 40.0 1310720
1733224618106 41.0 1343488
1733224650007 42.0 1376256
1733224681567 43.0 1409024
1733224721027 44.0 1441792
1733224751982 45.0 1474560
1733224783640 46.0 1507328
1733224816276 47.0 1540096
1733224848500 48.0 1572864
1733224888688 49.0 1605632
1733224920555 50.0 1638400
1733224952264 51.0 1671168
1733224984419 52.0 1703936
1733225024193 53.0 1736704
1733225063407 54.0 1769472
1733225095304 55.0 1802240
1733225127576 56.0 1835008
1733225159951 57.0 1867776
1733225192738 58.0 1900544
1733225232709 59.0 1933312
1733225264450 60.0 1966080
1733225303698 61.0 1998848
1733225336014 62.0 2031616
1733225369579 63.0 2064384
1733225409566 64.0 2097152
1733225441701 65.0 2129920
1733225481590 66.0 2162688
1733225514005 67.0 2195456
1733225546655 68.0 2228224
1733225587244 69.0 2260992
1733225619513 70.0 2293760
1733225652076 71.0 2326528
1733225691437 72.0 2359296
1733225723894 73.0 2392064
1733225771826 74.0 2424832
1733225803837 75.0 2457600
1733225836153 76.0 2490368
1733225868339 77.0 2523136
1733225900942 78.0 2555904
1733225941745 79.0 2588672
1733225973603 80.0 2621440
1733226006036 81.0 2654208
1733226038388 82.0 2686976
1733226070962 83.0 2719744
1733226113196 84.0 2752512
1733226146341 85.0 2785280
1733226179071 86.0 2818048
1733226211608 87.0 2850816
1733226252708 88.0 2883584
1733226284814 89.0 2916352
1733226317844 90.0 2949120
1733226350859 91.0 2981888
1733226383302 92.0 3014656
1733226424090 93.0 3047424
1733226456605 94.0 3080192
1733226489270 95.0 3112960
1733226521759 96.0 3145728
1733226554384 97.0 3178496
1733226595156 98.0 3211264
1733226627438 99.0 3244032
1733226660560 100.0 3276800
1733226693102 101.0 3309568
1733226725824 102.0 3342336
1733226768193 103.0 3375104
1733226807695 104.0 3407872
1733226840416 105.0 3440640
1733226872915 106.0 3473408
1733226906155 107.0 3506176
1733226947247 108.0 3538944
1733226979784 109.0 3571712
1733227019378 110.0 3604480
1733227052195 111.0 3637248
1733227084493 112.0 3670016
1733227125778 113.0 3702784
1733227158174 114.0 3735552
1733227190887 115.0 3768320
1733227223354 116.0 3801088
1733227256394 117.0 3833856
1733227296730 118.0 3866624
1733227329166 119.0 3899392
1733227369475 120.0 3932160
1733227402282 121.0 3964928
1733227434673 122.0 3997696
1733227475858 123.0 4030464
1733227508776 124.0 4063232
1733227541816 125.0 4096000
1733227574498 126.0 4128768
1733227614786 127.0 4161536
1733227647460 128.0 4194304
1733227679931 129.0 4227072
1733227719505 130.0 4259840
1733227752603 131.0 4292608
1733227793553 132.0 4325376
1733227826123 133.0 4358144
1733227858866 134.0 4390912
1733227891750 135.0 4423680
1733227924744 136.0 4456448
1733227966171 137.0 4489216
1733228005919 138.0 4521984
1733228039026 139.0 4554752
1733228071817 140.0 4587520
1733228105057 141.0 4620288
1733228152777 142.0 4653056
1733228185755 143.0 4685824
1733228218375 144.0 4718592
1733228258606 145.0 4751360
1733228291863 146.0 4784128
1733228332472 147.0 4816896
1733228364738 148.0 4849664
1733228397728 149.0 4882432
1733228430918 150.0 4915200
1733228471002 151.0 4947968
1733228511427 152.0 4980736
1733228543656 153.0 5013504
1733228576195 154.0 5046272
1733228608923 155.0 5079040
1733228641516 156.0 5111808
1733228682529 157.0 5144576
1733228715207 158.0 5177344
1733228748169 159.0 5210112
1733228787873 160.0 5242880
1733228820569 161.0 5275648
1733228861523 162.0 5308416
1733228894354 163.0 5341184
1733228934878 164.0 5373952
1733228967333 165.0 5406720
1733229000110 166.0 5439488
1733229040566 167.0 5472256
1733229073445 168.0 5505024
1733229105836 169.0 5537792
1733229138346 170.0 5570560
1733229181865 171.0 5603328
1733229215121 172.0 5636096
1733229247869 173.0 5668864
1733229281137 174.0 5701632
1733229314103 175.0 5734400
1733229356043 176.0 5767168
1733229388823 177.0 5799936
1733229428894 178.0 5832704
1733229461390 179.0 5865472
1733229494169 180.0 5898240
1733229534706 181.0 5931008
1733229567719 182.0 5963776
1733229601692 183.0 5996544
1733229634568 184.0 6029312
1733229667430 185.0 6062080
1733229707913 186.0 6094848
1733229740817 187.0 6127616
1733229774217 188.0 6160384
1733229807092 189.0 6193152
1733229839664 190.0 6225920
1733229881071 191.0 6258688
1733229913535 192.0 6291456
1733229946265 193.0 6324224
1733229979227 194.0 6356992
1733230012036 195.0 6389760
1733230053243 196.0 6422528
1733230086087 197.0 6455296
1733230118737 198.0 6488064
1733230152045 199.0 6520832
1733230185374 200.0 6553600
1733230227362 201.0 6586368
1733230267626 202.0 6619136
1733230309424 203.0 6651904
1733230343074 204.0 6684672
1733230377313 205.0 6717440
1733230427884 206.0 6750208
1733230461611 207.0 6782976
1733230495835 208.0 6815744
1733230529682 209.0 6848512
1733230571878 210.0 6881280
1733230604348 211.0 6914048
1733230637786 212.0 6946816
1733230672322 213.0 6979584
1733230705676 214.0 7012352
1733230747878 215.0 7045120
1733230780492 216.0 7077888
1733230813787 217.0 7110656
1733230846937 218.0 7143424
1733230879910 219.0 7176192
1733230921380 220.0 7208960
1733230954056 221.0 7241728
1733230987152 222.0 7274496
1733231027595 223.0 7307264
1733231061098 224.0 7340032
1733231102014 225.0 7372800
1733231134563 226.0 7405568
1733231168232 227.0 7438336
1733231201742 228.0 7471104
1733231235245 229.0 7503872
1733231276811 230.0 7536640
1733231309122 231.0 7569408
1733231342631 232.0 7602176
1733231375443 233.0 7634944
1733231408905 234.0 7667712
1733231459631 235.0 7700480
1733231492744 236.0 7733248
1733231525457 237.0 7766016
1733231558468 238.0 7798784
1733231591278 239.0 7831552
1733231633729 240.0 7864320
1733231666396 241.0 7897088
1733231706433 242.0 7929856
1733231739608 243.0 7962624
1733231772777 244.0 7995392
1733231822250 245.0 8028160
1733231855006 246.0 8060928
1733231887345 247.0 8093696
1733231919727 248.0 8126464
1733231958996 249.0 8159232
1733232007350 250.0 8192000
1733232040336 251.0 8224768
1733232073369 252.0 8257536
1733232105671 253.0 8290304
1733232145418 254.0 8323072
1733232177961 255.0 8355840
1733232212847 256.0 8388608
1733232252609 257.0 8421376
1733232292339 258.0 8454144
1733232333301 259.0 8486912
1733232372834 260.0 8519680
1733232405633 261.0 8552448
1733232438224 262.0 8585216
1733232470508 263.0 8617984
1733232511043 264.0 8650752
1733232543426 265.0 8683520
1733232575888 266.0 8716288
1733232608566 267.0 8749056
1733232642550 268.0 8781824
1733232684895 269.0 8814592
1733232717552 270.0 8847360
1733232757431 271.0 8880128
1733232790223 272.0 8912896
1733232822873 273.0 8945664
1733232862903 274.0 8978432
1733232895444 275.0 9011200
1733232928163 276.0 9043968
1733232960829 277.0 9076736
1733232993946 278.0 9109504
1733233035417 279.0 9142272
1733233067773 280.0 9175040
1733233100282 281.0 9207808
1733233132828 282.0 9240576
1733233165643 283.0 9273344
1733233205985 284.0 9306112
1733233238298 285.0 9338880
1733233271499 286.0 9371648
1733233304339 287.0 9404416
1733233337587 288.0 9437184
1733233379767 289.0 9469952
1733233412775 290.0 9502720
1733233452785 291.0 9535488
1733233485064 292.0 9568256
1733233525953 293.0 9601024
1733233558930 294.0 9633792
1733233592088 295.0 9666560
1733233624772 296.0 9699328
1733233664744 297.0 9732096
1733233706920 298.0 9764864
1733233746715 299.0 9797632
1733233778865 300.0 9830400
1733233818399 301.0 9863168
1733233851111 302.0 9895936
1733233892236 303.0 9928704
1733233931957 304.0 9961472
1733233965161 305.0 9994240
1733233998136 306.0 10027008
1733234031302 307.0 10059776
1733234072385 308.0 10092544
1733234104321 309.0 10125312
1733234137035 310.0 10158080
1733234170174 311.0 10190848
1733234202782 312.0 10223616
1733234242864 313.0 10256384
1733234275372 314.0 10289152
1733234308409 315.0 10321920
1733234341219 316.0 10354688
1733234374173 317.0 10387456
1733234415363 318.0 10420224
1733234448446 319.0 10452992
1733234488922 320.0 10485760
1733234522574 321.0 10518528
1733234555342 322.0 10551296
1733234595861 323.0 10584064
1733234628523 324.0 10616832
1733234661492 325.0 10649600
1733234694064 326.0 10682368
1733234726389 327.0 10715136
1733234767100 328.0 10747904
1733234799733 329.0 10780672
1733234832881 330.0 10813440
1733234865646 331.0 10846208
1733234898461 332.0 10878976
1733234939000 333.0 10911744
1733234970980 334.0 10944512
1733235003022 335.0 10977280
1733235035490 336.0 11010048
1733235085297 337.0 11042816
1733235118105 338.0 11075584
1733235150607 339.0 11108352
1733235183337 340.0 11141120
1733235216033 341.0 11173888
1733235259382 342.0 11206656
1733235292410 343.0 11239424
1733235335545 344.0 11272192
1733235370121 345.0 11304960
1733235404502 346.0 11337728
1733235445766 347.0 11370496
1733235478281 348.0 11403264
1733235517889 349.0 11436032
1733235550842 350.0 11468800
1733235584244 351.0 11501568
1733235634750 352.0 11534336
1733235668350 353.0 11567104
1733235701831 354.0 11599872
1733235734221 355.0 11632640
1733235766719 356.0 11665408
1733235807248 357.0 11698176
1733235846737 358.0 11730944
1733235879761 359.0 11763712
1733235912397 360.0 11796480
1733235944780 361.0 11829248
1733235986600 362.0 11862016
1733236025607 363.0 11894784
1733236058202 364.0 11927552
1733236098181 365.0 11960320
1733236130899 366.0 11993088
1733236170755 367.0 12025856
1733236202898 368.0 12058624
1733236236072 369.0 12091392
1733236271587 370.0 12124160
1733236305826 371.0 12156928
1733236348080 372.0 12189696
1733236381904 373.0 12222464
1733236423658 374.0 12255232
1733236465547 375.0 12288000
1733236508721 376.0 12320768
1733236542647 377.0 12353536
1733236576625 378.0 12386304
1733236611204 379.0 12419072
1733236652920 380.0 12451840
1733236696075 381.0 12484608
1733236730369 382.0 12517376
1733236764865 383.0 12550144
1733236799416 384.0 12582912
1733236833345 385.0 12615680
1733236876290 386.0 12648448
1733236910307 387.0 12681216
1733236945027 388.0 12713984
1733236979261 389.0 12746752
1733237014136 390.0 12779520
1733237057670 391.0 12812288
1733237091603 392.0 12845056
1733237125940 393.0 12877824
1733237168391 394.0 12910592
1733237204428 395.0 12943360
1733237247856 396.0 12976128
1733237289332 397.0 13008896
1733237324004 398.0 13041664
1733237359314 399.0 13074432
1733237404654 400.0 13107200
1733237449152 401.0 13139968
1733237483014 402.0 13172736
1733237524843 403.0 13205504
1733237566149 404.0 13238272
1733237600824 405.0 13271040
1733237644138 406.0 13303808
1733237678316 407.0 13336576
1733237720349 408.0 13369344
1733237754790 409.0 13402112
1733237789009 410.0 13434880
1733237832472 411.0 13467648
1733237866240 412.0 13500416
1733237900102 413.0 13533184
1733237935016 414.0 13565952
1733237969424 415.0 13598720
1733238013587 416.0 13631488
1733238047889 417.0 13664256
1733238091179 418.0 13697024
1733238127234 419.0 13729792
1733238171395 420.0 13762560
1733238205840 421.0 13795328
1733238239851 422.0 13828096
1733238274458 423.0 13860864
1733238309714 424.0 13893632
1733238353665 425.0 13926400
1733238387043 426.0 13959168
1733238422155 427.0 13991936
1733238466199 428.0 14024704
1733238501655 429.0 14057472
1733238545977 430.0 14090240
1733238580512 431.0 14123008
1733238623620 432.0 14155776
1733238658377 433.0 14188544
1733238692666 434.0 14221312
1733238742728 435.0 14254080
1733238776858 436.0 14286848
1733238811172 437.0 14319616
1733238847402 438.0 14352384
1733238889810 439.0 14385152
1733238932591 440.0 14417920
1733238966652 441.0 14450688
1733239001291 442.0 14483456
1733239037272 443.0 14516224
1733239071296 444.0 14548992
1733239121760 445.0 14581760
1733239163600 446.0 14614528
1733239199408 447.0 14647296
1733239234082 448.0 14680064
1733239275544 449.0 14712832
1733239319377 450.0 14745600
1733239353690 451.0 14778368
1733239387996 452.0 14811136
1733239422088 453.0 14843904
1733239456182 454.0 14876672
1733239498879 455.0 14909440
1733239541055 456.0 14942208
1733239582217 457.0 14974976
1733239624056 458.0 15007744
1733239667695 459.0 15040512
1733239701875 460.0 15073280
1733239736196 461.0 15106048
1733239770650 462.0 15138816
1733239812539 463.0 15171584
1733239856332 464.0 15204352
1733239890536 465.0 15237120
1733239924884 466.0 15269888
1733239959289 467.0 15302656
1733239993789 468.0 15335424
1733240036564 469.0 15368192
1733240070321 470.0 15400960
1733240104345 471.0 15433728
1733240138382 472.0 15466496
1733240172401 473.0 15499264
1733240215792 474.0 15532032
1733240249525 475.0 15564800
1733240284099 476.0 15597568
1733240318710 477.0 15630336
1733240360390 478.0 15663104
1733240411184 479.0 15695872
1733240445124 480.0 15728640
1733240479236 481.0 15761408
1733240513024 482.0 15794176
1733240547054 483.0 15826944
1733240589934 484.0 15859712
1733240623457 485.0 15892480
1733240657590 486.0 15925248
1733240691413 487.0 15958016
1733240725029 488.0 15990784
1733240767800 489.0 16023552
1733240801523 490.0 16056320
1733240835713 491.0 16089088
1733240870132 492.0 16121856
1733240904090 493.0 16154624
1733240948113 494.0 16187392
1733240982131 495.0 16220160
1733241016265 496.0 16252928
1733241050336 497.0 16285696
1733241084511 498.0 16318464
1733241126966 499.0 16351232
1733241168221 500.0 16384000
1733241202716 501.0 16416768
1733241237017 502.0 16449536
1733241288251 503.0 16482304
1733241322662 504.0 16515072
1733241357102 505.0 16547840
1733241391142 506.0 16580608
1733241425645 507.0 16613376
1733241468463 508.0 16646144
1733241509390 509.0 16678912
1733241544274 510.0 16711680
1733241578090 511.0 16744448
1733241612506 512.0 16777216
1733241655511 513.0 16809984
1733241689383 514.0 16842752
1733241723807 515.0 16875520
1733241758566 516.0 16908288
1733241800211 517.0 16941056
1733241843017 518.0 16973824
1733241877076 519.0 17006592
1733241910927 520.0 17039360
1733241945244 521.0 17072128
1733241979598 522.0 17104896
1733242022265 523.0 17137664
1733242056399 524.0 17170432
1733242090603 525.0 17203200
1733242124668 526.0 17235968
1733242159111 527.0 17268736
1733242202487 528.0 17301504
1733242236455 529.0 17334272
1733242270921 530.0 17367040
1733242304923 531.0 17399808
1733242339040 532.0 17432576
1733242381352 533.0 17465344
1733242415128 534.0 17498112
1733242449517 535.0 17530880
1733242483649 536.0 17563648
1733242517818 537.0 17596416
1733242560885 538.0 17629184
1733242601969 539.0 17661952
1733242636226 540.0 17694720
1733242670325 541.0 17727488
1733242713604 542.0 17760256
1733242747824 543.0 17793024
1733242789687 544.0 17825792
1733242823585 545.0 17858560
1733242865357 546.0 17891328
1733242915310 547.0 17924096
1733242957195 548.0 17956864
1733242991181 549.0 17989632
1733243025871 550.0 18022400
1733243060386 551.0 18055168
1733243103616 552.0 18087936
1733243137102 553.0 18120704
1733243171018 554.0 18153472
1733243205345 555.0 18186240
1733243239367 556.0 18219008
1733243283095 557.0 18251776
1733243317700 558.0 18284544
1733243351841 559.0 18317312
1733243385941 560.0 18350080
1733243420478 561.0 18382848
1733243463472 562.0 18415616
1733243497646 563.0 18448384
1733243531195 564.0 18481152
1733243565585 565.0 18513920
1733243599934 566.0 18546688
1733243650553 567.0 18579456
1733243684074 568.0 18612224
1733243718497 569.0 18644992
1733243752838 570.0 18677760
1733243786804 571.0 18710528
1733243829352 572.0 18743296
1733243871072 573.0 18776064
1733243905270 574.0 18808832
1733243939202 575.0 18841600
1733243973406 576.0 18874368
1733244016447 577.0 18907136
1733244050421 578.0 18939904
1733244084245 579.0 18972672
1733244118854 580.0 19005440
1733244152821 581.0 19038208
1733244195168 582.0 19070976
1733244237152 583.0 19103744
1733244272937 584.0 19136512
1733244307016 585.0 19169280
1733244350603 586.0 19202048
1733244384588 587.0 19234816
1733244418193 588.0 19267584
1733244452710 589.0 19300352
1733244486931 590.0 19333120
1733244537420 591.0 19365888
1733244571428 592.0 19398656
1733244606000 593.0 19431424
1733244647507 594.0 19464192
1733244681670 595.0 19496960
1733244724518 596.0 19529728
1733244758890 597.0 19562496
1733244792931 598.0 19595264
1733244827528 599.0 19628032
1733244861928 600.0 19660800
1733244904632 601.0 19693568
1733244938106 602.0 19726336
1733244972106 603.0 19759104
1733245006988 604.0 19791872
1733245042715 605.0 19824640
1733245086526 606.0 19857408
1733245120504 607.0 19890176
1733245155288 608.0 19922944
1733245189646 609.0 19955712
1733245224263 610.0 19988480
1733245266439 611.0 20021248
1733245300410 612.0 20054016
1733245334615 613.0 20086784
1733245369785 614.0 20119552
1733245403717 615.0 20152320
1733245447613 616.0 20185088
1733245489076 617.0 20217856
1733245523224 618.0 20250624
1733245564869 619.0 20283392
1733245598933 620.0 20316160
1733245641421 621.0 20348928
1733245675525 622.0 20381696
1733245710485 623.0 20414464
1733245746245 624.0 20447232
1733245788336 625.0 20480000
1733245830051 626.0 20512768
1733245864410 627.0 20545536
1733245898554 628.0 20578304
1733245933060 629.0 20611072
1733245975897 630.0 20643840
1733246009680 631.0 20676608
1733246043578 632.0 20709376
1733246077876 633.0 20742144
1733246112373 634.0 20774912
1733246154630 635.0 20807680
1733246188387 636.0 20840448
1733246222653 637.0 20873216
1733246257131 638.0 20905984
1733246291084 639.0 20938752
1733246342061 640.0 20971520
1733246376633 641.0 21004288
1733246410777 642.0 21037056
1733246444927 643.0 21069824
1733246479509 644.0 21102592
1733246521936 645.0 21135360
1733246563314 646.0 21168128
1733246598418 647.0 21200896
1733246632537 648.0 21233664
1733246674785 649.0 21266432
1733246717773 650.0 21299200
1733246751830 651.0 21331968
1733246786428 652.0 21364736
1733246822173 653.0 21397504
1733246856049 654.0 21430272
1733246898522 655.0 21463040
1733246932621 656.0 21495808
1733246967350 657.0 21528576
1733247001557 658.0 21561344
1733247035893 659.0 21594112
1733247078797 660.0 21626880
1733247112787 661.0 21659648
1733247146809 662.0 21692416
1733247188422 663.0 21725184
1733247222910 664.0 21757952
1733247265450 665.0 21790720
1733247299532 666.0 21823488
1733247333798 667.0 21856256
1733247367782 668.0 21889024
1733247411237 669.0 21921792
1733247444668 670.0 21954560
1733247478994 671.0 21987328
1733247520628 672.0 22020096
1733247554947 673.0 22052864
1733247598074 674.0 22085632
1733247632130 675.0 22118400
1733247666100 676.0 22151168
1733247700793 677.0 22183936
1733247744292 678.0 22216704
1733247787455 679.0 22249472
1733247821172 680.0 22282240
1733247855617 681.0 22315008
1733247889633 682.0 22347776
1733247924521 683.0 22380544
1733247967534 684.0 22413312
1733248001508 685.0 22446080
1733248043219 686.0 22478848
1733248077285 687.0 22511616
1733248111388 688.0 22544384
1733248154033 689.0 22577152
1733248187874 690.0 22609920
1733248222498 691.0 22642688
1733248256917 692.0 22675456
1733248291167 693.0 22708224
1733248334284 694.0 22740992
1733248375440 695.0 22773760
1733248409505 696.0 22806528
1733248444402 697.0 22839296
1733248485954 698.0 22872064
1733248529271 699.0 22904832
1733248571366 700.0 22937600
1733248613356 701.0 22970368
1733248648109 702.0 23003136
1733248682280 703.0 23035904
1733248725470 704.0 23068672
1733248759226 705.0 23101440
1733248794012 706.0 23134208
1733248828327 707.0 23166976
1733248862605 708.0 23199744
1733248905126 709.0 23232512
1733248939727 710.0 23265280
1733248974301 711.0 23298048
1733249008135 712.0 23330816
1733249051497 713.0 23363584
1733249085473 714.0 23396352
1733249119833 715.0 23429120
1733249162342 716.0 23461888
1733249197556 717.0 23494656
1733249240194 718.0 23527424
1733249273750 719.0 23560192
1733249315140 720.0 23592960
1733249349495 721.0 23625728
1733249383659 722.0 23658496
1733249426608 723.0 23691264
1733249461287 724.0 23724032
1733249495389 725.0 23756800
1733249529944 726.0 23789568
1733249564231 727.0 23822336
1733249606924 728.0 23855104
1733249640975 729.0 23887872
1733249675376 730.0 23920640
1733249709877 731.0 23953408
1733249744296 732.0 23986176
1733249787456 733.0 24018944
1733249821287 734.0 24051712
1733249856069 735.0 24084480
1733249890535 736.0 24117248
1733249932691 737.0 24150016
1733249976652 738.0 24182784
1733250010431 739.0 24215552
1733250044690 740.0 24248320
1733250079418 741.0 24281088
1733250114033 742.0 24313856
1733250157635 743.0 24346624
1733250191775 744.0 24379392
1733250226712 745.0 24412160
1733250261414 746.0 24444928
1733250295753 747.0 24477696
1733250338238 748.0 24510464
1733250372683 749.0 24543232
1733250407130 750.0 24576000
1733250441768 751.0 24608768
1733250483718 752.0 24641536
1733250517758 753.0 24674304
1733250551567 754.0 24707072
1733250585804 755.0 24739840
1733250619927 756.0 24772608
1733250663393 757.0 24805376
1733250697467 758.0 24838144
1733250731440 759.0 24870912
1733250766084 760.0 24903680
1733250800303 761.0 24936448
1733250843341 762.0 24969216
1733250877566 763.0 25001984
1733250912012 764.0 25034752
1733250946296 765.0 25067520
1733250981063 766.0 25100288
1733251024491 767.0 25133056
1733251058208 768.0 25165824
1733251093096 769.0 25198592
1733251135064 770.0 25231360
1733251169791 771.0 25264128
1733251220086 772.0 25296896
1733251254456 773.0 25329664
1733251288544 774.0 25362432
1733251323560 775.0 25395200
1733251358219 776.0 25427968
1733251401383 777.0 25460736
1733251435395 778.0 25493504
1733251469836 779.0 25526272
1733251504065 780.0 25559040
1733251538906 781.0 25591808
1733251582617 782.0 25624576
1733251616880 783.0 25657344
1733251651269 784.0 25690112
1733251692903 785.0 25722880
1733251726898 786.0 25755648
1733251769895 787.0 25788416
1733251803468 788.0 25821184
1733251837729 789.0 25853952
1733251872444 790.0 25886720
1733251906422 791.0 25919488
1733251949298 792.0 25952256
1733251983248 793.0 25985024
1733252017548 794.0 26017792
1733252051615 795.0 26050560
1733252094579 796.0 26083328
1733252128752 797.0 26116096
1733252162686 798.0 26148864
1733252196858 799.0 26181632
1733252238673 800.0 26214400
1733252281421 801.0 26247168
1733252315537 802.0 26279936
1733252349561 803.0 26312704
1733252383498 804.0 26345472
1733252424680 805.0 26378240
1733252467568 806.0 26411008
1733252501893 807.0 26443776
1733252535966 808.0 26476544
1733252569968 809.0 26509312
1733252604427 810.0 26542080
1733252647320 811.0 26574848
1733252681498 812.0 26607616
1733252723351 813.0 26640384
1733252757518 814.0 26673152
1733252791687 815.0 26705920
1733252834416 816.0 26738688
1733252876128 817.0 26771456
1733252910359 818.0 26804224
1733252944637 819.0 26836992
1733252986591 820.0 26869760
1733253030247 821.0 26902528
1733253064424 822.0 26935296
1733253098780 823.0 26968064
1733253132529 824.0 27000832
1733253166444 825.0 27033600
1733253210417 826.0 27066368
1733253244376 827.0 27099136
1733253278516 828.0 27131904
1733253312607 829.0 27164672
1733253346519 830.0 27197440
1733253389606 831.0 27230208
1733253430923 832.0 27262976
1733253465066 833.0 27295744
1733253506560 834.0 27328512
1733253548904 835.0 27361280
1733253582922 836.0 27394048
1733253616813 837.0 27426816
1733253650995 838.0 27459584
1733253685150 839.0 27492352
1733253728040 840.0 27525120
1733253762030 841.0 27557888
1733253796471 842.0 27590656
1733253830144 843.0 27623424
1733253863871 844.0 27656192
1733253907348 845.0 27688960
1733253941047 846.0 27721728
1733253982925 847.0 27754496
1733254017059 848.0 27787264
1733254051744 849.0 27820032
1733254095420 850.0 27852800
1733254129436 851.0 27885568
1733254163511 852.0 27918336
1733254198554 853.0 27951104
1733254232907 854.0 27983872
1733254275149 855.0 28016640
1733254309247 856.0 28049408
1733254342933 857.0 28082176
1733254376771 858.0 28114944
1733254418098 859.0 28147712
1733254461134 860.0 28180480
1733254494440 861.0 28213248
1733254528477 862.0 28246016
1733254569918 863.0 28278784
1733254604110 864.0 28311552
1733254647409 865.0 28344320
1733254681623 866.0 28377088
1733254715682 867.0 28409856
1733254749688 868.0 28442624
1733254783777 869.0 28475392
1733254827800 870.0 28508160
1733254861550 871.0 28540928
1733254895627 872.0 28573696
1733254929981 873.0 28606464
1733254964605 874.0 28639232
1733255008063 875.0 28672000
1733255042388 876.0 28704768
1733255076637 877.0 28737536
1733255110867 878.0 28770304
1733255153510 879.0 28803072
1733255187232 880.0 28835840
1733255222085 881.0 28868608
1733255264400 882.0 28901376
1733255298620 883.0 28934144
1733255341508 884.0 28966912
1733255375429 885.0 28999680
1733255409588 886.0 29032448
1733255443943 887.0 29065216
1733255477991 888.0 29097984
1733255528232 889.0 29130752
1733255569627 890.0 29163520
1733255603853 891.0 29196288
1733255645829 892.0 29229056
1733255680088 893.0 29261824
1733255730581 894.0 29294592
1733255764871 895.0 29327360
1733255799280 896.0 29360128
1733255833123 897.0 29392896
1733255867604 898.0 29425664
1733255911608 899.0 29458432
1733255945485 900.0 29491200
1733255979589 901.0 29523968
1733256013868 902.0 29556736
1733256048534 903.0 29589504
1733256093730 904.0 29622272
1733256127788 905.0 29655040
1733256161943 906.0 29687808
1733256196620 907.0 29720576
1733256237460 908.0 29753344
1733256279749 909.0 29786112
1733256313628 910.0 29818880
1733256348750 911.0 29851648
1733256390524 912.0 29884416
1733256424381 913.0 29917184
1733256467735 914.0 29949952
1733256501954 915.0 29982720
1733256543876 916.0 30015488
1733256578299 917.0 30048256
1733256620855 918.0 30081024
1733256662636 919.0 30113792
1733256696521 920.0 30146560
1733256731199 921.0 30179328
1733256766061 922.0 30212096
1733256809509 923.0 30244864
1733256843267 924.0 30277632
1733256877408 925.0 30310400
1733256911553 926.0 30343168
1733256946060 927.0 30375936
1733256988743 928.0 30408704
1733257022324 929.0 30441472
1733257056810 930.0 30474240
1733257091121 931.0 30507008
1733257133153 932.0 30539776
1733257176264 933.0 30572544
1733257210323 934.0 30605312
1733257244639 935.0 30638080
1733257279092 936.0 30670848
1733257320997 937.0 30703616
1733257363645 938.0 30736384
1733257397476 939.0 30769152
1733257431451 940.0 30801920
1733257466066 941.0 30834688
1733257500249 942.0 30867456
1733257542750 943.0 30900224
1733257577382 944.0 30932992
1733257611282 945.0 30965760
1733257645183 946.0 30998528
1733257679331 947.0 31031296
1733257722561 948.0 31064064
1733257755685 949.0 31096832
1733257790052 950.0 31129600
1733257824083 951.0 31162368
1733257859099 952.0 31195136
1733257901856 953.0 31227904
1733257936246 954.0 31260672
1733257970199 955.0 31293440
1733258004994 956.0 31326208
1733258038811 957.0 31358976
1733258081839 958.0 31391744
1733258116100 959.0 31424512
1733258150716 960.0 31457280
1733258192460 961.0 31490048
1733258235267 962.0 31522816
1733258269254 963.0 31555584
1733258303204 964.0 31588352
1733258337613 965.0 31621120
1733258371846 966.0 31653888
1733258421583 967.0 31686656
1733258463947 968.0 31719424
1733258497828 969.0 31752192
1733258532492 970.0 31784960
1733258566934 971.0 31817728
1733258609895 972.0 31850496
1733258644831 973.0 31883264
1733258679134 974.0 31916032
1733258713581 975.0 31948800
1733258747640 976.0 31981568
1733258790045 977.0 32014336
1733258831628 978.0 32047104
1733258865882 979.0 32079872
1733258900123 980.0 32112640
1733258934089 981.0 32145408
1733258983549 982.0 32178176
1733259016931 983.0 32210944
1733259050344 984.0 32243712
1733259091931 985.0 32276480
1733259125876 986.0 32309248
1733259168122 987.0 32342016
1733259201752 988.0 32374784
1733259235170 989.0 32407552
1733259268783 990.0 32440320
1733259301960 991.0 32473088
1733259344373 992.0 32505856
1733259377688 993.0 32538624
1733259411143 994.0 32571392
1733259444819 995.0 32604160
1733259478515 996.0 32636928
1733259521081 997.0 32669696
1733259553847 998.0 32702464
1733259594524 999.0 32735232
1733259627743 1000.0 32768000
1733259670295 1001.0 32800768
1733259704033 1002.0 32833536
1733259737944 1003.0 32866304
1733259779270 1004.0 32899072
1733259812416 1005.0 32931840
1733259854371 1006.0 32964608
1733259894468 1007.0 32997376
1733259927784 1008.0 33030144
1733259960733 1009.0 33062912
1733259993755 1010.0 33095680
1733260035808 1011.0 33128448
1733260069184 1012.0 33161216
1733260101856 1013.0 33193984
1733260135833 1014.0 33226752
1733260176260 1015.0 33259520
1733260218044 1016.0 33292288
1733260251207 1017.0 33325056
1733260284385 1018.0 33357824
1733260317825 1019.0 33390592
1733260350753 1020.0 33423360
1733260391842 1021.0 33456128
1733260424565 1022.0 33488896
1733260458595 1023.0 33521664
1733260491509 1024.0 33554432
1733260524300 1025.0 33587200
1733260566209 1026.0 33619968
1733260599076 1027.0 33652736
1733260633022 1028.0 33685504
1733260666108 1029.0 33718272
1733260699163 1030.0 33751040
1733260740806 1031.0 33783808
1733260773358 1032.0 33816576
1733260806537 1033.0 33849344
1733260839731 1034.0 33882112
1733260873114 1035.0 33914880
1733260922261 1036.0 33947648
1733260955086 1037.0 33980416
1733260988015 1038.0 34013184
1733261028117 1039.0 34045952
1733261061161 1040.0 34078720
1733261103190 1041.0 34111488
1733261135967 1042.0 34144256
1733261176296 1043.0 34177024
1733261209436 1044.0 34209792
1733261250913 1045.0 34242560
1733261283881 1046.0 34275328
1733261317449 1047.0 34308096
1733261350446 1048.0 34340864
1733261383367 1049.0 34373632
1733261432056 1050.0 34406400
1733261464744 1051.0 34439168
1733261497890 1052.0 34471936
1733261530511 1053.0 34504704
1733261563441 1054.0 34537472
1733261605115 1055.0 34570240
1733261638087 1056.0 34603008
1733261670863 1057.0 34635776
1733261704435 1058.0 34668544
1733261737582 1059.0 34701312
1733261779308 1060.0 34734080
1733261819734 1061.0 34766848
1733261852696 1062.0 34799616
1733261885651 1063.0 34832384
1733261918211 1064.0 34865152
1733261959948 1065.0 34897920
1733261992680 1066.0 34930688
1733262025579 1067.0 34963456
1733262058401 1068.0 34996224
1733262091537 1069.0 35028992
1733262133121 1070.0 35061760
1733262166046 1071.0 35094528
1733262199009 1072.0 35127296
1733262231991 1073.0 35160064
1733262265129 1074.0 35192832
1733262306320 1075.0 35225600
1733262339303 1076.0 35258368
1733262372557 1077.0 35291136
1733262405272 1078.0 35323904
1733262437798 1079.0 35356672
1733262479135 1080.0 35389440
1733262511535 1081.0 35422208
1733262544187 1082.0 35454976
1733262577649 1083.0 35487744
1733262618163 1084.0 35520512
1733262650770 1085.0 35553280
1733262683894 1086.0 35586048
1733262724133 1087.0 35618816
1733262764089 1088.0 35651584
1733262812800 1089.0 35684352
1733262845424 1090.0 35717120
1733262878342 1091.0 35749888
1733262911351 1092.0 35782656
1733262944123 1093.0 35815424
1733262986268 1094.0 35848192
1733263019375 1095.0 35880960
1733263052505 1096.0 35913728
1733263085271 1097.0 35946496
1733263118191 1098.0 35979264
1733263158727 1099.0 36012032
1733263191093 1100.0 36044800
1733263224231 1101.0 36077568
1733263264594 1102.0 36110336
1733263297905 1103.0 36143104
1733263346666 1104.0 36175872
1733263379440 1105.0 36208640
1733263412261 1106.0 36241408
1733263445136 1107.0 36274176
1733263485627 1108.0 36306944
1733263527284 1109.0 36339712
1733263559573 1110.0 36372480
1733263593061 1111.0 36405248
1733263626079 1112.0 36438016
1733263658958 1113.0 36470784
1733263708473 1114.0 36503552
1733263741510 1115.0 36536320
1733263774873 1116.0 36569088
1733263807387 1117.0 36601856
1733263840484 1118.0 36634624
1733263888927 1119.0 36667392
1733263921710 1120.0 36700160
1733263954807 1121.0 36732928
1733263988282 1122.0 36765696
1733264021319 1123.0 36798464
1733264063498 1124.0 36831232
1733264096170 1125.0 36864000
1733264129080 1126.0 36896768
1733264162521 1127.0 36929536
1733264205340 1128.0 36962304
1733264238364 1129.0 36995072
1733264271297 1130.0 37027840
1733264303887 1131.0 37060608
1733264336733 1132.0 37093376
1733264378177 1133.0 37126144
1733264410958 1134.0 37158912
1733264443583 1135.0 37191680
1733264476367 1136.0 37224448
1733264509888 1137.0 37257216
1733264551100 1138.0 37289984
1733264591406 1139.0 37322752
1733264623983 1140.0 37355520
1733264664126 1141.0 37388288
1733264697277 1142.0 37421056
1733264740225 1143.0 37453824
1733264773016 1144.0 37486592
1733264806431 1145.0 37519360
1733264839415 1146.0 37552128
1733264871627 1147.0 37584896
1733264913124 1148.0 37617664
1733264953288 1149.0 37650432
1733264986187 1150.0 37683200
1733265018581 1151.0 37715968
1733265051660 1152.0 37748736
1733265099963 1153.0 37781504
1733265132046 1154.0 37814272
1733265164695 1155.0 37847040
1733265197304 1156.0 37879808
1733265230005 1157.0 37912576
1733265271669 1158.0 37945344
1733265311669 1159.0 37978112
1733265344078 1160.0 38010880
1733265376197 1161.0 38043648
1733265408501 1162.0 38076416
1733265449063 1163.0 38109184
1733265481488 1164.0 38141952
1733265514318 1165.0 38174720
1733265546758 1166.0 38207488
1733265587517 1167.0 38240256
1733265619933 1168.0 38273024
1733265651799 1169.0 38305792
1733265683861 1170.0 38338560
1733265716010 1171.0 38371328
