1733223262574 0.1331512451171875 65536
1733223306266 0.1332305908203125 98304
1733223349695 0.147711181640625 131072
1733223392102 0.170086669921875 160000
1733223437299 0.1787017822265625 196608
1733223480338 0.17242431640625 229376
1733223524773 0.175445556640625 262144
1733223568487 0.1671844482421875 294912
1733223609108 0.1699310302734375 320000
1733223654678 0.1746368408203125 360448
1733223696857 0.1792816162109375 393216
1733223738962 0.1728179931640625 425984
1733223781058 0.1752349853515625 458752
1733223819638 0.1770050048828125 480000
1733223866577 0.1756927490234375 524288
1733223909298 0.1849945068359375 557056
1733223951041 0.1875396728515625 589824
1733223994224 0.1923126220703125 622592
1733224030605 0.200189208984375 640000
1733224079236 0.1998443603515625 688128
1733224121949 0.20008544921875 720896
1733224164328 0.2014312744140625 753664
1733224206600 0.2031890869140625 786432
1733224242082 0.2021759033203125 800000
1733224292824 0.1984130859375 851968
1733224335597 0.2055206298828125 884736
1733224378395 0.2100372314453125 917504
1733224421440 0.2111175537109375 950272
1733224455320 0.2094573974609375 960000
1733224508218 0.206329345703125 1015808
1733224551530 0.2071868896484375 1048576
1733224594751 0.2118896484375 1081344
1733224637756 0.201788330078125 1114112
1733224670326 0.211212158203125 1120000
1733224725937 0.1967376708984375 1179648
1733224768677 0.208868408203125 1212416
1733224811765 0.2009613037109375 1245184
1733224854970 0.204180908203125 1277952
1733224885166 0.199102783203125 1280000
1733224942215 0.2054107666015625 1343488
1733224985258 0.2041229248046875 1376256
1733225028423 0.2058868408203125 1409024
1733225072244 0.2024383544921875 1440000
1733225116855 0.1958892822265625 1474560
1733225159667 0.2017242431640625 1507328
1733225202596 0.198992919921875 1540096
1733225245812 0.204620361328125 1572864
1733225287443 0.1974456787109375 1600000
1733225333521 0.204718017578125 1638400
1733225377828 0.20400390625 1671168
1733225420699 0.2071624755859375 1703936
1733225464070 0.200823974609375 1736704
1733225503250 0.2038177490234375 1760000
1733225550028 0.2009674072265625 1802240
1733225593256 0.1914276123046875 1835008
1733225636343 0.193701171875 1867776
1733225679281 0.1947174072265625 1900544
1733225716910 0.2027374267578125 1920000
1733225766155 0.1998077392578125 1966080
1733225809350 0.1975830078125 1998848
1733225852321 0.2069732666015625 2031616
1733225894860 0.2011444091796875 2064384
1733225931257 0.198101806640625 2080000
1733225983133 0.19803466796875 2129920
1733226026013 0.192413330078125 2162688
1733226069372 0.202093505859375 2195456
1733226112386 0.1909423828125 2228224
1733226146466 0.1967254638671875 2240000
1733226199569 0.19393310546875 2293760
1733226242473 0.1927215576171875 2326528
1733226285033 0.19205322265625 2359296
1733226327856 0.1930999755859375 2392064
1733226361018 0.1966094970703125 2400000
1733226416105 0.1935394287109375 2457600
1733226460233 0.1953887939453125 2490368
1733226504147 0.1847259521484375 2523136
1733226547902 0.197076416015625 2555904
1733226579017 0.191253662109375 2560000
1733226636032 0.1964019775390625 2621440
1733226680312 0.1950531005859375 2654208
1733226723736 0.195684814453125 2686976
1733226767129 0.1879425048828125 2719744
1733226797013 0.1905792236328125 2720000
1733226855504 0.19146728515625 2785280
1733226899655 0.1916656494140625 2818048
1733226943204 0.197442626953125 2850816
1733226986392 0.192388916015625 2880000
1733227031968 0.184979248046875 2916352
1733227075412 0.1887847900390625 2949120
1733227119271 0.19156494140625 2981888
1733227163234 0.192108154296875 3014656
1733227205075 0.182806396484375 3040000
1733227251916 0.1928985595703125 3080192
1733227295841 0.1869720458984375 3112960
1733227339416 0.1908660888671875 3145728
1733227382680 0.1929351806640625 3178496
1733227421350 0.1854095458984375 3200000
1733227470458 0.1882080078125 3244032
1733227514555 0.1842620849609375 3276800
1733227557507 0.1932861328125 3309568
1733227600996 0.1912872314453125 3342336
1733227638426 0.189898681640625 3360000
1733227689028 0.1865570068359375 3407872
1733227732165 0.1846343994140625 3440640
1733227775894 0.18980712890625 3473408
1733227819422 0.1884613037109375 3506176
1733227854737 0.1889801025390625 3520000
1733227906979 0.1851715087890625 3571712
1733227950342 0.18729248046875 3604480
1733227993121 0.18377685546875 3637248
1733228036649 0.1803436279296875 3670016
1733228070223 0.193341064453125 3680000
1733228123860 0.183099365234375 3735552
1733228167077 0.1855255126953125 3768320
1733228210816 0.1822784423828125 3801088
1733228254010 0.1806427001953125 3833856
1733228286003 0.1828460693359375 3840000
1733228341650 0.1890716552734375 3899392
1733228386125 0.1895355224609375 3932160
1733228429057 0.1822479248046875 3964928
1733228473294 0.1860809326171875 3997696
1733228503402 0.1803436279296875 4000000
1733228561043 0.1883636474609375 4063232
1733228604522 0.1817626953125 4096000
1733228648266 0.179998779296875 4128768
1733228692330 0.18721923828125 4160000
1733228736541 0.1804962158203125 4194304
1733228779316 0.1777587890625 4227072
1733228821874 0.1816131591796875 4259840
1733228864852 0.1821044921875 4292608
1733228906095 0.185791015625 4320000
1733228951685 0.1897491455078125 4358144
1733228994739 0.178460693359375 4390912
1733229038676 0.1784759521484375 4423680
1733229082071 0.183306884765625 4456448
1733229122018 0.1783111572265625 4480000
1733229170279 0.1836944580078125 4521984
1733229214107 0.1815673828125 4554752
1733229257553 0.192437744140625 4587520
1733229300811 0.1886077880859375 4620288
1733229338637 0.17919921875 4640000
1733229389406 0.174908447265625 4685824
1733229433542 0.1734649658203125 4718592
1733229476163 0.1791046142578125 4751360
1733229520191 0.1749847412109375 4784128
1733229556496 0.1764190673828125 4800000
1733229608792 0.183538818359375 4849664
1733229653502 0.1772430419921875 4882432
1733229697034 0.184130859375 4915200
1733229741367 0.1758056640625 4947968
1733229776515 0.177520751953125 4960000
1733229829449 0.17706298828125 5013504
1733229873369 0.1846160888671875 5046272
1733229917273 0.1808258056640625 5079040
1733229960902 0.180657958984375 5111808
1733229993980 0.183892822265625 5120000
1733230049315 0.1798736572265625 5177344
1733230092970 0.1845855712890625 5210112
1733230136718 0.18055419921875 5242880
1733230180782 0.1861846923828125 5275648
1733230212292 0.1879730224609375 5280000
1733230271432 0.1814544677734375 5341184
1733230317568 0.17987060546875 5373952
1733230360741 0.1797760009765625 5406720
1733230404974 0.1743316650390625 5439488
1733230435128 0.17454833984375 5440000
1733230495110 0.178875732421875 5505024
1733230538571 0.178741455078125 5537792
1733230583060 0.1849395751953125 5570560
1733230626814 0.18199462890625 5600000
1733230673317 0.1857666015625 5636096
1733230717679 0.179071044921875 5668864
1733230761050 0.1850555419921875 5701632
1733230804566 0.1822174072265625 5734400
1733230845745 0.188079833984375 5760000
1733230892882 0.1775146484375 5799936
1733230936474 0.1818511962890625 5832704
1733230980467 0.1839508056640625 5865472
1733231024105 0.17647705078125 5898240
1733231063880 0.1767913818359375 5920000
1733231112778 0.1782073974609375 5963776
1733231156534 0.1787689208984375 5996544
1733231200199 0.1874969482421875 6029312
1733231244068 0.1756134033203125 6062080
1733231281705 0.178515625 6080000
1733231332561 0.1777862548828125 6127616
1733231376355 0.17508544921875 6160384
1733231420408 0.1817718505859375 6193152
1733231464732 0.1783966064453125 6225920
1733231500413 0.1786529541015625 6240000
1733231552827 0.179095458984375 6291456
1733231596556 0.178155517578125 6324224
1733231640643 0.1794586181640625 6356992
1733231684847 0.1753662109375 6389760
1733231718992 0.175244140625 6400000
1733231772394 0.173260498046875 6455296
1733231817009 0.17435302734375 6488064
1733231862196 0.185040283203125 6520832
1733231905820 0.1819183349609375 6553600
1733231938041 0.1746673583984375 6560000
1733231993064 0.1780792236328125 6619136
1733232037587 0.175482177734375 6651904
1733232080790 0.181646728515625 6684672
1733232124018 0.1751068115234375 6717440
1733232155157 0.1828765869140625 6720000
1733232212299 0.1835601806640625 6782976
1733232257329 0.17449951171875 6815744
1733232300836 0.17440185546875 6848512
1733232344190 0.1809906005859375 6880000
1733232388393 0.178607177734375 6914048
1733232431599 0.176202392578125 6946816
1733232474773 0.1718170166015625 6979584
1733232517975 0.1763153076171875 7012352
1733232559136 0.1805877685546875 7040000
1733232604992 0.181640625 7077888
1733232648947 0.1761016845703125 7110656
1733232692743 0.176678466796875 7143424
1733232736288 0.1724456787109375 7176192
1733232776049 0.172540283203125 7200000
1733232824331 0.1779937744140625 7241728
1733232867490 0.1761138916015625 7274496
1733232910841 0.17545166015625 7307264
1733232954344 0.1789794921875 7340032
1733232992921 0.1757080078125 7360000
1733233042374 0.1771942138671875 7405568
1733233086571 0.177935791015625 7438336
1733233129920 0.1803863525390625 7471104
1733233173839 0.1726348876953125 7503872
1733233210662 0.17646484375 7520000
1733233261396 0.174493408203125 7569408
1733233304650 0.1728515625 7602176
1733233347873 0.1813232421875 7634944
1733233392101 0.1749481201171875 7667712
1733233427912 0.1727508544921875 7680000
1733233480067 0.1767974853515625 7733248
1733233523305 0.175299072265625 7766016
1733233566851 0.1778961181640625 7798784
1733233611122 0.17281494140625 7831552
1733233644508 0.1752838134765625 7840000
1733233700101 0.1728759765625 7897088
1733233744774 0.17900390625 7929856
1733233788718 0.1704345703125 7962624
1733233831786 0.180413818359375 7995392
1733233863286 0.1742828369140625 8000000
1733233920654 0.171929931640625 8060928
1733233964532 0.1768310546875 8093696
1733234008020 0.1757476806640625 8126464
1733234051355 0.1707977294921875 8159232
1733234081015 0.175732421875 8160000
1733234139657 0.173297119140625 8224768
1733234183875 0.1793670654296875 8257536
1733234228119 0.1748992919921875 8290304
1733234270906 0.1728363037109375 8320000
1733234316245 0.179620361328125 8355840
1733234360654 0.1761505126953125 8388608
1733234404305 0.1725341796875 8421376
1733234447874 0.1745941162109375 8454144
1733234489332 0.177099609375 8480000
1733234536433 0.172540283203125 8519680
1733234579278 0.1773834228515625 8552448
1733234622509 0.1785888671875 8585216
1733234666014 0.176556396484375 8617984
1733234705824 0.1778289794921875 8640000
1733234754519 0.1790985107421875 8683520
1733234797945 0.1775482177734375 8716288
1733234841665 0.174609375 8749056
1733234885719 0.174951171875 8781824
1733234923746 0.1746124267578125 8800000
1733234974735 0.17274169921875 8847360
1733235018811 0.1736572265625 8880128
1733235062646 0.175634765625 8912896
1733235107091 0.17840576171875 8945664
1733235144163 0.17774658203125 8960000
1733235196113 0.179376220703125 9011200
1733235240537 0.1769744873046875 9043968
1733235284619 0.1752227783203125 9076736
1733235328123 0.1771942138671875 9109504
1733235361840 0.1759613037109375 9120000
1733235415912 0.1780487060546875 9175040
1733235460306 0.178094482421875 9207808
1733235504166 0.1729888916015625 9240576
1733235547932 0.1763519287109375 9273344
1733235580809 0.169659423828125 9280000
1733235636655 0.1751129150390625 9338880
1733235680330 0.1730377197265625 9371648
1733235724255 0.1754058837890625 9404416
1733235768154 0.1695037841796875 9437184
1733235799117 0.1796905517578125 9440000
1733235856755 0.170062255859375 9502720
1733235900676 0.1743621826171875 9535488
1733235945001 0.17548828125 9568256
1733235988682 0.176971435546875 9600000
1733236033369 0.169952392578125 9633792
1733236076488 0.1732666015625 9666560
1733236120025 0.1719879150390625 9699328
1733236163768 0.1770721435546875 9732096
1733236206267 0.162713623046875 9760000
1733236253006 0.1667449951171875 9797632
1733236297348 0.176708984375 9830400
1733236341146 0.17222900390625 9863168
1733236384918 0.1719482421875 9895936
1733236424716 0.1768524169921875 9920000
1733236472192 0.1780792236328125 9961472
1733236516146 0.17508544921875 9994240
1733236560182 0.1696319580078125 10027008
1733236603303 0.1748779296875 10059776
1733236641674 0.1699249267578125 10080000
1733236691113 0.17447509765625 10125312
1733236735171 0.1756439208984375 10158080
1733236779270 0.1725982666015625 10190848
1733236823076 0.17401123046875 10223616
1733236859978 0.17569580078125 10240000
1733236911329 0.17373046875 10289152
1733236955217 0.171826171875 10321920
1733236999865 0.180841064453125 10354688
1733237043090 0.1720703125 10387456
1733237077822 0.1740631103515625 10400000
1733237130714 0.1700714111328125 10452992
1733237175289 0.1768310546875 10485760
1733237220777 0.1659912109375 10518528
1733237264625 0.1697967529296875 10551296
1733237298469 0.1720550537109375 10560000
1733237355037 0.1741912841796875 10616832
1733237401007 0.173907470703125 10649600
1733237445530 0.1725982666015625 10682368
1733237489151 0.1703704833984375 10715136
1733237520475 0.1747039794921875 10720000
1733237576558 0.1715545654296875 10780672
1733237620274 0.172216796875 10813440
1733237664301 0.1691802978515625 10846208
1733237708587 0.166729736328125 10878976
1733237738312 0.1714630126953125 10880000
1733237796323 0.1734283447265625 10944512
1733237839201 0.171453857421875 10977280
1733237882525 0.161956787109375 11010048
1733237925343 0.1702728271484375 11040000
1733237971242 0.1654052734375 11075584
1733238015220 0.17144775390625 11108352
1733238059694 0.17236328125 11141120
1733238104374 0.168310546875 11173888
1733238146191 0.1720916748046875 11200000
1733238193359 0.168524169921875 11239424
1733238236599 0.17154541015625 11272192
1733238280973 0.1711944580078125 11304960
1733238324945 0.1711761474609375 11337728
1733238365175 0.166290283203125 11360000
1733238415419 0.172845458984375 11403264
1733238460439 0.1739044189453125 11436032
1733238504676 0.173291015625 11468800
1733238549074 0.1665191650390625 11501568
1733238588313 0.1681854248046875 11520000
1733238639678 0.170147705078125 11567104
1733238682515 0.1654388427734375 11599872
1733238725444 0.1682342529296875 11632640
1733238767488 0.1653472900390625 11665408
1733238802828 0.1706634521484375 11680000
1733238854889 0.1710235595703125 11730944
1733238897618 0.1670623779296875 11763712
1733238940703 0.16851806640625 11796480
1733238983445 0.1685882568359375 11829248
1733239016868 0.16453857421875 11840000
1733239070542 0.1733612060546875 11894784
1733239113245 0.17088623046875 11927552
1733239156070 0.177886962890625 11960320
1733239200215 0.1674835205078125 11993088
1733239231620 0.174066162109375 12000000
1733239286455 0.1676605224609375 12058624
1733239328750 0.1673248291015625 12091392
1733239371571 0.169854736328125 12124160
1733239413857 0.17408447265625 12156928
1733239443421 0.170001220703125 12160000
1733239499802 0.16884765625 12222464
1733239542432 0.172998046875 12255232
1733239585272 0.1724090576171875 12288000
1733239627029 0.1673095703125 12320000
1733239669998 0.1665985107421875 12353536
1733239712335 0.1769989013671875 12386304
1733239755548 0.171197509765625 12419072
1733239797670 0.1698638916015625 12451840
1733239838257 0.1762725830078125 12480000
1733239882813 0.1690765380859375 12517376
1733239925851 0.170806884765625 12550144
1733239969043 0.1700042724609375 12582912
1733240011272 0.1732421875 12615680
1733240050731 0.1693817138671875 12640000
1733240096424 0.173809814453125 12681216
1733240139292 0.1656982421875 12713984
1733240182414 0.162286376953125 12746752
1733240224952 0.164837646484375 12779520
1733240262689 0.1746490478515625 12800000
1733240310688 0.1670623779296875 12845056
1733240353698 0.1691680908203125 12877824
1733240396004 0.1680694580078125 12910592
1733240437901 0.1736663818359375 12943360
1733240473404 0.1710479736328125 12960000
1733240523136 0.1715423583984375 13008896
1733240565275 0.1733734130859375 13041664
1733240607113 0.1718017578125 13074432
1733240649609 0.1742340087890625 13107200
1733240683941 0.1685760498046875 13120000
1733240735250 0.172833251953125 13172736
1733240777693 0.163067626953125 13205504
1733240819573 0.165771484375 13238272
1733240861628 0.171484375 13271040
1733240894212 0.1689788818359375 13280000
1733240947896 0.1665496826171875 13336576
1733240990407 0.1687744140625 13369344
1733241032787 0.1707550048828125 13402112
1733241074992 0.1667755126953125 13434880
1733241105983 0.1677398681640625 13440000
1733241160900 0.1693084716796875 13500416
1733241202932 0.170953369140625 13533184
1733241245432 0.168011474609375 13565952
1733241287966 0.1711151123046875 13598720
1733241317121 0.16826171875 13600000
1733241374195 0.16826171875 13664256
1733241417099 0.165313720703125 13697024
1733241459237 0.169134521484375 13729792
1733241501225 0.1688934326171875 13760000
1733241546287 0.17049560546875 13795328
1733241588179 0.17271728515625 13828096
1733241630544 0.1762237548828125 13860864
1733241672715 0.166552734375 13893632
1733241712864 0.1705841064453125 13920000
1733241758660 0.1734161376953125 13959168
1733241800876 0.1693817138671875 13991936
1733241843157 0.1791748046875 14024704
1733241885719 0.1703033447265625 14057472
1733241923993 0.169708251953125 14080000
1733241971261 0.17442626953125 14123008
1733242014132 0.1705963134765625 14155776
1733242056368 0.1706146240234375 14188544
1733242099206 0.1748138427734375 14221312
1733242135805 0.1713714599609375 14240000
1733242185464 0.1685791015625 14286848
1733242227626 0.168841552734375 14319616
1733242270309 0.168756103515625 14352384
1733242312952 0.171099853515625 14385152
1733242347728 0.167413330078125 14400000
1733242398668 0.165008544921875 14450688
1733242441580 0.168731689453125 14483456
1733242483988 0.170782470703125 14516224
1733242526207 0.1688812255859375 14548992
1733242559603 0.1760955810546875 14560000
1733242612295 0.1708251953125 14614528
1733242655043 0.1685211181640625 14647296
1733242697213 0.1688018798828125 14680064
1733242739330 0.1707672119140625 14712832
1733242771071 0.1703033447265625 14720000
1733242824619 0.1668975830078125 14778368
1733242866472 0.1661865234375 14811136
1733242910345 0.1754425048828125 14843904
1733242952914 0.169036865234375 14876672
1733242983324 0.16846923828125 14880000
1733243039641 0.1694610595703125 14942208
1733243082062 0.1688629150390625 14974976
1733243124256 0.1606109619140625 15007744
1733243167339 0.1715545654296875 15040000
1733243210361 0.1618377685546875 15073280
1733243252532 0.1659942626953125 15106048
1733243294902 0.1673248291015625 15138816
1733243336616 0.1706451416015625 15171584
1733243377681 0.1667236328125 15200000
1733243422224 0.1753692626953125 15237120
1733243464740 0.17041015625 15269888
1733243507536 0.16497802734375 15302656
1733243549474 0.17166748046875 15335424
1733243588854 0.1633697509765625 15360000
1733243634678 0.1629119873046875 15400960
1733243677341 0.16846923828125 15433728
1733243719507 0.1651824951171875 15466496
1733243761808 0.1631072998046875 15499264
1733243799445 0.165966796875 15520000
1733243846907 0.168682861328125 15564800
1733243889704 0.16849365234375 15597568
1733243931958 0.1698394775390625 15630336
1733243974082 0.1674713134765625 15663104
1733244010211 0.1685455322265625 15680000
1733244059894 0.16947021484375 15728640
1733244102123 0.1677215576171875 15761408
1733244144604 0.1643951416015625 15794176
1733244187553 0.175341796875 15826944
1733244222468 0.169891357421875 15840000
1733244275153 0.16334228515625 15892480
1733244317320 0.16727294921875 15925248
1733244359455 0.1733367919921875 15958016
1733244401512 0.16898193359375 15990784
1733244434200 0.1663665771484375 16000000
1733244487137 0.1653656005859375 16056320
1733244529424 0.1686859130859375 16089088
1733244571920 0.1666168212890625 16121856
1733244614683 0.1717620849609375 16154624
1733244645433 0.16796875 16160000
1733244700051 0.166668701171875 16220160
1733244742273 0.1723419189453125 16252928
1733244785161 0.1690704345703125 16285696
1733244827597 0.1742584228515625 16318464
1733244856613 0.1675628662109375 16320000
1733244913303 0.1661529541015625 16384000
1733244956395 0.1730010986328125 16416768
1733244999397 0.169842529296875 16449536
1733245042920 0.1663665771484375 16480000
1733245086602 0.1674560546875 16515072
1733245129512 0.17362060546875 16547840
1733245171603 0.16756591796875 16580608
1733245214044 0.1688018798828125 16613376
1733245253903 0.1593292236328125 16640000
1733245299457 0.1697113037109375 16678912
1733245342006 0.170147705078125 16711680
1733245384368 0.1715576171875 16744448
1733245427136 0.16650390625 16777216
1733245465808 0.1707244873046875 16800000
1733245513002 0.1676605224609375 16842752
1733245555951 0.1709381103515625 16875520
1733245598760 0.17110595703125 16908288
1733245641536 0.1665679931640625 16941056
1733245678601 0.168121337890625 16960000
1733245728739 0.1682830810546875 17006592
1733245771480 0.1686309814453125 17039360
1733245813674 0.170208740234375 17072128
1733245856020 0.1709686279296875 17104896
1733245890958 0.163861083984375 17120000
1733245941418 0.163397216796875 17170432
1733245984197 0.166552734375 17203200
1733246026493 0.168231201171875 17235968
1733246068764 0.167620849609375 17268736
1733246102090 0.168511962890625 17280000
