1733223262612 -3.1018934519495813 65536
1733223306524 -3.0703225649427623 98304
1733223349736 -3.0641382224392144 131072
1733223392153 -3.0362320443149655 160000
1733223437390 -3.011097142100334 196608
1733223480372 -2.9937385479453953 229376
1733223525026 -2.9777324287686495 262144
1733223568529 -2.940544900065288 294912
1733223609143 -2.929908360680565 320000
1733223654712 -2.869400233449414 360448
1733223696891 -2.8134298513643445 393216
1733223738995 -2.763779898080975 425984
1733223781108 -2.7052081848494707 458752
1733223819663 -2.672123809810728 480000
1733223866642 -2.620959393726662 524288
1733223909337 -2.5189556680154057 557056
1733223951091 -2.4408032662700863 589824
1733223994253 -2.385272315656766 622592
1733224030667 -2.281270117475651 640000
1733224079269 -2.205280310008675 688128
1733224121998 -2.108650626381859 720896
1733224164369 -2.0211754409829155 753664
1733224206631 -1.9363992227707059 786432
1733224242121 -1.8420999123714865 800000
1733224292907 -1.761700275191106 851968
1733224335643 -1.6827300678007304 884736
1733224378456 -1.5983021605527028 917504
1733224421467 -1.5381206618621945 950272
1733224455350 -1.4708644409896805 960000
1733224508291 -1.4025037944084033 1015808
1733224551587 -1.3493757760617882 1048576
1733224594784 -1.3008178491494617 1081344
1733224637854 -1.2557573467725889 1114112
1733224670352 -1.2170704879332335 1120000
1733224726056 -1.1647397770895622 1179648
1733224768714 -1.1336134793236852 1212416
1733224811845 -1.105689703905955 1245184
1733224854999 -1.0664631869643926 1277952
1733224885205 -1.050115123251453 1280000
1733224942324 -1.0257428407669067 1343488
1733224985292 -1.0013357381569221 1376256
1733225028454 -0.9848240618477575 1409024
1733225072285 -0.9622112860321067 1440000
1733225116910 -0.945444729051087 1474560
1733225159709 -0.9360410683206283 1507328
1733225202634 -0.9120394241064786 1540096
1733225245855 -0.8947515036910773 1572864
1733225287469 -0.8814591625938192 1600000
1733225333780 -0.8643277778639458 1638400
1733225377867 -0.8599073777208105 1671168
1733225420738 -0.8485287640942261 1703936
1733225464116 -0.835277933627367 1736704
1733225503282 -0.8212465239339508 1760000
1733225550057 -0.8115152873215266 1802240
1733225593286 -0.7982336785062216 1835008
1733225636377 -0.7852603796753101 1867776
1733225679318 -0.7827458577172365 1900544
1733225716948 -0.7697506455006078 1920000
1733225766185 -0.7629539386718533 1966080
1733225809397 -0.7595783027354628 1998848
1733225852352 -0.7503510698559694 2031616
1733225894897 -0.742554959282279 2064384
1733225931293 -0.7322455562069081 2080000
1733225983162 -0.7244950468244497 2129920
1733226026059 -0.714901299320627 2162688
1733226069403 -0.7101645726361312 2195456
1733226112424 -0.6965343209914863 2228224
1733226146520 -0.692080433742376 2240000
1733226199621 -0.6813398291589692 2293760
1733226242502 -0.6802214214229025 2326528
1733226285182 -0.6654263407515828 2359296
1733226327953 -0.6607718460087199 2392064
1733226361042 -0.653922328556655 2400000
1733226416143 -0.6424736661429051 2457600
1733226460263 -0.6455249652615749 2490368
1733226504197 -0.6376872143417132 2523136
1733226547944 -0.633477636059979 2555904
1733226579041 -0.6266841605945956 2560000
1733226636144 -0.6286994993570261 2621440
1733226680339 -0.6223364532343112 2654208
1733226723776 -0.612183163932059 2686976
1733226767171 -0.6106630143418442 2719744
1733226797124 -0.6061166926519945 2720000
1733226855525 -0.6083991285588126 2785280
1733226899704 -0.5988336998503655 2818048
1733226943238 -0.5950335399538744 2850816
1733226986423 -0.5900147994456347 2880000
1733227032015 -0.5868868664721958 2916352
1733227075455 -0.5753049513965379 2949120
1733227119332 -0.5817062338057439 2981888
1733227163320 -0.5820814180537127 3014656
1733227205108 -0.5653048462816515 3040000
1733227251949 -0.571524330158718 3080192
1733227295870 -0.5683562941674609 3112960
1733227339452 -0.5657415661902633 3145728
1733227382719 -0.5643630965379998 3178496
1733227421444 -0.5565181732177734 3200000
1733227470513 -0.5456226038455497 3244032
1733227514660 -0.5463049571553711 3276800
1733227557542 -0.5456389732775279 3309568
1733227601059 -0.5403926839353517 3342336
1733227638459 -0.5383652237185743 3360000
1733227689064 -0.5381365447829012 3407872
1733227732194 -0.5317775179515593 3440640
1733227775928 -0.5369189521763473 3473408
1733227819451 -0.5300803213496692 3506176
1733227854762 -0.5244815993472003 3520000
1733227907020 -0.5198330477927812 3571712
1733227950375 -0.5197877064056229 3604480
1733227993167 -0.5139613011735491 3637248
1733228036683 -0.518488607055042 3670016
1733228070348 -0.5180659789009951 3680000
1733228123956 -0.5127368690154981 3735552
1733228167102 -0.5034567635215353 3768320
1733228210867 -0.5023509884078521 3801088
1733228254047 -0.50456693576416 3833856
1733228286029 -0.5015337275399361 3840000
1733228341683 -0.5045130645157769 3899392
1733228386249 -0.49808089864673094 3932160
1733228429090 -0.49140718118287624 3964928
1733228473323 -0.49697719165124 3997696
1733228503440 -0.48519338022451847 4000000
1733228561099 -0.48847323530353604 4063232
1733228604551 -0.4832293202052824 4096000
1733228648288 -0.4790493399370462 4128768
1733228692358 -0.47779885033960456 4160000
1733228736570 -0.4781161203281954 4194304
1733228779353 -0.4714990860084072 4227072
1733228821904 -0.47911388935172 4259840
1733228864882 -0.47711959238513374 4292608
1733228906141 -0.4778811341384426 4320000
1733228951723 -0.4695386215869803 4358144
1733228994772 -0.4695698615920264 4390912
1733229038718 -0.4637516177957878 4423680
1733229082103 -0.4709631221543532 4456448
1733229122100 -0.46808751673670485 4480000
1733229170529 -0.4637253982014954 4521984
1733229214149 -0.46469113923376426 4554752
1733229257583 -0.4660706640104763 4587520
1733229300840 -0.4637602559174411 4620288
1733229338664 -0.45958261265186595 4640000
1733229389660 -0.45116419696132654 4685824
1733229433575 -0.45804128554882484 4718592
1733229476196 -0.4544249899394345 4751360
1733229520232 -0.4528168459713925 4784128
1733229556584 -0.4502302559383679 4800000
1733229609069 -0.44966702662059105 4849664
1733229653579 -0.44571142828208393 4882432
1733229697138 -0.45079913648660297 4915200
1733229741408 -0.4471118530549575 4947968
1733229776537 -0.44413175716181286 4960000
1733229829474 -0.4471319332253188 5013504
1733229873394 -0.4515371035144199 5046272
1733229917306 -0.4505859113589395 5079040
1733229960943 -0.44957375738886185 5111808
1733229994047 -0.4477242837543599 5120000
1733230049349 -0.4457513558038045 5177344
1733230093001 -0.44405053785885684 5210112
1733230136810 -0.4422246323549189 5242880
1733230180873 -0.44540208466933107 5275648
1733230212351 -0.44601204255304766 5280000
1733230272130 -0.4481627460976597 5341184
1733230317705 -0.44117331598536114 5373952
1733230360851 -0.4408325109630823 5406720
1733230405148 -0.43698105291114187 5439488
1733230435437 -0.4345947063731728 5440000
1733230495196 -0.4374277718481608 5505024
1733230538746 -0.43856679064920173 5537792
1733230583172 -0.4384437376807909 5570560
1733230627098 -0.4399042967939749 5600000
1733230673428 -0.43799769822799134 5636096
1733230717766 -0.4348128051497042 5668864
1733230761233 -0.433721944730496 5701632
1733230804623 -0.4382004558225162 5734400
1733230845898 -0.4361289530119393 5760000
1733230893027 -0.43097661461215464 5799936
1733230936595 -0.4295368510123808 5832704
1733230980517 -0.4290440513577778 5865472
1733231024208 -0.4275734521972481 5898240
1733231063962 -0.4315511650929693 5920000
1733231112972 -0.4266769190435298 5963776
1733231156588 -0.4274931623658631 5996544
1733231200259 -0.429181678884197 6029312
1733231244126 -0.42725133656640535 6062080
1733231281764 -0.42343827776785475 6080000
1733231332645 -0.42457089411618654 6127616
1733231376405 -0.4180527502059704 6160384
1733231420691 -0.4218236782995518 6193152
1733231464778 -0.42702404150622897 6225920
1733231500531 -0.41945958201249595 6240000
1733231552893 -0.42116808304563164 6291456
1733231596654 -0.42038980496581646 6324224
1733231640731 -0.4190428606525529 6356992
1733231684907 -0.41397811893257314 6389760
1733231719056 -0.41567233426030725 6400000
1733231772453 -0.4157289881346514 6455296
1733231817259 -0.4130453267949633 6488064
1733231862414 -0.41664804875908884 6520832
1733231905869 -0.4165653442440089 6553600
1733231938073 -0.4075905285921181 6560000
1733231993096 -0.41421329955919645 6619136
1733232037619 -0.4087254662532359 6651904
1733232080879 -0.4124026683566626 6684672
1733232124068 -0.4082111584866652 6717440
1733232155191 -0.4094472114229575 6720000
1733232212548 -0.40812718483794014 6782976
1733232257362 -0.4031649863958592 6815744
1733232300950 -0.4006955066637602 6848512
1733232344242 -0.40939309805398805 6880000
1733232388453 -0.4095352275966434 6914048
1733232431658 -0.4028015034709824 6946816
1733232474803 -0.3994523155153729 6979584
1733232518015 -0.4011730049736798 7012352
1733232559228 -0.3995713014912326 7040000
1733232605023 -0.3949785862932913 7077888
1733232649185 -0.3952521005645394 7110656
1733232692771 -0.39579761314671486 7143424
1733232736323 -0.3988828393019503 7176192
1733232776089 -0.39681659880734516 7200000
1733232824366 -0.397618120216066 7241728
1733232867520 -0.3964578509796411 7274496
1733232910874 -0.393276462785434 7307264
1733232954455 -0.40226217684394217 7340032
1733232992949 -0.3950645337812603 7360000
1733233042401 -0.3976044275157619 7405568
1733233086613 -0.3973907590669114 7438336
1733233129974 -0.4029984487744514 7471104
1733233173873 -0.39442556986177807 7503872
1733233210685 -0.39338429617346266 7520000
1733233261420 -0.3882851513917558 7569408
1733233304705 -0.38990379475289955 7602176
1733233347910 -0.3935010005516233 7634944
1733233392381 -0.3906445260188775 7667712
1733233427937 -0.38785383240610827 7680000
1733233480105 -0.3864435948024038 7733248
1733233523357 -0.39067345928924624 7766016
1733233566912 -0.38633070620999205 7798784
1733233611147 -0.3900832194573013 7831552
1733233644542 -0.38546521158714314 7840000
1733233700373 -0.3876795511692762 7897088
1733233744818 -0.38782264015171675 7929856
1733233788755 -0.3798562179406872 7962624
1733233831834 -0.3863642468350008 7995392
1733233863331 -0.3856455325527349 8000000
1733233920691 -0.38689323243743273 8060928
1733233964576 -0.39073072478640825 8093696
1733234008066 -0.39020400419831275 8126464
1733234051396 -0.38308687078242654 8159232
1733234081083 -0.38330783087585585 8160000
1733234139703 -0.38060586402425545 8224768
1733234183921 -0.3833757406275254 8257536
1733234228178 -0.37586055231513454 8290304
1733234270985 -0.37537753756623715 8320000
1733234316279 -0.3830220652627759 8355840
1733234360732 -0.3770286203332944 8388608
1733234404356 -0.38080237867543476 8421376
1733234448023 -0.38112569734803403 8454144
1733234489417 -0.38085516486607957 8480000
1733234536481 -0.3778731311409501 8519680
1733234579318 -0.38203162036370486 8552448
1733234622541 -0.3791976515436545 8585216
1733234666050 -0.3748912356328219 8617984
1733234705852 -0.3769112405978376 8640000
1733234754549 -0.37594220642058646 8683520
1733234797980 -0.37761026654043234 8716288
1733234841751 -0.3779370670003118 8749056
1733234885774 -0.37698087278404274 8781824
1733234923777 -0.3770634154963773 8800000
1733234974783 -0.3769306068745209 8847360
1733235018863 -0.3794179549557157 8880128
1733235062798 -0.37977693813154473 8912896
1733235107344 -0.3768861261662096 8945664
1733235144194 -0.37808294835558626 8960000
1733235196159 -0.37868254888453523 9011200
1733235240799 -0.3719920205388917 9043968
1733235284674 -0.3780981069459813 9076736
1733235328263 -0.37606088535976595 9109504
1733235361868 -0.36965854802692777 9120000
1733235416270 -0.37296534994384273 9175040
1733235460372 -0.37435812613985037 9207808
1733235504196 -0.3687619223172078 9240576
1733235547970 -0.3676590624236269 9273344
1733235580910 -0.3645686916774139 9280000
1733235636703 -0.36996774837898555 9338880
1733235680449 -0.3696796053904109 9371648
1733235724309 -0.37159881260595284 9404416
1733235768222 -0.36840746802918145 9437184
1733235799154 -0.37458015331067146 9440000
1733235856799 -0.3697220362606458 9502720
1733235900839 -0.37430871845281216 9535488
1733235945076 -0.36995385475165676 9568256
1733235988715 -0.36916570786270314 9600000
1733236033406 -0.3653412176441634 9633792
1733236076531 -0.36371784531802404 9666560
1733236120111 -0.3687723424489377 9699328
1733236163801 -0.3672970162733691 9732096
1733236206296 -0.36427220557525286 9760000
1733236253269 -0.3606625949323643 9797632
1733236297394 -0.37132519435544964 9830400
1733236341285 -0.36600551614828875 9863168
1733236384955 -0.3659830272139516 9895936
1733236424760 -0.367502599832369 9920000
1733236472268 -0.3711836437491002 9961472
1733236516179 -0.3646729121392127 9994240
1733236560219 -0.3633037746272748 10027008
1733236603341 -0.36429235776595303 10059776
1733236641700 -0.3637132657750044 10080000
1733236691147 -0.3683526965760393 10125312
1733236735201 -0.366456693818327 10158080
1733236779301 -0.362804358304129 10190848
1733236823108 -0.3669653029879555 10223616
1733236860005 -0.3634835889068199 10240000
1733236911383 -0.36088188530120535 10289152
1733236955283 -0.35997032835439313 10321920
1733236999991 -0.35971339627576526 10354688
1733237043125 -0.36124751074821687 10387456
1733237077839 -0.36289081652648747 10400000
1733237130778 -0.35901196086779236 10452992
1733237175564 -0.35762333578022665 10485760
1733237220901 -0.3570118162460858 10518528
1733237264788 -0.3621457956120139 10551296
1733237298532 -0.3620843217271613 10560000
1733237355419 -0.3591263111098669 10616832
1733237401410 -0.35814365673577414 10649600
1733237445565 -0.3552726270630956 10682368
1733237489210 -0.35608880591753406 10715136
1733237520495 -0.3558294698945247 10720000
1733237576586 -0.3536702996992972 10780672
1733237620334 -0.35597375440702306 10813440
1733237664404 -0.3510137015982764 10846208
1733237708665 -0.3514820326177869 10878976
1733237738344 -0.3542728495231131 10880000
1733237796357 -0.3571552402427187 10944512
1733237839248 -0.35448545463441405 10977280
1733237882577 -0.3511717387998942 11010048
1733237925438 -0.3528926842409419 11040000
1733237971286 -0.35191453075094614 11075584
1733238015490 -0.35446490270551295 11108352
1733238059734 -0.35214821208501235 11141120
1733238104627 -0.3495333426166326 11173888
1733238146215 -0.3512611363781616 11200000
1733238193390 -0.3554755913675763 11239424
1733238236643 -0.35244495725492014 11272192
1733238281249 -0.34961569095612505 11304960
1733238325016 -0.35214492115483154 11337728
1733238365441 -0.34727231970464345 11360000
1733238415702 -0.351696720145992 11403264
1733238460756 -0.35158586653124074 11436032
1733238504738 -0.35130644714226944 11468800
1733238549354 -0.3499686655472033 11501568
1733238588568 -0.34635341448301915 11520000
1733238639716 -0.34470910574600566 11567104
1733238682565 -0.3421933970937971 11599872
1733238725479 -0.34613187685026786 11632640
1733238767563 -0.3436390761315124 11665408
1733238803145 -0.3465358910470968 11680000
1733238854962 -0.3491408584624878 11730944
1733238897661 -0.34736625614750666 11763712
1733238940801 -0.3502147115272237 11796480
1733238983522 -0.3437243894237326 11829248
1733239017166 -0.34630372215469835 11840000
1733239070598 -0.34759419316251294 11894784
1733239113333 -0.3493937681661919 11927552
1733239156312 -0.35009278976067437 11960320
1733239200256 -0.3462867184192874 11993088
1733239231670 -0.3461626526754117 12000000
1733239286484 -0.3429342898889445 12058624
1733239328867 -0.3437812587420922 12091392
1733239371596 -0.3458868476562202 12124160
1733239413905 -0.3424966673803283 12156928
1733239443537 -0.34039837931632067 12160000
1733239499832 -0.3386798849212937 12222464
1733239542457 -0.34207038625900166 12255232
1733239585304 -0.3402924620255362 12288000
1733239627058 -0.34565343507856594 12320000
1733239670043 -0.3410491758055286 12353536
1733239712365 -0.34611692478938494 12386304
1733239755623 -0.34157935390539934 12419072
1733239797706 -0.3423038951936178 12451840
1733239838287 -0.3465459911443759 12480000
1733239882855 -0.3424960881267907 12517376
1733239925890 -0.34841995810566007 12550144
1733239969087 -0.34303302789339796 12582912
1733240011380 -0.34483582445827776 12615680
1733240050777 -0.34241164577542804 12640000
1733240096455 -0.34143671771744266 12681216
1733240139431 -0.34117957977578045 12713984
1733240182442 -0.3374453157535754 12746752
1733240224993 -0.3375203764648177 12779520
1733240262741 -0.34012894439511 12800000
1733240310714 -0.34033806425868535 12845056
1733240353742 -0.3428304192464566 12877824
1733240396034 -0.34100903692014983 12910592
1733240437938 -0.341549002515967 12943360
1733240473428 -0.34152621284883933 12960000
1733240523180 -0.3434968807239784 13008896
1733240565316 -0.3414879758725874 13041664
1733240607140 -0.33854696359485387 13074432
1733240649629 -0.34060727028991095 13107200
1733240683958 -0.3385707583540352 13120000
1733240735288 -0.3397807928733528 13172736
1733240777728 -0.3323680347239133 13205504
1733240819605 -0.3330399618338561 13238272
1733240861651 -0.3346830465394305 13271040
1733240894237 -0.3326049163675634 13280000
1733240947924 -0.33042356014775576 13336576
1733240990439 -0.3309897558472585 13369344
1733241032820 -0.3308117987064179 13402112
1733241075025 -0.3312961729650851 13434880
1733241105999 -0.32669587729906197 13440000
1733241160943 -0.3310410124686314 13500416
1733241202989 -0.32931863609992434 13533184
1733241245474 -0.32981629093992526 13565952
1733241288021 -0.33414594525820573 13598720
1733241317150 -0.3346279199817218 13600000
1733241374303 -0.32734954400511923 13664256
1733241417139 -0.32913259511988147 13697024
1733241459265 -0.3343744127661921 13729792
1733241501266 -0.3294241902272915 13760000
1733241546342 -0.3369394665933214 13795328
1733241588208 -0.3396415948693175 13828096
1733241630571 -0.339414303941885 13860864
1733241672759 -0.3373354957497213 13893632
1733241712895 -0.3355170542752603 13920000
1733241758784 -0.3414130727149313 13959168
1733241800900 -0.33728580938477537 13991936
1733241843235 -0.34148852788493966 14024704
1733241885761 -0.33536516679741907 14057472
1733241924015 -0.3360434426198481 14080000
1733241971355 -0.33700211385148576 14123008
1733242014165 -0.3334128991991747 14155776
1733242056420 -0.33162624661345036 14188544
1733242099242 -0.334332973745768 14221312
1733242135839 -0.33333736791682894 14240000
1733242185548 -0.3308178144361591 14286848
1733242227682 -0.32906700343301054 14319616
1733242270458 -0.3290220330614829 14352384
1733242312987 -0.3279834609333193 14385152
1733242347757 -0.32603575133834967 14400000
1733242398718 -0.3296265817101812 14450688
1733242441644 -0.33255698963184843 14483456
1733242484042 -0.32790707532840313 14516224
1733242526253 -0.3274985703494167 14548992
1733242559648 -0.3321458686317783 14560000
1733242612321 -0.3300654368271353 14614528
1733242655259 -0.32538576951483267 14647296
1733242697243 -0.3254040630476084 14680064
1733242739367 -0.3278130700724432 14712832
1733242771196 -0.32371226072427817 14720000
1733242824651 -0.3226943338813726 14778368
1733242866496 -0.3245607061428018 14811136
1733242910416 -0.3257578485063277 14843904
1733242952954 -0.32484991720702966 14876672
1733242983351 -0.3246544760389952 14880000
1733243039678 -0.318568062162376 14942208
1733243082094 -0.32026630856853444 14974976
1733243124295 -0.31573229321220425 15007744
1733243167367 -0.3260220026830211 15040000
1733243210473 -0.32424474633007777 15073280
1733243252558 -0.3214341414364753 15106048
1733243294937 -0.3203538446163293 15138816
1733243336641 -0.32294416190707126 15171584
1733243377705 -0.32004120739002245 15200000
1733243422272 -0.32774981658149044 15237120
1733243464835 -0.3240940776624484 15269888
1733243507579 -0.32532359135511796 15302656
1733243549504 -0.3256315363192698 15335424
1733243588880 -0.3229979886789806 15360000
1733243634720 -0.32086615096486637 15400960
1733243677369 -0.32152668948983776 15433728
1733243719537 -0.3236895430163713 15466496
1733243761849 -0.32031931174278727 15499264
1733243799463 -0.32622206218948124 15520000
1733243847009 -0.3171876170410542 15564800
1733243889728 -0.3205331851291703 15597568
1733243932009 -0.32288916992547456 15630336
1733243974117 -0.3191660265671089 15663104
1733244010234 -0.31849775125738233 15680000
1733244059926 -0.32051799619803206 15728640
1733244102169 -0.32134956800728104 15761408
1733244144648 -0.3191016369586578 15794176
1733244187579 -0.3235197175032226 15826944
1733244222755 -0.3227657480398193 15840000
1733244275198 -0.32092826633597726 15892480
1733244317353 -0.3194753420102643 15925248
1733244359521 -0.3258572591410484 15958016
1733244401539 -0.3208567206602311 15990784
1733244434234 -0.3246332963812165 16000000
1733244487193 -0.31713066254160366 16056320
1733244529529 -0.3164318103750702 16089088
1733244571943 -0.3238954360771459 16121856
1733244614706 -0.3211611149774399 16154624
1733244645480 -0.3184703865787014 16160000
1733244700083 -0.31828213128610516 16220160
1733244742302 -0.32288564582413526 16252928
1733244785265 -0.32031789171742275 16285696
1733244827790 -0.321091211392195 16318464
1733244856642 -0.32408271996537225 16320000
1733244913343 -0.31910086088464595 16384000
1733244956510 -0.32239674251468387 16416768
1733244999650 -0.3222647746297298 16449536
1733245042980 -0.3183738836349221 16480000
1733245086695 -0.31650343753863125 16515072
1733245129616 -0.32039487283327617 16547840
1733245171645 -0.3139172024006257 16580608
1733245214070 -0.3185814431752078 16613376
1733245253936 -0.3102303718915209 16640000
1733245299501 -0.3195614407566609 16678912
1733245342037 -0.31652335841790774 16711680
1733245384400 -0.3186414808325935 16744448
1733245427168 -0.32099956249294337 16777216
1733245465854 -0.31925652018398976 16800000
1733245513034 -0.3177448511007242 16842752
1733245556003 -0.3228579752496444 16875520
1733245598794 -0.3202880225289846 16908288
1733245641615 -0.31586877098307015 16941056
1733245678876 -0.31584993963479063 16960000
1733245728771 -0.316337508847937 17006592
1733245771514 -0.31871351331064945 17039360
1733245813706 -0.31109470459632577 17072128
1733245856053 -0.31353421655949204 17104896
1733245890985 -0.3120927476120414 17120000
1733245941448 -0.3110226424789289 17170432
1733245984235 -0.31270596823305824 17203200
1733246026531 -0.31680002993089146 17235968
1733246068795 -0.3138554759847466 17268736
1733246102118 -0.315970970451599 17280000
