1733223262629 -1.4536526203155518 65536
1733223306666 -0.1626119613647461 98304
1733223349744 0.25745993852615356 131072
1733223392169 0.4221891164779663 160000
1733223437402 0.5243045389652252 196608
1733223480413 0.49747389554977417 229376
1733223525184 0.5408143401145935 262144
1733223568538 0.5936749875545502 294912
1733223609151 0.5504708588123322 320000
1733223654729 0.5634352266788483 360448
1733223696902 0.5618847608566284 393216
1733223739004 0.5324198603630066 425984
1733223781123 0.5596383213996887 458752
1733223819671 0.5316686034202576 480000
1733223866713 0.49911820888519287 524288
1733223909345 0.48932725191116333 557056
1733223951113 0.47931236028671265 589824
1733223994289 0.4937477707862854 622592
1733224030713 0.47278159856796265 640000
1733224079277 0.46829909086227417 688128
1733224122006 0.44348400831222534 720896
1733224164377 0.4378635883331299 753664
1733224206640 0.4030911922454834 786432
1733224242129 0.40314221382141113 800000
1733224292923 0.344016969203949 851968
1733224335651 0.37640559673309326 884736
1733224378467 0.40655308961868286 917504
1733224421476 0.4075976610183716 950272
1733224455383 0.4461604952812195 960000
1733224508306 0.47170311212539673 1015808
1733224551606 0.5436513125896454 1048576
1733224594802 0.5743303894996643 1081344
1733224637862 0.6364304721355438 1114112
1733224670360 0.6218403875827789 1120000
1733224726078 0.659334808588028 1179648
1733224768727 0.6646566987037659 1212416
1733224811862 0.6973535418510437 1245184
1733224855013 0.7047673165798187 1277952
1733224885213 0.716224730014801 1280000
1733224942345 0.7333097755908966 1343488
1733224985301 0.7347221076488495 1376256
1733225028467 0.7152614593505859 1409024
1733225072298 0.7327810227870941 1440000
1733225116919 0.7357686460018158 1474560
1733225159717 0.7367465794086456 1507328
1733225202644 0.7477266788482666 1540096
1733225245864 0.7085518836975098 1572864
1733225287477 0.7220891416072845 1600000
1733225333908 0.7415124773979187 1638400
1733225377875 0.720565140247345 1671168
1733225420746 0.7311816215515137 1703936
1733225464125 0.7573500722646713 1736704
1733225503306 0.7417134940624237 1760000
1733225550066 0.7731448858976364 1802240
1733225593321 0.7577534466981888 1835008
1733225636389 0.7698303163051605 1867776
1733225679328 0.7431177198886871 1900544
1733225716958 0.733166366815567 1920000
1733225766206 0.7764845341444016 1966080
1733225809414 0.7868234366178513 1998848
1733225852360 0.7673953324556351 2031616
1733225894905 0.770425945520401 2064384
1733225931311 0.7720833867788315 2080000
1733225983172 0.7673069089651108 2129920
1733226026092 0.7775387167930603 2162688
1733226069421 0.7864697575569153 2195456
1733226112432 0.8071175217628479 2228224
1733226146539 0.7641130685806274 2240000
1733226199632 0.7919750362634659 2293760
1733226242511 0.7872473299503326 2326528
1733226285199 0.8185423016548157 2359296
1733226327966 0.7999567538499832 2392064
1733226361050 0.7938394993543625 2400000
1733226416198 0.8036450147628784 2457600
1733226460271 0.7813804000616074 2490368
1733226504208 0.7895780205726624 2523136
1733226547953 0.7774878889322281 2555904
1733226579052 0.8047525137662888 2560000
1733226636168 0.8172927051782608 2621440
1733226680347 0.7989914268255234 2654208
1733226723784 0.8289383351802826 2686976
1733226767223 0.8223191499710083 2719744
1733226797179 0.8010909259319305 2720000
1733226855537 0.8117847293615341 2785280
1733226899715 0.8244472593069077 2818048
1733226943263 0.7834209948778152 2850816
1733226986431 0.8259886652231216 2880000
1733227032039 0.8267422467470169 2916352
1733227075473 0.7994949370622635 2949120
1733227119367 0.8133144825696945 2981888
1733227163338 0.7886258512735367 3014656
1733227205122 0.8534531891345978 3040000
1733227251962 0.7866001278162003 3080192
1733227295881 0.8261603862047195 3112960
1733227339461 0.8169386982917786 3145728
1733227382731 0.8253138214349747 3178496
1733227421457 0.8252442330121994 3200000
1733227470538 0.8015009015798569 3244032
1733227514706 0.8590344339609146 3276800
1733227557554 0.8311302363872528 3309568
1733227601129 0.7987460196018219 3342336
1733227638471 0.8167885988950729 3360000
1733227689073 0.8224975913763046 3407872
1733227732239 0.80159692466259 3440640
1733227775939 0.8192811459302902 3473408
1733227819459 0.8282003253698349 3506176
1733227854774 0.8370778411626816 3520000
1733227907036 0.813232809305191 3571712
1733227950392 0.770464763045311 3604480
1733227993184 0.8242829442024231 3637248
1733228036695 0.8507210910320282 3670016
1733228070377 0.7871878296136856 3680000
1733228124042 0.842460885643959 3735552
1733228167110 0.7874302268028259 3768320
1733228210894 0.8272736519575119 3801088
1733228254059 0.8342330008745193 3833856
1733228286042 0.8305517435073853 3840000
1733228341720 0.8254211992025375 3899392
1733228386262 0.8138270378112793 3932160
1733228429121 0.8125373870134354 3964928
1733228473336 0.7952555567026138 3997696
1733228503457 0.8256426453590393 4000000
1733228561115 0.821357399225235 4063232
1733228604564 0.8154380768537521 4096000
1733228648300 0.8290991932153702 4128768
1733228692371 0.8122712522745132 4160000
1733228736587 0.8040781766176224 4194304
1733228779366 0.8491190522909164 4227072
1733228821916 0.8063001036643982 4259840
1733228864894 0.8267122358083725 4292608
1733228906154 0.792041540145874 4320000
1733228951735 0.7906223684549332 4358144
1733228994786 0.8344767987728119 4390912
1733229038731 0.820388600230217 4423680
1733229082113 0.8171630948781967 4456448
1733229122151 0.8350736051797867 4480000
1733229170650 0.8169962167739868 4521984
1733229214182 0.818870797753334 4554752
1733229257595 0.821549654006958 4587520
1733229300848 0.7840442359447479 4620288
1733229338675 0.8262407183647156 4640000
1733229389789 0.866514652967453 4685824
1733229433584 0.8516643643379211 4718592
1733229476204 0.8483384549617767 4751360
1733229520244 0.8545809537172318 4784128
1733229556622 0.8458579778671265 4800000
1733229609208 0.800910472869873 4849664
1733229653632 0.8544333130121231 4882432
1733229697222 0.8469677567481995 4915200
1733229741417 0.85111303627491 4947968
1733229776557 0.8388809710741043 4960000
1733229829482 0.8547790795564651 5013504
1733229873402 0.821059912443161 5046272
1733229917316 0.8334867060184479 5079040
1733229960961 0.8463815450668335 5111808
1733229994067 0.8413453549146652 5120000
1733230049373 0.8691306710243225 5177344
1733230093012 0.8149242848157883 5210112
1733230136918 0.8336284011602402 5242880
1733230180896 0.8247532099485397 5275648
1733230212395 0.807260200381279 5280000
1733230272302 0.8381456583738327 5341184
1733230317784 0.8180881142616272 5373952
1733230360889 0.823686346411705 5406720
1733230405315 0.8518199175596237 5439488
1733230435560 0.8711360394954681 5440000
1733230495237 0.8533856123685837 5505024
1733230538820 0.825319692492485 5537792
1733230583183 0.8189676254987717 5570560
1733230627235 0.8125248104333878 5600000
1733230673449 0.8103765249252319 5636096
1733230717806 0.8401769995689392 5668864
1733230761280 0.8740704357624054 5701632
1733230804702 0.8689120411872864 5734400
1733230845941 0.8120899051427841 5760000
1733230893065 0.8343813717365265 5799936
1733230936658 0.8190160244703293 5832704
1733230980550 0.8452826142311096 5865472
1733231024276 0.8471409529447556 5898240
1733231063988 0.8494716435670853 5920000
1733231113005 0.8575252145528793 5963776
1733231156609 0.8338912278413773 5996544
1733231200288 0.8027154952287674 6029312
1733231244186 0.8615625649690628 6062080
1733231281850 0.842975378036499 6080000
1733231332682 0.8686563521623611 6127616
1733231376486 0.8794874548912048 6160384
1733231420886 0.840038612484932 6193152
1733231464795 0.8333651423454285 6225920
1733231500596 0.853782132267952 6240000
1733231552922 0.8624613881111145 6291456
1733231596721 0.8745039403438568 6324224
1733231640757 0.8245806097984314 6356992
1733231684923 0.8387911766767502 6389760
1733231719112 0.8395674824714661 6400000
1733231772535 0.8576958477497101 6455296
1733231817385 0.8672577440738678 6488064
1733231862516 0.8094133138656616 6520832
1733231905887 0.8059524744749069 6553600
1733231938090 0.8467536717653275 6560000
1733231993113 0.8311109691858292 6619136
1733232037635 0.8670481145381927 6651904
1733232080899 0.8538921028375626 6684672
1733232124125 0.8067744970321655 6717440
1733232155208 0.8008613139390945 6720000
1733232212732 0.7768441885709763 6782976
1733232257379 0.8153589218854904 6815744
1733232300974 0.8131743371486664 6848512
1733232344273 0.8126643002033234 6880000
1733232388468 0.8033110648393631 6914048
1733232431676 0.8253364861011505 6946816
1733232474821 0.8491744250059128 6979584
1733232518026 0.8283177018165588 7012352
1733232559291 0.8299156427383423 7040000
1733232605034 0.8148594349622726 7077888
1733232649305 0.8423560857772827 7110656
1733232692783 0.8346260637044907 7143424
1733232736331 0.8598015755414963 7176192
1733232776108 0.872688427567482 7200000
1733232824378 0.8476692885160446 7241728
1733232867540 0.8684774786233902 7274496
1733232910885 0.8901511281728745 7307264
1733232954524 0.8398002237081528 7340032
1733232992961 0.8295543938875198 7360000
1733233042413 0.8560003191232681 7405568
1733233086626 0.8576835840940475 7438336
1733233129991 0.8263932764530182 7471104
1733233173889 0.8513251096010208 7503872
1733233210698 0.8601696640253067 7520000
1733233261432 0.8702301681041718 7569408
1733233304758 0.9001753851771355 7602176
1733233347995 0.7972964197397232 7634944
1733233392510 0.8193160593509674 7667712
1733233427949 0.8437080979347229 7680000
1733233480117 0.8426022529602051 7733248
1733233523372 0.8579864650964737 7766016
1733233566993 0.8367699086666107 7798784
1733233611156 0.8519197404384613 7831552
1733233644558 0.8654570430517197 7840000
1733233700503 0.8637727051973343 7897088
1733233744839 0.8414502143859863 7929856
1733233788768 0.8739017844200134 7962624
1733233831876 0.8163122683763504 7995392
1733233863340 0.8308075815439224 8000000
1733233920704 0.8749586492776871 8060928
1733233964592 0.864354819059372 8093696
1733234008083 0.8441483676433563 8126464
1733234051413 0.8483542054891586 8159232
1733234081132 0.8420502543449402 8160000
1733234139719 0.851265013217926 8224768
1733234183936 0.8391602039337158 8257536
1733234228203 0.852691113948822 8290304
1733234270995 0.8695289045572281 8320000
1733234316296 0.8014798760414124 8355840
1733234360752 0.8608385622501373 8388608
1733234404367 0.8452932983636856 8421376
1733234448138 0.7867708206176758 8454144
1733234489461 0.8245802968740463 8480000
1733234536491 0.8147731721401215 8519680
1733234579393 0.8556728810071945 8552448
1733234622555 0.8479734063148499 8585216
1733234666059 0.8601585626602173 8617984
1733234705872 0.8694786876440048 8640000
1733234754557 0.8621516823768616 8683520
1733234797993 0.8183595240116119 8716288
1733234841807 0.829560786485672 8749056
1733234885823 0.8728971630334854 8781824
1733234923789 0.8378040790557861 8800000
1733234974795 0.859642744064331 8847360
1733235018880 0.8759471997618675 8880128
1733235062821 0.8547885119915009 8912896
1733235107471 0.8618306070566177 8945664
1733235144207 0.8498521447181702 8960000
1733235196169 0.8139823526144028 9011200
1733235240958 0.8745997101068497 9043968
1733235284727 0.8658830523490906 9076736
1733235328280 0.828464925289154 9109504
1733235361880 0.8423394411802292 9120000
1733235416390 0.8802642822265625 9175040
1733235460411 0.8346007764339447 9207808
1733235504217 0.8649283796548843 9240576
1733235547982 0.8380394876003265 9273344
1733235580959 0.8579446971416473 9280000
1733235636714 0.8704217374324799 9338880
1733235680468 0.8792322650551796 9371648
1733235724375 0.8677879571914673 9404416
1733235768261 0.849046379327774 9437184
1733235799167 0.8443105071783066 9440000
1733235856815 0.8356663286685944 9502720
1733235900899 0.8585235327482224 9535488
1733235945143 0.8692983537912369 9568256
1733235988737 0.8384217023849487 9600000
1733236033422 0.8873647749423981 9633792
1733236076543 0.8895776718854904 9666560
1733236120153 0.8758864477276802 9699328
1733236163810 0.844620555639267 9732096
1733236206305 0.8768443837761879 9760000
1733236253406 0.8941321820020676 9797632
1733236297425 0.8342164158821106 9830400
1733236341331 0.8705175369977951 9863168
1733236384968 0.8504231870174408 9895936
1733236424778 0.8374541401863098 9920000
1733236472336 0.8543071150779724 9961472
1733236516188 0.8472553342580795 9994240
1733236560233 0.8940818905830383 10027008
1733236603354 0.8533459901809692 10059776
1733236641709 0.8706538081169128 10080000
1733236691163 0.8528946936130524 10125312
1733236735208 0.8335612267255783 10158080
1733236779313 0.8124743849039078 10190848
1733236823117 0.7996924966573715 10223616
1733236860016 0.8021944016218185 10240000
1733236911442 0.8461523205041885 10289152
1733236955291 0.8528269678354263 10321920
1733237000040 0.8392900079488754 10354688
1733237043165 0.8614034503698349 10387456
1733237077847 0.8541745543479919 10400000
1733237130811 0.8610310852527618 10452992
1733237175693 0.8271982073783875 10485760
1733237220916 0.8434418141841888 10518528
1733237264825 0.849260076880455 10551296
1733237298549 0.8530772179365158 10560000
1733237355728 0.8269167840480804 10616832
1733237401518 0.8450661450624466 10649600
1733237445574 0.8500079661607742 10682368
1733237489227 0.8560661375522614 10715136
1733237520508 0.8233726471662521 10720000
1733237576592 0.8620583862066269 10780672
1733237620365 0.8535673320293427 10813440
1733237664432 0.8477341830730438 10846208
1733237708697 0.8776925504207611 10878976
1733237738373 0.8282599598169327 10880000
1733237796370 0.850945308804512 10944512
1733237839262 0.8425780236721039 10977280
1733237882619 0.8639047741889954 11010048
1733237925479 0.849602684378624 11040000
1733237971303 0.8516716808080673 11075584
1733238015645 0.8431648015975952 11108352
1733238059791 0.8412513881921768 11141120
1733238104769 0.8627524971961975 11173888
1733238146227 0.8674961477518082 11200000
1733238193401 0.8330701291561127 11239424
1733238236655 0.8389618992805481 11272192
1733238281382 0.8537946492433548 11304960
1733238325029 0.8576342761516571 11337728
1733238365575 0.8898883759975433 11360000
1733238415819 0.8454052209854126 11403264
1733238460897 0.8665909171104431 11436032
1733238504772 0.8752793222665787 11468800
1733238549480 0.870213657617569 11501568
1733238588707 0.8438677489757538 11520000
1733238639732 0.8804785087704659 11567104
1733238682575 0.8832084536552429 11599872
1733238725492 0.8881789818406105 11632640
1733238767607 0.9134839624166489 11665408
1733238803263 0.8604776561260223 11680000
1733238854977 0.8192681074142456 11730944
1733238897709 0.8553926944732666 11763712
1733238940817 0.8468723446130753 11796480
1733238983556 0.8446196019649506 11829248
1733239017303 0.8544827699661255 11840000
1733239070617 0.8700918704271317 11894784
1733239113415 0.8703138530254364 11927552
1733239156429 0.8459545373916626 11960320
1733239200287 0.8611902892589569 11993088
1733239231688 0.8605715185403824 12000000
1733239286502 0.8866966441273689 12058624
1733239328891 0.8540358990430832 12091392
1733239371604 0.8678927570581436 12124160
1733239413944 0.8355637788772583 12156928
1733239443590 0.8689678460359573 12160000
1733239499844 0.8698785603046417 12222464
1733239542469 0.8415266573429108 12255232
1733239585315 0.8345018029212952 12288000
1733239627069 0.8653244525194168 12320000
1733239670055 0.8613523095846176 12353536
1733239712377 0.8754437938332558 12386304
1733239755639 0.861327052116394 12419072
1733239797719 0.8795777559280396 12451840
1733239838300 0.8092388063669205 12480000
1733239882863 0.8289054334163666 12517376
1733239925902 0.8206315487623215 12550144
1733239969121 0.821239173412323 12582912
1733240011406 0.8418435603380203 12615680
1733240050794 0.8287164121866226 12640000
1733240096464 0.862718254327774 12681216
1733240139466 0.8606920391321182 12713984
1733240182457 0.8776649311184883 12746752
1733240225002 0.8631576597690582 12779520
1733240262750 0.8245223313570023 12800000
1733240310731 0.8496371060609818 12845056
1733240353755 0.8697527050971985 12877824
1733240396069 0.8725834041833878 12910592
1733240437952 0.845896378159523 12943360
1733240473436 0.8407926857471466 12960000
1733240523188 0.8661044836044312 13008896
1733240565350 0.8446731418371201 13041664
1733240607148 0.8686535805463791 13074432
1733240649643 0.8145933002233505 13107200
1733240683966 0.833524227142334 13120000
1733240735302 0.8290865272283554 13172736
1733240777740 0.8664671182632446 13205504
1733240819617 0.8720261305570602 13238272
1733240861663 0.8360927402973175 13271040
1733240894245 0.8340491056442261 13280000
1733240947940 0.836547777056694 13336576
1733240990450 0.8443019986152649 13369344
1733241032838 0.8550274223089218 13402112
1733241075036 0.8556597828865051 13434880
1733241106008 0.8561496436595917 13440000
1733241160951 0.8647678345441818 13500416
1733241203006 0.8709436655044556 13533184
1733241245486 0.8420873880386353 13565952
1733241288063 0.823063924908638 13598720
1733241317162 0.8442307114601135 13600000
1733241374343 0.8392865806818008 13664256
1733241417152 0.8465960770845413 13697024
1733241459278 0.8534864485263824 13729792
1733241501274 0.8698375076055527 13760000
1733241546364 0.8616016358137131 13795328
1733241588217 0.8808344379067421 13828096
1733241630580 0.8761885762214661 13860864
1733241672776 0.8536206930875778 13893632
1733241712907 0.8798938244581223 13920000
1733241758803 0.8619856685400009 13959168
1733241800911 0.8821235820651054 13991936
1733241843248 0.8608214259147644 14024704
1733241885806 0.8489170968532562 14057472
1733241924025 0.8638976663351059 14080000
1733241971406 0.8623790740966797 14123008
1733242014173 0.8475306779146194 14155776
1733242056446 0.8485162854194641 14188544
1733242099250 0.8314794898033142 14221312
1733242135849 0.8434414565563202 14240000
1733242185589 0.8257871866226196 14286848
1733242227707 0.8417886644601822 14319616
1733242270481 0.842367097735405 14352384
1733242313007 0.8267746865749359 14385152
1733242347766 0.8495312482118607 14400000
1733242398786 0.8431480079889297 14450688
1733242441680 0.8332302123308182 14483456
1733242484052 0.8175750076770782 14516224
1733242526265 0.8513969331979752 14548992
1733242559664 0.8305055201053619 14560000
1733242612333 0.8198287636041641 14614528
1733242655293 0.8513749837875366 14647296
1733242697255 0.8559418469667435 14680064
1733242739375 0.84922294318676 14712832
1733242771267 0.8789729624986649 14720000
1733242824671 0.8817944675683975 14778368
1733242866505 0.842240110039711 14811136
1733242910448 0.8190878629684448 14843904
1733242952964 0.8501111567020416 14876672
1733242983381 0.8755190521478653 14880000
1733243039690 0.8554145246744156 14942208
1733243082105 0.8721361011266708 14974976
1733243124308 0.8988573551177979 15007744
1733243167380 0.8492684364318848 15040000
1733243210514 0.8673212081193924 15073280
1733243252566 0.8541949540376663 15106048
1733243294945 0.8660133481025696 15138816
1733243336650 0.8563928604125977 15171584
1733243377713 0.8684401214122772 15200000
1733243422286 0.8631115704774857 15237120
1733243464899 0.8478079587221146 15269888
1733243507590 0.8202266097068787 15302656
1733243549516 0.8370905965566635 15335424
1733243588891 0.8529685437679291 15360000
1733243634728 0.8650606125593185 15400960
1733243677382 0.8527398109436035 15433728
1733243719545 0.8577496856451035 15466496
1733243761857 0.8592908531427383 15499264
1733243799472 0.8888903185725212 15520000
1733243847025 0.8900979682803154 15564800
1733243889738 0.828403428196907 15597568
1733243932018 0.869667649269104 15630336
1733243974127 0.8355336487293243 15663104
1733244010247 0.8361932784318924 15680000
1733244059935 0.8413400799036026 15728640
1733244102211 0.8782676234841347 15761408
1733244144690 0.8754512071609497 15794176
1733244187594 0.852042943239212 15826944
1733244222915 0.8457400351762772 15840000
1733244275212 0.8925023525953293 15892480
1733244317370 0.8404237627983093 15925248
1733244359541 0.8370992839336395 15958016
1733244401554 0.8059993088245392 15990784
1733244434244 0.8544330596923828 16000000
1733244487212 0.8661984950304031 16056320
1733244529541 0.8711597472429276 16089088
1733244571954 0.8524697721004486 16121856
1733244614717 0.8672098070383072 16154624
1733244645500 0.8717903345823288 16160000
1733244700099 0.8831661492586136 16220160
1733244742315 0.8333751857280731 16252928
1733244785311 0.8274533897638321 16285696
1733244827887 0.8405824899673462 16318464
1733244856653 0.834809198975563 16320000
1733244913359 0.8785647600889206 16384000
1733244956538 0.8458472937345505 16416768
1733244999783 0.8527624905109406 16449536
1733245042999 0.8627251237630844 16480000
1733245086765 0.8618679791688919 16515072
1733245129660 0.872013047337532 16547840
1733245171661 0.8879571631550789 16580608
1733245214110 0.8157555311918259 16613376
1733245253947 0.8708519339561462 16640000
1733245299509 0.8563113063573837 16678912
1733245342047 0.8479074984788895 16711680
1733245384434 0.8484756350517273 16744448
1733245427181 0.8324165791273117 16777216
1733245465871 0.8530464768409729 16800000
1733245513044 0.8748880922794342 16842752
1733245556014 0.8331324905157089 16875520
1733245598809 0.820981577038765 16908288
1733245641631 0.874863013625145 16941056
1733245679007 0.8318037986755371 16960000
1733245728781 0.814796045422554 17006592
1733245771527 0.8570454716682434 17039360
1733245813724 0.8574153929948807 17072128
1733245856062 0.8539481908082962 17104896
1733245890994 0.8557814359664917 17120000
1733245941460 0.8961997479200363 17170432
1733245984247 0.8778285980224609 17203200
1733246026543 0.8524955958127975 17235968
1733246068805 0.8899671360850334 17268736
1733246102135 0.8556358069181442 17280000
