1733223262646 0.0003 65536
1733223306784 0.0003 98304
1733223349753 0.0003 131072
1733223392186 0.0003 160000
1733223437428 0.0003 196608
1733223480472 0.0003 229376
1733223525305 0.0003 262144
1733223568546 0.0003 294912
1733223609159 0.0003 320000
1733223654745 0.0003 360448
1733223696908 0.0003 393216
1733223739012 0.0003 425984
1733223781133 0.0003 458752
1733223819679 0.0003 480000
1733223866724 0.0003 524288
1733223909353 0.0003 557056
1733223951131 0.0003 589824
1733223994325 0.0003 622592
1733224030790 0.0003 640000
1733224079286 0.0003 688128
1733224122015 0.0003 720896
1733224164389 0.0003 753664
1733224206648 0.0003 786432
1733224242137 0.0003 800000
1733224292934 0.0003 851968
1733224335660 0.0003 884736
1733224378491 0.0003 917504
1733224421484 0.0003 950272
1733224455408 0.0003 960000
1733224508317 0.0003 1015808
1733224551622 0.0003 1048576
1733224594823 0.0003 1081344
1733224637870 0.0003 1114112
1733224670369 0.0003 1120000
1733224726117 0.0003 1179648
1733224768742 0.0003 1212416
1733224811868 0.0003 1245184
1733224855022 0.0003 1277952
1733224885222 0.0003 1280000
1733224942376 0.0003 1343488
1733224985309 0.0003 1376256
1733225028503 0.0003 1409024
1733225072312 0.0003 1440000
1733225116928 0.0003 1474560
1733225159745 0.0003 1507328
1733225202652 0.0003 1540096
1733225245873 0.0003 1572864
1733225287485 0.0003 1600000
1733225334039 0.0003 1638400
1733225377884 0.0003 1671168
1733225420754 0.0003 1703936
1733225464141 0.0003 1736704
1733225503322 0.0003 1760000
1733225550074 0.0003 1802240
1733225593361 0.0003 1835008
1733225636399 0.0003 1867776
1733225679336 0.0003 1900544
1733225716966 0.0003 1920000
1733225766244 0.0003 1966080
1733225809422 0.0003 1998848
1733225852368 0.0003 2031616
1733225894914 0.0003 2064384
1733225931319 0.0003 2080000
1733225983179 0.0003 2129920
1733226026125 0.0003 2162688
1733226069439 0.0003 2195456
1733226112447 0.0003 2228224
1733226146556 0.0003 2240000
1733226199640 0.0003 2293760
1733226242519 0.0003 2326528
1733226285208 0.0003 2359296
1733226328017 0.0003 2392064
1733226361059 0.0003 2400000
1733226416236 0.0003 2457600
1733226460279 0.0003 2490368
1733226504216 0.0003 2523136
1733226547962 0.0003 2555904
1733226579061 0.0003 2560000
1733226636209 0.0003 2621440
1733226680356 0.0003 2654208
1733226723796 0.0003 2686976
1733226767244 0.0003 2719744
1733226797220 0.0003 2720000
1733226855545 0.0003 2785280
1733226899724 0.0003 2818048
1733226943305 0.0003 2850816
1733226986440 0.0003 2880000
1733227032051 0.0003 2916352
1733227075514 0.0003 2949120
1733227119376 0.0003 2981888
1733227163355 0.0003 3014656
1733227205138 0.0003 3040000
1733227251979 0.0003 3080192
1733227295890 0.0003 3112960
1733227339474 0.0003 3145728
1733227382739 0.0003 3178496
1733227421469 0.0003 3200000
1733227470551 0.0003 3244032
1733227514725 0.0003 3276800
1733227557576 0.0003 3309568
1733227601191 0.0003 3342336
1733227638480 0.0003 3360000
1733227689081 0.0003 3407872
1733227732283 0.0003 3440640
1733227775952 0.0003 3473408
1733227819468 0.0003 3506176
1733227854787 0.0003 3520000
1733227907075 0.0003 3571712
1733227950406 0.0003 3604480
1733227993204 0.0003 3637248
1733228036703 0.0003 3670016
1733228070393 0.0003 3680000
1733228124134 0.0003 3735552
1733228167123 0.0003 3768320
1733228210913 0.0003 3801088
1733228254072 0.0003 3833856
1733228286054 0.0003 3840000
1733228341744 0.0003 3899392
1733228386278 0.0003 3932160
1733228429157 0.0003 3964928
1733228473349 0.0003 3997696
1733228503470 0.0003 4000000
1733228561126 0.0003 4063232
1733228604602 0.0003 4096000
1733228648309 0.0003 4128768
1733228692379 0.0003 4160000
1733228736599 0.0003 4194304
1733228779378 0.0003 4227072
1733228821929 0.0003 4259840
1733228864903 0.0003 4292608
1733228906165 0.0003 4320000
1733228951748 0.0003 4358144
1733228994798 0.0003 4390912
1733229038743 0.0003 4423680
1733229082121 0.0003 4456448
1733229122265 0.0003 4480000
1733229170805 0.0003 4521984
1733229214237 0.0003 4554752
1733229257604 0.0003 4587520
1733229300856 0.0003 4620288
1733229338687 0.0003 4640000
1733229389930 0.0003 4685824
1733229433592 0.0003 4718592
1733229476212 0.0003 4751360
1733229520260 0.0003 4784128
1733229556716 0.0003 4800000
1733229609466 0.0003 4849664
1733229653643 0.0003 4882432
1733229697273 0.0003 4915200
1733229741425 0.0003 4947968
1733229776565 0.0003 4960000
1733229829490 0.0003 5013504
1733229873431 0.0003 5046272
1733229917329 0.0003 5079040
1733229960985 0.0003 5111808
1733229994098 0.0003 5120000
1733230049414 0.0003 5177344
1733230093020 0.0003 5210112
1733230137009 0.0003 5242880
1733230180964 0.0003 5275648
1733230212416 0.0003 5280000
1733230272439 0.0003 5341184
1733230317884 0.0003 5373952
1733230360913 0.0003 5406720
1733230405372 0.0003 5439488
1733230435704 0.0003 5440000
1733230495296 0.0003 5505024
1733230538862 0.0003 5537792
1733230583250 0.0003 5570560
1733230627394 0.0003 5600000
1733230673507 0.0003 5636096
1733230717886 0.0003 5668864
1733230761311 0.0003 5701632
1733230804746 0.0003 5734400
1733230845968 0.0003 5760000
1733230893126 0.0003 5799936
1733230936691 0.0003 5832704
1733230980590 0.0003 5865472
1733231024413 0.0003 5898240
1733231064021 0.0003 5920000
1733231113069 0.0003 5963776
1733231156630 0.0003 5996544
1733231200314 0.0003 6029312
1733231244313 0.0003 6062080
1733231281875 0.0003 6080000
1733231332770 0.0003 6127616
1733231376538 0.0003 6160384
1733231421031 0.0003 6193152
1733231464819 0.0003 6225920
1733231500621 0.0003 6240000
1733231552996 0.0003 6291456
1733231596748 0.0003 6324224
1733231640781 0.0003 6356992
1733231684976 0.0003 6389760
1733231719179 0.0003 6400000
1733231772553 0.0003 6455296
1733231817504 0.0003 6488064
1733231862568 0.0003 6520832
1733231905906 0.0003 6553600
1733231938112 0.0003 6560000
1733231993129 0.0003 6619136
1733232037660 0.0003 6651904
1733232080939 0.0003 6684672
1733232124159 0.0003 6717440
1733232155224 0.0003 6720000
1733232212860 0.0003 6782976
1733232257395 0.0003 6815744
1733232301007 0.0003 6848512
1733232344323 0.0003 6880000
1733232388484 0.0003 6914048
1733232431707 0.0003 6946816
1733232474831 0.0003 6979584
1733232518036 0.0003 7012352
1733232559312 0.0003 7040000
1733232605042 0.0003 7077888
1733232649422 0.0003 7110656
1733232692793 0.0003 7143424
1733232736339 0.0003 7176192
1733232776125 0.0003 7200000
1733232824390 0.0003 7241728
1733232867605 0.0003 7274496
1733232910894 0.0003 7307264
1733232954571 0.0003 7340032
1733232992969 0.0003 7360000
1733233042421 0.0003 7405568
1733233086634 0.0003 7438336
1733233130004 0.0003 7471104
1733233173937 0.0003 7503872
1733233210708 0.0003 7520000
1733233261444 0.0003 7569408
1733233304782 0.0003 7602176
1733233348041 0.0003 7634944
1733233392635 0.0003 7667712
1733233427958 0.0003 7680000
1733233480126 0.0003 7733248
1733233523388 0.0003 7766016
1733233567053 0.0003 7798784
1733233611164 0.0003 7831552
1733233644575 0.0003 7840000
1733233700647 0.0003 7897088
1733233744853 0.0003 7929856
1733233788785 0.0003 7962624
1733233831913 0.0003 7995392
1733233863352 0.0003 8000000
1733233920712 0.0003 8060928
1733233964609 0.0003 8093696
1733234008099 0.0003 8126464
1733234051435 0.0003 8159232
1733234081176 0.0003 8160000
1733234139744 0.0003 8224768
1733234183961 0.0003 8257536
1733234228220 0.0003 8290304
1733234271018 0.0003 8320000
1733234316312 0.0003 8355840
1733234360769 0.0003 8388608
1733234404418 0.0003 8421376
1733234448240 0.0003 8454144
1733234489492 0.0003 8480000
1733234536500 0.0003 8519680
1733234579421 0.0003 8552448
1733234622563 0.0003 8585216
1733234666067 0.0003 8617984
1733234705897 0.0003 8640000
1733234754566 0.0003 8683520
1733234798030 0.0003 8716288
1733234841817 0.0003 8749056
1733234885865 0.0003 8781824
1733234923801 0.0003 8800000
1733234974803 0.0003 8847360
1733235018900 0.0003 8880128
1733235062844 0.0003 8912896
1733235107595 0.0003 8945664
1733235144217 0.0003 8960000
1733235196177 0.0003 9011200
1733235241089 0.0003 9043968
1733235284766 0.0003 9076736
1733235328297 0.0003 9109504
1733235361888 0.0003 9120000
1733235416532 0.0003 9175040
1733235460469 0.0003 9207808
1733235504257 0.0003 9240576
1733235547990 0.0003 9273344
1733235581009 0.0003 9280000
1733235636722 0.0003 9338880
1733235680477 0.0003 9371648
1733235724431 0.0003 9404416
1733235768293 0.0003 9437184
1733235799176 0.0003 9440000
1733235856832 0.0003 9502720
1733235900960 0.0003 9535488
1733235945177 0.0003 9568256
1733235988754 0.0003 9600000
1733236033438 0.0003 9633792
1733236076560 0.0003 9666560
1733236120171 0.0003 9699328
1733236163819 0.0003 9732096
1733236206313 0.0003 9760000
1733236253542 0.0003 9797632
1733236297446 0.0003 9830400
1733236341365 0.0003 9863168
1733236384985 0.0003 9895936
1733236424790 0.0003 9920000
1733236472348 0.0003 9961472
1733236516196 0.0003 9994240
1733236560250 0.0003 10027008
1733236603362 0.0003 10059776
1733236641717 0.0003 10080000
1733236691188 0.0003 10125312
1733236735217 0.0003 10158080
1733236779321 0.0003 10190848
1733236823130 0.0003 10223616
1733236860028 0.0003 10240000
1733236911477 0.0003 10289152
1733236955300 0.0003 10321920
1733237000082 0.0003 10354688
1733237043191 0.0003 10387456
1733237077855 0.0003 10400000
1733237130825 0.0003 10452992
1733237175820 0.0003 10485760
1733237220949 0.0003 10518528
1733237264837 0.0003 10551296
1733237298578 0.0003 10560000
1733237355921 0.0003 10616832
1733237401635 0.0003 10649600
1733237445582 0.0003 10682368
1733237489234 0.0003 10715136
1733237520519 0.0003 10720000
1733237576601 0.0003 10780672
1733237620392 0.0003 10813440
1733237664443 0.0003 10846208
1733237708766 0.0003 10878976
1733237738402 0.0003 10880000
1733237796416 0.0003 10944512
1733237839280 0.0003 10977280
1733237882650 0.0003 11010048
1733237925520 0.0003 11040000
1733237971346 0.0003 11075584
1733238015771 0.0003 11108352
1733238059830 0.0003 11141120
1733238104927 0.0003 11173888
1733238146240 0.0003 11200000
1733238193409 0.0003 11239424
1733238236663 0.0003 11272192
1733238281509 0.0003 11304960
1733238325037 0.0003 11337728
1733238365707 0.0003 11360000
1733238415936 0.0003 11403264
1733238461010 0.0003 11436032
1733238504790 0.0003 11468800
1733238549596 0.0003 11501568
1733238588830 0.0003 11520000
1733238639749 0.0003 11567104
1733238682587 0.0003 11599872
1733238725502 0.0003 11632640
1733238767615 0.0003 11665408
1733238803418 0.0003 11680000
1733238854989 0.0003 11730944
1733238897727 0.0003 11763712
1733238940834 0.0003 11796480
1733238983607 0.0003 11829248
1733239017421 0.0003 11840000
1733239070634 0.0003 11894784
1733239113439 0.0003 11927552
1733239156762 0.0003 11960320
1733239200312 0.0003 11993088
1733239231713 0.0003 12000000
1733239286529 0.0003 12058624
1733239328899 0.0003 12091392
1733239371613 0.0003 12124160
1733239413976 0.0003 12156928
1733239443634 0.0003 12160000
1733239499856 0.0003 12222464
1733239542482 0.0003 12255232
1733239585323 0.0003 12288000
1733239627077 0.0003 12320000
1733239670093 0.0003 12353536
1733239712466 0.0003 12386304
1733239755648 0.0003 12419072
1733239797728 0.0003 12451840
1733239838319 0.0003 12480000
1733239882871 0.0003 12517376
1733239925922 0.0003 12550144
1733239969131 0.0003 12582912
1733240011414 0.0003 12615680
1733240050808 0.0003 12640000
1733240096472 0.0003 12681216
1733240139512 0.0003 12713984
1733240182492 0.0003 12746752
1733240225010 0.0003 12779520
1733240262759 0.0003 12800000
1733240310748 0.0003 12845056
1733240353766 0.0003 12877824
1733240396112 0.0003 12910592
1733240437963 0.0003 12943360
1733240473445 0.0003 12960000
1733240523196 0.0003 13008896
1733240565399 0.0003 13041664
1733240607157 0.0003 13074432
1733240649651 0.0003 13107200
1733240683983 0.0003 13120000
1733240735311 0.0003 13172736
1733240777749 0.0003 13205504
1733240819629 0.0003 13238272
1733240861701 0.0003 13271040
1733240894253 0.0003 13280000
1733240947979 0.0003 13336576
1733240990458 0.0003 13369344
1733241032846 0.0003 13402112
1733241075042 0.0003 13434880
1733241106016 0.0003 13440000
1733241160959 0.0003 13500416
1733241203023 0.0003 13533184
1733241245497 0.0003 13565952
1733241288134 0.0003 13598720
1733241317175 0.0003 13600000
1733241374370 0.0003 13664256
1733241417170 0.0003 13697024
1733241459286 0.0003 13729792
1733241501282 0.0003 13760000
1733241546396 0.0003 13795328
1733241588225 0.0003 13828096
1733241630588 0.0003 13860864
1733241672785 0.0003 13893632
1733241712920 0.0003 13920000
1733241758823 0.0003 13959168
1733241800925 0.0003 13991936
1733241843256 0.0003 14024704
1733241885826 0.0003 14057472
1733241924033 0.0003 14080000
1733241971458 0.0003 14123008
1733242014182 0.0003 14155776
1733242056489 0.0003 14188544
1733242099258 0.0003 14221312
1733242135857 0.0003 14240000
1733242185602 0.0003 14286848
1733242227735 0.0003 14319616
1733242270503 0.0003 14352384
1733242313018 0.0003 14385152
1733242347774 0.0003 14400000
1733242398818 0.0003 14450688
1733242441712 0.0003 14483456
1733242484060 0.0003 14516224
1733242526314 0.0003 14548992
1733242559674 0.0003 14560000
1733242612372 0.0003 14614528
1733242655308 0.0003 14647296
1733242697295 0.0003 14680064
1733242739384 0.0003 14712832
1733242771283 0.0003 14720000
1733242824684 0.0003 14778368
1733242866513 0.0003 14811136
1733242910461 0.0003 14843904
1733242952972 0.0003 14876672
1733242983389 0.0003 14880000
1733243039704 0.0003 14942208
1733243082116 0.0003 14974976
1733243124326 0.0003 15007744
1733243167391 0.0003 15040000
1733243210551 0.0003 15073280
1733243252574 0.0003 15106048
1733243294953 0.0003 15138816
1733243336658 0.0003 15171584
1733243377721 0.0003 15200000
1733243422297 0.0003 15237120
1733243464956 0.0003 15269888
1733243507602 0.0003 15302656
1733243549528 0.0003 15335424
1733243588899 0.0003 15360000
1733243634736 0.0003 15400960
1733243677426 0.0003 15433728
1733243719553 0.0003 15466496
1733243761865 0.0003 15499264
1733243799480 0.0003 15520000
1733243847042 0.0003 15564800
1733243889747 0.0003 15597568
1733243932032 0.0003 15630336
1733243974140 0.0003 15663104
1733244010259 0.0003 15680000
1733244059944 0.0003 15728640
1733244102240 0.0003 15761408
1733244144752 0.0003 15794176
1733244187606 0.0003 15826944
1733244223045 0.0003 15840000
1733244275229 0.0003 15892480
1733244317378 0.0003 15925248
1733244359564 0.0003 15958016
1733244401563 0.0003 15990784
1733244434254 0.0003 16000000
1733244487226 0.0003 16056320
1733244529653 0.0003 16089088
1733244571966 0.0003 16121856
1733244614757 0.0003 16154624
1733244645514 0.0003 16160000
1733244700106 0.0003 16220160
1733244742327 0.0003 16252928
1733244785337 0.0003 16285696
1733244827912 0.0003 16318464
1733244856666 0.0003 16320000
1733244913370 0.0003 16384000
1733244956555 0.0003 16416768
1733244999925 0.0003 16449536
1733245043015 0.0003 16480000
1733245086798 0.0003 16515072
1733245129710 0.0003 16547840
1733245171677 0.0003 16580608
1733245214125 0.0003 16613376
1733245253955 0.0003 16640000
1733245299517 0.0003 16678912
1733245342055 0.0003 16711680
1733245384491 0.0003 16744448
1733245427194 0.0003 16777216
1733245465888 0.0003 16800000
1733245513052 0.0003 16842752
1733245556023 0.0003 16875520
1733245598860 0.0003 16908288
1733245641641 0.0003 16941056
1733245679128 0.0003 16960000
1733245728789 0.0003 17006592
1733245771535 0.0003 17039360
1733245813732 0.0003 17072128
1733245856070 0.0003 17104896
1733245891002 0.0003 17120000
1733245941471 0.0003 17170432
1733245984259 0.0003 17203200
1733246026556 0.0003 17235968
1733246068814 0.0003 17268736
1733246102152 0.0003 17280000
