1733223262662 0.009580899029970169 65536
1733223306899 -0.011949518695473671 98304
1733223349761 0.001996995648369193 131072
1733223392198 0.010355979204177856 160000
1733223437442 -0.0333874486386776 196608
1733223480481 -0.041212186217308044 229376
1733223525435 -0.00987331010401249 262144
1733223568554 -0.02643716335296631 294912
1733223609167 -0.0032454621978104115 320000
1733223654758 -0.04154857620596886 360448
1733223696916 -0.04492432624101639 393216
1733223739020 -0.013949261978268623 425984
1733223781141 -0.017829332500696182 458752
1733223819688 -0.030294902622699738 480000
1733223866732 -0.035436682403087616 524288
1733223909361 -0.03380841016769409 557056
1733223951145 -0.0331919826567173 589824
1733223994356 -0.016460871323943138 622592
1733224030816 -0.026431173086166382 640000
1733224079294 -0.02154526300728321 688128
1733224122023 -0.045155685395002365 720896
1733224164406 -0.034980785101652145 753664
1733224206656 -0.02301175892353058 786432
1733224242146 0.0069519151002168655 800000
1733224292950 -0.031196001917123795 851968
1733224335668 -0.0507628358900547 884736
1733224378572 -0.010129805654287338 917504
1733224421492 -0.028397956863045692 950272
1733224455448 -0.02434447966516018 960000
1733224508366 -0.04756540060043335 1015808
1733224551662 -0.04006318747997284 1048576
1733224594833 -0.012380722910165787 1081344
1733224637878 -0.03524751588702202 1114112
1733224670377 -0.023802217096090317 1120000
1733224726127 -0.07173024117946625 1179648
1733224768785 -0.04136098548769951 1212416
1733224811877 -0.05178653076291084 1245184
1733224855030 -0.03685622662305832 1277952
1733224885230 -0.056659676134586334 1280000
1733224942388 -0.0394548662006855 1343488
1733224985317 -0.048819657415151596 1376256
1733225028537 -0.04273385927081108 1409024
1733225072324 -0.04076903313398361 1440000
1733225116956 -0.05083076283335686 1474560
1733225159761 -0.008697434328496456 1507328
1733225202661 -0.009896192699670792 1540096
1733225245881 -0.02404956892132759 1572864
1733225287494 -0.011526650749146938 1600000
1733225334164 -0.04532201960682869 1638400
1733225377892 -0.038067352026700974 1671168
1733225420763 -0.03210451453924179 1703936
1733225464161 -0.029979988932609558 1736704
1733225503332 -0.011044742539525032 1760000
1733225550083 -0.0032388826366513968 1802240
1733225593370 -0.04040389508008957 1835008
1733225636407 -0.03438330441713333 1867776
1733225679344 -0.028604527935385704 1900544
1733225716975 -0.03372551128268242 1920000
1733225766288 -0.03348790481686592 1966080
1733225809431 -0.007325372658669949 1998848
1733225852377 -0.012955985032022 2031616
1733225894922 -0.0008971088682301342 2064384
1733225931328 -0.051822539418935776 2080000
1733225983187 -0.03909514099359512 2129920
1733226026159 -0.016408544033765793 2162688
1733226069452 -0.047135770320892334 2195456
1733226112457 -0.02137676626443863 2228224
1733226146572 -0.04252300783991814 2240000
1733226199648 -0.01872316747903824 2293760
1733226242527 -0.028794018551707268 2326528
1733226285216 -0.04543974995613098 2359296
1733226328064 -0.030950546264648438 2392064
1733226361067 -0.013281987980008125 2400000
1733226416350 -0.0192059688270092 2457600
1733226460290 -0.029908569529652596 2490368
1733226504225 -0.03871758654713631 2523136
1733226547970 -0.04332364723086357 2555904
1733226579069 -0.04555682837963104 2560000
1733226636250 -0.016978509724140167 2621440
1733226680364 -0.015749210491776466 2654208
1733226723834 -0.007485227193683386 2686976
1733226767273 -0.02256510779261589 2719744
1733226797257 -0.05089717358350754 2720000
1733226855554 -0.047732871025800705 2785280
1733226899732 0.11674351245164871 2818048
1733226943329 -0.019957849755883217 2850816
1733226986448 -0.01651955395936966 2880000
1733227032060 -0.032873887568712234 2916352
1733227075547 -0.028794916346669197 2949120
1733227119384 -0.03265148401260376 2981888
1733227163372 0.011579141020774841 3014656
1733227205155 -0.06161385774612427 3040000
1733227252026 -0.045499127358198166 3080192
1733227295898 -0.014371640048921108 3112960
1733227339485 -0.015299104154109955 3145728
1733227382747 -0.03838406875729561 3178496
1733227421477 -0.03674120455980301 3200000
1733227470563 -0.04216354340314865 3244032
1733227514758 -0.031119467690587044 3276800
1733227557587 0.0033580861054360867 3309568
1733227601204 -0.0322754867374897 3342336
1733227638488 -0.018059881404042244 3360000
1733227689089 -0.032688289880752563 3407872
1733227732335 -0.042495761066675186 3440640
1733227775964 -0.03425927087664604 3473408
1733227819476 -0.012540551833808422 3506176
1733227854799 -0.04743100330233574 3520000
1733227907121 -0.01683083176612854 3571712
1733227950416 -0.027435828000307083 3604480
1733227993216 -0.0030209054239094257 3637248
1733228036716 -0.009213879704475403 3670016
1733228070410 -0.023212328553199768 3680000
1733228124153 -0.02519615925848484 3735552
1733228167135 -0.049066606909036636 3768320
1733228210929 -0.016109168529510498 3801088
1733228254098 -0.03207214176654816 3833856
1733228286067 -0.03433729708194733 3840000
1733228341838 -0.0270590428262949 3899392
1733228386295 -0.03310291841626167 3932160
1733228429183 -0.02246498502790928 3964928
1733228473361 -0.04520038142800331 3997696
1733228503481 0.0286577045917511 4000000
1733228561139 -0.042945388704538345 4063232
1733228604634 -0.020277507603168488 4096000
1733228648322 -0.018537422642111778 4128768
1733228692387 -0.033223289996385574 4160000
1733228736612 -0.03228040784597397 4194304
1733228779387 -0.033262185752391815 4227072
1733228821940 -0.02584058977663517 4259840
1733228864911 -0.03348621353507042 4292608
1733228906173 -0.025323152542114258 4320000
1733228951760 -0.02340134046971798 4358144
1733228994810 -0.03188800439238548 4390912
1733229038759 -0.0358181931078434 4423680
1733229082129 -0.04265016317367554 4456448
1733229122292 0.006473022047430277 4480000
1733229170920 -0.03873121365904808 4521984
1733229214273 -0.003837496740743518 4554752
1733229257616 -0.029664551839232445 4587520
1733229300864 -0.03228744491934776 4620288
1733229338695 -0.059665776789188385 4640000
1733229390060 0.008629615418612957 4685824
1733229433636 -0.04427506774663925 4718592
1733229476221 -0.01635211892426014 4751360
1733229520272 -0.03429302200675011 4784128
1733229556770 -0.03483973816037178 4800000
1733229609614 -0.037516333162784576 4849664
1733229653651 -0.02027825266122818 4882432
1733229697332 -0.0453726127743721 4915200
1733229741433 0.15643158555030823 4947968
1733229776573 -0.014471573755145073 4960000
1733229829499 -0.011920923367142677 5013504
1733229873488 -0.02408003620803356 5046272
1733229917340 -0.03892141208052635 5079040
1733229961001 -0.016246890649199486 5111808
1733229994123 -0.029280856251716614 5120000
1733230049432 -0.022578278556466103 5177344
1733230093029 -0.006033868528902531 5210112
1733230137059 0.014727944508194923 5242880
1733230181012 -0.012767942622303963 5275648
1733230212476 -0.025123298168182373 5280000
1733230272586 0.02674056403338909 5341184
1733230317972 -0.03412668779492378 5373952
1733230360943 -0.04466945305466652 5406720
1733230405473 -0.03458390384912491 5439488
1733230435839 -0.037614140659570694 5440000
1733230495402 -0.03305299952626228 5505024
1733230538946 -0.021844584494829178 5537792
1733230583320 -0.023728681728243828 5570560
1733230627551 -0.012661500833928585 5600000
1733230673610 -0.020584125071763992 5636096
1733230717932 -0.020623190328478813 5668864
1733230761353 -0.026205047965049744 5701632
1733230804790 -0.03268975391983986 5734400
1733230846032 -0.02994723618030548 5760000
1733230893149 -0.015405399724841118 5799936
1733230936719 -0.02902800962328911 5832704
1733230980637 -0.009208854287862778 5865472
1733231024489 -0.025329560041427612 5898240
1733231064050 -0.03874713182449341 5920000
1733231113123 -0.03358745202422142 5963776
1733231156677 -0.02024700678884983 5996544
1733231200324 -0.03278367221355438 6029312
1733231244378 -0.03303270787000656 6062080
1733231281919 -0.025532513856887817 6080000
1733231332806 -0.038595911115407944 6127616
1733231376581 -0.02029716782271862 6160384
1733231421170 -0.00787725392729044 6193152
1733231464862 0.009680507704615593 6225920
1733231500664 -0.010368818417191505 6240000
1733231553002 -0.029541291296482086 6291456
1733231596819 -0.04520665481686592 6324224
1733231640814 -0.033618371933698654 6356992
1733231685009 -0.025583159178495407 6389760
1733231719221 -0.03935304656624794 6400000
1733231772574 -0.041456110775470734 6455296
1733231817694 -0.029230108484625816 6488064
1733231862618 -0.007634830195456743 6520832
1733231905922 -0.041794613003730774 6553600
1733231938129 -0.021744852885603905 6560000
1733231993146 -0.01784963347017765 6619136
1733232037677 -0.013197596184909344 6651904
1733232080966 -0.033170707523822784 6684672
1733232124181 -0.021911054849624634 6717440
1733232155241 -0.022239862009882927 6720000
1733232213001 -0.024636147543787956 6782976
1733232257412 -0.042700305581092834 6815744
1733232301052 -0.035613950341939926 6848512
1733232344366 0.022212252020835876 6880000
1733232388509 -0.02948184870183468 6914048
1733232431741 -0.03902191296219826 6946816
1733232474839 -0.032664600759744644 6979584
1733232518048 0.019201597198843956 7012352
1733232559348 -0.027424676343798637 7040000
1733232605047 -0.05772100389003754 7077888
1733232649535 -0.031498417258262634 7110656
1733232692805 -0.04429289698600769 7143424
1733232736350 -0.01595829613506794 7176192
1733232776201 -0.02487293817102909 7200000
1733232824399 -0.03620153293013573 7241728
1733232867637 -0.030087176710367203 7274496
1733232910907 -0.026773491874337196 7307264
1733232954613 -0.020830627530813217 7340032
1733232992983 -0.01597645692527294 7360000
1733233042434 -0.04402471333742142 7405568
1733233086655 -0.02672353945672512 7438336
1733233130022 0.010644204914569855 7471104
1733233173954 -0.0405251570045948 7503872
1733233210718 -0.05821669474244118 7520000
1733233261453 -0.011973470449447632 7569408
1733233304799 -0.024261612445116043 7602176
1733233348065 -0.036408815532922745 7634944
1733233392782 -0.019513368606567383 7667712
1733233427970 -0.03002212755382061 7680000
1733233480138 -0.0198528990149498 7733248
1733233523404 -0.032117415219545364 7766016
1733233567069 -0.027003757655620575 7798784
1733233611174 -0.03742353990674019 7831552
1733233644600 -0.0113584715873003 7840000
1733233701146 0.0074870167300105095 7897088
1733233744864 -0.02883596532046795 7929856
1733233788797 -0.04410003870725632 7962624
1733233831932 -0.027285374701023102 7995392
1733233863364 -0.024347880855202675 8000000
1733233920724 0.0005045905709266663 8060928
1733233964626 -0.018773971125483513 8093696
1733234008116 -0.04266936331987381 8126464
1733234051454 -0.011735538952052593 8159232
1733234081201 -0.04235324263572693 8160000
1733234139792 -0.04601263627409935 8224768
1733234184017 -0.03091493248939514 8257536
1733234228257 -0.009620707482099533 8290304
1733234271036 -0.043936558067798615 8320000
1733234316329 -0.04668815806508064 8355840
1733234360785 -0.003033512271940708 8388608
1733234404431 -0.02483019046485424 8421376
1733234448275 -0.05803646147251129 8454144
1733234489538 -0.036339059472084045 8480000
1733234536522 -0.00025056625599972904 8519680
1733234579437 -0.02742290310561657 8552448
1733234622574 -0.026556339114904404 8585216
1733234666078 -0.010821136645972729 8617984
1733234705940 -0.030731450766324997 8640000
1733234754576 -0.03953169286251068 8683520
1733234798077 -0.00613358523696661 8716288
1733234841826 -0.012943649664521217 8749056
1733234885893 0.017777783796191216 8781824
1733234923818 -0.049509137868881226 8800000
1733234974811 -0.014315731823444366 8847360
1733235018915 -0.021452026441693306 8880128
1733235062865 -0.035078465938568115 8912896
1733235107727 -0.018156610429286957 8945664
1733235144238 -0.0229125265032053 8960000
1733235196187 -0.04619291424751282 9011200
1733235241216 -0.026829592883586884 9043968
1733235284789 -0.026511745527386665 9076736
1733235328312 -0.03700574114918709 9109504
1733235361896 -0.030466513708233833 9120000
1733235416682 -0.0214411448687315 9175040
1733235460497 -0.027129696682095528 9207808
1733235504289 -0.05129462108016014 9240576
1733235547999 -0.018988022580742836 9273344
1733235581056 0.0009921130258589983 9280000
1733235636733 -0.014933309517800808 9338880
1733235680492 -0.024466298520565033 9371648
1733235724494 -0.042742229998111725 9404416
1733235768315 -0.03468164801597595 9437184
1733235799184 -0.00680410023778677 9440000
1733235856849 -0.04956836625933647 9502720
1733235901026 -0.03381780907511711 9535488
1733235945248 -0.02994537353515625 9568256
1733235988770 -0.026539256796240807 9600000
1733236033454 -0.030135460197925568 9633792
1733236076576 -0.0347355417907238 9666560
1733236120179 -0.009330889210104942 9699328
1733236163836 -0.044983457773923874 9732096
1733236206321 0.013632465153932571 9760000
1733236253684 -0.006551370956003666 9797632
1733236297476 -0.041015077382326126 9830400
1733236341382 -0.026981722563505173 9863168
1733236384997 -0.0014921443071216345 9895936
1733236424798 -0.017258962616324425 9920000
1733236472359 -0.016256479546427727 9961472
1733236516204 -0.03059159405529499 9994240
1733236560267 -0.04305671900510788 10027008
1733236603378 -0.040002863854169846 10059776
1733236641726 -0.03765340521931648 10080000
1733236691213 -0.03233235701918602 10125312
1733236735227 -0.014294158667325974 10158080
1733236779330 -0.02651948668062687 10190848
1733236823142 -0.024549927562475204 10223616
1733236860041 -0.033119332045316696 10240000
1733236911495 -0.0411917008459568 10289152
1733236955308 -0.02848058007657528 10321920
1733237000131 -0.026158349588513374 10354688
1733237043207 -0.05038316920399666 10387456
1733237077864 -0.0419134646654129 10400000
1733237130849 -0.01865258440375328 10452992
1733237175962 -0.027090543881058693 10485760
1733237221026 -0.0043320306576788425 10518528
1733237264856 -0.014958272688090801 10551296
1733237298611 -0.027117788791656494 10560000
1733237356106 -0.03682515025138855 10616832
1733237401758 0.03629942983388901 10649600
1733237445590 -0.022191906347870827 10682368
1733237489243 -0.04313451051712036 10715136
1733237520525 -0.0202165599912405 10720000
1733237576609 -0.02464350312948227 10780672
1733237620417 -0.042743973433971405 10813440
1733237664467 0.010488235391676426 10846208
1733237708792 -0.02982764132320881 10878976
1733237738448 -0.027378177270293236 10880000
1733237796437 -0.03409327194094658 10944512
1733237839298 -0.02916182018816471 10977280
1733237882672 -0.020511183887720108 11010048
1733237925570 -0.0374811626970768 11040000
1733237971378 -0.03722476586699486 11075584
1733238015907 -0.043899476528167725 11108352
1733238059899 -0.04922241345047951 11141120
1733238105055 -0.027591221034526825 11173888
1733238146252 -0.03339909017086029 11200000
1733238193446 0.00621151365339756 11239424
1733238236671 0.00944831594824791 11272192
1733238281641 -0.04755057021975517 11304960
1733238325066 -0.029761262238025665 11337728
1733238365833 -0.023683752864599228 11360000
1733238416065 -0.00042198377195745707 11403264
1733238461132 -0.01945621892809868 11436032
1733238504802 -0.031812552362680435 11468800
1733238549715 -0.011991815641522408 11501568
1733238588954 -0.007513873279094696 11520000
1733238639773 -0.041619740426540375 11567104
1733238682598 -0.028289156034588814 11599872
1733238725510 -0.018838664516806602 11632640
1733238767623 -0.012671872973442078 11665408
1733238803530 -0.0036490364000201225 11680000
1733238854998 -0.02301527000963688 11730944
1733238897736 -0.03255879133939743 11763712
1733238940851 -0.029423285275697708 11796480
1733238983646 -0.016875624656677246 11829248
1733239017544 -0.04184096306562424 11840000
1733239070661 -0.03604020178318024 11894784
1733239113464 -0.028795314952731133 11927552
1733239156892 -0.04357645660638809 11960320
1733239200338 -0.035143811255693436 11993088
1733239231820 -0.023819122463464737 12000000
1733239286584 -0.05062485113739967 12058624
1733239328908 -0.029941322281956673 12091392
1733239371626 -0.03022811748087406 12124160
1733239413984 -0.029295561835169792 12156928
1733239443676 -0.04186738654971123 12160000
1733239499869 -0.003997340798377991 12222464
1733239542494 -0.051147446036338806 12255232
1733239585331 -0.02574116550385952 12288000
1733239627086 -0.014015241526067257 12320000
1733239670122 -0.014312849380075932 12353536
1733239712504 -0.019337443634867668 12386304
1733239755656 -0.015769170597195625 12419072
1733239797736 -0.03028647042810917 12451840
1733239838332 -0.023730384185910225 12480000
1733239882879 -0.03859144449234009 12517376
1733239925968 0.0025672935880720615 12550144
1733239969143 -0.026632288470864296 12582912
1733240011422 -0.028632787987589836 12615680
1733240050827 -0.03171907365322113 12640000
1733240096480 -0.039490487426519394 12681216
1733240139546 -0.03751380741596222 12713984
1733240182518 -0.024713395163416862 12746752
1733240225018 -0.04400632902979851 12779520
1733240262767 -0.02885241061449051 12800000
1733240310765 -0.022586219012737274 12845056
1733240353779 -0.0392453633248806 12877824
1733240396125 -0.040136825293302536 12910592
1733240437971 -0.040619559586048126 12943360
1733240473453 -0.03400376811623573 12960000
1733240523204 -0.01527521200478077 13008896
1733240565408 -0.03562530502676964 13041664
1733240607165 -0.023608770221471786 13074432
1733240649659 -0.04623976722359657 13107200
1733240683991 -0.032413825392723083 13120000
1733240735319 0.017688419669866562 13172736
1733240777757 -0.020972758531570435 13205504
1733240819637 -0.014671159908175468 13238272
1733240861717 -0.025668157264590263 13271040
1733240894261 -0.024456985294818878 13280000
1733240948061 -0.031022055074572563 13336576
1733240990474 -0.0254898052662611 13369344
1733241032854 -0.04843675345182419 13402112
1733241075050 -0.016491500660777092 13434880
1733241106024 -0.04865039139986038 13440000
1733241160967 0.008863435126841068 13500416
1733241203039 -0.021298516541719437 13533184
1733241245508 -0.048573244363069534 13565952
1733241288185 -0.013908694498240948 13598720
1733241317187 -0.01802072487771511 13600000
1733241374406 -0.037043288350105286 13664256
1733241417204 -0.013390042819082737 13697024
1733241459295 -0.021735472604632378 13729792
1733241501291 -0.010984688997268677 13760000
1733241546453 -0.0295749232172966 13795328
1733241588233 -0.02066333033144474 13828096
1733241630596 -0.03523709252476692 13860864
1733241672793 -0.022991608828306198 13893632
1733241712941 -0.003785187378525734 13920000
1733241758841 -0.03627699613571167 13959168
1733241800937 -0.008428091183304787 13991936
1733241843277 -0.043344009667634964 14024704
1733241885851 0.02126326411962509 14057472
1733241924042 -0.04820513352751732 14080000
1733241971514 -0.0424809604883194 14123008
1733242014190 -0.051623713225126266 14155776
1733242056526 -0.009802384302020073 14188544
1733242099275 -0.005889620631933212 14221312
1733242135865 -0.009886983782052994 14240000
1733242185615 -0.0005673632840625942 14286848
1733242227779 -0.02455728128552437 14319616
1733242270543 -0.04307479411363602 14352384
1733242313027 -0.02009528875350952 14385152
1733242347783 -0.02120390348136425 14400000
1733242398830 -0.022893637418746948 14450688
1733242441723 -0.04720895737409592 14483456
1733242484069 -0.005032241810113192 14516224
1733242526324 -0.0326300784945488 14548992
1733242559687 -0.04757852852344513 14560000
1733242612408 -0.039332129061222076 14614528
1733242655321 -0.023787112906575203 14647296
1733242697308 -0.03317921608686447 14680064
1733242739393 -0.0018018591217696667 14712832
1733242771300 -0.02024766243994236 14720000
1733242824746 -0.01681314967572689 14778368
1733242866522 -0.02883848547935486 14811136
1733242910476 -0.006154411006718874 14843904
1733242952981 -0.03380483016371727 14876672
1733242983397 -0.04319104924798012 14880000
1733243039715 0.0052090599201619625 14942208
1733243082128 -0.020384006202220917 14974976
1733243124340 -0.0491567999124527 15007744
1733243167399 -0.03127700090408325 15040000
1733243210573 -0.02208341844379902 15073280
1733243252583 -0.04717661067843437 15106048
1733243294962 -0.044531386345624924 15138816
1733243336666 -0.00685252295807004 15171584
1733243377730 -0.010220637544989586 15200000
1733243422309 -0.014811776578426361 15237120
1733243464992 -0.04102326184511185 15269888
1733243507611 -0.03763973340392113 15302656
1733243549541 -0.043865934014320374 15335424
1733243588908 -0.030210979282855988 15360000
1733243634745 -0.010458102449774742 15400960
1733243677432 -0.03622806817293167 15433728
1733243719562 -0.03037923574447632 15466496
1733243761874 -0.008991098031401634 15499264
1733243799488 -0.013337980955839157 15520000
1733243847058 -0.023578325286507607 15564800
1733243889755 -0.042849380522966385 15597568
1733243932044 -0.029172729700803757 15630336
1733243974153 -0.04662847891449928 15663104
1733244010272 -0.05292650684714317 15680000
1733244059965 -0.02854953333735466 15728640
1733244102248 -0.03139417991042137 15761408
1733244144793 -0.020149147137999535 15794176
1733244187615 -0.03436751663684845 15826944
1733244223163 -0.0411517359316349 15840000
1733244275240 -0.02446407452225685 15892480
1733244317387 -0.019396357238292694 15925248
1733244359576 -0.025824150070548058 15958016
1733244401572 -0.026039857417345047 15990784
1733244434267 -0.03851071745157242 16000000
1733244487243 -0.03306034207344055 16056320
1733244529805 -0.03384634479880333 16089088
1733244571976 -0.041961394250392914 16121856
1733244614798 -0.021561816334724426 16154624
1733244645522 -0.008536889217793941 16160000
1733244700114 0.03466913476586342 16220160
1733244742336 -0.01733781024813652 16252928
1733244785349 -0.04264959692955017 16285696
1733244827929 -0.03158434480428696 16318464
1733244856676 -0.020397521555423737 16320000
1733244913380 -0.056824035942554474 16384000
1733244956585 -0.027424393221735954 16416768
1733245000042 -0.01619739457964897 16449536
1733245043048 -0.03450073301792145 16480000
1733245086808 0.010368706658482552 16515072
1733245129757 -0.030059367418289185 16547840
1733245171691 -0.025510134175419807 16580608
1733245214147 -0.0406445749104023 16613376
1733245253967 -0.017378591001033783 16640000
1733245299528 -0.02411595731973648 16678912
1733245342066 -0.006756273098289967 16711680
1733245384525 -0.03385842218995094 16744448
1733245427207 -0.03185966610908508 16777216
1733245465904 -0.02666681818664074 16800000
1733245513065 -0.014581069350242615 16842752
1733245556036 -0.012807924300432205 16875520
1733245598902 -0.02569163218140602 16908288
1733245641661 -0.021209223195910454 16941056
1733245679284 -0.011425100266933441 16960000
1733245728802 -0.028925471007823944 17006592
1733245771547 -0.00972613226622343 17039360
1733245813743 -0.013116883113980293 17072128
1733245856081 -0.019127991050481796 17104896
1733245891012 -0.029617905616760254 17120000
1733245941481 -0.024422772228717804 17170432
1733245984268 -0.007332781795412302 17203200
1733246026564 -0.023880843073129654 17235968
1733246068826 -0.019264018163084984 17268736
1733246102160 -0.016490381211042404 17280000
