1733223239193 10.0 32768
1733223276992 47.0 65536
1733223316235 87.0 98304
1733223356628 127.0 131072
1733223400719 171.0 163840
1733223438624 209.0 196608
1733223476269 247.0 229376
1733223515561 286.0 262144
1733223556247 326.0 294912
1733223601812 372.0 327680
1733223639457 410.0 360448
1733223677012 447.0 393216
1733223715702 486.0 425984
1733223753532 524.0 458752
1733223797000 567.0 491520
1733223835024 605.0 524288
1733223872855 643.0 557056
1733223911069 681.0 589824
1733223949232 720.0 622592
1733223992752 763.0 655360
1733224030607 801.0 688128
1733224069265 839.0 720896
1733224106884 877.0 753664
1733224144956 915.0 786432
1733224189130 960.0 819200
1733224226926 997.0 851968
1733224264950 1035.0 884736
1733224303495 1074.0 917504
1733224341896 1112.0 950272
1733224385802 1156.0 983040
1733224423737 1194.0 1015808
1733224462052 1232.0 1048576
1733224500256 1271.0 1081344
1733224538105 1309.0 1114112
1733224582299 1353.0 1146880
1733224619926 1390.0 1179648
1733224658298 1429.0 1212416
1733224696324 1467.0 1245184
1733224734243 1505.0 1277952
1733224778962 1549.0 1310720
1733224817095 1587.0 1343488
1733224855466 1626.0 1376256
1733224894038 1665.0 1409024
1733224938397 1709.0 1441792
1733224976995 1747.0 1474560
1733225015820 1786.0 1507328
1733225054410 1825.0 1540096
1733225092926 1863.0 1572864
1733225137017 1907.0 1605632
1733225175219 1946.0 1638400
1733225213915 1984.0 1671168
1733225252521 2023.0 1703936
1733225290985 2061.0 1736704
1733225337178 2107.0 1769472
1733225375636 2146.0 1802240
1733225413840 2184.0 1835008
1733225452159 2223.0 1867776
1733225490405 2261.0 1900544
1733225534637 2305.0 1933312
1733225572398 2343.0 1966080
1733225610762 2381.0 1998848
1733225649334 2420.0 2031616
1733225687725 2458.0 2064384
1733225731221 2502.0 2097152
1733225769401 2540.0 2129920
1733225807947 2578.0 2162688
1733225846183 2617.0 2195456
1733225884868 2655.0 2228224
1733225929256 2700.0 2260992
1733225966813 2737.0 2293760
1733226005034 2776.0 2326528
1733226043883 2814.0 2359296
1733226082749 2853.0 2392064
1733226127758 2898.0 2424832
1733226165932 2936.0 2457600
1733226204345 2975.0 2490368
1733226242885 3013.0 2523136
1733226281707 3052.0 2555904
1733226326361 3097.0 2588672
1733226364826 3135.0 2621440
1733226403537 3174.0 2654208
1733226441412 3212.0 2686976
1733226479962 3250.0 2719744
1733226524317 3295.0 2752512
1733226562597 3333.0 2785280
1733226601280 3372.0 2818048
1733226639775 3410.0 2850816
1733226684270 3455.0 2883584
1733226722492 3493.0 2916352
1733226760864 3531.0 2949120
1733226799074 3569.0 2981888
1733226837925 3608.0 3014656
1733226881631 3652.0 3047424
1733226920217 3691.0 3080192
1733226958506 3729.0 3112960
1733226996714 3767.0 3145728
1733227034629 3805.0 3178496
1733227079436 3850.0 3211264
1733227117209 3888.0 3244032
1733227155731 3926.0 3276800
1733227194404 3965.0 3309568
1733227233168 4004.0 3342336
1733227277753 4048.0 3375104
1733227315858 4086.0 3407872
1733227354864 4125.0 3440640
1733227393552 4164.0 3473408
1733227431943 4202.0 3506176
1733227476713 4247.0 3538944
1733227514707 4285.0 3571712
1733227553267 4324.0 3604480
1733227591772 4362.0 3637248
1733227630390 4401.0 3670016
1733227674673 4445.0 3702784
1733227713431 4484.0 3735552
1733227751954 4522.0 3768320
1733227790618 4561.0 3801088
1733227829381 4600.0 3833856
1733227874862 4645.0 3866624
1733227913836 4684.0 3899392
1733227952337 4723.0 3932160
1733227990541 4761.0 3964928
1733228029149 4800.0 3997696
1733228074023 4845.0 4030464
1733228111988 4883.0 4063232
1733228150312 4921.0 4096000
1733228188448 4959.0 4128768
1733228232911 5003.0 4161536
1733228270640 5041.0 4194304
1733228308947 5079.0 4227072
1733228347226 5118.0 4259840
1733228385183 5156.0 4292608
1733228429229 5200.0 4325376
1733228467291 5238.0 4358144
1733228505655 5276.0 4390912
1733228544263 5315.0 4423680
1733228582477 5353.0 4456448
1733228627570 5398.0 4489216
1733228665870 5436.0 4521984
1733228704246 5475.0 4554752
1733228743165 5514.0 4587520
1733228781538 5552.0 4620288
1733228826427 5597.0 4653056
1733228865132 5636.0 4685824
1733228903700 5674.0 4718592
1733228942832 5713.0 4751360
1733228981880 5752.0 4784128
1733229026859 5797.0 4816896
1733229065226 5836.0 4849664
1733229104297 5875.0 4882432
1733229142783 5913.0 4915200
1733229182771 5953.0 4947968
1733229228088 5999.0 4980736
1733229266013 6036.0 5013504
1733229304349 6075.0 5046272
1733229343096 6113.0 5079040
1733229383069 6154.0 5111808
1733229427898 6198.0 5144576
1733229465272 6236.0 5177344
1733229503643 6274.0 5210112
1733229541500 6312.0 5242880
1733229580054 6350.0 5275648
1733229626452 6397.0 5308416
1733229664126 6435.0 5341184
1733229704179 6473.0 5373952
1733229748151 6519.0 5406720
1733229786868 6557.0 5439488
1733229832593 6603.0 5472256
1733229870582 6641.0 5505024
1733229909522 6680.0 5537792
1733229949052 6719.0 5570560
1733229994316 6765.0 5603328
1733230033115 6803.0 5636096
1733230073075 6844.0 5668864
1733230112103 6883.0 5701632
1733230151979 6922.0 5734400
1733230198979 6969.0 5767168
1733230238717 7009.0 5799936
1733230278661 7049.0 5832704
1733230322659 7090.0 5865472
1733230373979 7144.0 5898240
1733230421962 7192.0 5931008
1733230461304 7232.0 5963776
1733230501856 7272.0 5996544
1733230541201 7312.0 6029312
1733230580498 7351.0 6062080
1733230628345 7398.0 6094848
1733230668914 7439.0 6127616
1733230708187 7479.0 6160384
1733230749233 7520.0 6193152
1733230789576 7560.0 6225920
1733230837048 7607.0 6258688
1733230876119 7646.0 6291456
1733230916811 7687.0 6324224
1733230956424 7727.0 6356992
1733230997293 7768.0 6389760
1733231050808 7821.0 6422528
1733231091487 7862.0 6455296
1733231132155 7903.0 6488064
1733231175672 7946.0 6520832
1733231219572 7990.0 6553600
1733231267541 8038.0 6586368
1733231311395 8082.0 6619136
1733231355393 8126.0 6651904
1733231398321 8168.0 6684672
1733231442573 8213.0 6717440
1733231493128 8264.0 6750208
1733231534507 8305.0 6782976
1733231578752 8349.0 6815744
1733231621785 8392.0 6848512
1733231671522 8442.0 6881280
1733231715965 8486.0 6914048
1733231756629 8527.0 6946816
1733231800783 8571.0 6979584
1733231845835 8616.0 7012352
1733231895892 8666.0 7045120
1733231939503 8710.0 7077888
1733231981249 8752.0 7110656
1733232023847 8794.0 7143424
1733232067137 8838.0 7176192
1733232116067 8887.0 7208960
1733232157531 8928.0 7241728
1733232202318 8972.0 7274496
1733232244948 9015.0 7307264
1733232287946 9058.0 7340032
1733232339895 9110.0 7372800
1733232380622 9151.0 7405568
1733232424902 9195.0 7438336
1733232467453 9238.0 7471104
1733232510224 9281.0 7503872
1733232560568 9331.0 7536640
1733232602494 9373.0 7569408
1733232644977 9415.0 7602176
1733232690023 9460.0 7634944
1733232730022 9500.0 7667712
1733232780665 9551.0 7700480
1733232825690 9596.0 7733248
1733232866457 9637.0 7766016
1733232907537 9678.0 7798784
1733232952135 9723.0 7831552
1733233003501 9774.0 7864320
1733233046291 9817.0 7897088
1733233088512 9859.0 7929856
1733233133329 9904.0 7962624
1733233178080 9949.0 7995392
1733233228762 9999.0 8028160
1733233271792 10042.0 8060928
1733233317239 10088.0 8093696
1733233360007 10130.0 8126464
1733233402272 10172.0 8159232
1733233454601 10225.0 8192000
1733233498791 10269.0 8224768
1733233542200 10313.0 8257536
1733233585962 10356.0 8290304
1733233638940 10409.0 8323072
1733233683096 10454.0 8355840
1733233726767 10497.0 8388608
1733233772311 10543.0 8421376
1733233816819 10587.0 8454144
1733233867508 10638.0 8486912
1733233912039 10683.0 8519680
1733233955624 10726.0 8552448
1733233999410 10770.0 8585216
1733234043179 10814.0 8617984
1733234094467 10865.0 8650752
1733234138624 10909.0 8683520
1733234183296 10954.0 8716288
1733234227008 10997.0 8749056
1733234270356 11041.0 8781824
1733234322734 11093.0 8814592
1733234367958 11138.0 8847360
1733234411544 11182.0 8880128
1733234454997 11225.0 8912896
1733234499721 11270.0 8945664
1733234551801 11322.0 8978432
1733234595689 11366.0 9011200
1733234639309 11410.0 9043968
1733234685213 11456.0 9076736
1733234729167 11500.0 9109504
1733234781271 11552.0 9142272
1733234824363 11595.0 9175040
1733234868712 11639.0 9207808
1733234914208 11685.0 9240576
1733234957682 11728.0 9273344
1733235010089 11781.0 9306112
1733235052072 11823.0 9338880
1733235100647 11868.0 9371648
1733235146398 11917.0 9404416
1733235190088 11961.0 9437184
1733235243638 12014.0 9469952
1733235285753 12056.0 9502720
1733235332365 12103.0 9535488
1733235375926 12146.0 9568256
1733235429560 12200.0 9601024
1733235473883 12244.0 9633792
1733235517583 12288.0 9666560
1733235563200 12334.0 9699328
1733235606219 12377.0 9732096
1733235659507 12430.0 9764864
1733235702275 12473.0 9797632
1733235746606 12517.0 9830400
1733235790178 12561.0 9863168
1733235833139 12604.0 9895936
1733235886340 12657.0 9928704
1733235929028 12699.0 9961472
1733235976072 12746.0 9994240
1733236022016 12792.0 10027008
1733236065915 12836.0 10059776
1733236116726 12887.0 10092544
1733236160282 12931.0 10125312
1733236207152 12978.0 10158080
1733236250923 13021.0 10190848
1733236296712 13067.0 10223616
1733236348486 13119.0 10256384
1733236391727 13161.0 10289152
1733236437554 13208.0 10321920
1733236479984 13250.0 10354688
1733236525356 13296.0 10387456
1733236576169 13347.0 10420224
1733236622930 13392.0 10452992
1733236667800 13438.0 10485760
1733236710821 13481.0 10518528
1733236755992 13526.0 10551296
1733236808162 13579.0 10584064
1733236852738 13623.0 10616832
1733236898137 13669.0 10649600
1733236940455 13711.0 10682368
1733236985252 13756.0 10715136
1733237035662 13806.0 10747904
1733237080886 13851.0 10780672
1733237123751 13894.0 10813440
1733237168616 13939.0 10846208
1733237213459 13984.0 10878976
1733237266156 14036.0 10911744
1733237309323 14080.0 10944512
1733237356181 14126.0 10977280
1733237400808 14171.0 11010048
1733237455026 14226.0 11042816
1733237498607 14269.0 11075584
1733237544228 14315.0 11108352
1733237586615 14357.0 11141120
1733237631070 14402.0 11173888
1733237680816 14451.0 11206656
1733237727405 14496.0 11239424
1733237770828 14541.0 11272192
1733237814527 14585.0 11304960
1733237856264 14627.0 11337728
1733237909228 14680.0 11370496
1733237951783 14722.0 11403264
1733237997239 14768.0 11436032
1733238039460 14809.0 11468800
1733238084714 14855.0 11501568
1733238137818 14908.0 11534336
1733238183667 14954.0 11567104
1733238226619 14997.0 11599872
1733238270083 15040.0 11632640
1733238313352 15084.0 11665408
1733238366071 15136.0 11698176
1733238409516 15180.0 11730944
1733238456518 15227.0 11763712
1733238500040 15270.0 11796480
1733238544644 15315.0 11829248
1733238597053 15367.0 11862016
1733238640686 15411.0 11894784
1733238685286 15455.0 11927552
1733238730423 15501.0 11960320
1733238771651 15542.0 11993088
1733238822689 15593.0 12025856
1733238866314 15637.0 12058624
1733238909310 15680.0 12091392
1733238954537 15725.0 12124160
1733238997139 15768.0 12156928
1733239052276 15822.0 12189696
1733239096763 15867.0 12222464
1733239139747 15910.0 12255232
1733239184325 15955.0 12288000
1733239234550 16005.0 12320768
1733239278476 16049.0 12353536
1733239320658 16091.0 12386304
1733239364798 16135.0 12419072
1733239408295 16179.0 12451840
1733239459865 16230.0 12484608
1733239502032 16272.0 12517376
1733239545546 16316.0 12550144
1733239589792 16360.0 12582912
1733239633865 16404.0 12615680
1733239684985 16455.0 12648448
1733239728209 16499.0 12681216
1733239772489 16542.0 12713984
1733239816325 16587.0 12746752
1733239859877 16630.0 12779520
1733239908992 16679.0 12812288
1733239953212 16724.0 12845056
1733239996588 16767.0 12877824
1733240041192 16812.0 12910592
1733240084755 16855.0 12943360
1733240138139 16908.0 12976128
1733240179662 16950.0 13008896
1733240225440 16996.0 13041664
1733240266849 17037.0 13074432
1733240311894 17082.0 13107200
1733240360972 17131.0 13139968
1733240406481 17177.0 13172736
1733240448479 17219.0 13205504
1733240493465 17264.0 13238272
1733240534932 17305.0 13271040
1733240587841 17358.0 13303808
1733240629783 17400.0 13336576
1733240675474 17446.0 13369344
1733240718128 17489.0 13402112
1733240763327 17534.0 13434880
1733240813341 17584.0 13467648
1733240858758 17629.0 13500416
1733240899928 17670.0 13533184
1733240944181 17715.0 13565952
1733240986477 17757.0 13598720
1733241038970 17809.0 13631488
1733241080959 17851.0 13664256
1733241125236 17896.0 13697024
1733241167351 17938.0 13729792
1733241218011 17989.0 13762560
1733241260645 18031.0 13795328
1733241304408 18075.0 13828096
1733241348470 18119.0 13860864
1733241390645 18161.0 13893632
1733241441611 18212.0 13926400
1733241484146 18255.0 13959168
1733241528908 18299.0 13991936
1733241569950 18340.0 14024704
1733241614666 18385.0 14057472
1733241663076 18434.0 14090240
1733241708161 18479.0 14123008
1733241749471 18520.0 14155776
1733241795019 18565.0 14188544
1733241836158 18607.0 14221312
1733241888877 18659.0 14254080
1733241930020 18701.0 14286848
1733241976883 18746.0 14319616
1733242018581 18789.0 14352384
1733242063736 18834.0 14385152
1733242113596 18884.0 14417920
1733242158005 18929.0 14450688
1733242200696 18971.0 14483456
1733242245349 19016.0 14516224
1733242288416 19059.0 14548992
1733242340111 19111.0 14581760
1733242382949 19153.0 14614528
1733242426717 19197.0 14647296
1733242469647 19240.0 14680064
1733242513857 19284.0 14712832
1733242564725 19335.0 14745600
1733242607555 19378.0 14778368
1733242650796 19421.0 14811136
1733242693784 19464.0 14843904
1733242736835 19507.0 14876672
1733242786660 19557.0 14909440
1733242830496 19601.0 14942208
1733242873508 19644.0 14974976
1733242917529 19688.0 15007744
1733242965749 19736.0 15040512
1733243010358 19781.0 15073280
1733243051913 19822.0 15106048
1733243096426 19867.0 15138816
1733243138181 19909.0 15171584
1733243191056 19962.0 15204352
1733243232178 20003.0 15237120
1733243278133 20049.0 15269888
1733243320355 20091.0 15302656
1733243365405 20136.0 15335424
1733243414798 20185.0 15368192
1733243459286 20230.0 15400960
1733243501029 20272.0 15433728
1733243544717 20315.0 15466496
1733243587341 20358.0 15499264
1733243638567 20409.0 15532032
1733243681348 20452.0 15564800
1733243725899 20496.0 15597568
1733243769210 20540.0 15630336
1733243813767 20584.0 15663104
1733243863814 20634.0 15695872
1733243907192 20678.0 15728640
1733243950648 20721.0 15761408
1733243993999 20764.0 15794176
1733244037106 20808.0 15826944
1733244087489 20858.0 15859712
1733244130803 20901.0 15892480
1733244173198 20944.0 15925248
1733244216853 20987.0 15958016
1733244259556 21030.0 15990784
1733244311735 21082.0 16023552
1733244353489 21124.0 16056320
1733244396986 21167.0 16089088
1733244439993 21210.0 16121856
1733244483748 21254.0 16154624
1733244535366 21306.0 16187392
1733244579147 21349.0 16220160
1733244621514 21392.0 16252928
1733244666163 21436.0 16285696
1733244708332 21479.0 16318464
1733244760844 21530.0 16351232
1733244803375 21574.0 16384000
1733244847917 21618.0 16416768
1733244892230 21663.0 16449536
1733244945445 21715.0 16482304
1733244989106 21760.0 16515072
1733245034435 21805.0 16547840
1733245080449 21851.0 16580608
1733245124833 21895.0 16613376
1733245174281 21945.0 16646144
1733245219890 21990.0 16678912
1733245262179 22033.0 16711680
1733245308768 22079.0 16744448
1733245350683 22121.0 16777216
1733245404300 22175.0 16809984
1733245446024 22216.0 16842752
1733245491533 22262.0 16875520
1733245533863 22304.0 16908288
1733245579406 22350.0 16941056
1733245627593 22398.0 16973824
1733245671721 22442.0 17006592
1733245713051 22483.0 17039360
1733245759553 22530.0 17072128
1733245802241 22573.0 17104896
1733245854495 22625.0 17137664
1733245896001 22666.0 17170432
1733245939175 22710.0 17203200
1733245982035 22752.0 17235968
1733246025791 22796.0 17268736
1733246076234 22847.0 17301504
1733246119710 22890.0 17334272
1733246162950 22933.0 17367040
1733246206137 22977.0 17399808
1733246249966 23020.0 17432576
1733246295819 23066.0 17465344
1733246338941 23109.0 17498112
1733246380628 23151.0 17530880
1733246424998 23195.0 17563648
1733246466437 23237.0 17596416
1733246515833 23286.0 17629184
1733246557231 23328.0 17661952
1733246600198 23371.0 17694720
1733246641008 23411.0 17727488
1733246690353 23461.0 17760256
1733246732042 23503.0 17793024
1733246774620 23545.0 17825792
1733246817177 23587.0 17858560
1733246860544 23631.0 17891328
1733246909449 23680.0 17924096
1733246952374 23723.0 17956864
1733246994423 23765.0 17989632
1733247036936 23807.0 18022400
1733247077604 23848.0 18055168
1733247128289 23899.0 18087936
1733247170523 23941.0 18120704
1733247212139 23983.0 18153472
1733247254709 24025.0 18186240
1733247298072 24069.0 18219008
1733247346646 24117.0 18251776
1733247388881 24159.0 18284544
1733247431388 24202.0 18317312
1733247473384 24244.0 18350080
1733247515518 24286.0 18382848
1733247565695 24336.0 18415616
1733247607137 24378.0 18448384
1733247650637 24421.0 18481152
1733247694736 24465.0 18513920
1733247738874 24509.0 18546688
1733247787777 24558.0 18579456
1733247831310 24602.0 18612224
1733247873312 24644.0 18644992
1733247915324 24686.0 18677760
1733247958286 24729.0 18710528
1733248008895 24779.0 18743296
1733248049845 24820.0 18776064
1733248092593 24863.0 18808832
1733248135207 24906.0 18841600
1733248178854 24949.0 18874368
1733248226187 24997.0 18907136
1733248271130 25042.0 18939904
1733248313355 25084.0 18972672
1733248356959 25127.0 19005440
1733248400220 25170.0 19038208
1733248453083 25222.0 19070976
1733248494154 25265.0 19103744
1733248538066 25308.0 19136512
1733248580562 25351.0 19169280
1733248630440 25401.0 19202048
1733248672363 25443.0 19234816
1733248716016 25487.0 19267584
1733248757974 25528.0 19300352
1733248800659 25571.0 19333120
1733248851166 25622.0 19365888
1733248893637 25664.0 19398656
1733248936733 25707.0 19431424
1733248979031 25749.0 19464192
1733249021053 25791.0 19496960
1733249069275 25840.0 19529728
1733249111062 25882.0 19562496
1733249153224 25924.0 19595264
1733249196149 25967.0 19628032
1733249239388 26010.0 19660800
1733249290726 26060.0 19693568
1733249332210 26103.0 19726336
1733249374254 26145.0 19759104
1733249417395 26188.0 19791872
1733249460072 26231.0 19824640
1733249507918 26278.0 19857408
1733249550190 26321.0 19890176
1733249592373 26363.0 19922944
1733249634214 26404.0 19955712
1733249676918 26447.0 19988480
1733249728054 26498.0 20021248
1733249770239 26541.0 20054016
1733249812782 26583.0 20086784
1733249856195 26626.0 20119552
1733249899334 26670.0 20152320
1733249948279 26719.0 20185088
1733249991333 26762.0 20217856
1733250033657 26804.0 20250624
1733250076694 26847.0 20283392
1733250118242 26889.0 20316160
1733250169875 26940.0 20348928
1733250210841 26981.0 20381696
1733250253580 27024.0 20414464
1733250295540 27066.0 20447232
1733250348166 27119.0 20480000
1733250390305 27161.0 20512768
1733250433885 27204.0 20545536
1733250477187 27248.0 20578304
1733250521559 27292.0 20611072
1733250569327 27340.0 20643840
1733250611906 27382.0 20676608
1733250656162 27427.0 20709376
1733250699635 27470.0 20742144
1733250742038 27512.0 20774912
1733250792250 27563.0 20807680
1733250834978 27605.0 20840448
1733250875911 27646.0 20873216
1733250918932 27689.0 20905984
1733250961360 27732.0 20938752
1733251012032 27782.0 20971520
1733251052976 27823.0 21004288
1733251097025 27867.0 21037056
1733251138888 27909.0 21069824
1733251181455 27952.0 21102592
1733251231126 28002.0 21135360
1733251275959 28046.0 21168128
1733251317639 28088.0 21200896
1733251360985 28131.0 21233664
1733251402720 28173.0 21266432
1733251455508 28226.0 21299200
1733251497185 28268.0 21331968
1733251540835 28311.0 21364736
1733251584425 28355.0 21397504
1733251628632 28399.0 21430272
1733251678347 28449.0 21463040
1733251720855 28491.0 21495808
1733251761756 28532.0 21528576
1733251805347 28576.0 21561344
1733251847607 28618.0 21594112
1733251898281 28669.0 21626880
1733251940220 28711.0 21659648
1733251982045 28752.0 21692416
1733252026530 28797.0 21725184
1733252068039 28839.0 21757952
1733252120030 28890.0 21790720
1733252161150 28932.0 21823488
1733252204206 28975.0 21856256
1733252246460 29017.0 21889024
1733252296489 29067.0 21921792
1733252338802 29109.0 21954560
1733252382081 29153.0 21987328
1733252422676 29193.0 22020096
1733252465755 29236.0 22052864
1733252513066 29284.0 22085632
1733252556779 29327.0 22118400
1733252597687 29368.0 22151168
1733252640263 29411.0 22183936
1733252682470 29453.0 22216704
1733252731132 29502.0 22249472
1733252774842 29545.0 22282240
1733252815298 29586.0 22315008
1733252855658 29626.0 22347776
1733252895861 29666.0 22380544
1733252942526 29713.0 22413312
1733252982454 29753.0 22446080
1733253022722 29793.0 22478848
1733253062054 29833.0 22511616
1733253101769 29872.0 22544384
1733253147184 29918.0 22577152
1733253186498 29957.0 22609920
1733253225797 29996.0 22642688
1733253265735 30036.0 22675456
1733253305507 30076.0 22708224
1733253352563 30123.0 22740992
1733253391593 30162.0 22773760
1733253431615 30202.0 22806528
1733253471146 30242.0 22839296
1733253510792 30281.0 22872064
1733253556032 30327.0 22904832
1733253596227 30367.0 22937600
1733253635547 30406.0 22970368
1733253675722 30446.0 23003136
1733253714927 30485.0 23035904
1733253760833 30531.0 23068672
1733253800324 30571.0 23101440
1733253840381 30611.0 23134208
1733253879573 30650.0 23166976
1733253919281 30690.0 23199744
1733253963584 30734.0 23232512
1733254004001 30774.0 23265280
1733254043773 30814.0 23298048
1733254084557 30855.0 23330816
1733254129828 30900.0 23363584
1733254170268 30941.0 23396352
1733254209783 30980.0 23429120
1733254250486 31021.0 23461888
1733254289464 31060.0 23494656
1733254336877 31107.0 23527424
1733254375700 31146.0 23560192
1733254415648 31186.0 23592960
1733254454370 31225.0 23625728
1733254495187 31266.0 23658496
1733254540790 31311.0 23691264
1733254581109 31352.0 23724032
1733254620360 31391.0 23756800
1733254661139 31432.0 23789568
1733254700288 31471.0 23822336
1733254747780 31518.0 23855104
1733254787495 31558.0 23887872
1733254828248 31599.0 23920640
1733254867987 31638.0 23953408
1733254907415 31678.0 23986176
1733254958181 31726.0 24018944
1733254997999 31768.0 24051712
1733255039058 31809.0 24084480
1733255079205 31850.0 24117248
1733255118743 31889.0 24150016
1733255167032 31937.0 24182784
1733255205996 31976.0 24215552
1733255247764 32018.0 24248320
1733255287050 32057.0 24281088
1733255328342 32099.0 24313856
1733255374517 32145.0 24346624
1733255415201 32185.0 24379392
1733255457051 32228.0 24412160
1733255496686 32267.0 24444928
1733255538646 32309.0 24477696
1733255584047 32354.0 24510464
1733255624924 32395.0 24543232
1733255665227 32435.0 24576000
1733255706281 32476.0 24608768
1733255753938 32524.0 24641536
1733255793061 32564.0 24674304
1733255834431 32605.0 24707072
1733255874146 32645.0 24739840
1733255914557 32685.0 24772608
1733255961353 32732.0 24805376
1733256001167 32771.0 24838144
1733256043047 32813.0 24870912
1733256084216 32855.0 24903680
1733256124836 32895.0 24936448
1733256170665 32941.0 24969216
1733256210881 32981.0 25001984
1733256252826 33023.0 25034752
1733256292253 33063.0 25067520
1733256335284 33106.0 25100288
1733256380922 33151.0 25133056
1733256421126 33192.0 25165824
1733256460715 33231.0 25198592
1733256501336 33272.0 25231360
1733256544453 33314.0 25264128
1733256590639 33361.0 25296896
1733256633117 33404.0 25329664
1733256672865 33443.0 25362432
1733256714613 33485.0 25395200
1733256754042 33525.0 25427968
1733256801339 33572.0 25460736
1733256842474 33613.0 25493504
1733256881551 33652.0 25526272
1733256922694 33693.0 25559040
1733256961772 33732.0 25591808
1733257009736 33780.0 25624576
1733257049038 33819.0 25657344
1733257089100 33860.0 25690112
1733257130822 33901.0 25722880
1733257169891 33940.0 25755648
1733257217069 33988.0 25788416
1733257255967 34026.0 25821184
1733257295706 34066.0 25853952
1733257337058 34107.0 25886720
1733257376341 34147.0 25919488
1733257425625 34196.0 25952256
1733257464696 34235.0 25985024
1733257505542 34276.0 26017792
1733257544844 34315.0 26050560
1733257591287 34362.0 26083328
1733257632206 34403.0 26116096
1733257672758 34443.0 26148864
1733257715065 34486.0 26181632
1733257753897 34524.0 26214400
1733257802486 34573.0 26247168
1733257841579 34612.0 26279936
1733257881840 34652.0 26312704
1733257924676 34694.0 26345472
1733257964299 34735.0 26378240
1733258012252 34783.0 26411008
1733258051716 34822.0 26443776
1733258092449 34863.0 26476544
1733258132219 34903.0 26509312
1733258172118 34943.0 26542080
1733258220386 34990.0 26574848
1733258258877 35029.0 26607616
1733258299889 35070.0 26640384
1733258339679 35110.0 26673152
1733258379279 35150.0 26705920
1733258426309 35197.0 26738688
1733258466175 35237.0 26771456
1733258508196 35279.0 26804224
1733258546769 35317.0 26836992
1733258588045 35359.0 26869760
1733258634777 35405.0 26902528
1733258674089 35445.0 26935296
1733258715844 35486.0 26968064
1733258754727 35525.0 27000832
1733258796760 35567.0 27033600
1733258849660 35619.0 27066368
1733258892524 35663.0 27099136
1733258933853 35703.0 27131904
1733258978566 35749.0 27164672
1733259020060 35790.0 27197440
1733259071057 35842.0 27230208
1733259113129 35884.0 27262976
1733259155378 35926.0 27295744
1733259199297 35970.0 27328512
1733259247855 36018.0 27361280
1733259291583 36062.0 27394048
1733259332446 36103.0 27426816
1733259376211 36147.0 27459584
1733259422357 36191.0 27492352
1733259471702 36242.0 27525120
1733259514830 36285.0 27557888
1733259557375 36328.0 27590656
1733259600872 36371.0 27623424
1733259643314 36414.0 27656192
1733259693505 36464.0 27688960
1733259734976 36505.0 27721728
1733259778060 36548.0 27754496
1733259822852 36593.0 27787264
1733259865389 36636.0 27820032
1733259917008 36687.0 27852800
1733259958653 36729.0 27885568
1733260001910 36772.0 27918336
1733260045752 36816.0 27951104
1733260089064 36859.0 27983872
1733260143158 36914.0 28016640
1733260186290 36957.0 28049408
1733260231016 37001.0 28082176
1733260273451 37044.0 28114944
1733260317176 37088.0 28147712
1733260367857 37138.0 28180480
1733260411494 37182.0 28213248
1733260453852 37224.0 28246016
1733260496785 37267.0 28278784
1733260541680 37312.0 28311552
1733260596644 37367.0 28344320
1733260640764 37411.0 28377088
1733260683864 37454.0 28409856
1733260727388 37498.0 28442624
1733260769147 37540.0 28475392
1733260821261 37592.0 28508160
1733260863014 37633.0 28540928
1733260904810 37675.0 28573696
1733260949398 37720.0 28606464
1733260992366 37763.0 28639232
1733261047010 37818.0 28672000
1733261089316 37860.0 28704768
1733261134767 37905.0 28737536
1733261178790 37949.0 28770304
1733261231497 38002.0 28803072
1733261275496 38046.0 28835840
1733261319809 38090.0 28868608
1733261364902 38135.0 28901376
1733261408402 38179.0 28934144
1733261462995 38233.0 28966912
1733261507281 38278.0 28999680
1733261552830 38323.0 29032448
1733261597039 38367.0 29065216
1733261641367 38412.0 29097984
1733261694062 38463.0 29130752
1733261737938 38508.0 29163520
1733261781337 38552.0 29196288
1733261825118 38596.0 29229056
1733261869989 38640.0 29261824
1733261925120 38696.0 29294592
1733261969544 38740.0 29327360
1733262014355 38785.0 29360128
1733262058193 38829.0 29392896
1733262101614 38872.0 29425664
1733262152612 38923.0 29458432
1733262194961 38965.0 29491200
1733262239073 39010.0 29523968
1733262283826 39054.0 29556736
1733262328301 39099.0 29589504
1733262381914 39152.0 29622272
1733262423729 39194.0 29655040
1733262469147 39240.0 29687808
1733262512043 39283.0 29720576
1733262557322 39328.0 29753344
1733262609709 39380.0 29786112
1733262654200 39425.0 29818880
1733262700069 39470.0 29851648
1733262742401 39513.0 29884416
1733262787755 39558.0 29917184
1733262837029 39607.0 29949952
1733262881599 39652.0 29982720
1733262922117 39693.0 30015488
1733262965747 39736.0 30048256
1733263015882 39786.0 30081024
1733263058750 39829.0 30113792
1733263103666 39874.0 30146560
1733263145867 39916.0 30179328
1733263190608 39961.0 30212096
1733263238959 40009.0 30244864
1733263282461 40053.0 30277632
1733263327326 40098.0 30310400
1733263370984 40141.0 30343168
1733263415991 40186.0 30375936
1733263464794 40235.0 30408704
1733263508865 40279.0 30441472
1733263550849 40321.0 30474240
1733263594096 40365.0 30507008
1733263638629 40409.0 30539776
1733263690217 40461.0 30572544
1733263733463 40504.0 30605312
1733263775746 40546.0 30638080
1733263822053 40592.0 30670848
1733263864844 40635.0 30703616
1733263915978 40686.0 30736384
1733263957430 40728.0 30769152
1733264001760 40772.0 30801920
1733264044454 40815.0 30834688
1733264088083 40859.0 30867456
1733264139121 40910.0 30900224
1733264182647 40953.0 30932992
1733264227626 40998.0 30965760
1733264270813 41041.0 30998528
1733264315626 41086.0 31031296
1733264364687 41135.0 31064064
1733264409162 41180.0 31096832
1733264453632 41223.0 31129600
1733264496958 41267.0 31162368
1733264539747 41310.0 31195136
1733264588099 41359.0 31227904
1733264633333 41404.0 31260672
1733264675668 41446.0 31293440
1733264719763 41490.0 31326208
1733264761409 41532.0 31358976
1733264811243 41582.0 31391744
1733264852392 41623.0 31424512
1733264892769 41663.0 31457280
1733264937456 41708.0 31490048
1733264987966 41758.0 31522816
1733265029842 41800.0 31555584
1733265072972 41843.0 31588352
1733265116313 41887.0 31621120
1733265159789 41930.0 31653888
1733265210325 41981.0 31686656
1733265253120 42024.0 31719424
1733265295351 42066.0 31752192
1733265338913 42109.0 31784960
1733265382558 42153.0 31817728
1733265434437 42205.0 31850496
1733265478111 42248.0 31883264
1733265519313 42290.0 31916032
1733265563363 42334.0 31948800
1733265607858 42378.0 31981568
1733265656051 42426.0 32014336
1733265700747 42471.0 32047104
1733265742400 42513.0 32079872
1733265786247 42557.0 32112640
1733265831245 42602.0 32145408
