1731660317818 5444.0 32768
1731660345541 1951.0 65536
1731660375078 1552.0 98304
1731660405506 1401.0 131072
1731660438036 1297.0 163840
1731660466447 1272.0 196608
1731660496361 1242.0 229376
1731660524886 1230.0 262144
1731660554561 1214.0 294912
1731660587534 1189.0 327680
1731660615864 1185.0 360448
1731660645587 1177.0 393216
1731660673961 1176.0 425984
1731660703799 1170.0 458752
1731660735763 1160.0 491520
1731660764390 1158.0 524288
1731660794353 1154.0 557056
1731660823926 1152.0 589824
1731660853552 1149.0 622592
1731660885935 1141.0 655360
1731660913554 1143.0 688128
1731660943035 1142.0 720896
1731660972729 1140.0 753664
1731661001269 1140.0 786432
1731661035311 1132.0 819200
1731661063670 1133.0 851968
1731661092542 1133.0 884736
1731661122894 1131.0 917504
1731661151131 1132.0 950272
1731661184731 1126.0 983040
1731661213110 1127.0 1015808
1731661242897 1126.0 1048576
1731661270919 1127.0 1081344
1731661299408 1128.0 1114112
1731661333113 1123.0 1146880
1731661361496 1123.0 1179648
1731661390900 1123.0 1212416
1731661419693 1123.0 1245184
1731661447536 1125.0 1277952
1731661478388 1123.0 1310720
1731661506148 1124.0 1343488
1731661534905 1125.0 1376256
1731661563104 1125.0 1409024
1731661593702 1124.0 1441792
1731661621358 1126.0 1474560
1731661649451 1126.0 1507328
1731661677978 1127.0 1540096
1731661706565 1127.0 1572864
1731661737637 1126.0 1605632
1731661766023 1126.0 1638400
1731661793961 1127.0 1671168
1731661822424 1127.0 1703936
1731661850982 1128.0 1736704
1731661881985 1126.0 1769472
1731661910477 1127.0 1802240
1731661939115 1127.0 1835008
1731661969779 1126.0 1867776
1731661999343 1126.0 1900544
1731662032992 1123.0 1933312
1731662061968 1123.0 1966080
1731662091145 1123.0 1998848
1731662121968 1122.0 2031616
1731662151356 1122.0 2064384
1731662185561 1119.0 2097152
1731662214350 1119.0 2129920
1731662244212 1119.0 2162688
1731662273273 1119.0 2195456
1731662302415 1119.0 2228224
1731662334546 1117.0 2260992
1731662363462 1117.0 2293760
1731662392129 1118.0 2326528
1731662421279 1118.0 2359296
1731662450033 1118.0 2392064
1731662481896 1117.0 2424832
1731662510865 1117.0 2457600
1731662541283 1116.0 2490368
1731662570864 1116.0 2523136
1731662600386 1116.0 2555904
1731662633731 1114.0 2588672
1731662663125 1115.0 2621440
1731662692349 1115.0 2654208
1731662721215 1115.0 2686976
1731662751165 1114.0 2719744
1731662782803 1113.0 2752512
1731662811787 1114.0 2785280
1731662841000 1114.0 2818048
1731662871572 1113.0 2850816
1731662905057 1111.0 2883584
1731662933633 1112.0 2916352
1731662962307 1112.0 2949120
1731662991430 1112.0 2981888
1731663020287 1113.0 3014656
1731663052187 1112.0 3047424
1731663080785 1112.0 3080192
1731663110256 1112.0 3112960
1731663139527 1112.0 3145728
1731663168901 1112.0 3178496
1731663199858 1111.0 3211264
1731663228626 1112.0 3244032
1731663258156 1112.0 3276800
1731663287203 1112.0 3309568
1731663316436 1112.0 3342336
1731663347820 1111.0 3375104
1731663376507 1111.0 3407872
1731663405961 1111.0 3440640
1731663435140 1112.0 3473408
1731663464250 1112.0 3506176
1731663496648 1111.0 3538944
1731663525578 1111.0 3571712
1731663554790 1111.0 3604480
1731663584541 1111.0 3637248
1731663614212 1111.0 3670016
1731663646915 1110.0 3702784
1731663675816 1110.0 3735552
1731663705006 1110.0 3768320
1731663734446 1110.0 3801088
1731663764609 1110.0 3833856
1731663797619 1109.0 3866624
1731663826638 1109.0 3899392
1731663855514 1109.0 3932160
1731663884644 1109.0 3964928
1731663913797 1109.0 3997696
1731663946856 1108.0 4030464
1731663975710 1108.0 4063232
1731664004881 1109.0 4096000
1731664034520 1109.0 4128768
1731664066925 1108.0 4161536
1731664095972 1108.0 4194304
1731664125098 1108.0 4227072
1731664154116 1108.0 4259840
1731664183161 1108.0 4292608
1731664216409 1107.0 4325376
1731664245277 1107.0 4358144
1731664274861 1108.0 4390912
1731664305095 1107.0 4423680
1731664334180 1107.0 4456448
1731664365585 1107.0 4489216
1731664393807 1107.0 4521984
1731664423063 1107.0 4554752
1731664452483 1107.0 4587520
1731664481679 1107.0 4620288
1731664513960 1107.0 4653056
1731664542793 1107.0 4685824
1731664571428 1107.0 4718592
1731664600246 1107.0 4751360
1731664629627 1107.0 4784128
1731664660236 1107.0 4816896
1731664688720 1107.0 4849664
1731664717793 1108.0 4882432
1731664746661 1108.0 4915200
1731664775946 1108.0 4947968
1731664807401 1107.0 4980736
1731664836387 1108.0 5013504
1731664867580 1107.0 5046272
1731664896988 1107.0 5079040
1731664926769 1107.0 5111808
1731664959577 1106.0 5144576
1731664988207 1107.0 5177344
1731665017825 1107.0 5210112
1731665047311 1107.0 5242880
1731665077952 1106.0 5275648
1731665109844 1106.0 5308416
1731665138819 1106.0 5341184
1731665167946 1106.0 5373952
1731665196971 1106.0 5406720
1731665226052 1106.0 5439488
1731665257689 1106.0 5472256
1731665287184 1106.0 5505024
1731665317227 1106.0 5537792
1731665346502 1106.0 5570560
1731665377260 1106.0 5603328
1731665405761 1106.0 5636096
1731665434644 1106.0 5668864
1731665463335 1106.0 5701632
1731665492242 1106.0 5734400
1731665523316 1106.0 5767168
1731665551807 1106.0 5799936
1731665581278 1106.0 5832704
1731665610338 1106.0 5865472
1731665639557 1107.0 5898240
1731665670640 1106.0 5931008
1731665699378 1106.0 5963776
1731665728870 1106.0 5996544
1731665757582 1107.0 6029312
1731665786498 1107.0 6062080
1731665818311 1106.0 6094848
1731665846945 1107.0 6127616
1731665875834 1107.0 6160384
1731665904942 1107.0 6193152
1731665933951 1107.0 6225920
1731665965553 1106.0 6258688
1731665994147 1107.0 6291456
1731666023233 1107.0 6324224
1731666052521 1107.0 6356992
1731666081204 1107.0 6389760
1731666112153 1107.0 6422528
1731666141329 1107.0 6455296
1731666170616 1107.0 6488064
1731666199679 1107.0 6520832
1731666228938 1107.0 6553600
1731666259855 1107.0 6586368
1731666288888 1107.0 6619136
1731666317521 1107.0 6651904
1731666347497 1107.0 6684672
1731666376513 1107.0 6717440
1731666407914 1107.0 6750208
1731666436684 1107.0 6782976
1731666465338 1107.0 6815744
1731666494905 1107.0 6848512
1731666526880 1107.0 6881280
1731666555914 1107.0 6914048
1731666585439 1107.0 6946816
1731666615006 1107.0 6979584
1731666644264 1107.0 7012352
1731666675804 1107.0 7045120
1731666704340 1107.0 7077888
1731666733669 1107.0 7110656
1731666762947 1107.0 7143424
1731666792030 1107.0 7176192
1731666823546 1107.0 7208960
1731666851920 1107.0 7241728
1731666881226 1107.0 7274496
1731666910377 1107.0 7307264
1731666939756 1107.0 7340032
1731666971684 1107.0 7372800
1731667000234 1107.0 7405568
1731667029655 1107.0 7438336
1731667058681 1107.0 7471104
1731667088342 1107.0 7503872
1731667121734 1106.0 7536640
1731667150982 1106.0 7569408
1731667180290 1106.0 7602176
1731667209365 1106.0 7634944
1731667238179 1107.0 7667712
1731667269888 1106.0 7700480
1731667298407 1106.0 7733248
1731667328248 1106.0 7766016
1731667357413 1106.0 7798784
1731667386724 1106.0 7831552
1731667418604 1106.0 7864320
1731667447780 1106.0 7897088
1731667476984 1106.0 7929856
1731667505945 1106.0 7962624
1731667534914 1106.0 7995392
1731667566756 1106.0 8028160
1731667595476 1106.0 8060928
1731667624535 1106.0 8093696
1731667653622 1106.0 8126464
1731667682639 1106.0 8159232
1731667713779 1106.0 8192000
1731667742954 1106.0 8224768
1731667773364 1106.0 8257536
1731667802671 1106.0 8290304
1731667834489 1106.0 8323072
1731667863145 1106.0 8355840
1731667892255 1106.0 8388608
1731667921239 1106.0 8421376
1731667950239 1106.0 8454144
1731667981155 1106.0 8486912
1731668009964 1106.0 8519680
1731668038838 1106.0 8552448
1731668068212 1106.0 8585216
1731668097073 1106.0 8617984
1731668128724 1106.0 8650752
1731668157412 1106.0 8683520
1731668186589 1106.0 8716288
1731668215721 1106.0 8749056
1731668244474 1107.0 8781824
1731668276741 1106.0 8814592
1731668305752 1106.0 8847360
1731668334873 1106.0 8880128
1731668363848 1106.0 8912896
1731668392765 1106.0 8945664
1731668424348 1106.0 8978432
1731668452912 1106.0 9011200
1731668482109 1106.0 9043968
1731668512174 1106.0 9076736
1731668541000 1106.0 9109504
1731668573339 1106.0 9142272
1731668601972 1106.0 9175040
1731668631209 1106.0 9207808
1731668660408 1106.0 9240576
1731668690408 1106.0 9273344
1731668722783 1106.0 9306112
1731668751957 1106.0 9338880
1731668781850 1106.0 9371648
1731668811701 1106.0 9404416
1731668843147 1106.0 9437184
1731668876603 1105.0 9469952
1731668905527 1105.0 9502720
1731668935269 1105.0 9535488
1731668965008 1105.0 9568256
1731668997228 1105.0 9601024
1731669026238 1105.0 9633792
1731669056011 1105.0 9666560
1731669085514 1105.0 9699328
1731669116008 1105.0 9732096
1731669149792 1104.0 9764864
1731669178519 1105.0 9797632
1731669209979 1104.0 9830400
1731669239727 1104.0 9863168
1731669269836 1104.0 9895936
1731669302627 1104.0 9928704
1731669331484 1104.0 9961472
1731669361255 1104.0 9994240
1731669390646 1104.0 10027008
1731669420054 1104.0 10059776
1731669453284 1104.0 10092544
1731669483225 1104.0 10125312
1731669512903 1104.0 10158080
1731669543187 1103.0 10190848
1731669572754 1103.0 10223616
1731669605735 1103.0 10256384
1731669634515 1103.0 10289152
1731669663896 1103.0 10321920
1731669693339 1103.0 10354688
1731669722988 1103.0 10387456
1731669756237 1103.0 10420224
1731669784983 1103.0 10452992
1731669814585 1103.0 10485760
1731669844232 1103.0 10518528
1731669874702 1103.0 10551296
1731669907324 1103.0 10584064
1731669935966 1103.0 10616832
1731669966194 1103.0 10649600
1731669995622 1103.0 10682368
1731670025039 1103.0 10715136
1731670057555 1102.0 10747904
1731670086259 1102.0 10780672
1731670115633 1102.0 10813440
1731670145338 1102.0 10846208
1731670175390 1102.0 10878976
1731670207240 1102.0 10911744
1731670235770 1102.0 10944512
1731670265308 1102.0 10977280
1731670294838 1102.0 11010048
1731670327062 1102.0 11042816
1731670355940 1102.0 11075584
1731670385535 1102.0 11108352
1731670415103 1102.0 11141120
1731670444218 1102.0 11173888
1731670476208 1102.0 11206656
1731670504979 1102.0 11239424
1731670534359 1102.0 11272192
1731670563671 1102.0 11304960
1731670594856 1102.0 11337728
1731670626469 1102.0 11370496
1731670655137 1102.0 11403264
1731670684407 1102.0 11436032
1731670713669 1102.0 11468800
1731670743712 1102.0 11501568
1731670775898 1102.0 11534336
1731670804999 1102.0 11567104
1731670834035 1102.0 11599872
1731670862865 1102.0 11632640
1731670891661 1102.0 11665408
1731670923624 1102.0 11698176
1731670952303 1102.0 11730944
1731670981251 1102.0 11763712
1731671010385 1102.0 11796480
1731671040263 1102.0 11829248
1731671071641 1102.0 11862016
1731671100371 1102.0 11894784
1731671129357 1102.0 11927552
1731671158260 1102.0 11960320
1731671187089 1102.0 11993088
1731671218724 1102.0 12025856
1731671247662 1102.0 12058624
1731671277421 1102.0 12091392
1731671306725 1102.0 12124160
1731671335747 1102.0 12156928
1731671367301 1102.0 12189696
1731671396028 1102.0 12222464
1731671424910 1102.0 12255232
1731671454258 1102.0 12288000
1731671485467 1102.0 12320768
1731671514492 1102.0 12353536
1731671543398 1102.0 12386304
1731671572433 1102.0 12419072
1731671602503 1102.0 12451840
1731671633538 1102.0 12484608
1731671662008 1102.0 12517376
1731671690918 1102.0 12550144
1731671720054 1102.0 12582912
1731671749183 1103.0 12615680
1731671780148 1102.0 12648448
1731671809117 1102.0 12681216
1731671838284 1103.0 12713984
1731671867506 1103.0 12746752
1731671896477 1103.0 12779520
1731671927779 1102.0 12812288
1731671956792 1103.0 12845056
1731671985976 1103.0 12877824
1731672015226 1103.0 12910592
1731672044006 1103.0 12943360
1731672075740 1103.0 12976128
1731672104710 1103.0 13008896
1731672133512 1103.0 13041664
1731672162815 1103.0 13074432
1731672191990 1103.0 13107200
1731672223076 1103.0 13139968
1731672251736 1103.0 13172736
1731672280701 1103.0 13205504
1731672309664 1103.0 13238272
1731672338680 1103.0 13271040
1731672369723 1103.0 13303808
1731672398551 1103.0 13336576
1731672427939 1103.0 13369344
1731672457302 1103.0 13402112
1731672486169 1103.0 13434880
1731672517277 1103.0 13467648
1731672546002 1103.0 13500416
1731672574835 1103.0 13533184
1731672603942 1103.0 13565952
1731672635640 1103.0 13598720
1731672667668 1103.0 13631488
1731672696221 1103.0 13664256
1731672725024 1103.0 13697024
1731672754002 1103.0 13729792
1731672786490 1103.0 13762560
1731672814944 1103.0 13795328
1731672844049 1103.0 13828096
1731672872635 1103.0 13860864
1731672902132 1103.0 13893632
1731672933629 1103.0 13926400
1731672962271 1103.0 13959168
1731672991579 1103.0 13991936
1731673020445 1103.0 14024704
1731673049549 1103.0 14057472
1731673081493 1103.0 14090240
1731673110025 1103.0 14123008
1731673139362 1103.0 14155776
1731673168753 1103.0 14188544
1731673197972 1103.0 14221312
1731673229451 1103.0 14254080
1731673257838 1103.0 14286848
1731673286568 1103.0 14319616
1731673315512 1103.0 14352384
1731673344385 1103.0 14385152
1731673375158 1103.0 14417920
1731673403912 1103.0 14450688
1731673433281 1103.0 14483456
1731673462990 1103.0 14516224
1731673492771 1103.0 14548992
1731673524011 1103.0 14581760
1731673552720 1103.0 14614528
1731673582173 1103.0 14647296
1731673611573 1103.0 14680064
1731673641965 1103.0 14712832
1731673673152 1103.0 14745600
1731673701753 1103.0 14778368
1731673730778 1103.0 14811136
1731673760855 1103.0 14843904
1731673789786 1103.0 14876672
1731673821017 1103.0 14909440
1731673849607 1103.0 14942208
1731673878528 1103.0 14974976
1731673907504 1103.0 15007744
1731673939854 1103.0 15040512
1731673968513 1103.0 15073280
1731673998180 1103.0 15106048
1731674027399 1103.0 15138816
1731674055979 1103.0 15171584
1731674086851 1103.0 15204352
1731674115978 1103.0 15237120
1731674146015 1103.0 15269888
1731674176979 1103.0 15302656
1731674205719 1103.0 15335424
1731674236888 1103.0 15368192
1731674265627 1103.0 15400960
1731674294378 1103.0 15433728
1731674323272 1103.0 15466496
1731674352070 1103.0 15499264
1731674383069 1103.0 15532032
1731674412547 1103.0 15564800
1731674442752 1103.0 15597568
1731674472017 1103.0 15630336
1731674501477 1103.0 15663104
1731674532689 1103.0 15695872
1731674561530 1103.0 15728640
1731674590845 1103.0 15761408
1731674619879 1103.0 15794176
1731674649119 1103.0 15826944
1731674681886 1103.0 15859712
1731674710450 1103.0 15892480
1731674739494 1103.0 15925248
1731674768511 1103.0 15958016
1731674798280 1103.0 15990784
1731674829541 1103.0 16023552
1731674858905 1103.0 16056320
1731674887844 1103.0 16089088
1731674917192 1103.0 16121856
1731674946445 1103.0 16154624
1731674977329 1103.0 16187392
1731675006477 1103.0 16220160
1731675035344 1103.0 16252928
1731675065891 1103.0 16285696
1731675095761 1103.0 16318464
1731675127135 1103.0 16351232
1731675155806 1103.0 16384000
1731675185181 1103.0 16416768
1731675213936 1103.0 16449536
1731675245209 1103.0 16482304
1731675274085 1103.0 16515072
1731675302796 1103.0 16547840
1731675337304 1103.0 16580608
1731675366611 1103.0 16613376
1731675398086 1103.0 16646144
1731675426710 1103.0 16678912
1731675455892 1103.0 16711680
1731675485268 1103.0 16744448
1731675514235 1103.0 16777216
1731675545225 1103.0 16809984
1731675574094 1103.0 16842752
1731675602953 1103.0 16875520
1731675632094 1103.0 16908288
1731675661225 1103.0 16941056
1731675694694 1103.0 16973824
1731675723651 1103.0 17006592
1731675752326 1103.0 17039360
1731675781214 1103.0 17072128
1731675810189 1103.0 17104896
1731675841266 1103.0 17137664
1731675870450 1103.0 17170432
1731675899509 1103.0 17203200
1731675928799 1103.0 17235968
1731675957572 1103.0 17268736
1731675988971 1103.0 17301504
1731676017793 1103.0 17334272
1731676046801 1103.0 17367040
1731676075788 1103.0 17399808
1731676104551 1103.0 17432576
1731676136037 1103.0 17465344
1731676164995 1103.0 17498112
1731676193687 1103.0 17530880
1731676222686 1103.0 17563648
1731676250960 1103.0 17596416
1731676282728 1103.0 17629184
1731676311185 1103.0 17661952
1731676339551 1103.0 17694720
1731676369426 1104.0 17727488
1731676401409 1103.0 17760256
1731676429985 1103.0 17793024
1731676459318 1103.0 17825792
1731676488123 1103.0 17858560
1731676516826 1104.0 17891328
1731676548169 1103.0 17924096
1731676576751 1104.0 17956864
1731676605676 1104.0 17989632
1731676634665 1104.0 18022400
1731676663223 1104.0 18055168
1731676695179 1104.0 18087936
1731676723978 1104.0 18120704
1731676753185 1104.0 18153472
1731676781952 1104.0 18186240
1731676810860 1104.0 18219008
1731676842063 1104.0 18251776
1731676870913 1104.0 18284544
1731676899944 1104.0 18317312
1731676929742 1104.0 18350080
1731676959085 1104.0 18382848
1731676990891 1104.0 18415616
1731677019593 1104.0 18448384
1731677048552 1104.0 18481152
1731677077463 1104.0 18513920
1731677106711 1104.0 18546688
1731677139078 1104.0 18579456
1731677167920 1104.0 18612224
1731677197200 1104.0 18644992
1731677226260 1104.0 18677760
1731677255681 1104.0 18710528
1731677287069 1104.0 18743296
1731677315911 1104.0 18776064
1731677345689 1104.0 18808832
1731677375367 1104.0 18841600
1731677404170 1104.0 18874368
1731677435543 1104.0 18907136
1731677464177 1104.0 18939904
1731677493027 1104.0 18972672
1731677522743 1104.0 19005440
1731677551596 1104.0 19038208
1731677583036 1104.0 19070976
1731677611716 1104.0 19103744
1731677640685 1104.0 19136512
1731677670143 1104.0 19169280
1731677701842 1104.0 19202048
1731677730678 1104.0 19234816
1731677759489 1104.0 19267584
1731677788610 1104.0 19300352
1731677817893 1104.0 19333120
1731677850336 1104.0 19365888
1731677879112 1104.0 19398656
1731677908184 1104.0 19431424
1731677936972 1104.0 19464192
1731677967474 1104.0 19496960
1731677999035 1104.0 19529728
1731678028101 1104.0 19562496
1731678056843 1104.0 19595264
1731678086434 1104.0 19628032
1731678115069 1104.0 19660800
1731678145509 1104.0 19693568
1731678174630 1104.0 19726336
1731678204051 1104.0 19759104
1731678233142 1104.0 19791872
1731678262914 1104.0 19824640
1731678294792 1104.0 19857408
1731678323489 1104.0 19890176
1731678352342 1104.0 19922944
1731678381258 1104.0 19955712
1731678410281 1104.0 19988480
1731678442127 1104.0 20021248
1731678471155 1104.0 20054016
1731678500150 1104.0 20086784
1731678529027 1104.0 20119552
1731678558024 1104.0 20152320
1731678589176 1104.0 20185088
1731678617833 1104.0 20217856
1731678646801 1104.0 20250624
1731678676173 1104.0 20283392
1731678706120 1104.0 20316160
1731678743746 1104.0 20348928
1731678774610 1103.0 20381696
1731678807036 1103.0 20414464
1731678838128 1103.0 20447232
1731678873157 1103.0 20480000
1731678902754 1103.0 20512768
1731678940178 1102.0 20545536
1731678974797 1102.0 20578304
1731679008145 1102.0 20611072
1731679044416 1102.0 20643840
1731679073508 1102.0 20676608
1731679102821 1102.0 20709376
1731679131891 1102.0 20742144
1731679162182 1102.0 20774912
1731679194307 1101.0 20807680
1731679223349 1101.0 20840448
1731679252416 1102.0 20873216
1731679281456 1102.0 20905984
1731679310719 1102.0 20938752
1731679342177 1101.0 20971520
1731679370731 1102.0 21004288
1731679399957 1102.0 21037056
1731679428956 1102.0 21069824
1731679457840 1102.0 21102592
1731679489938 1102.0 21135360
1731679518909 1102.0 21168128
1731679548266 1102.0 21200896
1731679577839 1102.0 21233664
1731679606581 1102.0 21266432
1731679638390 1102.0 21299200
1731679666914 1102.0 21331968
1731679697324 1102.0 21364736
1731679726682 1102.0 21397504
1731679755850 1102.0 21430272
1731679787908 1102.0 21463040
1731679816347 1102.0 21495808
1731679845369 1102.0 21528576
1731679874814 1102.0 21561344
1731679904347 1102.0 21594112
1731679936455 1102.0 21626880
1731679965133 1102.0 21659648
1731679994755 1102.0 21692416
1731680024304 1102.0 21725184
1731680053536 1102.0 21757952
1731680084857 1102.0 21790720
1731680113438 1102.0 21823488
1731680142317 1102.0 21856256
1731680171655 1102.0 21889024
1731680203609 1102.0 21921792
1731680232680 1102.0 21954560
1731680262079 1102.0 21987328
1731680291457 1102.0 22020096
1731680320378 1102.0 22052864
1731680351699 1102.0 22085632
1731680380425 1102.0 22118400
1731680409017 1102.0 22151168
1731680437733 1102.0 22183936
1731680466772 1102.0 22216704
1731680499123 1102.0 22249472
1731680528072 1102.0 22282240
1731680557088 1102.0 22315008
1731680585589 1102.0 22347776
1731680615431 1102.0 22380544
1731680647147 1102.0 22413312
1731680676119 1102.0 22446080
1731680706602 1102.0 22478848
1731680739372 1102.0 22511616
1731680770883 1101.0 22544384
1731680802887 1101.0 22577152
1731680831566 1101.0 22609920
1731680860669 1101.0 22642688
1731680888595 1101.0 22675456
1731680917872 1102.0 22708224
1731680949561 1101.0 22740992
1731680978321 1101.0 22773760
1731681010669 1101.0 22806528
1731681040051 1101.0 22839296
1731681068928 1101.0 22872064
1731681100248 1101.0 22904832
1731681128672 1101.0 22937600
1731681157697 1101.0 22970368
1731681186870 1101.0 23003136
1731681216072 1101.0 23035904
1731681247667 1101.0 23068672
1731681276812 1101.0 23101440
1731681306168 1101.0 23134208
1731681335961 1101.0 23166976
1731681365634 1101.0 23199744
1731681400651 1101.0 23232512
1731681429517 1101.0 23265280
1731681458811 1101.0 23298048
1731681487682 1101.0 23330816
1731681518928 1101.0 23363584
1731681547909 1101.0 23396352
1731681578317 1101.0 23429120
1731681607234 1101.0 23461888
1731681637956 1101.0 23494656
1731681669183 1101.0 23527424
1731681698259 1101.0 23560192
1731681727632 1101.0 23592960
1731681757046 1101.0 23625728
1731681785851 1101.0 23658496
1731681817491 1101.0 23691264
1731681845945 1101.0 23724032
1731681875464 1101.0 23756800
1731681904983 1101.0 23789568
1731681934884 1101.0 23822336
1731681966061 1101.0 23855104
1731681994886 1101.0 23887872
1731682024892 1101.0 23920640
1731682057224 1101.0 23953408
1731682086186 1101.0 23986176
1731682116726 1101.0 24018944
1731682145766 1101.0 24051712
1731682174842 1101.0 24084480
1731682203662 1101.0 24117248
1731682232535 1101.0 24150016
1731682265551 1101.0 24182784
1731682294533 1101.0 24215552
1731682324625 1101.0 24248320
1731682354119 1101.0 24281088
1731682383551 1101.0 24313856
1731682415070 1101.0 24346624
1731682444107 1101.0 24379392
1731682473279 1101.0 24412160
1731682502581 1101.0 24444928
1731682532258 1101.0 24477696
1731682563532 1101.0 24510464
1731682592476 1101.0 24543232
1731682621457 1101.0 24576000
1731682650424 1101.0 24608768
1731682682179 1101.0 24641536
1731682711066 1101.0 24674304
1731682740179 1101.0 24707072
1731682769579 1101.0 24739840
1731682798562 1101.0 24772608
1731682829756 1101.0 24805376
1731682858320 1101.0 24838144
1731682887460 1101.0 24870912
1731682916582 1101.0 24903680
1731682945590 1101.0 24936448
1731682977498 1101.0 24969216
1731683006105 1101.0 25001984
1731683035318 1101.0 25034752
1731683064374 1101.0 25067520
1731683093875 1101.0 25100288
1731683124896 1101.0 25133056
1731683153524 1101.0 25165824
1731683182562 1101.0 25198592
1731683211797 1101.0 25231360
1731683241576 1101.0 25264128
1731683272886 1101.0 25296896
1731683301925 1101.0 25329664
1731683331432 1101.0 25362432
1731683360265 1101.0 25395200
1731683389882 1101.0 25427968
1731683421296 1101.0 25460736
1731683450036 1101.0 25493504
1731683478915 1101.0 25526272
1731683508193 1101.0 25559040
1731683537257 1101.0 25591808
1731683568999 1101.0 25624576
1731683597757 1101.0 25657344
1731683626973 1101.0 25690112
1731683655728 1101.0 25722880
1731683684711 1101.0 25755648
1731683715757 1101.0 25788416
1731683744540 1101.0 25821184
1731683773818 1101.0 25853952
1731683803525 1101.0 25886720
1731683832609 1101.0 25919488
1731683863175 1101.0 25952256
1731683892124 1101.0 25985024
1731683921076 1102.0 26017792
1731683950266 1102.0 26050560
1731683981874 1101.0 26083328
1731684010520 1101.0 26116096
1731684040077 1102.0 26148864
1731684069363 1102.0 26181632
1731684099195 1102.0 26214400
1731684131206 1101.0 26247168
1731684159965 1101.0 26279936
1731684189752 1101.0 26312704
1731684218627 1102.0 26345472
1731684247607 1102.0 26378240
1731684278788 1101.0 26411008
1731684307382 1102.0 26443776
1731684336540 1102.0 26476544
1731684366179 1102.0 26509312
1731684395057 1102.0 26542080
1731684426542 1102.0 26574848
1731684455357 1102.0 26607616
1731684484528 1102.0 26640384
1731684513069 1102.0 26673152
1731684542208 1102.0 26705920
1731684574007 1102.0 26738688
1731684603049 1102.0 26771456
1731684632613 1102.0 26804224
1731684661099 1102.0 26836992
1731684690235 1102.0 26869760
1731684721561 1102.0 26902528
1731684750340 1102.0 26935296
1731684778841 1102.0 26968064
1731684807866 1102.0 27000832
1731684836908 1102.0 27033600
1731684867997 1102.0 27066368
1731684896775 1102.0 27099136
1731684925976 1102.0 27131904
1731684955100 1102.0 27164672
1731684984382 1102.0 27197440
1731685016116 1102.0 27230208
1731685044899 1102.0 27262976
1731685074069 1102.0 27295744
1731685103108 1102.0 27328512
1731685134696 1102.0 27361280
1731685163258 1102.0 27394048
1731685192375 1102.0 27426816
1731685221449 1102.0 27459584
1731685250630 1102.0 27492352
1731685282029 1102.0 27525120
1731685311182 1102.0 27557888
1731685340949 1102.0 27590656
1731685370091 1102.0 27623424
1731685399370 1102.0 27656192
1731685430615 1102.0 27688960
1731685459110 1102.0 27721728
1731685488140 1102.0 27754496
1731685517311 1102.0 27787264
1731685546262 1102.0 27820032
1731685577957 1102.0 27852800
1731685606688 1102.0 27885568
1731685635991 1102.0 27918336
1731685665233 1102.0 27951104
1731685693999 1102.0 27983872
1731685725541 1102.0 28016640
1731685754391 1102.0 28049408
1731685783341 1102.0 28082176
1731685812333 1102.0 28114944
1731685841325 1102.0 28147712
1731685873022 1102.0 28180480
1731685901383 1102.0 28213248
1731685932127 1102.0 28246016
1731685961071 1102.0 28278784
1731685989698 1102.0 28311552
1731686021278 1102.0 28344320
1731686049917 1102.0 28377088
1731686078316 1102.0 28409856
1731686107520 1102.0 28442624
1731686142665 1102.0 28475392
1731686173614 1102.0 28508160
1731686202373 1102.0 28540928
1731686231573 1102.0 28573696
1731686260723 1102.0 28606464
1731686289798 1102.0 28639232
1731686322197 1102.0 28672000
1731686351156 1102.0 28704768
1731686380578 1102.0 28737536
1731686410185 1102.0 28770304
1731686443308 1102.0 28803072
1731686471949 1102.0 28835840
1731686501254 1102.0 28868608
1731686530436 1102.0 28901376
1731686559448 1102.0 28934144
1731686590673 1102.0 28966912
1731686619443 1102.0 28999680
1731686648156 1102.0 29032448
1731686677115 1102.0 29065216
1731686705876 1102.0 29097984
1731686737963 1102.0 29130752
1731686766539 1102.0 29163520
1731686795797 1102.0 29196288
1731686824762 1102.0 29229056
1731686853874 1102.0 29261824
1731686886158 1102.0 29294592
1731686914903 1102.0 29327360
1731686943822 1102.0 29360128
1731686973448 1102.0 29392896
1731687002511 1102.0 29425664
1731687034070 1102.0 29458432
1731687063161 1102.0 29491200
1731687092276 1102.0 29523968
1731687121085 1102.0 29556736
1731687150141 1102.0 29589504
1731687181632 1102.0 29622272
1731687210317 1102.0 29655040
1731687239890 1102.0 29687808
1731687268208 1102.0 29720576
1731687297056 1102.0 29753344
1731687329366 1102.0 29786112
1731687358090 1102.0 29818880
1731687387391 1102.0 29851648
1731687417434 1102.0 29884416
1731687448744 1102.0 29917184
1731687480719 1102.0 29949952
1731687509551 1102.0 29982720
1731687541166 1102.0 30015488
1731687570497 1102.0 30048256
1731687602699 1102.0 30081024
1731687631387 1102.0 30113792
1731687663095 1102.0 30146560
1731687693373 1102.0 30179328
1731687723021 1102.0 30212096
1731687753886 1102.0 30244864
1731687782590 1102.0 30277632
1731687811920 1102.0 30310400
1731687840819 1102.0 30343168
1731687872859 1102.0 30375936
1731687910968 1101.0 30408704
1731687944575 1101.0 30441472
1731687974710 1101.0 30474240
1731688004206 1101.0 30507008
1731688034325 1101.0 30539776
1731688065987 1101.0 30572544
1731688094766 1101.0 30605312
1731688123409 1101.0 30638080
1731688152152 1101.0 30670848
1731688180783 1101.0 30703616
1731688211893 1101.0 30736384
1731688240642 1101.0 30769152
1731688269242 1101.0 30801920
1731688297082 1101.0 30834688
1731688327236 1101.0 30867456
1731688360000 1101.0 30900224
1731688388674 1101.0 30932992
1731688418024 1101.0 30965760
1731688446978 1101.0 30998528
1731688476252 1101.0 31031296
1731688507373 1101.0 31064064
1731688535969 1101.0 31096832
1731688564436 1101.0 31129600
1731688593396 1101.0 31162368
1731688622410 1101.0 31195136
1731688653724 1101.0 31227904
1731688682722 1101.0 31260672
1731688711877 1101.0 31293440
1731688740953 1101.0 31326208
1731688769971 1101.0 31358976
1731688801176 1101.0 31391744
1731688830224 1101.0 31424512
1731688859449 1101.0 31457280
1731688888676 1101.0 31490048
1731688920095 1101.0 31522816
1731688948752 1101.0 31555584
1731688977478 1101.0 31588352
1731689008216 1101.0 31621120
1731689037349 1101.0 31653888
1731689068257 1101.0 31686656
1731689096958 1101.0 31719424
1731689126531 1101.0 31752192
1731689156100 1101.0 31784960
1731689184867 1101.0 31817728
1731689216408 1101.0 31850496
1731689245217 1101.0 31883264
1731689274228 1101.0 31916032
1731689303774 1101.0 31948800
1731689333407 1101.0 31981568
1731689365424 1101.0 32014336
1731689394384 1101.0 32047104
1731689423760 1101.0 32079872
1731689452524 1101.0 32112640
1731689481558 1102.0 32145408
1731689512949 1101.0 32178176
1731689541497 1101.0 32210944
1731689570424 1102.0 32243712
1731689599430 1102.0 32276480
1731689628843 1102.0 32309248
1731689662268 1101.0 32342016
1731689691235 1101.0 32374784
1731689720538 1101.0 32407552
1731689750229 1101.0 32440320
1731689779827 1101.0 32473088
1731689811917 1101.0 32505856
1731689841551 1101.0 32538624
1731689870715 1101.0 32571392
1731689900163 1101.0 32604160
1731689929658 1101.0 32636928
1731689960853 1101.0 32669696
1731689989648 1101.0 32702464
1731690019205 1101.0 32735232
1731690048029 1101.0 32768000
1731690079936 1101.0 32800768
1731690108718 1101.0 32833536
1731690138398 1101.0 32866304
1731690168368 1101.0 32899072
1731690197791 1101.0 32931840
1731690229752 1101.0 32964608
1731690258709 1101.0 32997376
1731690287905 1101.0 33030144
1731690317907 1101.0 33062912
1731690347113 1101.0 33095680
1731690381177 1101.0 33128448
1731690409989 1101.0 33161216
1731690440129 1101.0 33193984
1731690471147 1101.0 33226752
1731690500193 1101.0 33259520
1731690532699 1101.0 33292288
1731690561685 1101.0 33325056
1731690591243 1101.0 33357824
1731690620441 1101.0 33390592
1731690650117 1101.0 33423360
1731690681913 1101.0 33456128
1731690711111 1101.0 33488896
1731690740839 1101.0 33521664
1731690770829 1101.0 33554432
1731690800561 1101.0 33587200
1731690832320 1101.0 33619968
1731690860862 1101.0 33652736
1731690889521 1101.0 33685504
1731690919169 1101.0 33718272
1731690948426 1101.0 33751040
1731690980201 1101.0 33783808
1731691009146 1101.0 33816576
1731691038714 1101.0 33849344
1731691068162 1101.0 33882112
1731691097953 1101.0 33914880
1731691130578 1101.0 33947648
1731691160837 1101.0 33980416
1731691190405 1101.0 34013184
1731691219959 1101.0 34045952
1731691249121 1101.0 34078720
1731691281559 1101.0 34111488
1731691310268 1101.0 34144256
1731691340085 1101.0 34177024
1731691369939 1101.0 34209792
1731691401877 1101.0 34242560
1731691430115 1101.0 34275328
1731691459588 1101.0 34308096
1731691488895 1101.0 34340864
1731691518209 1101.0 34373632
1731691550191 1101.0 34406400
1731691579255 1101.0 34439168
1731691608528 1101.0 34471936
1731691638111 1101.0 34504704
1731691667819 1101.0 34537472
1731691700185 1101.0 34570240
1731691729200 1101.0 34603008
1731691758926 1101.0 34635776
1731691791410 1101.0 34668544
1731691820917 1101.0 34701312
1731691853385 1101.0 34734080
1731691882533 1101.0 34766848
1731691912167 1101.0 34799616
1731691941568 1101.0 34832384
1731691971143 1101.0 34865152
1731692003749 1101.0 34897920
1731692032740 1101.0 34930688
1731692062447 1101.0 34963456
1731692091224 1101.0 34996224
1731692120355 1101.0 35028992
1731692152618 1101.0 35061760
1731692181298 1101.0 35094528
1731692209655 1101.0 35127296
1731692239815 1101.0 35160064
1731692269348 1101.0 35192832
1731692301054 1101.0 35225600
1731692329527 1101.0 35258368
1731692358778 1101.0 35291136
1731692387790 1101.0 35323904
1731692416847 1101.0 35356672
1731692449103 1101.0 35389440
1731692477943 1101.0 35422208
1731692507290 1101.0 35454976
1731692536910 1101.0 35487744
1731692568695 1101.0 35520512
1731692596947 1101.0 35553280
1731692626216 1101.0 35586048
1731692655448 1101.0 35618816
1731692684956 1101.0 35651584
1731692716657 1101.0 35684352
1731692745444 1101.0 35717120
1731692775130 1101.0 35749888
1731692806076 1101.0 35782656
1731692835483 1101.0 35815424
1731692867813 1101.0 35848192
1731692896516 1101.0 35880960
1731692926180 1101.0 35913728
1731692955581 1101.0 35946496
1731692986415 1101.0 35979264
1731693018417 1101.0 36012032
1731693047196 1101.0 36044800
1731693077789 1101.0 36077568
1731693107342 1101.0 36110336
1731693137202 1101.0 36143104
1731693168883 1101.0 36175872
1731693197601 1101.0 36208640
1731693227045 1101.0 36241408
1731693255984 1101.0 36274176
1731693285118 1101.0 36306944
1731693316842 1101.0 36339712
1731693345813 1101.0 36372480
1731693375090 1101.0 36405248
1731693404636 1101.0 36438016
1731693433630 1101.0 36470784
1731693464683 1101.0 36503552
1731693493776 1101.0 36536320
1731693523215 1101.0 36569088
1731693552890 1101.0 36601856
1731693582069 1101.0 36634624
1731693614354 1101.0 36667392
1731693643771 1101.0 36700160
1731693673680 1101.0 36732928
1731693702984 1101.0 36765696
1731693733215 1101.0 36798464
1731693764463 1100.0 36831232
1731693793698 1101.0 36864000
1731693822958 1101.0 36896768
1731693851876 1101.0 36929536
1731693884093 1100.0 36962304
1731693912733 1101.0 36995072
1731693941684 1101.0 37027840
1731693970650 1101.0 37060608
1731693999367 1101.0 37093376
1731694030562 1101.0 37126144
1731694059480 1101.0 37158912
1731694088521 1101.0 37191680
1731694117559 1101.0 37224448
1731694146784 1101.0 37257216
1731694178952 1101.0 37289984
1731694207853 1101.0 37322752
1731694237026 1101.0 37355520
1731694266039 1101.0 37388288
1731694295193 1101.0 37421056
1731694326817 1101.0 37453824
1731694355129 1101.0 37486592
1731694384580 1101.0 37519360
1731694413684 1101.0 37552128
1731694442907 1101.0 37584896
1731694474770 1101.0 37617664
1731694503412 1101.0 37650432
1731694532996 1101.0 37683200
1731694561878 1101.0 37715968
1731694590992 1101.0 37748736
1731694622326 1101.0 37781504
1731694650984 1101.0 37814272
1731694679897 1101.0 37847040
1731694708857 1101.0 37879808
1731694737772 1101.0 37912576
1731694768846 1101.0 37945344
1731694797467 1101.0 37978112
1731694826851 1101.0 38010880
1731694855851 1101.0 38043648
1731694884820 1101.0 38076416
1731694916084 1101.0 38109184
1731694944951 1101.0 38141952
1731694973738 1101.0 38174720
1731695003180 1101.0 38207488
1731695034194 1101.0 38240256
1731695062747 1101.0 38273024
1731695091740 1101.0 38305792
1731695120710 1101.0 38338560
1731695149719 1101.0 38371328
1731695180836 1101.0 38404096
1731695209393 1101.0 38436864
1731695238651 1101.0 38469632
1731695267677 1101.0 38502400
1731695296202 1101.0 38535168
1731695327527 1101.0 38567936
1731695356367 1101.0 38600704
1731695386094 1101.0 38633472
1731695415158 1101.0 38666240
1731695444141 1101.0 38699008
1731695475568 1101.0 38731776
1731695504546 1101.0 38764544
1731695533311 1101.0 38797312
1731695562566 1101.0 38830080
1731695591344 1101.0 38862848
1731695622441 1101.0 38895616
1731695651103 1101.0 38928384
1731695680510 1101.0 38961152
1731695710364 1101.0 38993920
1731695740171 1101.0 39026688
1731695771168 1101.0 39059456
1731695799796 1101.0 39092224
1731695832266 1101.0 39124992
1731695861695 1101.0 39157760
1731695892869 1101.0 39190528
1731695923963 1101.0 39223296
1731695952915 1101.0 39256064
1731695981626 1101.0 39288832
1731696012508 1101.0 39321600
1731696042850 1101.0 39354368
1731696074582 1101.0 39387136
1731696103366 1101.0 39419904
1731696132716 1101.0 39452672
1731696161675 1101.0 39485440
1731696190767 1101.0 39518208
1731696222273 1101.0 39550976
1731696251048 1101.0 39583744
1731696280272 1101.0 39616512
1731696309638 1101.0 39649280
1731696341093 1101.0 39682048
1731696369693 1101.0 39714816
1731696398874 1101.0 39747584
1731696427700 1101.0 39780352
1731696456325 1101.0 39813120
1731696488499 1101.0 39845888
1731696517045 1101.0 39878656
1731696546142 1101.0 39911424
1731696575195 1101.0 39944192
1731696604671 1101.0 39976960
1731696636039 1101.0 40009728
1731696665069 1101.0 40042496
1731696693812 1101.0 40075264
1731696723485 1101.0 40108032
1731696752957 1101.0 40140800
1731696784487 1101.0 40173568
1731696813217 1101.0 40206336
1731696842501 1101.0 40239104
1731696872068 1101.0 40271872
1731696900867 1101.0 40304640
1731696931827 1101.0 40337408
1731696960858 1101.0 40370176
1731696989575 1101.0 40402944
1731697019007 1101.0 40435712
1731697047943 1101.0 40468480
1731697079166 1101.0 40501248
1731697108158 1101.0 40534016
1731697137018 1101.0 40566784
1731697166032 1101.0 40599552
1731697195218 1101.0 40632320
1731697227530 1101.0 40665088
1731697255922 1101.0 40697856
1731697284909 1101.0 40730624
1731697314376 1101.0 40763392
1731697343867 1101.0 40796160
1731697375090 1101.0 40828928
1731697404142 1101.0 40861696
1731697433225 1101.0 40894464
1731697461842 1101.0 40927232
1731697493302 1101.0 40960000
1731697522452 1101.0 40992768
1731697551891 1101.0 41025536
1731697581204 1101.0 41058304
1731697610487 1101.0 41091072
1731697642394 1101.0 41123840
1731697671494 1101.0 41156608
1731697700106 1101.0 41189376
1731697729618 1101.0 41222144
1731697758950 1101.0 41254912
1731697791157 1101.0 41287680
1731697820399 1101.0 41320448
1731697849833 1101.0 41353216
1731697878787 1101.0 41385984
1731697907998 1101.0 41418752
1731697939105 1101.0 41451520
1731697968310 1101.0 41484288
1731697997388 1101.0 41517056
1731698026514 1101.0 41549824
1731698055488 1101.0 41582592
1731698086540 1101.0 41615360
1731698115047 1101.0 41648128
1731698143850 1101.0 41680896
1731698172968 1101.0 41713664
1731698201720 1101.0 41746432
1731698233083 1101.0 41779200
1731698261753 1101.0 41811968
1731698290969 1101.0 41844736
1731698319811 1101.0 41877504
1731698348837 1101.0 41910272
1731698380340 1101.0 41943040
1731698408991 1101.0 41975808
1731698438128 1101.0 42008576
1731698467242 1101.0 42041344
1731698496659 1101.0 42074112
1731698528609 1101.0 42106880
1731698557185 1101.0 42139648
1731698586194 1101.0 42172416
1731698615375 1101.0 42205184
1731698644409 1101.0 42237952
1731698676040 1101.0 42270720
1731698704841 1101.0 42303488
1731698733783 1101.0 42336256
1731698763275 1101.0 42369024
1731698794601 1101.0 42401792
1731698823101 1101.0 42434560
1731698852272 1101.0 42467328
1731698881156 1101.0 42500096
1731698910632 1101.0 42532864
1731698941938 1101.0 42565632
1731698970658 1101.0 42598400
1731698999522 1101.0 42631168
1731699028696 1101.0 42663936
1731699058218 1101.0 42696704
1731699089705 1101.0 42729472
1731699118403 1101.0 42762240
1731699147062 1101.0 42795008
1731699176025 1101.0 42827776
1731699204875 1102.0 42860544
1731699236191 1101.0 42893312
1731699265201 1101.0 42926080
1731699294352 1101.0 42958848
1731699323369 1102.0 42991616
1731699352254 1102.0 43024384
1731699383176 1102.0 43057152
1731699411567 1102.0 43089920
1731699440376 1102.0 43122688
1731699468982 1102.0 43155456
1731699497593 1102.0 43188224
1731699528401 1102.0 43220992
1731699557014 1102.0 43253760
1731699586393 1102.0 43286528
1731699615110 1102.0 43319296
1731699644217 1102.0 43352064
1731699675585 1102.0 43384832
1731699705661 1102.0 43417600
1731699734507 1102.0 43450368
1731699763047 1102.0 43483136
1731699792143 1102.0 43515904
1731699823509 1102.0 43548672
1731699852146 1102.0 43581440
1731699881035 1102.0 43614208
1731699909882 1102.0 43646976
1731699939708 1102.0 43679744
1731699971287 1102.0 43712512
1731700000669 1102.0 43745280
1731700029564 1102.0 43778048
1731700058479 1102.0 43810816
1731700089605 1102.0 43843584
1731700118584 1102.0 43876352
1731700147826 1102.0 43909120
1731700176395 1102.0 43941888
1731700206479 1102.0 43974656
1731700237418 1102.0 44007424
1731700266141 1102.0 44040192
1731700294913 1102.0 44072960
1731700324833 1102.0 44105728
1731700353815 1102.0 44138496
1731700384926 1102.0 44171264
1731700413385 1102.0 44204032
1731700442485 1102.0 44236800
1731700471677 1102.0 44269568
1731700500542 1102.0 44302336
1731700532384 1102.0 44335104
1731700562486 1102.0 44367872
1731700591784 1102.0 44400640
1731700621135 1102.0 44433408
1731700650340 1102.0 44466176
1731700681569 1102.0 44498944
1731700709893 1102.0 44531712
1731700738702 1102.0 44564480
1731700768210 1102.0 44597248
1731700797382 1102.0 44630016
1731700828284 1102.0 44662784
1731700857063 1102.0 44695552
1731700886277 1102.0 44728320
1731700915455 1102.0 44761088
1731700944019 1102.0 44793856
1731700975529 1102.0 44826624
1731701004604 1102.0 44859392
1731701034286 1102.0 44892160
1731701062753 1102.0 44924928
1731701091570 1102.0 44957696
1731701122544 1102.0 44990464
1731701151286 1102.0 45023232
1731701180128 1102.0 45056000
1731701209444 1102.0 45088768
1731701240660 1102.0 45121536
1731701269510 1102.0 45154304
1731701298810 1102.0 45187072
1731701328028 1102.0 45219840
1731701357534 1102.0 45252608
1731701388902 1102.0 45285376
1731701417818 1102.0 45318144
1731701447377 1102.0 45350912
1731701475810 1102.0 45383680
1731701504483 1102.0 45416448
1731701535760 1102.0 45449216
1731701564875 1102.0 45481984
1731701594298 1102.0 45514752
1731701623144 1102.0 45547520
1731701651894 1102.0 45580288
1731701682686 1102.0 45613056
1731701711586 1102.0 45645824
1731701740706 1102.0 45678592
1731701769766 1102.0 45711360
1731701799252 1102.0 45744128
1731701830495 1102.0 45776896
1731701862871 1102.0 45809664
1731701891682 1102.0 45842432
1731701920409 1102.0 45875200
1731701949331 1102.0 45907968
1731701979928 1102.0 45940736
1731702009079 1102.0 45973504
1731702037910 1102.0 46006272
1731702066946 1102.0 46039040
1731702096002 1102.0 46071808
1731702126979 1102.0 46104576
1731702157023 1102.0 46137344
1731702187965 1102.0 46170112
1731702217704 1102.0 46202880
1731702246072 1102.0 46235648
1731702280384 1102.0 46268416
1731702309166 1102.0 46301184
1731702338092 1102.0 46333952
1731702366918 1102.0 46366720
1731702395281 1102.0 46399488
1731702425560 1102.0 46432256
1731702454408 1102.0 46465024
1731702483210 1102.0 46497792
1731702512432 1102.0 46530560
1731702544205 1102.0 46563328
1731702573218 1102.0 46596096
1731702601877 1102.0 46628864
1731702630785 1102.0 46661632
1731702659943 1102.0 46694400
1731702691150 1102.0 46727168
1731702719976 1102.0 46759936
1731702748670 1102.0 46792704
1731702777250 1102.0 46825472
1731702807136 1102.0 46858240
1731702837786 1102.0 46891008
1731702866356 1102.0 46923776
1731702894870 1102.0 46956544
1731702923892 1102.0 46989312
1731702952961 1102.0 47022080
1731702983580 1102.0 47054848
1731703012644 1102.0 47087616
1731703041602 1102.0 47120384
1731703070818 1102.0 47153152
1731703099844 1102.0 47185920
1731703131027 1102.0 47218688
1731703159933 1102.0 47251456
1731703190266 1102.0 47284224
1731703218894 1102.0 47316992
1731703247653 1102.0 47349760
1731703279843 1102.0 47382528
1731703308577 1102.0 47415296
1731703337857 1102.0 47448064
1731703366411 1102.0 47480832
1731703395348 1102.0 47513600
1731703427689 1102.0 47546368
1731703456536 1102.0 47579136
1731703485514 1102.0 47611904
1731703514190 1102.0 47644672
1731703543722 1102.0 47677440
1731703574872 1102.0 47710208
1731703603502 1102.0 47742976
1731703632023 1102.0 47775744
1731703660695 1102.0 47808512
1731703691770 1102.0 47841280
1731703720469 1102.0 47874048
1731703749663 1102.0 47906816
1731703778440 1102.0 47939584
1731703807329 1102.0 47972352
1731703838863 1102.0 48005120
1731703867236 1102.0 48037888
1731703896929 1102.0 48070656
1731703926486 1102.0 48103424
1731703955070 1102.0 48136192
1731703985951 1102.0 48168960
1731704014351 1102.0 48201728
1731704043228 1102.0 48234496
1731704071745 1102.0 48267264
1731704100542 1103.0 48300032
1731704132056 1102.0 48332800
1731704160825 1102.0 48365568
1731704189962 1103.0 48398336
1731704219002 1103.0 48431104
1731704247758 1103.0 48463872
1731704279045 1103.0 48496640
1731704307920 1103.0 48529408
1731704336696 1103.0 48562176
1731704365358 1103.0 48594944
1731704394519 1103.0 48627712
1731704425948 1103.0 48660480
1731704454862 1103.0 48693248
1731704483823 1103.0 48726016
1731704512939 1103.0 48758784
1731704542097 1103.0 48791552
1731704573138 1103.0 48824320
1731704601780 1103.0 48857088
1731704630176 1103.0 48889856
1731704659170 1103.0 48922624
1731704688187 1103.0 48955392
1731704719944 1103.0 48988160
1731704748694 1103.0 49020928
1731704777837 1103.0 49053696
1731704806970 1103.0 49086464
1731704837309 1103.0 49119232
1731704869270 1103.0 49152000
1731704897754 1103.0 49184768
1731704926654 1103.0 49217536
1731704955385 1103.0 49250304
1731704986279 1103.0 49283072
1731705014699 1103.0 49315840
1731705043584 1103.0 49348608
1731705072613 1103.0 49381376
1731705101213 1103.0 49414144
1731705132636 1103.0 49446912
1731705161515 1103.0 49479680
1731705190033 1103.0 49512448
1731705218564 1103.0 49545216
1731705247784 1103.0 49577984
1731705278949 1103.0 49610752
1731705307570 1103.0 49643520
1731705337258 1103.0 49676288
1731705366869 1103.0 49709056
1731705395814 1103.0 49741824
1731705426789 1103.0 49774592
1731705455361 1103.0 49807360
1731705484506 1103.0 49840128
1731705513575 1103.0 49872896
1731705543431 1103.0 49905664
1731705576129 1103.0 49938432
1731705604780 1103.0 49971200
1731705633504 1103.0 50003968
1731705662306 1103.0 50036736
1731705691629 1103.0 50069504
1731705723546 1103.0 50102272
1731705751955 1103.0 50135040
1731705780906 1103.0 50167808
1731705809956 1103.0 50200576
1731705839023 1103.0 50233344
1731705870444 1103.0 50266112
1731705899126 1103.0 50298880
1731705928373 1103.0 50331648
1731705957646 1103.0 50364416
1731705986881 1103.0 50397184
1731706017776 1103.0 50429952
1731706046356 1103.0 50462720
1731706078224 1103.0 50495488
1731706107507 1103.0 50528256
1731706140005 1103.0 50561024
1731706169179 1103.0 50593792
1731706198079 1103.0 50626560
1731706227196 1103.0 50659328
1731706256230 1103.0 50692096
1731706287288 1103.0 50724864
1731706316261 1103.0 50757632
1731706345346 1103.0 50790400
1731706374613 1103.0 50823168
1731706403406 1103.0 50855936
1731706434235 1103.0 50888704
1731706462913 1103.0 50921472
1731706491438 1103.0 50954240
1731706520078 1103.0 50987008
1731706548914 1103.0 51019776
1731706580240 1103.0 51052544
1731706608773 1103.0 51085312
1731706637553 1103.0 51118080
1731706666239 1103.0 51150848
1731706694819 1103.0 51183616
1731706726119 1103.0 51216384
1731706754526 1103.0 51249152
1731706783364 1103.0 51281920
1731706812165 1103.0 51314688
1731706841327 1103.0 51347456
1731706872227 1103.0 51380224
1731706901001 1103.0 51412992
1731706929918 1103.0 51445760
1731706958617 1103.0 51478528
1731706987217 1103.0 51511296
1731707018282 1103.0 51544064
1731707047110 1103.0 51576832
1731707075661 1103.0 51609600
1731707105105 1103.0 51642368
1731707133664 1103.0 51675136
1731707165999 1103.0 51707904
1731707196523 1103.0 51740672
1731707224973 1103.0 51773440
1731707255710 1103.0 51806208
1731707284621 1103.0 51838976
1731707315264 1103.0 51871744
1731707345119 1103.0 51904512
1731707374764 1103.0 51937280
1731707403594 1103.0 51970048
1731707434689 1103.0 52002816
1731707463266 1103.0 52035584
1731707491915 1103.0 52068352
1731707520798 1103.0 52101120
1731707550208 1103.0 52133888
1731707581157 1103.0 52166656
1731707609936 1103.0 52199424
1731707638790 1103.0 52232192
1731707667486 1103.0 52264960
1731707696427 1103.0 52297728
1731707727993 1103.0 52330496
1731707757279 1103.0 52363264
1731707786474 1103.0 52396032
1731707815739 1103.0 52428800
1731707845042 1103.0 52461568
1731707875748 1103.0 52494336
1731707904657 1103.0 52527104
1731707933500 1103.0 52559872
1731707962466 1103.0 52592640
1731707991212 1103.0 52625408
1731708022298 1103.0 52658176
1731708051315 1103.0 52690944
1731708080065 1103.0 52723712
1731708109274 1103.0 52756480
1731708138321 1103.0 52789248
1731708169849 1103.0 52822016
1731708198955 1103.0 52854784
1731708228140 1103.0 52887552
1731708256999 1103.0 52920320
1731708285669 1103.0 52953088
1731708316724 1103.0 52985856
1731708345479 1103.0 53018624
1731708374224 1103.0 53051392
1731708402916 1103.0 53084160
1731708431862 1103.0 53116928
1731708463189 1103.0 53149696
1731708491991 1103.0 53182464
1731708520587 1103.0 53215232
1731708549516 1103.0 53248000
1731708579869 1103.0 53280768
1731708609142 1103.0 53313536
1731708637567 1103.0 53346304
1731708666871 1103.0 53379072
1731708695846 1103.0 53411840
1731708726866 1103.0 53444608
1731708755697 1103.0 53477376
1731708784875 1103.0 53510144
1731708813802 1103.0 53542912
1731708842951 1103.0 53575680
1731708874217 1103.0 53608448
1731708903064 1103.0 53641216
1731708932233 1103.0 53673984
1731708960920 1103.0 53706752
1731708989543 1103.0 53739520
1731709021002 1103.0 53772288
1731709049426 1103.0 53805056
1731709078173 1103.0 53837824
1731709106986 1104.0 53870592
1731709136340 1104.0 53903360
1731709167484 1103.0 53936128
1731709196166 1104.0 53968896
1731709225102 1104.0 54001664
1731709254027 1104.0 54034432
1731709283027 1104.0 54067200
1731709314076 1104.0 54099968
1731709343019 1104.0 54132736
1731709371977 1104.0 54165504
1731709401061 1104.0 54198272
1731709429766 1104.0 54231040
1731709461076 1104.0 54263808
1731709490077 1104.0 54296576
1731709518946 1104.0 54329344
1731709547855 1104.0 54362112
1731709576754 1104.0 54394880
1731709607345 1104.0 54427648
1731709635927 1104.0 54460416
1731709665020 1104.0 54493184
1731709693829 1104.0 54525952
1731709723012 1104.0 54558720
1731709753991 1104.0 54591488
1731709783992 1104.0 54624256
1731709814529 1104.0 54657024
1731709843295 1104.0 54689792
1731709874654 1104.0 54722560
1731709904268 1104.0 54755328
1731709932851 1104.0 54788096
1731709962128 1104.0 54820864
1731709991754 1104.0 54853632
1731710022768 1104.0 54886400
1731710051766 1104.0 54919168
1731710082284 1104.0 54951936
1731710112009 1104.0 54984704
1731710141527 1104.0 55017472
1731710173955 1104.0 55050240
1731710202842 1104.0 55083008
1731710231892 1104.0 55115776
1731710261145 1104.0 55148544
1731710289946 1104.0 55181312
1731710321115 1104.0 55214080
1731710349937 1104.0 55246848
1731710379028 1104.0 55279616
1731710408301 1104.0 55312384
1731710437464 1104.0 55345152
1731710468927 1104.0 55377920
1731710497953 1104.0 55410688
1731710526820 1104.0 55443456
1731710556009 1104.0 55476224
1731710584768 1104.0 55508992
1731710616573 1104.0 55541760
1731710645336 1104.0 55574528
1731710674201 1104.0 55607296
1731710702817 1104.0 55640064
1731710731551 1104.0 55672832
1731710762160 1104.0 55705600
1731710790742 1104.0 55738368
1731710819594 1104.0 55771136
1731710848271 1104.0 55803904
1731710876950 1104.0 55836672
1731710907960 1104.0 55869440
1731710936928 1104.0 55902208
1731710966464 1104.0 55934976
1731710995377 1104.0 55967744
1731711026281 1104.0 56000512
1731711055364 1104.0 56033280
1731711084217 1104.0 56066048
1731711113185 1104.0 56098816
1731711141754 1104.0 56131584
1731711173327 1104.0 56164352
1731711201855 1104.0 56197120
1731711231089 1104.0 56229888
1731711260713 1104.0 56262656
1731711289886 1104.0 56295424
1731711321113 1104.0 56328192
1731711350899 1104.0 56360960
1731711379916 1104.0 56393728
1731711408578 1104.0 56426496
1731711437270 1104.0 56459264
1731711468295 1104.0 56492032
1731711497140 1104.0 56524800
1731711526486 1104.0 56557568
1731711555465 1104.0 56590336
1731711584378 1104.0 56623104
1731711617852 1104.0 56655872
1731711646802 1104.0 56688640
1731711675949 1104.0 56721408
1731711706550 1104.0 56754176
1731711735635 1104.0 56786944
1731711767048 1104.0 56819712
1731711796257 1104.0 56852480
1731711824965 1104.0 56885248
1731711853790 1104.0 56918016
1731711882661 1104.0 56950784
1731711913704 1104.0 56983552
1731711942886 1104.0 57016320
1731711971806 1104.0 57049088
1731712001223 1104.0 57081856
1731712030348 1104.0 57114624
1731712061013 1104.0 57147392
1731712089793 1104.0 57180160
1731712118644 1104.0 57212928
1731712147348 1104.0 57245696
1731712176069 1104.0 57278464
1731712207145 1104.0 57311232
1731712235754 1104.0 57344000
1731712264687 1104.0 57376768
1731712293564 1104.0 57409536
1731712325235 1104.0 57442304
1731712353911 1104.0 57475072
1731712383402 1104.0 57507840
1731712413094 1104.0 57540608
1731712442585 1104.0 57573376
1731712473970 1104.0 57606144
1731712503208 1104.0 57638912
1731712532584 1104.0 57671680
1731712561561 1104.0 57704448
1731712590411 1104.0 57737216
1731712621637 1104.0 57769984
1731712650977 1104.0 57802752
1731712680366 1104.0 57835520
1731712709018 1104.0 57868288
1731712738082 1104.0 57901056
1731712769198 1104.0 57933824
1731712797744 1104.0 57966592
1731712826706 1104.0 57999360
1731712855725 1104.0 58032128
1731712884548 1104.0 58064896
1731712915647 1104.0 58097664
1731712944728 1104.0 58130432
1731712974373 1104.0 58163200
1731713003288 1104.0 58195968
1731713032413 1104.0 58228736
1731713064743 1104.0 58261504
1731713093609 1104.0 58294272
1731713122620 1104.0 58327040
1731713151536 1104.0 58359808
1731713180331 1104.0 58392576
1731713211186 1104.0 58425344
1731713239926 1104.0 58458112
1731713269061 1104.0 58490880
1731713298226 1104.0 58523648
1731713327144 1104.0 58556416
1731713358519 1104.0 58589184
1731713387159 1104.0 58621952
1731713416017 1104.0 58654720
1731713444645 1104.0 58687488
1731713475844 1104.0 58720256
1731713504676 1104.0 58753024
1731713533812 1104.0 58785792
1731713562195 1104.0 58818560
1731713590815 1104.0 58851328
1731713621487 1104.0 58884096
1731713650163 1104.0 58916864
1731713679062 1104.0 58949632
1731713707825 1104.0 58982400
1731713737108 1104.0 59015168
1731713767866 1104.0 59047936
1731713796562 1104.0 59080704
1731713825115 1104.0 59113472
1731713854050 1104.0 59146240
1731713883100 1104.0 59179008
1731713913608 1104.0 59211776
1731713942291 1104.0 59244544
1731713971350 1104.0 59277312
1731714000114 1104.0 59310080
1731714028681 1104.0 59342848
1731714059214 1104.0 59375616
1731714087947 1104.0 59408384
1731714116664 1104.0 59441152
1731714145756 1104.0 59473920
1731714174644 1104.0 59506688
1731714205967 1104.0 59539456
1731714234414 1104.0 59572224
1731714263481 1104.0 59604992
1731714292687 1104.0 59637760
1731714321962 1104.0 59670528
1731714352840 1104.0 59703296
1731714382211 1104.0 59736064
1731714411026 1104.0 59768832
1731714440147 1104.0 59801600
1731714469093 1104.0 59834368
1731714500205 1104.0 59867136
1731714529239 1104.0 59899904
1731714558340 1104.0 59932672
1731714587426 1104.0 59965440
1731714616165 1104.0 59998208
1731714647064 1104.0 60030976
1731714675713 1104.0 60063744
1731714704859 1104.0 60096512
1731714733484 1104.0 60129280
1731714764406 1104.0 60162048
1731714793145 1104.0 60194816
1731714822335 1104.0 60227584
1731714850991 1104.0 60260352
1731714880220 1104.0 60293120
1731714911599 1104.0 60325888
1731714939930 1104.0 60358656
1731714967131 1104.0 60391424
1731714993873 1105.0 60424192
1731715019051 1105.0 60456960
1731715046913 1105.0 60489728
1731715072474 1105.0 60522496
1731715097446 1105.0 60555264
1731715122462 1105.0 60588032
1731715147342 1105.0 60620800
1731715174277 1105.0 60653568
1731715200292 1105.0 60686336
1731715226951 1105.0 60719104
1731715251891 1105.0 60751872
1731715276879 1105.0 60784640
1731715304183 1105.0 60817408
1731715329018 1106.0 60850176
1731715354052 1106.0 60882944
1731715379171 1106.0 60915712
1731715404422 1106.0 60948480
1731715431479 1106.0 60981248
1731715456285 1106.0 61014016
1731715481054 1106.0 61046784
1731715506201 1106.0 61079552
1731715531390 1106.0 61112320
1731715558185 1106.0 61145088
1731715582896 1106.0 61177856
1731715607944 1106.0 61210624
1731715632606 1107.0 61243392
1731715657638 1107.0 61276160
1731715684469 1107.0 61308928
1731715709040 1107.0 61341696
1731715733917 1107.0 61374464
1731715758806 1107.0 61407232
1731715785744 1107.0 61440000
1731715810406 1107.0 61472768
1731715835421 1107.0 61505536
1731715860150 1107.0 61538304
1731715884792 1107.0 61571072
1731715911716 1107.0 61603840
1731715936579 1108.0 61636608
1731715961254 1108.0 61669376
1731715986129 1108.0 61702144
1731716011023 1108.0 61734912
1731716038048 1108.0 61767680
1731716062916 1108.0 61800448
1731716088484 1108.0 61833216
1731716113577 1108.0 61865984
1731716138228 1108.0 61898752
1731716165075 1108.0 61931520
1731716189768 1108.0 61964288
1731716215735 1108.0 61997056
1731716241386 1109.0 62029824
1731716266271 1109.0 62062592
1731716293214 1109.0 62095360
1731716317645 1109.0 62128128
1731716342865 1109.0 62160896
1731716368922 1109.0 62193664
1731716393890 1109.0 62226432
1731716421051 1109.0 62259200
1731716445692 1109.0 62291968
1731716470609 1109.0 62324736
1731716496011 1109.0 62357504
1731716520679 1109.0 62390272
1731716547424 1110.0 62423040
1731716572378 1110.0 62455808
1731716597157 1110.0 62488576
1731716621914 1110.0 62521344
1731716646759 1110.0 62554112
1731716673435 1110.0 62586880
1731716698299 1110.0 62619648
1731716723369 1110.0 62652416
1731716748656 1110.0 62685184
1731716774023 1110.0 62717952
1731716800597 1110.0 62750720
1731716825325 1110.0 62783488
1731716850108 1111.0 62816256
1731716875184 1111.0 62849024
1731716902534 1111.0 62881792
1731716927279 1111.0 62914560
1731716952514 1111.0 62947328
1731716977188 1111.0 62980096
1731717001992 1111.0 63012864
1731717028515 1111.0 63045632
1731717053144 1111.0 63078400
1731717078614 1111.0 63111168
1731717103517 1111.0 63143936
1731717128598 1111.0 63176704
1731717154993 1111.0 63209472
1731717179563 1112.0 63242240
1731717204477 1112.0 63275008
1731717229865 1112.0 63307776
1731717254981 1112.0 63340544
1731717281750 1112.0 63373312
1731717306365 1112.0 63406080
1731717331186 1112.0 63438848
1731717357086 1112.0 63471616
1731717383553 1112.0 63504384
1731717410611 1112.0 63537152
1731717435076 1112.0 63569920
1731717459922 1112.0 63602688
1731717484565 1113.0 63635456
1731717509274 1113.0 63668224
1731717536427 1113.0 63700992
1731717562686 1113.0 63733760
1731717587612 1113.0 63766528
1731717612462 1113.0 63799296
1731717637310 1113.0 63832064
1731717665033 1113.0 63864832
1731717690971 1113.0 63897600
1731717715983 1113.0 63930368
1731717740984 1113.0 63963136
1731717766019 1113.0 63995904
1731717793090 1113.0 64028672
1731717817754 1113.0 64061440
1731717842590 1114.0 64094208
1731717868773 1114.0 64126976
1731717894425 1114.0 64159744
1731717921267 1114.0 64192512
1731717946144 1114.0 64225280
1731717971044 1114.0 64258048
1731717995702 1114.0 64290816
1731718022629 1114.0 64323584
1731718047299 1114.0 64356352
1731718072465 1114.0 64389120
1731718097709 1114.0 64421888
1731718122747 1114.0 64454656
1731718149548 1114.0 64487424
1731718174413 1115.0 64520192
1731718200742 1115.0 64552960
1731718226488 1115.0 64585728
1731718251945 1115.0 64618496
1731718278926 1115.0 64651264
1731718305309 1115.0 64684032
1731718330351 1115.0 64716800
1731718355305 1115.0 64749568
1731718380187 1115.0 64782336
