1731660317904 1.0 32768
1731660345742 2.0 65536
1731660375140 3.0 98304
1731660405645 4.0 131072
1731660438055 5.0 163840
1731660466592 6.0 196608
1731660496425 7.0 229376
1731660525003 8.0 262144
1731660554578 9.0 294912
1731660587668 10.0 327680
1731660616030 11.0 360448
1731660645665 12.0 393216
1731660674127 13.0 425984
1731660703831 14.0 458752
1731660735897 15.0 491520
1731660764538 16.0 524288
1731660794431 17.0 557056
1731660824207 18.0 589824
1731660853733 19.0 622592
1731660886058 20.0 655360
1731660913735 21.0 688128
1731660943209 22.0 720896
1731660972790 23.0 753664
1731661001395 24.0 786432
1731661035547 25.0 819200
1731661063717 26.0 851968
1731661092708 27.0 884736
1731661122971 28.0 917504
1731661151297 29.0 950272
1731661184784 30.0 983040
1731661213282 31.0 1015808
1731661242974 32.0 1048576
1731661271057 33.0 1081344
1731661299623 34.0 1114112
1731661333298 35.0 1146880
1731661361546 36.0 1179648
1731661390963 37.0 1212416
1731661419756 38.0 1245184
1731661447799 39.0 1277952
1731661478439 40.0 1310720
1731661506238 41.0 1343488
1731661534956 42.0 1376256
1731661563138 43.0 1409024
1731661593727 44.0 1441792
1731661621417 45.0 1474560
1731661649486 46.0 1507328
1731661678010 47.0 1540096
1731661706675 48.0 1572864
1731661737698 49.0 1605632
1731661766060 50.0 1638400
1731661794027 51.0 1671168
1731661822455 52.0 1703936
1731661851043 53.0 1736704
1731661882009 54.0 1769472
1731661910500 55.0 1802240
1731661939289 56.0 1835008
1731661969855 57.0 1867776
1731661999463 58.0 1900544
1731662033072 59.0 1933312
1731662062048 60.0 1966080
1731662091395 61.0 1998848
1731662122072 62.0 2031616
1731662151411 63.0 2064384
1731662185719 64.0 2097152
1731662214399 65.0 2129920
1731662244252 66.0 2162688
1731662273330 67.0 2195456
1731662302470 68.0 2228224
1731662334592 69.0 2260992
1731662363534 70.0 2293760
1731662392194 71.0 2326528
1731662421311 72.0 2359296
1731662450057 73.0 2392064
1731662481933 74.0 2424832
1731662511047 75.0 2457600
1731662541749 76.0 2490368
1731662570914 77.0 2523136
1731662600532 78.0 2555904
1731662633753 79.0 2588672
1731662663153 80.0 2621440
1731662692419 81.0 2654208
1731662721272 82.0 2686976
1731662751212 83.0 2719744
1731662782875 84.0 2752512
1731662811867 85.0 2785280
1731662841165 86.0 2818048
1731662871638 87.0 2850816
1731662905102 88.0 2883584
1731662933695 89.0 2916352
1731662962360 90.0 2949120
1731662991495 91.0 2981888
1731663020351 92.0 3014656
1731663052215 93.0 3047424
1731663080823 94.0 3080192
1731663110279 95.0 3112960
1731663139594 96.0 3145728
1731663168947 97.0 3178496
1731663199878 98.0 3211264
1731663228715 99.0 3244032
1731663258211 100.0 3276800
1731663287227 101.0 3309568
1731663316513 102.0 3342336
1731663347857 103.0 3375104
1731663376568 104.0 3407872
1731663406045 105.0 3440640
1731663435216 106.0 3473408
1731663464303 107.0 3506176
1731663496791 108.0 3538944
1731663525740 109.0 3571712
1731663554836 110.0 3604480
1731663584595 111.0 3637248
1731663614274 112.0 3670016
1731663647037 113.0 3702784
1731663675882 114.0 3735552
1731663705069 115.0 3768320
1731663734607 116.0 3801088
1731663764693 117.0 3833856
1731663797759 118.0 3866624
1731663826697 119.0 3899392
1731663855556 120.0 3932160
1731663884694 121.0 3964928
1731663913823 122.0 3997696
1731663947003 123.0 4030464
1731663975754 124.0 4063232
1731664005179 125.0 4096000
1731664034576 126.0 4128768
1731664067061 127.0 4161536
1731664096072 128.0 4194304
1731664125134 129.0 4227072
1731664154138 130.0 4259840
1731664183328 131.0 4292608
1731664216431 132.0 4325376
1731664245382 133.0 4358144
1731664275018 134.0 4390912
1731664305151 135.0 4423680
1731664334196 136.0 4456448
1731664365603 137.0 4489216
1731664393881 138.0 4521984
1731664423139 139.0 4554752
1731664452534 140.0 4587520
1731664481708 141.0 4620288
1731664513982 142.0 4653056
1731664542818 143.0 4685824
1731664571442 144.0 4718592
1731664600271 145.0 4751360
1731664629650 146.0 4784128
1731664660266 147.0 4816896
1731664688741 148.0 4849664
1731664717834 149.0 4882432
1731664746702 150.0 4915200
1731664776009 151.0 4947968
1731664807452 152.0 4980736
1731664836803 153.0 5013504
1731664867763 154.0 5046272
1731664897073 155.0 5079040
1731664926952 156.0 5111808
1731664959632 157.0 5144576
1731664988276 158.0 5177344
1731665017880 159.0 5210112
1731665047596 160.0 5242880
1731665077985 161.0 5275648
1731665109897 162.0 5308416
1731665138882 163.0 5341184
1731665167965 164.0 5373952
1731665197029 165.0 5406720
1731665226108 166.0 5439488
1731665257857 167.0 5472256
1731665287232 168.0 5505024
1731665317273 169.0 5537792
1731665346522 170.0 5570560
1731665377278 171.0 5603328
1731665405785 172.0 5636096
1731665434661 173.0 5668864
1731665463352 174.0 5701632
1731665492302 175.0 5734400
1731665523348 176.0 5767168
1731665551852 177.0 5799936
1731665581305 178.0 5832704
1731665610418 179.0 5865472
1731665639610 180.0 5898240
1731665670685 181.0 5931008
1731665699440 182.0 5963776
1731665728899 183.0 5996544
1731665757606 184.0 6029312
1731665786602 185.0 6062080
1731665818339 186.0 6094848
1731665846972 187.0 6127616
1731665875884 188.0 6160384
1731665904954 189.0 6193152
1731665933979 190.0 6225920
1731665965578 191.0 6258688
1731665994178 192.0 6291456
1731666023292 193.0 6324224
1731666052554 194.0 6356992
1731666081219 195.0 6389760
1731666112189 196.0 6422528
1731666141391 197.0 6455296
1731666170666 198.0 6488064
1731666199713 199.0 6520832
1731666228958 200.0 6553600
1731666259875 201.0 6586368
1731666288908 202.0 6619136
1731666317541 203.0 6651904
1731666347541 204.0 6684672
1731666376532 205.0 6717440
1731666407931 206.0 6750208
1731666436706 207.0 6782976
1731666465355 208.0 6815744
1731666494931 209.0 6848512
1731666526896 210.0 6881280
1731666556021 211.0 6914048
1731666585471 212.0 6946816
1731666615027 213.0 6979584
1731666644432 214.0 7012352
1731666675855 215.0 7045120
1731666704388 216.0 7077888
1731666733698 217.0 7110656
1731666762988 218.0 7143424
1731666792136 219.0 7176192
1731666823574 220.0 7208960
1731666852001 221.0 7241728
1731666881326 222.0 7274496
1731666910443 223.0 7307264
1731666939859 224.0 7340032
1731666971726 225.0 7372800
1731667000312 226.0 7405568
1731667029712 227.0 7438336
1731667058991 228.0 7471104
1731667088422 229.0 7503872
1731667121864 230.0 7536640
1731667151076 231.0 7569408
1731667180362 232.0 7602176
1731667209460 233.0 7634944
1731667238234 234.0 7667712
1731667269910 235.0 7700480
1731667298465 236.0 7733248
1731667328322 237.0 7766016
1731667357464 238.0 7798784
1731667386750 239.0 7831552
1731667418633 240.0 7864320
1731667447845 241.0 7897088
1731667477044 242.0 7929856
1731667506037 243.0 7962624
1731667534967 244.0 7995392
1731667566813 245.0 8028160
1731667595524 246.0 8060928
1731667624575 247.0 8093696
1731667653652 248.0 8126464
1731667682655 249.0 8159232
1731667713838 250.0 8192000
1731667743058 251.0 8224768
1731667773420 252.0 8257536
1731667802698 253.0 8290304
1731667834576 254.0 8323072
1731667863199 255.0 8355840
1731667892308 256.0 8388608
1731667921297 257.0 8421376
1731667950259 258.0 8454144
1731667981183 259.0 8486912
1731668009985 260.0 8519680
1731668038897 261.0 8552448
1731668068241 262.0 8585216
1731668097113 263.0 8617984
1731668128748 264.0 8650752
1731668157449 265.0 8683520
1731668186610 266.0 8716288
1731668215750 267.0 8749056
1731668244522 268.0 8781824
1731668276766 269.0 8814592
1731668305925 270.0 8847360
1731668334925 271.0 8880128
1731668363907 272.0 8912896
1731668392821 273.0 8945664
1731668424364 274.0 8978432
1731668452939 275.0 9011200
1731668483432 276.0 9043968
1731668512193 277.0 9076736
1731668541051 278.0 9109504
1731668573401 279.0 9142272
1731668602002 280.0 9175040
1731668631286 281.0 9207808
1731668660457 282.0 9240576
1731668690694 283.0 9273344
1731668722834 284.0 9306112
1731668752010 285.0 9338880
1731668781902 286.0 9371648
1731668811950 287.0 9404416
1731668843269 288.0 9437184
1731668876731 289.0 9469952
1731668905675 290.0 9502720
1731668935357 291.0 9535488
1731668965090 292.0 9568256
1731668997320 293.0 9601024
1731669026285 294.0 9633792
1731669056073 295.0 9666560
1731669085633 296.0 9699328
1731669116165 297.0 9732096
1731669149841 298.0 9764864
1731669178712 299.0 9797632
1731669210053 300.0 9830400
1731669239833 301.0 9863168
1731669269935 302.0 9895936
1731669302677 303.0 9928704
1731669331534 304.0 9961472
1731669361294 305.0 9994240
1731669390870 306.0 10027008
1731669420121 307.0 10059776
1731669453345 308.0 10092544
1731669483291 309.0 10125312
1731669512965 310.0 10158080
1731669543235 311.0 10190848
1731669573185 312.0 10223616
1731669605860 313.0 10256384
1731669634563 314.0 10289152
1731669663980 315.0 10321920
1731669693430 316.0 10354688
1731669723061 317.0 10387456
1731669756295 318.0 10420224
1731669785076 319.0 10452992
1731669814681 320.0 10485760
1731669844445 321.0 10518528
1731669874768 322.0 10551296
1731669907356 323.0 10584064
1731669936085 324.0 10616832
1731669966254 325.0 10649600
1731669995682 326.0 10682368
1731670025175 327.0 10715136
1731670057623 328.0 10747904
1731670086337 329.0 10780672
1731670115724 330.0 10813440
1731670145427 331.0 10846208
1731670175455 332.0 10878976
1731670207306 333.0 10911744
1731670235841 334.0 10944512
1731670265405 335.0 10977280
1731670294921 336.0 11010048
1731670327088 337.0 11042816
1731670356044 338.0 11075584
1731670385586 339.0 11108352
1731670415150 340.0 11141120
1731670444351 341.0 11173888
1731670476242 342.0 11206656
1731670505026 343.0 11239424
1731670534434 344.0 11272192
1731670563723 345.0 11304960
1731670594904 346.0 11337728
1731670626519 347.0 11370496
1731670655196 348.0 11403264
1731670684504 349.0 11436032
1731670713820 350.0 11468800
1731670743866 351.0 11501568
1731670775917 352.0 11534336
1731670805062 353.0 11567104
1731670834098 354.0 11599872
1731670862922 355.0 11632640
1731670891706 356.0 11665408
1731670923647 357.0 11698176
1731670952412 358.0 11730944
1731670981295 359.0 11763712
1731671010419 360.0 11796480
1731671040287 361.0 11829248
1731671071662 362.0 11862016
1731671100393 363.0 11894784
1731671129387 364.0 11927552
1731671158324 365.0 11960320
1731671187152 366.0 11993088
1731671219061 367.0 12025856
1731671247702 368.0 12058624
1731671277509 369.0 12091392
1731671306787 370.0 12124160
1731671335810 371.0 12156928
1731671367317 372.0 12189696
1731671396119 373.0 12222464
1731671424963 374.0 12255232
1731671454309 375.0 12288000
1731671485490 376.0 12320768
1731671514540 377.0 12353536
1731671543458 378.0 12386304
1731671572516 379.0 12419072
1731671602535 380.0 12451840
1731671633560 381.0 12484608
1731671662070 382.0 12517376
1731671690975 383.0 12550144
1731671720095 384.0 12582912
1731671749204 385.0 12615680
1731671780167 386.0 12648448
1731671809136 387.0 12681216
1731671838348 388.0 12713984
1731671867532 389.0 12746752
1731671896499 390.0 12779520
1731671927801 391.0 12812288
1731671956854 392.0 12845056
1731671986037 393.0 12877824
1731672015247 394.0 12910592
1731672044025 395.0 12943360
1731672075955 396.0 12976128
1731672104735 397.0 13008896
1731672133563 398.0 13041664
1731672162872 399.0 13074432
1731672192047 400.0 13107200
1731672223093 401.0 13139968
1731672251770 402.0 13172736
1731672280754 403.0 13205504
1731672309712 404.0 13238272
1731672338701 405.0 13271040
1731672369746 406.0 13303808
1731672398620 407.0 13336576
1731672427977 408.0 13369344
1731672457328 409.0 13402112
1731672486197 410.0 13434880
1731672517294 411.0 13467648
1731672546028 412.0 13500416
1731672574868 413.0 13533184
1731672603969 414.0 13565952
1731672635680 415.0 13598720
1731672667714 416.0 13631488
1731672696250 417.0 13664256
1731672725045 418.0 13697024
1731672754052 419.0 13729792
1731672786514 420.0 13762560
1731672815023 421.0 13795328
1731672844075 422.0 13828096
1731672872698 423.0 13860864
1731672902222 424.0 13893632
1731672933671 425.0 13926400
1731672962292 426.0 13959168
1731672991597 427.0 13991936
1731673020464 428.0 14024704
1731673049603 429.0 14057472
1731673081543 430.0 14090240
1731673110075 431.0 14123008
1731673139387 432.0 14155776
1731673168817 433.0 14188544
1731673198000 434.0 14221312
1731673229474 435.0 14254080
1731673257888 436.0 14286848
1731673286594 437.0 14319616
1731673315534 438.0 14352384
1731673344441 439.0 14385152
1731673375179 440.0 14417920
1731673403966 441.0 14450688
1731673433301 442.0 14483456
1731673463117 443.0 14516224
1731673492817 444.0 14548992
1731673524063 445.0 14581760
1731673552742 446.0 14614528
1731673582200 447.0 14647296
1731673611740 448.0 14680064
1731673642023 449.0 14712832
1731673673210 450.0 14745600
1731673701767 451.0 14778368
1731673730947 452.0 14811136
1731673760882 453.0 14843904
1731673789809 454.0 14876672
1731673821033 455.0 14909440
1731673849633 456.0 14942208
1731673878591 457.0 14974976
1731673907565 458.0 15007744
1731673939960 459.0 15040512
1731673968563 460.0 15073280
1731673998200 461.0 15106048
1731674027421 462.0 15138816
1731674056008 463.0 15171584
1731674086874 464.0 15204352
1731674116008 465.0 15237120
1731674146066 466.0 15269888
1731674176999 467.0 15302656
1731674205741 468.0 15335424
1731674236899 469.0 15368192
1731674265724 470.0 15400960
1731674294436 471.0 15433728
1731674323340 472.0 15466496
1731674352092 473.0 15499264
1731674383083 474.0 15532032
1731674413046 475.0 15564800
1731674442788 476.0 15597568
1731674472079 477.0 15630336
1731674501504 478.0 15663104
1731674532757 479.0 15695872
1731674561592 480.0 15728640
1731674590876 481.0 15761408
1731674619910 482.0 15794176
1731674649279 483.0 15826944
1731674681902 484.0 15859712
1731674710482 485.0 15892480
1731674739628 486.0 15925248
1731674768525 487.0 15958016
1731674798343 488.0 15990784
1731674829565 489.0 16023552
1731674858954 490.0 16056320
1731674887873 491.0 16089088
1731674917249 492.0 16121856
1731674946495 493.0 16154624
1731674977381 494.0 16187392
1731675006501 495.0 16220160
1731675035476 496.0 16252928
1731675066486 497.0 16285696
1731675095799 498.0 16318464
1731675127162 499.0 16351232
1731675155826 500.0 16384000
1731675185209 501.0 16416768
1731675214020 502.0 16449536
1731675245234 503.0 16482304
1731675274106 504.0 16515072
1731675302872 505.0 16547840
1731675337334 506.0 16580608
1731675366633 507.0 16613376
1731675398113 508.0 16646144
1731675426761 509.0 16678912
1731675455908 510.0 16711680
1731675485297 511.0 16744448
1731675514295 512.0 16777216
1731675545242 513.0 16809984
1731675574121 514.0 16842752
1731675602976 515.0 16875520
1731675632113 516.0 16908288
1731675661277 517.0 16941056
1731675694712 518.0 16973824
1731675723680 519.0 17006592
1731675752351 520.0 17039360
1731675781276 521.0 17072128
1731675810216 522.0 17104896
1731675841303 523.0 17137664
1731675870476 524.0 17170432
1731675899597 525.0 17203200
1731675928821 526.0 17235968
1731675957628 527.0 17268736
1731675988992 528.0 17301504
1731676017858 529.0 17334272
1731676046859 530.0 17367040
1731676075812 531.0 17399808
1731676104600 532.0 17432576
1731676136054 533.0 17465344
1731676165102 534.0 17498112
1731676193705 535.0 17530880
1731676222739 536.0 17563648
1731676250978 537.0 17596416
1731676282744 538.0 17629184
1731676311232 539.0 17661952
1731676339611 540.0 17694720
1731676370111 541.0 17727488
1731676401427 542.0 17760256
1731676430206 543.0 17793024
1731676459382 544.0 17825792
1731676488199 545.0 17858560
1731676516882 546.0 17891328
1731676548211 547.0 17924096
1731676576770 548.0 17956864
1731676605723 549.0 17989632
1731676634732 550.0 18022400
1731676663297 551.0 18055168
1731676695205 552.0 18087936
1731676724000 553.0 18120704
1731676753204 554.0 18153472
1731676781971 555.0 18186240
1731676810889 556.0 18219008
1731676842080 557.0 18251776
1731676871026 558.0 18284544
1731676899971 559.0 18317312
1731676929960 560.0 18350080
1731676959111 561.0 18382848
1731676990913 562.0 18415616
1731677019618 563.0 18448384
1731677048626 564.0 18481152
1731677077519 565.0 18513920
1731677106741 566.0 18546688
1731677139097 567.0 18579456
1731677167947 568.0 18612224
1731677197272 569.0 18644992
1731677226311 570.0 18677760
1731677255737 571.0 18710528
1731677287110 572.0 18743296
1731677315935 573.0 18776064
1731677345761 574.0 18808832
1731677375496 575.0 18841600
1731677404254 576.0 18874368
1731677435607 577.0 18907136
1731677464198 578.0 18939904
1731677493047 579.0 18972672
1731677522855 580.0 19005440
1731677551663 581.0 19038208
1731677583060 582.0 19070976
1731677611744 583.0 19103744
1731677640786 584.0 19136512
1731677670193 585.0 19169280
1731677701867 586.0 19202048
1731677730796 587.0 19234816
1731677759552 588.0 19267584
1731677788640 589.0 19300352
1731677817945 590.0 19333120
1731677850464 591.0 19365888
1731677879138 592.0 19398656
1731677908220 593.0 19431424
1731677937072 594.0 19464192
1731677967709 595.0 19496960
1731677999059 596.0 19529728
1731678028134 597.0 19562496
1731678056867 598.0 19595264
1731678086457 599.0 19628032
1731678115093 600.0 19660800
1731678145531 601.0 19693568
1731678174699 602.0 19726336
1731678204084 603.0 19759104
1731678233189 604.0 19791872
1731678263055 605.0 19824640
1731678294810 606.0 19857408
1731678323536 607.0 19890176
1731678352376 608.0 19922944
1731678381292 609.0 19955712
1731678410316 610.0 19988480
1731678442213 611.0 20021248
1731678471223 612.0 20054016
1731678500187 613.0 20086784
1731678529055 614.0 20119552
1731678558105 615.0 20152320
1731678589195 616.0 20185088
1731678617861 617.0 20217856
1731678646869 618.0 20250624
1731678676270 619.0 20283392
1731678706432 620.0 20316160
1731678743905 621.0 20348928
1731678774730 622.0 20381696
1731678807360 623.0 20414464
1731678838173 624.0 20447232
1731678873455 625.0 20480000
1731678903439 626.0 20512768
1731678940438 627.0 20545536
1731678975444 628.0 20578304
1731679008688 629.0 20611072
1731679044474 630.0 20643840
1731679073592 631.0 20676608
1731679102903 632.0 20709376
1731679131962 633.0 20742144
1731679162646 634.0 20774912
1731679194326 635.0 20807680
1731679223435 636.0 20840448
1731679252450 637.0 20873216
1731679281491 638.0 20905984
1731679310782 639.0 20938752
1731679342203 640.0 20971520
1731679370783 641.0 21004288
1731679400037 642.0 21037056
1731679428988 643.0 21069824
1731679457875 644.0 21102592
1731679490057 645.0 21135360
1731679518936 646.0 21168128
1731679548387 647.0 21200896
1731679577936 648.0 21233664
1731679606651 649.0 21266432
1731679638414 650.0 21299200
1731679667039 651.0 21331968
1731679697378 652.0 21364736
1731679726765 653.0 21397504
1731679755909 654.0 21430272
1731679787928 655.0 21463040
1731679816405 656.0 21495808
1731679845402 657.0 21528576
1731679874884 658.0 21561344
1731679904402 659.0 21594112
1731679936484 660.0 21626880
1731679965230 661.0 21659648
1731679994781 662.0 21692416
1731680024341 663.0 21725184
1731680053679 664.0 21757952
1731680084890 665.0 21790720
1731680113462 666.0 21823488
1731680142366 667.0 21856256
1731680171719 668.0 21889024
1731680203634 669.0 21921792
1731680232750 670.0 21954560
1731680262134 671.0 21987328
1731680291503 672.0 22020096
1731680320470 673.0 22052864
1731680351722 674.0 22085632
1731680380463 675.0 22118400
1731680409046 676.0 22151168
1731680437804 677.0 22183936
1731680466804 678.0 22216704
1731680499152 679.0 22249472
1731680528101 680.0 22282240
1731680557176 681.0 22315008
1731680585665 682.0 22347776
1731680615498 683.0 22380544
1731680647173 684.0 22413312
1731680676249 685.0 22446080
1731680707797 686.0 22478848
1731680739395 687.0 22511616
1731680771027 688.0 22544384
1731680802909 689.0 22577152
1731680831643 690.0 22609920
1731680860699 691.0 22642688
1731680888660 692.0 22675456
1731680917932 693.0 22708224
1731680949581 694.0 22740992
1731680978397 695.0 22773760
1731681010789 696.0 22806528
1731681040131 697.0 22839296
1731681068961 698.0 22872064
1731681100288 699.0 22904832
1731681128701 700.0 22937600
1731681157725 701.0 22970368
1731681186935 702.0 23003136
1731681216107 703.0 23035904
1731681247706 704.0 23068672
1731681276909 705.0 23101440
1731681306316 706.0 23134208
1731681336038 707.0 23166976
1731681365694 708.0 23199744
1731681400774 709.0 23232512
1731681429550 710.0 23265280
1731681458875 711.0 23298048
1731681487716 712.0 23330816
1731681518948 713.0 23363584
1731681548039 714.0 23396352
1731681578372 715.0 23429120
1731681607331 716.0 23461888
1731681638135 717.0 23494656
1731681669208 718.0 23527424
1731681698335 719.0 23560192
1731681727679 720.0 23592960
1731681757067 721.0 23625728
1731681785894 722.0 23658496
1731681817515 723.0 23691264
1731681845973 724.0 23724032
1731681875486 725.0 23756800
1731681905046 726.0 23789568
1731681934954 727.0 23822336
1731681966094 728.0 23855104
1731681994944 729.0 23887872
1731682024920 730.0 23920640
1731682057243 731.0 23953408
1731682086218 732.0 23986176
1731682116748 733.0 24018944
1731682145789 734.0 24051712
1731682174897 735.0 24084480
1731682203691 736.0 24117248
1731682232558 737.0 24150016
1731682265578 738.0 24182784
1731682294560 739.0 24215552
1731682324651 740.0 24248320
1731682354183 741.0 24281088
1731682383616 742.0 24313856
1731682415090 743.0 24346624
1731682444173 744.0 24379392
1731682473317 745.0 24412160
1731682502596 746.0 24444928
1731682532288 747.0 24477696
1731682563562 748.0 24510464
1731682592587 749.0 24543232
1731682621485 750.0 24576000
1731682650443 751.0 24608768
1731682682200 752.0 24641536
1731682711133 753.0 24674304
1731682740223 754.0 24707072
1731682769617 755.0 24739840
1731682798581 756.0 24772608
1731682829781 757.0 24805376
1731682858353 758.0 24838144
1731682887510 759.0 24870912
1731682916611 760.0 24903680
1731682945619 761.0 24936448
1731682977527 762.0 24969216
1731683006126 763.0 25001984
1731683035383 764.0 25034752
1731683064427 765.0 25067520
1731683093951 766.0 25100288
1731683124916 767.0 25133056
1731683153547 768.0 25165824
1731683182597 769.0 25198592
1731683211829 770.0 25231360
1731683241714 771.0 25264128
1731683272936 772.0 25296896
1731683301978 773.0 25329664
1731683331455 774.0 25362432
1731683360292 775.0 25395200
1731683389900 776.0 25427968
1731683421315 777.0 25460736
1731683450065 778.0 25493504
1731683478939 779.0 25526272
1731683508214 780.0 25559040
1731683537288 781.0 25591808
1731683569097 782.0 25624576
1731683597820 783.0 25657344
1731683627000 784.0 25690112
1731683655793 785.0 25722880
1731683684734 786.0 25755648
1731683715786 787.0 25788416
1731683744608 788.0 25821184
1731683774217 789.0 25853952
1731683803556 790.0 25886720
1731683832639 791.0 25919488
1731683863211 792.0 25952256
1731683892155 793.0 25985024
1731683921104 794.0 26017792
1731683950336 795.0 26050560
1731683981911 796.0 26083328
1731684010580 797.0 26116096
1731684040101 798.0 26148864
1731684069410 799.0 26181632
1731684099224 800.0 26214400
1731684131231 801.0 26247168
1731684160026 802.0 26279936
1731684189774 803.0 26312704
1731684218677 804.0 26345472
1731684247629 805.0 26378240
1731684278811 806.0 26411008
1731684307411 807.0 26443776
1731684336568 808.0 26476544
1731684366218 809.0 26509312
1731684395084 810.0 26542080
1731684426574 811.0 26574848
1731684455382 812.0 26607616
1731684484544 813.0 26640384
1731684513117 814.0 26673152
1731684542266 815.0 26705920
1731684574029 816.0 26738688
1731684603085 817.0 26771456
1731684632644 818.0 26804224
1731684661155 819.0 26836992
1731684690260 820.0 26869760
1731684721585 821.0 26902528
1731684750408 822.0 26935296
1731684778888 823.0 26968064
1731684807891 824.0 27000832
1731684836940 825.0 27033600
1731684868022 826.0 27066368
1731684896915 827.0 27099136
1731684926021 828.0 27131904
1731684955147 829.0 27164672
1731684984420 830.0 27197440
1731685016152 831.0 27230208
1731685044935 832.0 27262976
1731685074101 833.0 27295744
1731685103175 834.0 27328512
1731685134715 835.0 27361280
1731685163276 836.0 27394048
1731685192459 837.0 27426816
1731685221506 838.0 27459584
1731685250684 839.0 27492352
1731685282062 840.0 27525120
1731685311215 841.0 27557888
1731685340978 842.0 27590656
1731685370135 843.0 27623424
1731685399401 844.0 27656192
1731685430642 845.0 27688960
1731685459159 846.0 27721728
1731685488174 847.0 27754496
1731685517331 848.0 27787264
1731685546298 849.0 27820032
1731685578188 850.0 27852800
1731685606729 851.0 27885568
1731685636056 852.0 27918336
1731685665252 853.0 27951104
1731685694028 854.0 27983872
1731685725567 855.0 28016640
1731685754463 856.0 28049408
1731685783358 857.0 28082176
1731685812366 858.0 28114944
1731685841357 859.0 28147712
1731685873075 860.0 28180480
1731685901406 861.0 28213248
1731685932206 862.0 28246016
1731685961087 863.0 28278784
1731685989724 864.0 28311552
1731686021312 865.0 28344320
1731686049936 866.0 28377088
1731686078343 867.0 28409856
1731686107551 868.0 28442624
1731686142690 869.0 28475392
1731686173639 870.0 28508160
1731686202397 871.0 28540928
1731686231630 872.0 28573696
1731686260746 873.0 28606464
1731686289828 874.0 28639232
1731686322218 875.0 28672000
1731686351264 876.0 28704768
1731686380609 877.0 28737536
1731686410367 878.0 28770304
1731686443331 879.0 28803072
1731686471977 880.0 28835840
1731686501322 881.0 28868608
1731686530463 882.0 28901376
1731686559471 883.0 28934144
1731686590694 884.0 28966912
1731686619495 885.0 28999680
1731686648210 886.0 29032448
1731686677182 887.0 29065216
1731686705934 888.0 29097984
1731686737991 889.0 29130752
1731686766574 890.0 29163520
1731686795847 891.0 29196288
1731686824831 892.0 29229056
1731686853897 893.0 29261824
1731686886179 894.0 29294592
1731686914928 895.0 29327360
1731686943923 896.0 29360128
1731686973477 897.0 29392896
1731687002577 898.0 29425664
1731687034092 899.0 29458432
1731687063242 900.0 29491200
1731687092310 901.0 29523968
1731687121115 902.0 29556736
1731687150165 903.0 29589504
1731687181657 904.0 29622272
1731687210590 905.0 29655040
1731687239915 906.0 29687808
1731687268262 907.0 29720576
1731687297110 908.0 29753344
1731687329411 909.0 29786112
1731687358153 910.0 29818880
1731687387421 911.0 29851648
1731687417527 912.0 29884416
1731687448859 913.0 29917184
1731687480739 914.0 29949952
1731687511935 915.0 29982720
1731687541203 916.0 30015488
1731687571170 917.0 30048256
1731687602718 918.0 30081024
1731687631453 919.0 30113792
1731687663166 920.0 30146560
1731687693390 921.0 30179328
1731687723199 922.0 30212096
1731687753968 923.0 30244864
1731687782622 924.0 30277632
1731687811996 925.0 30310400
1731687841066 926.0 30343168
1731687873002 927.0 30375936
1731687911279 928.0 30408704
1731687944773 929.0 30441472
1731687974764 930.0 30474240
1731688004355 931.0 30507008
1731688034401 932.0 30539776
1731688066009 933.0 30572544
1731688094792 934.0 30605312
1731688123433 935.0 30638080
1731688152174 936.0 30670848
1731688180800 937.0 30703616
1731688211932 938.0 30736384
1731688240658 939.0 30769152
1731688269303 940.0 30801920
1731688297114 941.0 30834688
1731688327377 942.0 30867456
1731688360039 943.0 30900224
1731688388804 944.0 30932992
1731688418060 945.0 30965760
1731688447018 946.0 30998528
1731688476284 947.0 31031296
1731688507403 948.0 31064064
1731688536007 949.0 31096832
1731688564465 950.0 31129600
1731688593423 951.0 31162368
1731688622439 952.0 31195136
1731688653746 953.0 31227904
1731688682795 954.0 31260672
1731688711936 955.0 31293440
1731688740984 956.0 31326208
1731688769993 957.0 31358976
1731688801209 958.0 31391744
1731688830250 959.0 31424512
1731688859512 960.0 31457280
1731688888740 961.0 31490048
1731688920114 962.0 31522816
1731688948786 963.0 31555584
1731688977655 964.0 31588352
1731689008293 965.0 31621120
1731689037392 966.0 31653888
1731689068307 967.0 31686656
1731689097062 968.0 31719424
1731689126560 969.0 31752192
1731689156167 970.0 31784960
1731689184893 971.0 31817728
1731689216434 972.0 31850496
1731689245245 973.0 31883264
1731689274250 974.0 31916032
1731689303810 975.0 31948800
1731689333440 976.0 31981568
1731689365448 977.0 32014336
1731689394476 978.0 32047104
1731689423785 979.0 32079872
1731689452547 980.0 32112640
1731689481584 981.0 32145408
1731689512974 982.0 32178176
1731689541540 983.0 32210944
1731689570465 984.0 32243712
1731689599473 985.0 32276480
1731689628891 986.0 32309248
1731689662287 987.0 32342016
1731689691312 988.0 32374784
1731689720594 989.0 32407552
1731689750289 990.0 32440320
1731689779889 991.0 32473088
1731689812031 992.0 32505856
1731689841597 993.0 32538624
1731689870785 994.0 32571392
1731689900306 995.0 32604160
1731689929720 996.0 32636928
1731689960879 997.0 32669696
1731689989767 998.0 32702464
1731690019253 999.0 32735232
1731690048086 1000.0 32768000
1731690079996 1001.0 32800768
1731690108796 1002.0 32833536
1731690138442 1003.0 32866304
1731690168418 1004.0 32899072
1731690197842 1005.0 32931840
1731690229805 1006.0 32964608
1731690258758 1007.0 32997376
1731690287937 1008.0 33030144
1731690318000 1009.0 33062912
1731690347184 1010.0 33095680
1731690381211 1011.0 33128448
1731690410058 1012.0 33161216
1731690440174 1013.0 33193984
1731690471205 1014.0 33226752
1731690500262 1015.0 33259520
1731690532747 1016.0 33292288
1731690561798 1017.0 33325056
1731690591286 1018.0 33357824
1731690620537 1019.0 33390592
1731690650182 1020.0 33423360
1731690681976 1021.0 33456128
1731690711173 1022.0 33488896
1731690740972 1023.0 33521664
1731690770863 1024.0 33554432
1731690800624 1025.0 33587200
1731690832399 1026.0 33619968
1731690860922 1027.0 33652736
1731690889633 1028.0 33685504
1731690919193 1029.0 33718272
1731690948501 1030.0 33751040
1731690980216 1031.0 33783808
1731691009249 1032.0 33816576
1731691038790 1033.0 33849344
1731691068338 1034.0 33882112
1731691098143 1035.0 33914880
1731691130671 1036.0 33947648
1731691161099 1037.0 33980416
1731691190500 1038.0 34013184
1731691220037 1039.0 34045952
1731691249476 1040.0 34078720
1731691281591 1041.0 34111488
1731691310394 1042.0 34144256
1731691340106 1043.0 34177024
1731691370079 1044.0 34209792
1731691401909 1045.0 34242560
1731691430198 1046.0 34275328
1731691459713 1047.0 34308096
1731691488943 1048.0 34340864
1731691518312 1049.0 34373632
1731691550257 1050.0 34406400
1731691579307 1051.0 34439168
1731691608579 1052.0 34471936
1731691638136 1053.0 34504704
1731691667909 1054.0 34537472
1731691700268 1055.0 34570240
1731691729265 1056.0 34603008
1731691759416 1057.0 34635776
1731691791434 1058.0 34668544
1731691821091 1059.0 34701312
1731691853535 1060.0 34734080
1731691882648 1061.0 34766848
1731691912243 1062.0 34799616
1731691941720 1063.0 34832384
1731691971248 1064.0 34865152
1731692003804 1065.0 34897920
1731692032835 1066.0 34930688
1731692062528 1067.0 34963456
1731692091253 1068.0 34996224
1731692120476 1069.0 35028992
1731692152641 1070.0 35061760
1731692181324 1071.0 35094528
1731692209723 1072.0 35127296
1731692239896 1073.0 35160064
1731692269439 1074.0 35192832
1731692301085 1075.0 35225600
1731692329589 1076.0 35258368
1731692358843 1077.0 35291136
1731692387885 1078.0 35323904
1731692416938 1079.0 35356672
1731692449165 1080.0 35389440
1731692478014 1081.0 35422208
1731692507348 1082.0 35454976
1731692536988 1083.0 35487744
1731692568717 1084.0 35520512
1731692597009 1085.0 35553280
1731692626286 1086.0 35586048
1731692655527 1087.0 35618816
1731692685020 1088.0 35651584
1731692716677 1089.0 35684352
1731692745494 1090.0 35717120
1731692775194 1091.0 35749888
1731692806205 1092.0 35782656
1731692835549 1093.0 35815424
1731692867871 1094.0 35848192
1731692896581 1095.0 35880960
1731692926264 1096.0 35913728
1731692956029 1097.0 35946496
1731692986476 1098.0 35979264
1731693018465 1099.0 36012032
1731693047310 1100.0 36044800
1731693077875 1101.0 36077568
1731693107610 1102.0 36110336
1731693137304 1103.0 36143104
1731693168933 1104.0 36175872
1731693197704 1105.0 36208640
1731693227082 1106.0 36241408
1731693256088 1107.0 36274176
1731693285153 1108.0 36306944
1731693316885 1109.0 36339712
1731693345943 1110.0 36372480
1731693375171 1111.0 36405248
1731693404656 1112.0 36438016
1731693433682 1113.0 36470784
1731693464773 1114.0 36503552
1731693493845 1115.0 36536320
1731693523271 1116.0 36569088
1731693552960 1117.0 36601856
1731693582133 1118.0 36634624
1731693614375 1119.0 36667392
1731693643964 1120.0 36700160
1731693673808 1121.0 36732928
1731693703014 1122.0 36765696
1731693733266 1123.0 36798464
1731693764488 1124.0 36831232
1731693794036 1125.0 36864000
1731693822987 1126.0 36896768
1731693851982 1127.0 36929536
1731693884117 1128.0 36962304
1731693912783 1129.0 36995072
1731693941741 1130.0 37027840
1731693970674 1131.0 37060608
1731693999393 1132.0 37093376
1731694030580 1133.0 37126144
1731694059505 1134.0 37158912
1731694088554 1135.0 37191680
1731694117587 1136.0 37224448
1731694146803 1137.0 37257216
1731694178988 1138.0 37289984
1731694207936 1139.0 37322752
1731694237059 1140.0 37355520
1731694266075 1141.0 37388288
1731694295224 1142.0 37421056
1731694326840 1143.0 37453824
1731694355198 1144.0 37486592
1731694384647 1145.0 37519360
1731694413713 1146.0 37552128
1731694442966 1147.0 37584896
1731694474794 1148.0 37617664
1731694503502 1149.0 37650432
1731694533014 1150.0 37683200
1731694561918 1151.0 37715968
1731694591027 1152.0 37748736
1731694622346 1153.0 37781504
1731694651049 1154.0 37814272
1731694679973 1155.0 37847040
1731694708908 1156.0 37879808
1731694737831 1157.0 37912576
1731694768879 1158.0 37945344
1731694797487 1159.0 37978112
1731694826878 1160.0 38010880
1731694855878 1161.0 38043648
1731694884872 1162.0 38076416
1731694916101 1163.0 38109184
1731694944984 1164.0 38141952
1731694973871 1165.0 38174720
1731695003199 1166.0 38207488
1731695034214 1167.0 38240256
1731695062781 1168.0 38273024
1731695091764 1169.0 38305792
1731695120763 1170.0 38338560
1731695149747 1171.0 38371328
1731695180861 1172.0 38404096
1731695209455 1173.0 38436864
1731695238685 1174.0 38469632
1731695267710 1175.0 38502400
1731695296243 1176.0 38535168
1731695327550 1177.0 38567936
1731695356391 1178.0 38600704
1731695386145 1179.0 38633472
1731695415181 1180.0 38666240
1731695444206 1181.0 38699008
1731695475598 1182.0 38731776
1731695504583 1183.0 38764544
1731695533378 1184.0 38797312
1731695562644 1185.0 38830080
1731695591377 1186.0 38862848
1731695622479 1187.0 38895616
1731695651134 1188.0 38928384
1731695680542 1189.0 38961152
1731695710993 1190.0 38993920
1731695740248 1191.0 39026688
1731695771189 1192.0 39059456
1731695799830 1193.0 39092224
1731695832296 1194.0 39124992
1731695862670 1195.0 39157760
1731695892910 1196.0 39190528
1731695923984 1197.0 39223296
1731695952941 1198.0 39256064
1731695981649 1199.0 39288832
1731696012540 1200.0 39321600
1731696043081 1201.0 39354368
1731696074616 1202.0 39387136
1731696103406 1203.0 39419904
1731696132745 1204.0 39452672
1731696161731 1205.0 39485440
1731696190802 1206.0 39518208
1731696222292 1207.0 39550976
1731696251117 1208.0 39583744
1731696280301 1209.0 39616512
1731696309707 1210.0 39649280
1731696341135 1211.0 39682048
1731696369714 1212.0 39714816
1731696398929 1213.0 39747584
1731696427805 1214.0 39780352
1731696456409 1215.0 39813120
1731696488523 1216.0 39845888
1731696517113 1217.0 39878656
1731696546171 1218.0 39911424
1731696575260 1219.0 39944192
1731696604700 1220.0 39976960
1731696636110 1221.0 40009728
1731696665124 1222.0 40042496
1731696693840 1223.0 40075264
1731696723514 1224.0 40108032
1731696752980 1225.0 40140800
1731696784520 1226.0 40173568
1731696813245 1227.0 40206336
1731696842580 1228.0 40239104
1731696872130 1229.0 40271872
1731696900943 1230.0 40304640
1731696931852 1231.0 40337408
1731696960883 1232.0 40370176
1731696989599 1233.0 40402944
1731697019040 1234.0 40435712
1731697047990 1235.0 40468480
1731697079188 1236.0 40501248
1731697108202 1237.0 40534016
1731697137046 1238.0 40566784
1731697166080 1239.0 40599552
1731697195286 1240.0 40632320
1731697227560 1241.0 40665088
1731697255951 1242.0 40697856
1731697284934 1243.0 40730624
1731697314400 1244.0 40763392
1731697343909 1245.0 40796160
1731697375114 1246.0 40828928
1731697404164 1247.0 40861696
1731697433297 1248.0 40894464
1731697461904 1249.0 40927232
1731697493328 1250.0 40960000
1731697522507 1251.0 40992768
1731697551969 1252.0 41025536
1731697581270 1253.0 41058304
1731697610526 1254.0 41091072
1731697642420 1255.0 41123840
1731697671547 1256.0 41156608
1731697700131 1257.0 41189376
1731697729709 1258.0 41222144
1731697759007 1259.0 41254912
1731697791184 1260.0 41287680
1731697820436 1261.0 41320448
1731697849861 1262.0 41353216
1731697878810 1263.0 41385984
1731697908068 1264.0 41418752
1731697939125 1265.0 41451520
1731697968356 1266.0 41484288
1731697997457 1267.0 41517056
1731698026563 1268.0 41549824
1731698055514 1269.0 41582592
1731698086563 1270.0 41615360
1731698115062 1271.0 41648128
1731698143879 1272.0 41680896
1731698173035 1273.0 41713664
1731698201818 1274.0 41746432
1731698233104 1275.0 41779200
1731698261769 1276.0 41811968
1731698291009 1277.0 41844736
1731698319842 1278.0 41877504
1731698348916 1279.0 41910272
1731698380365 1280.0 41943040
1731698409031 1281.0 41975808
1731698438155 1282.0 42008576
1731698467357 1283.0 42041344
1731698496682 1284.0 42074112
1731698528628 1285.0 42106880
1731698557295 1286.0 42139648
1731698586239 1287.0 42172416
1731698615401 1288.0 42205184
1731698644526 1289.0 42237952
1731698676066 1290.0 42270720
1731698704874 1291.0 42303488
1731698733815 1292.0 42336256
1731698763306 1293.0 42369024
1731698794621 1294.0 42401792
1731698823129 1295.0 42434560
1731698852295 1296.0 42467328
1731698881195 1297.0 42500096
1731698910660 1298.0 42532864
1731698941959 1299.0 42565632
1731698970723 1300.0 42598400
1731698999550 1301.0 42631168
1731699028757 1302.0 42663936
1731699058658 1303.0 42696704
1731699089722 1304.0 42729472
1731699118439 1305.0 42762240
1731699147088 1306.0 42795008
1731699176049 1307.0 42827776
1731699204895 1308.0 42860544
1731699236211 1309.0 42893312
1731699265247 1310.0 42926080
1731699294369 1311.0 42958848
1731699323385 1312.0 42991616
1731699352277 1313.0 43024384
1731699383192 1314.0 43057152
1731699411591 1315.0 43089920
1731699440398 1316.0 43122688
1731699468998 1317.0 43155456
1731699497609 1318.0 43188224
1731699528416 1319.0 43220992
1731699557038 1320.0 43253760
1731699586407 1321.0 43286528
1731699615145 1322.0 43319296
1731699644319 1323.0 43352064
1731699675623 1324.0 43384832
1731699705692 1325.0 43417600
1731699734533 1326.0 43450368
1731699763079 1327.0 43483136
1731699792174 1328.0 43515904
1731699823531 1329.0 43548672
1731699852208 1330.0 43581440
1731699881055 1331.0 43614208
1731699909913 1332.0 43646976
1731699939721 1333.0 43679744
1731699971329 1334.0 43712512
1731700000727 1335.0 43745280
1731700029601 1336.0 43778048
1731700058509 1337.0 43810816
1731700089624 1338.0 43843584
1731700118607 1339.0 43876352
1731700147848 1340.0 43909120
1731700176423 1341.0 43941888
1731700206551 1342.0 43974656
1731700237665 1343.0 44007424
1731700266170 1344.0 44040192
1731700294970 1345.0 44072960
1731700324853 1346.0 44105728
1731700353966 1347.0 44138496
1731700384951 1348.0 44171264
1731700413417 1349.0 44204032
1731700442542 1350.0 44236800
1731700471708 1351.0 44269568
1731700500565 1352.0 44302336
1731700532902 1353.0 44335104
1731700562513 1354.0 44367872
1731700591896 1355.0 44400640
1731700621162 1356.0 44433408
1731700650369 1357.0 44466176
1731700681593 1358.0 44498944
1731700709941 1359.0 44531712
1731700738809 1360.0 44564480
1731700768283 1361.0 44597248
1731700797408 1362.0 44630016
1731700828323 1363.0 44662784
1731700857090 1364.0 44695552
1731700886297 1365.0 44728320
1731700915472 1366.0 44761088
1731700944038 1367.0 44793856
1731700975554 1368.0 44826624
1731701004625 1369.0 44859392
1731701034302 1370.0 44892160
1731701062775 1371.0 44924928
1731701091591 1372.0 44957696
1731701122567 1373.0 44990464
1731701151342 1374.0 45023232
1731701180149 1375.0 45056000
1731701209465 1376.0 45088768
1731701240697 1377.0 45121536
1731701269538 1378.0 45154304
1731701298846 1379.0 45187072
1731701328113 1380.0 45219840
1731701357561 1381.0 45252608
1731701388920 1382.0 45285376
1731701417842 1383.0 45318144
1731701447400 1384.0 45350912
1731701475833 1385.0 45383680
1731701504508 1386.0 45416448
1731701535782 1387.0 45449216
1731701564906 1388.0 45481984
1731701594325 1389.0 45514752
1731701623213 1390.0 45547520
1731701651921 1391.0 45580288
1731701682703 1392.0 45613056
1731701711611 1393.0 45645824
1731701740775 1394.0 45678592
1731701769819 1395.0 45711360
1731701799276 1396.0 45744128
1731701830517 1397.0 45776896
1731701862905 1398.0 45809664
1731701891748 1399.0 45842432
1731701920422 1400.0 45875200
1731701949405 1401.0 45907968
1731701980031 1402.0 45940736
1731702009156 1403.0 45973504
1731702037936 1404.0 46006272
1731702066978 1405.0 46039040
1731702096027 1406.0 46071808
1731702127009 1407.0 46104576
1731702157469 1408.0 46137344
1731702188239 1409.0 46170112
1731702217731 1410.0 46202880
1731702246097 1411.0 46235648
1731702280412 1412.0 46268416
1731702309186 1413.0 46301184
1731702338119 1414.0 46333952
1731702366943 1415.0 46366720
1731702395310 1416.0 46399488
1731702425584 1417.0 46432256
1731702454475 1418.0 46465024
1731702483241 1419.0 46497792
1731702512459 1420.0 46530560
1731702544233 1421.0 46563328
1731702573239 1422.0 46596096
1731702601912 1423.0 46628864
1731702630816 1424.0 46661632
1731702659970 1425.0 46694400
1731702691172 1426.0 46727168
1731702720002 1427.0 46759936
1731702748688 1428.0 46792704
1731702777528 1429.0 46825472
1731702807159 1430.0 46858240
1731702837803 1431.0 46891008
1731702866412 1432.0 46923776
1731702894894 1433.0 46956544
1731702923923 1434.0 46989312
1731702952986 1435.0 47022080
1731702983649 1436.0 47054848
1731703012671 1437.0 47087616
1731703041629 1438.0 47120384
1731703070845 1439.0 47153152
1731703099869 1440.0 47185920
1731703131059 1441.0 47218688
1731703159959 1442.0 47251456
1731703190325 1443.0 47284224
1731703218916 1444.0 47316992
1731703247708 1445.0 47349760
1731703279864 1446.0 47382528
1731703308597 1447.0 47415296
1731703337888 1448.0 47448064
1731703366445 1449.0 47480832
1731703395370 1450.0 47513600
1731703427760 1451.0 47546368
1731703456560 1452.0 47579136
1731703485534 1453.0 47611904
1731703514259 1454.0 47644672
1731703543734 1455.0 47677440
1731703574898 1456.0 47710208
1731703603532 1457.0 47742976
1731703632047 1458.0 47775744
1731703660722 1459.0 47808512
1731703691796 1460.0 47841280
1731703720496 1461.0 47874048
1731703749695 1462.0 47906816
1731703778461 1463.0 47939584
1731703807403 1464.0 47972352
1731703838884 1465.0 48005120
1731703867381 1466.0 48037888
1731703896983 1467.0 48070656
1731703926507 1468.0 48103424
1731703955090 1469.0 48136192
1731703985972 1470.0 48168960
1731704014434 1471.0 48201728
1731704043244 1472.0 48234496
1731704071771 1473.0 48267264
1731704100571 1474.0 48300032
1731704132076 1475.0 48332800
1731704160844 1476.0 48365568
1731704189977 1477.0 48398336
1731704219026 1478.0 48431104
1731704247776 1479.0 48463872
1731704279074 1480.0 48496640
1731704307940 1481.0 48529408
1731704336723 1482.0 48562176
1731704365398 1483.0 48594944
1731704394539 1484.0 48627712
1731704425963 1485.0 48660480
1731704454879 1486.0 48693248
1731704483853 1487.0 48726016
1731704512953 1488.0 48758784
1731704542119 1489.0 48791552
1731704573159 1490.0 48824320
1731704601802 1491.0 48857088
1731704630228 1492.0 48889856
1731704659241 1493.0 48922624
1731704688249 1494.0 48955392
1731704719964 1495.0 48988160
1731704748714 1496.0 49020928
1731704777879 1497.0 49053696
1731704807004 1498.0 49086464
1731704837784 1499.0 49119232
1731704869289 1500.0 49152000
1731704897785 1501.0 49184768
1731704926684 1502.0 49217536
1731704955409 1503.0 49250304
1731704986299 1504.0 49283072
1731705014732 1505.0 49315840
1731705043607 1506.0 49348608
1731705072644 1507.0 49381376
1731705101239 1508.0 49414144
1731705132654 1509.0 49446912
1731705161563 1510.0 49479680
1731705190060 1511.0 49512448
1731705218586 1512.0 49545216
1731705247811 1513.0 49577984
1731705278968 1514.0 49610752
1731705307601 1515.0 49643520
1731705337683 1516.0 49676288
1731705366886 1517.0 49709056
1731705395841 1518.0 49741824
1731705426806 1519.0 49774592
1731705455429 1520.0 49807360
1731705484570 1521.0 49840128
1731705513597 1522.0 49872896
1731705543464 1523.0 49905664
1731705576153 1524.0 49938432
1731705604803 1525.0 49971200
1731705633528 1526.0 50003968
1731705662328 1527.0 50036736
1731705691675 1528.0 50069504
1731705723565 1529.0 50102272
1731705751973 1530.0 50135040
1731705780955 1531.0 50167808
1731705809981 1532.0 50200576
1731705839046 1533.0 50233344
1731705870462 1534.0 50266112
1731705899153 1535.0 50298880
1731705928453 1536.0 50331648
1731705957719 1537.0 50364416
1731705986909 1538.0 50397184
1731706017792 1539.0 50429952
1731706046383 1540.0 50462720
1731706078290 1541.0 50495488
1731706107531 1542.0 50528256
1731706140030 1543.0 50561024
1731706169203 1544.0 50593792
1731706198112 1545.0 50626560
1731706227219 1546.0 50659328
1731706256260 1547.0 50692096
1731706287317 1548.0 50724864
1731706316312 1549.0 50757632
1731706345408 1550.0 50790400
1731706374632 1551.0 50823168
1731706403454 1552.0 50855936
1731706434256 1553.0 50888704
1731706462939 1554.0 50921472
1731706491463 1555.0 50954240
1731706520104 1556.0 50987008
1731706548937 1557.0 51019776
1731706580285 1558.0 51052544
1731706608794 1559.0 51085312
1731706637619 1560.0 51118080
1731706666268 1561.0 51150848
1731706694842 1562.0 51183616
1731706726141 1563.0 51216384
1731706754583 1564.0 51249152
1731706783390 1565.0 51281920
1731706812193 1566.0 51314688
1731706841348 1567.0 51347456
1731706872242 1568.0 51380224
1731706901025 1569.0 51412992
1731706930067 1570.0 51445760
1731706958637 1571.0 51478528
1731706987240 1572.0 51511296
1731707018298 1573.0 51544064
1731707047154 1574.0 51576832
1731707075723 1575.0 51609600
1731707105125 1576.0 51642368
1731707133691 1577.0 51675136
1731707167007 1578.0 51707904
1731707196539 1579.0 51740672
1731707225005 1580.0 51773440
1731707255737 1581.0 51806208
1731707284645 1582.0 51838976
1731707315294 1583.0 51871744
1731707345174 1584.0 51904512
1731707374784 1585.0 51937280
1731707403673 1586.0 51970048
1731707434769 1587.0 52002816
1731707463290 1588.0 52035584
1731707491990 1589.0 52068352
1731707520823 1590.0 52101120
1731707550306 1591.0 52133888
1731707581180 1592.0 52166656
1731707609988 1593.0 52199424
1731707638853 1594.0 52232192
1731707667504 1595.0 52264960
1731707696452 1596.0 52297728
1731707728018 1597.0 52330496
1731707757300 1598.0 52363264
1731707786549 1599.0 52396032
1731707815816 1600.0 52428800
1731707845107 1601.0 52461568
1731707875772 1602.0 52494336
1731707904689 1603.0 52527104
1731707933525 1604.0 52559872
1731707962496 1605.0 52592640
1731707991232 1606.0 52625408
1731708022319 1607.0 52658176
1731708051359 1608.0 52690944
1731708080085 1609.0 52723712
1731708109337 1610.0 52756480
1731708138359 1611.0 52789248
1731708169874 1612.0 52822016
1731708198982 1613.0 52854784
1731708228206 1614.0 52887552
1731708257020 1615.0 52920320
1731708285702 1616.0 52953088
1731708316752 1617.0 52985856
1731708345500 1618.0 53018624
1731708374236 1619.0 53051392
1731708402934 1620.0 53084160
1731708431930 1621.0 53116928
1731708463209 1622.0 53149696
1731708492009 1623.0 53182464
1731708520608 1624.0 53215232
1731708549541 1625.0 53248000
1731708579898 1626.0 53280768
1731708609165 1627.0 53313536
1731708637656 1628.0 53346304
1731708666917 1629.0 53379072
1731708695871 1630.0 53411840
1731708726887 1631.0 53444608
1731708755787 1632.0 53477376
1731708784902 1633.0 53510144
1731708813860 1634.0 53542912
1731708842976 1635.0 53575680
1731708874242 1636.0 53608448
1731708903120 1637.0 53641216
1731708932299 1638.0 53673984
1731708960967 1639.0 53706752
1731708989573 1640.0 53739520
1731709021022 1641.0 53772288
1731709049488 1642.0 53805056
1731709078226 1643.0 53837824
1731709107012 1644.0 53870592
1731709136420 1645.0 53903360
1731709167510 1646.0 53936128
1731709196219 1647.0 53968896
1731709225126 1648.0 54001664
1731709254058 1649.0 54034432
1731709283129 1650.0 54067200
1731709314099 1651.0 54099968
1731709343040 1652.0 54132736
1731709372006 1653.0 54165504
1731709401122 1654.0 54198272
1731709429819 1655.0 54231040
1731709461098 1656.0 54263808
1731709490103 1657.0 54296576
1731709518986 1658.0 54329344
1731709547869 1659.0 54362112
1731709576770 1660.0 54394880
1731709607367 1661.0 54427648
1731709635942 1662.0 54460416
1731709665048 1663.0 54493184
1731709693900 1664.0 54525952
1731709723033 1665.0 54558720
1731709754014 1666.0 54591488
1731709784640 1667.0 54624256
1731709814547 1668.0 54657024
1731709843320 1669.0 54689792
1731709875194 1670.0 54722560
1731709904293 1671.0 54755328
1731709932867 1672.0 54788096
1731709962144 1673.0 54820864
1731709991824 1674.0 54853632
1731710022790 1675.0 54886400
1731710051798 1676.0 54919168
1731710082313 1677.0 54951936
1731710112452 1678.0 54984704
1731710141599 1679.0 55017472
1731710173982 1680.0 55050240
1731710202856 1681.0 55083008
1731710231926 1682.0 55115776
1731710261209 1683.0 55148544
1731710289974 1684.0 55181312
1731710321140 1685.0 55214080
1731710349956 1686.0 55246848
1731710379055 1687.0 55279616
1731710408330 1688.0 55312384
1731710437487 1689.0 55345152
1731710468953 1690.0 55377920
1731710497969 1691.0 55410688
1731710526896 1692.0 55443456
1731710556043 1693.0 55476224
1731710584793 1694.0 55508992
1731710616591 1695.0 55541760
1731710645382 1696.0 55574528
1731710674273 1697.0 55607296
1731710702870 1698.0 55640064
1731710731601 1699.0 55672832
1731710762220 1700.0 55705600
1731710790788 1701.0 55738368
1731710819643 1702.0 55771136
1731710848296 1703.0 55803904
1731710876978 1704.0 55836672
1731710907985 1705.0 55869440
1731710936960 1706.0 55902208
1731710966559 1707.0 55934976
1731710995400 1708.0 55967744
1731711026307 1709.0 56000512
1731711055390 1710.0 56033280
1731711084239 1711.0 56066048
1731711113210 1712.0 56098816
1731711141811 1713.0 56131584
1731711173346 1714.0 56164352
1731711201874 1715.0 56197120
1731711231982 1716.0 56229888
1731711260736 1717.0 56262656
1731711289901 1718.0 56295424
1731711321131 1719.0 56328192
1731711350916 1720.0 56360960
1731711379933 1721.0 56393728
1731711408598 1722.0 56426496
1731711437290 1723.0 56459264
1731711468326 1724.0 56492032
1731711497192 1725.0 56524800
1731711526566 1726.0 56557568
1731711555546 1727.0 56590336
1731711584436 1728.0 56623104
1731711617876 1729.0 56655872
1731711647026 1730.0 56688640
1731711675975 1731.0 56721408
1731711706599 1732.0 56754176
1731711735665 1733.0 56786944
1731711767072 1734.0 56819712
1731711796280 1735.0 56852480
1731711825019 1736.0 56885248
1731711853813 1737.0 56918016
1731711882687 1738.0 56950784
1731711913721 1739.0 56983552
1731711942910 1740.0 57016320
1731711971835 1741.0 57049088
1731712001276 1742.0 57081856
1731712030383 1743.0 57114624
1731712061099 1744.0 57147392
1731712089856 1745.0 57180160
1731712118706 1746.0 57212928
1731712147389 1747.0 57245696
1731712176088 1748.0 57278464
1731712207162 1749.0 57311232
1731712235803 1750.0 57344000
1731712264761 1751.0 57376768
1731712293594 1752.0 57409536
1731712325259 1753.0 57442304
1731712353944 1754.0 57475072
1731712383425 1755.0 57507840
1731712413137 1756.0 57540608
1731712442638 1757.0 57573376
1731712473989 1758.0 57606144
1731712503705 1759.0 57638912
1731712532638 1760.0 57671680
1731712561587 1761.0 57704448
1731712590453 1762.0 57737216
1731712621660 1763.0 57769984
1731712651045 1764.0 57802752
1731712680384 1765.0 57835520
1731712709050 1766.0 57868288
1731712738108 1767.0 57901056
1731712769224 1768.0 57933824
1731712797765 1769.0 57966592
1731712826730 1770.0 57999360
1731712855789 1771.0 58032128
1731712884648 1772.0 58064896
1731712915670 1773.0 58097664
1731712945224 1774.0 58130432
1731712974396 1775.0 58163200
1731713003312 1776.0 58195968
1731713032434 1777.0 58228736
1731713064769 1778.0 58261504
1731713093639 1779.0 58294272
1731713122643 1780.0 58327040
1731713151576 1781.0 58359808
1731713180381 1782.0 58392576
1731713211204 1783.0 58425344
1731713239950 1784.0 58458112
1731713269129 1785.0 58490880
1731713298261 1786.0 58523648
1731713327211 1787.0 58556416
1731713358543 1788.0 58589184
1731713387184 1789.0 58621952
1731713416042 1790.0 58654720
1731713444675 1791.0 58687488
1731713475865 1792.0 58720256
1731713504698 1793.0 58753024
1731713533831 1794.0 58785792
1731713562230 1795.0 58818560
1731713590838 1796.0 58851328
1731713621512 1797.0 58884096
1731713650195 1798.0 58916864
1731713679128 1799.0 58949632
1731713707852 1800.0 58982400
1731713737135 1801.0 59015168
1731713767884 1802.0 59047936
1731713796583 1803.0 59080704
1731713825166 1804.0 59113472
1731713854075 1805.0 59146240
1731713883125 1806.0 59179008
1731713913631 1807.0 59211776
1731713942356 1808.0 59244544
1731713971372 1809.0 59277312
1731714000131 1810.0 59310080
1731714028704 1811.0 59342848
1731714059230 1812.0 59375616
1731714087964 1813.0 59408384
1731714116688 1814.0 59441152
1731714145768 1815.0 59473920
1731714174663 1816.0 59506688
1731714205995 1817.0 59539456
1731714234433 1818.0 59572224
1731714263511 1819.0 59604992
1731714292715 1820.0 59637760
1731714321985 1821.0 59670528
1731714352863 1822.0 59703296
1731714382241 1823.0 59736064
1731714411101 1824.0 59768832
1731714440170 1825.0 59801600
1731714469140 1826.0 59834368
1731714500628 1827.0 59867136
1731714529259 1828.0 59899904
1731714558424 1829.0 59932672
1731714587449 1830.0 59965440
1731714616191 1831.0 59998208
1731714647090 1832.0 60030976
1731714675739 1833.0 60063744
1731714704879 1834.0 60096512
1731714733513 1835.0 60129280
1731714764429 1836.0 60162048
1731714793199 1837.0 60194816
1731714822369 1838.0 60227584
1731714851011 1839.0 60260352
1731714880243 1840.0 60293120
1731714911618 1841.0 60325888
1731714939958 1842.0 60358656
1731714967167 1843.0 60391424
1731714993908 1844.0 60424192
1731715019077 1845.0 60456960
1731715046937 1846.0 60489728
1731715072552 1847.0 60522496
1731715097502 1848.0 60555264
1731715122494 1849.0 60588032
1731715147420 1850.0 60620800
1731715174291 1851.0 60653568
1731715200315 1852.0 60686336
1731715226973 1853.0 60719104
1731715251963 1854.0 60751872
1731715276913 1855.0 60784640
1731715304206 1856.0 60817408
1731715329064 1857.0 60850176
1731715354090 1858.0 60882944
1731715379199 1859.0 60915712
1731715404449 1860.0 60948480
1731715431499 1861.0 60981248
1731715456337 1862.0 61014016
1731715481076 1863.0 61046784
1731715506227 1864.0 61079552
1731715531402 1865.0 61112320
1731715558202 1866.0 61145088
1731715582936 1867.0 61177856
1731715608005 1868.0 61210624
1731715632671 1869.0 61243392
1731715657668 1870.0 61276160
1731715684487 1871.0 61308928
1731715709063 1872.0 61341696
1731715733940 1873.0 61374464
1731715758862 1874.0 61407232
1731715785766 1875.0 61440000
1731715810425 1876.0 61472768
1731715835434 1877.0 61505536
1731715860168 1878.0 61538304
1731715884819 1879.0 61571072
1731715911735 1880.0 61603840
1731715936603 1881.0 61636608
1731715961279 1882.0 61669376
1731715986138 1883.0 61702144
1731716011040 1884.0 61734912
1731716038073 1885.0 61767680
1731716062939 1886.0 61800448
1731716088534 1887.0 61833216
1731716113598 1888.0 61865984
1731716138299 1889.0 61898752
1731716165108 1890.0 61931520
1731716189795 1891.0 61964288
1731716215767 1892.0 61997056
1731716241409 1893.0 62029824
1731716266344 1894.0 62062592
1731716293235 1895.0 62095360
1731716317711 1896.0 62128128
1731716342882 1897.0 62160896
1731716368972 1898.0 62193664
1731716393929 1899.0 62226432
1731716421071 1900.0 62259200
1731716445757 1901.0 62291968
1731716470665 1902.0 62324736
1731716496028 1903.0 62357504
1731716520699 1904.0 62390272
1731716547449 1905.0 62423040
1731716572400 1906.0 62455808
1731716597226 1907.0 62488576
1731716621934 1908.0 62521344
1731716646785 1909.0 62554112
1731716673459 1910.0 62586880
1731716698362 1911.0 62619648
1731716723437 1912.0 62652416
1731716748679 1913.0 62685184
1731716774097 1914.0 62717952
1731716800622 1915.0 62750720
1731716825347 1916.0 62783488
1731716850131 1917.0 62816256
1731716875207 1918.0 62849024
1731716902557 1919.0 62881792
1731716927308 1920.0 62914560
1731716952541 1921.0 62947328
1731716977201 1922.0 62980096
1731717002012 1923.0 63012864
1731717028528 1924.0 63045632
1731717053169 1925.0 63078400
1731717078645 1926.0 63111168
1731717103596 1927.0 63143936
1731717128614 1928.0 63176704
1731717155007 1929.0 63209472
1731717179639 1930.0 63242240
1731717204506 1931.0 63275008
1731717229890 1932.0 63307776
1731717255007 1933.0 63340544
1731717281774 1934.0 63373312
1731717306383 1935.0 63406080
1731717331217 1936.0 63438848
1731717357152 1937.0 63471616
1731717383603 1938.0 63504384
1731717410635 1939.0 63537152
1731717435102 1940.0 63569920
1731717459941 1941.0 63602688
1731717484583 1942.0 63635456
1731717509316 1943.0 63668224
1731717536446 1944.0 63700992
1731717562713 1945.0 63733760
1731717587639 1946.0 63766528
1731717612490 1947.0 63799296
1731717637330 1948.0 63832064
1731717665048 1949.0 63864832
1731717691024 1950.0 63897600
1731717716049 1951.0 63930368
1731717741008 1952.0 63963136
1731717766042 1953.0 63995904
1731717793109 1954.0 64028672
1731717817768 1955.0 64061440
1731717842621 1956.0 64094208
1731717869208 1957.0 64126976
1731717894488 1958.0 64159744
1731717921287 1959.0 64192512
1731717946171 1960.0 64225280
1731717971071 1961.0 64258048
1731717995723 1962.0 64290816
1731718022648 1963.0 64323584
1731718047367 1964.0 64356352
1731718072491 1965.0 64389120
1731718097741 1966.0 64421888
1731718122768 1967.0 64454656
1731718149569 1968.0 64487424
1731718174466 1969.0 64520192
1731718201188 1970.0 64552960
1731718226862 1971.0 64585728
1731718252027 1972.0 64618496
1731718278953 1973.0 64651264
1731718305336 1974.0 64684032
1731718330369 1975.0 64716800
1731718355323 1976.0 64749568
1731718380239 1977.0 64782336
