1731660369651 5408.0 32768
1731660390133 2477.0 65536
1731660411379 2052.0 98304
1731660431594 1932.0 131072
1731660456298 1766.0 163840
1731660477841 1724.0 196608
1731660500130 1678.0 229376
1731660520772 1670.0 262144
1731660543549 1637.0 294912
1731660567280 1610.0 327680
1731660587749 1607.0 360448
1731660610403 1592.0 393216
1731660631606 1590.0 425984
1731660654406 1577.0 458752
1731660679444 1556.0 491520
1731660700505 1555.0 524288
1731660721264 1557.0 557056
1731660743818 1551.0 589824
1731660764771 1552.0 622592
1731660789891 1537.0 655360
1731660811224 1538.0 688128
1731660833933 1533.0 720896
1731660856817 1527.0 753664
1731660879103 1525.0 786432
1731660904754 1514.0 819200
1731660925900 1515.0 851968
1731660947996 1514.0 884736
1731660971209 1510.0 917504
1731660993389 1509.0 950272
1731661019090 1499.0 983040
1731661039879 1502.0 1015808
1731661062884 1499.0 1048576
1731661085395 1498.0 1081344
1731661108492 1495.0 1114112
1731661133158 1490.0 1146880
1731661154392 1491.0 1179648
1731661176038 1492.0 1212416
1731661198075 1492.0 1245184
1731661219591 1493.0 1277952
1731661247013 1483.0 1310720
1731661267940 1485.0 1343488
1731661290567 1485.0 1376256
1731661314523 1481.0 1409024
1731661340359 1476.0 1441792
1731661361437 1477.0 1474560
1731661383068 1478.0 1507328
1731661404402 1479.0 1540096
1731661426009 1480.0 1572864
1731661449318 1478.0 1605632
1731661470140 1480.0 1638400
1731661491147 1482.0 1671168
1731661513172 1482.0 1703936
1731661533685 1484.0 1736704
1731661556349 1483.0 1769472
1731661577193 1484.0 1802240
1731661598861 1485.0 1835008
1731661620660 1485.0 1867776
1731661641846 1486.0 1900544
1731661665318 1485.0 1933312
1731661686751 1485.0 1966080
1731661708096 1486.0 1998848
1731661728970 1487.0 2031616
1731661750242 1488.0 2064384
1731661772448 1488.0 2097152
1731661793662 1489.0 2129920
1731661814865 1490.0 2162688
1731661835716 1491.0 2195456
1731661856720 1492.0 2228224
1731661879455 1491.0 2260992
1731661899612 1493.0 2293760
1731661920938 1493.0 2326528
1731661942977 1493.0 2359296
1731661965881 1492.0 2392064
1731661990163 1490.0 2424832
1731662011258 1491.0 2457600
1731662033048 1491.0 2490368
1731662055121 1491.0 2523136
1731662076344 1492.0 2555904
1731662102626 1488.0 2588672
1731662124525 1488.0 2621440
1731662146379 1488.0 2654208
1731662168683 1488.0 2686976
1731662191657 1487.0 2719744
1731662217089 1484.0 2752512
1731662238616 1485.0 2785280
1731662260081 1485.0 2818048
1731662281944 1486.0 2850816
1731662306045 1484.0 2883584
1731662327663 1484.0 2916352
1731662350010 1484.0 2949120
1731662371419 1485.0 2981888
1731662392970 1485.0 3014656
1731662416037 1484.0 3047424
1731662436833 1485.0 3080192
1731662458871 1485.0 3112960
1731662480425 1485.0 3145728
1731662502488 1486.0 3178496
1731662527381 1484.0 3211264
1731662548867 1484.0 3244032
1731662570669 1484.0 3276800
1731662592374 1485.0 3309568
1731662616387 1483.0 3342336
1731662640422 1482.0 3375104
1731662661461 1483.0 3407872
1731662684263 1482.0 3440640
1731662705644 1483.0 3473408
1731662726329 1483.0 3506176
1731662747784 1484.0 3538944
1731662768266 1485.0 3571712
1731662790537 1485.0 3604480
1731662812594 1485.0 3637248
1731662834788 1485.0 3670016
1731662859995 1483.0 3702784
1731662881507 1483.0 3735552
1731662903400 1483.0 3768320
1731662924479 1484.0 3801088
1731662946521 1484.0 3833856
1731662969609 1483.0 3866624
1731662990770 1484.0 3899392
1731663011713 1484.0 3932160
1731663031988 1485.0 3964928
1731663053446 1486.0 3997696
1731663075604 1486.0 4030464
1731663097265 1486.0 4063232
1731663118156 1486.0 4096000
1731663139815 1487.0 4128768
1731663163473 1486.0 4161536
1731663184848 1486.0 4194304
1731663206425 1487.0 4227072
1731663228482 1486.0 4259840
1731663250499 1486.0 4292608
1731663273646 1486.0 4325376
1731663295352 1486.0 4358144
1731663317315 1486.0 4390912
1731663339671 1486.0 4423680
1731663361474 1486.0 4456448
1731663384789 1485.0 4489216
1731663406214 1486.0 4521984
1731663427665 1486.0 4554752
1731663449469 1486.0 4587520
1731663471850 1486.0 4620288
1731663496529 1485.0 4653056
1731663518507 1485.0 4685824
1731663540229 1485.0 4718592
1731663562408 1485.0 4751360
1731663583845 1485.0 4784128
1731663606770 1485.0 4816896
1731663628472 1485.0 4849664
1731663652538 1484.0 4882432
1731663674343 1484.0 4915200
1731663696102 1484.0 4947968
1731663720322 1483.0 4980736
1731663741474 1484.0 5013504
1731663765179 1483.0 5046272
1731663787048 1483.0 5079040
1731663810489 1483.0 5111808
1731663833959 1482.0 5144576
1731663855167 1482.0 5177344
1731663879377 1482.0 5210112
1731663901403 1481.0 5242880
1731663923217 1482.0 5275648
1731663948531 1480.0 5308416
1731663969842 1481.0 5341184
1731663992013 1481.0 5373952
1731664014650 1480.0 5406720
1731664037272 1480.0 5439488
1731664060663 1480.0 5472256
1731664082025 1480.0 5505024
1731664105658 1479.0 5537792
1731664127699 1479.0 5570560
1731664150248 1479.0 5603328
1731664170987 1480.0 5636096
1731664194035 1479.0 5668864
1731664215378 1480.0 5701632
1731664237004 1480.0 5734400
1731664260191 1480.0 5767168
1731664281807 1480.0 5799936
1731664305713 1479.0 5832704
1731664327509 1479.0 5865472
1731664348678 1480.0 5898240
1731664371717 1479.0 5931008
1731664392672 1480.0 5963776
1731664414228 1480.0 5996544
1731664434659 1480.0 6029312
1731664455637 1481.0 6062080
1731664479134 1480.0 6094848
1731664500355 1481.0 6127616
1731664521815 1481.0 6160384
1731664543899 1481.0 6193152
1731664565566 1481.0 6225920
1731664588262 1481.0 6258688
1731664609070 1481.0 6291456
1731664630514 1482.0 6324224
1731664652842 1482.0 6356992
1731664674556 1482.0 6389760
1731664698266 1481.0 6422528
1731664719760 1481.0 6455296
1731664741968 1481.0 6488064
1731664765004 1481.0 6520832
1731664787574 1481.0 6553600
1731664810582 1481.0 6586368
1731664832312 1481.0 6619136
1731664857063 1480.0 6651904
1731664878904 1480.0 6684672
1731664900961 1480.0 6717440
1731664926682 1479.0 6750208
1731664948350 1479.0 6782976
1731664970074 1479.0 6815744
1731664991892 1479.0 6848512
1731665015341 1479.0 6881280
1731665037081 1479.0 6914048
1731665061063 1478.0 6946816
1731665082965 1478.0 6979584
1731665104707 1479.0 7012352
1731665128270 1478.0 7045120
1731665151453 1478.0 7077888
1731665173623 1478.0 7110656
1731665194547 1478.0 7143424
1731665215907 1478.0 7176192
1731665239119 1478.0 7208960
1731665261480 1478.0 7241728
1731665285388 1477.0 7274496
1731665307681 1477.0 7307264
1731665329629 1478.0 7340032
1731665353535 1477.0 7372800
1731665375576 1477.0 7405568
1731665397774 1477.0 7438336
1731665419789 1477.0 7471104
1731665441508 1477.0 7503872
1731665463718 1477.0 7536640
1731665484578 1478.0 7569408
1731665505428 1478.0 7602176
1731665526184 1478.0 7634944
1731665547470 1479.0 7667712
1731665572368 1478.0 7700480
1731665594391 1478.0 7733248
1731665615637 1478.0 7766016
1731665637729 1478.0 7798784
1731665660454 1478.0 7831552
1731665684226 1478.0 7864320
1731665705617 1478.0 7897088
1731665727107 1478.0 7929856
1731665749093 1478.0 7962624
1731665770598 1478.0 7995392
1731665792353 1478.0 8028160
1731665812627 1479.0 8060928
1731665834342 1479.0 8093696
1731665857324 1479.0 8126464
1731665878934 1479.0 8159232
1731665901892 1479.0 8192000
1731665923326 1479.0 8224768
1731665944903 1479.0 8257536
1731665966493 1479.0 8290304
1731665989077 1479.0 8323072
1731666010609 1479.0 8355840
1731666032425 1479.0 8388608
1731666054977 1479.0 8421376
1731666076461 1479.0 8454144
1731666100270 1479.0 8486912
1731666121424 1479.0 8519680
1731666143425 1479.0 8552448
1731666165523 1479.0 8585216
1731666187428 1479.0 8617984
1731666210941 1479.0 8650752
1731666232231 1479.0 8683520
1731666254228 1479.0 8716288
1731666275647 1479.0 8749056
1731666299246 1479.0 8781824
1731666322351 1479.0 8814592
1731666343655 1479.0 8847360
1731666365588 1479.0 8880128
1731666387227 1479.0 8912896
1731666410112 1479.0 8945664
1731666433666 1479.0 8978432
1731666455706 1479.0 9011200
1731666477755 1479.0 9043968
1731666499521 1479.0 9076736
1731666520808 1479.0 9109504
1731666543933 1479.0 9142272
1731666565889 1479.0 9175040
1731666588102 1479.0 9207808
1731666610054 1479.0 9240576
1731666632187 1479.0 9273344
1731666655398 1479.0 9306112
1731666677074 1479.0 9338880
1731666699107 1479.0 9371648
1731666721428 1479.0 9404416
1731666744375 1478.0 9437184
1731666768006 1478.0 9469952
1731666789831 1478.0 9502720
1731666811618 1478.0 9535488
1731666834826 1478.0 9568256
1731666858393 1478.0 9601024
1731666880496 1478.0 9633792
1731666902703 1478.0 9666560
1731666924721 1478.0 9699328
1731666946031 1478.0 9732096
1731666968110 1478.0 9764864
1731666988276 1478.0 9797632
1731667009019 1479.0 9830400
1731667031335 1479.0 9863168
1731667053535 1479.0 9895936
1731667077353 1478.0 9928704
1731667098879 1479.0 9961472
1731667122911 1478.0 9994240
1731667145361 1478.0 10027008
1731667167891 1478.0 10059776
1731667191663 1478.0 10092544
1731667213812 1478.0 10125312
1731667235598 1478.0 10158080
1731667257323 1478.0 10190848
1731667278105 1478.0 10223616
1731667300061 1478.0 10256384
1731667321534 1478.0 10289152
1731667343773 1478.0 10321920
1731667365275 1478.0 10354688
1731667387433 1478.0 10387456
1731667412404 1478.0 10420224
1731667434359 1478.0 10452992
1731667457576 1478.0 10485760
1731667480321 1477.0 10518528
1731667502262 1478.0 10551296
1731667525951 1477.0 10584064
1731667548538 1477.0 10616832
1731667571446 1477.0 10649600
1731667593868 1477.0 10682368
1731667616756 1477.0 10715136
1731667639556 1477.0 10747904
1731667661229 1477.0 10780672
1731667683370 1477.0 10813440
1731667704757 1477.0 10846208
1731667726894 1477.0 10878976
1731667750551 1477.0 10911744
1731667773465 1477.0 10944512
1731667795418 1477.0 10977280
1731667816869 1477.0 11010048
1731667840389 1476.0 11042816
1731667861849 1477.0 11075584
1731667884923 1477.0 11108352
1731667906879 1476.0 11141120
1731667928912 1476.0 11173888
1731667951584 1476.0 11206656
1731667972853 1477.0 11239424
1731667995559 1476.0 11272192
1731668017843 1476.0 11304960
1731668040250 1476.0 11337728
1731668063797 1476.0 11370496
1731668085575 1476.0 11403264
1731668107622 1476.0 11436032
1731668130312 1476.0 11468800
1731668151637 1476.0 11501568
1731668175808 1476.0 11534336
1731668197894 1476.0 11567104
1731668219703 1476.0 11599872
1731668242785 1476.0 11632640
1731668265779 1476.0 11665408
1731668290297 1475.0 11698176
1731668312728 1475.0 11730944
1731668335186 1475.0 11763712
1731668357478 1475.0 11796480
1731668379836 1475.0 11829248
1731668405256 1475.0 11862016
1731668427106 1475.0 11894784
1731668448363 1475.0 11927552
1731668469818 1475.0 11960320
1731668490511 1475.0 11993088
1731668512363 1475.0 12025856
1731668533440 1475.0 12058624
1731668555845 1475.0 12091392
1731668578231 1475.0 12124160
1731668600497 1475.0 12156928
1731668624446 1475.0 12189696
1731668647128 1475.0 12222464
1731668669596 1475.0 12255232
1731668692780 1475.0 12288000
1731668715656 1475.0 12320768
1731668736967 1475.0 12353536
1731668758480 1475.0 12386304
1731668779563 1475.0 12419072
1731668800828 1475.0 12451840
1731668823481 1475.0 12484608
1731668844595 1475.0 12517376
1731668869960 1475.0 12550144
1731668893993 1475.0 12582912
1731668916239 1475.0 12615680
1731668941312 1474.0 12648448
1731668962601 1474.0 12681216
1731668985039 1474.0 12713984
1731669007576 1474.0 12746752
1731669031362 1474.0 12779520
1731669056426 1473.0 12812288
1731669078207 1473.0 12845056
1731669102078 1473.0 12877824
1731669124723 1473.0 12910592
1731669146724 1473.0 12943360
1731669174873 1472.0 12976128
1731669197255 1472.0 13008896
1731669219738 1472.0 13041664
1731669242326 1472.0 13074432
1731669264724 1472.0 13107200
1731669289295 1472.0 13139968
1731669311834 1472.0 13172736
1731669335237 1471.0 13205504
1731669358281 1471.0 13238272
1731669381268 1471.0 13271040
1731669405611 1471.0 13303808
1731669427345 1471.0 13336576
1731669449352 1471.0 13369344
1731669471685 1471.0 13402112
1731669494938 1471.0 13434880
1731669520435 1470.0 13467648
1731669542501 1470.0 13500416
1731669565059 1470.0 13533184
1731669587470 1470.0 13565952
1731669610706 1470.0 13598720
1731669636061 1470.0 13631488
1731669658285 1470.0 13664256
1731669681164 1470.0 13697024
1731669704698 1469.0 13729792
1731669728952 1469.0 13762560
1731669751019 1469.0 13795328
1731669774651 1469.0 13828096
1731669797717 1469.0 13860864
1731669821188 1469.0 13893632
1731669847360 1468.0 13926400
1731669869026 1468.0 13959168
1731669891138 1468.0 13991936
1731669911812 1468.0 14024704
1731669932710 1469.0 14057472
1731669954482 1469.0 14090240
1731669974574 1469.0 14123008
1731669995317 1469.0 14155776
1731670016655 1469.0 14188544
1731670037199 1470.0 14221312
1731670062565 1469.0 14254080
1731670082786 1469.0 14286848
1731670103585 1470.0 14319616
1731670124694 1470.0 14352384
1731670145659 1470.0 14385152
1731670167794 1470.0 14417920
1731670188333 1470.0 14450688
1731670209223 1471.0 14483456
1731670230171 1471.0 14516224
1731670250990 1471.0 14548992
1731670273488 1471.0 14581760
1731670293770 1471.0 14614528
1731670314923 1471.0 14647296
1731670335695 1472.0 14680064
1731670356202 1472.0 14712832
1731670378060 1472.0 14745600
1731670398226 1472.0 14778368
1731670418712 1472.0 14811136
1731670439459 1473.0 14843904
1731670460094 1473.0 14876672
1731670481823 1473.0 14909440
1731670501900 1473.0 14942208
1731670522832 1474.0 14974976
1731670543329 1474.0 15007744
1731670566529 1474.0 15040512
1731670586706 1474.0 15073280
1731670607710 1474.0 15106048
1731670628491 1474.0 15138816
1731670649089 1475.0 15171584
1731670670816 1475.0 15204352
1731670690999 1475.0 15237120
1731670711521 1475.0 15269888
1731670732294 1475.0 15302656
1731670752968 1476.0 15335424
1731670774289 1476.0 15368192
1731670794554 1476.0 15400960
1731670815112 1476.0 15433728
1731670835634 1476.0 15466496
1731670856012 1477.0 15499264
1731670876794 1477.0 15532032
1731670896816 1477.0 15564800
1731670917011 1477.0 15597568
1731670937172 1478.0 15630336
1731670957758 1478.0 15663104
1731670979155 1478.0 15695872
1731670998783 1478.0 15728640
1731671018616 1479.0 15761408
1731671038979 1479.0 15794176
1731671059278 1479.0 15826944
1731671080559 1479.0 15859712
1731671100003 1480.0 15892480
1731671119706 1480.0 15925248
1731671139990 1480.0 15958016
1731671160052 1481.0 15990784
1731671181261 1481.0 16023552
1731671200913 1481.0 16056320
1731671221394 1481.0 16089088
1731671241405 1482.0 16121856
1731671261681 1482.0 16154624
1731671283692 1482.0 16187392
1731671303891 1482.0 16220160
1731671324383 1482.0 16252928
1731671344874 1483.0 16285696
1731671365864 1483.0 16318464
1731671387289 1483.0 16351232
1731671407515 1483.0 16384000
1731671427803 1483.0 16416768
1731671448123 1483.0 16449536
1731671469964 1484.0 16482304
1731671489978 1484.0 16515072
1731671510369 1484.0 16547840
1731671531069 1484.0 16580608
1731671551291 1484.0 16613376
1731671572040 1485.0 16646144
1731671592147 1485.0 16678912
1731671612607 1485.0 16711680
1731671632931 1485.0 16744448
1731671653588 1486.0 16777216
1731671675093 1486.0 16809984
1731671695308 1486.0 16842752
1731671715940 1486.0 16875520
1731671736563 1486.0 16908288
1731671757047 1486.0 16941056
1731671778097 1487.0 16973824
1731671798391 1487.0 17006592
1731671818315 1487.0 17039360
1731671838835 1487.0 17072128
1731671859347 1487.0 17104896
1731671880931 1487.0 17137664
1731671901042 1488.0 17170432
1731671921047 1488.0 17203200
1731671941391 1488.0 17235968
1731671961814 1488.0 17268736
1731671982840 1489.0 17301504
1731672002664 1489.0 17334272
1731672022760 1489.0 17367040
1731672042912 1489.0 17399808
1731672063389 1489.0 17432576
1731672084491 1490.0 17465344
1731672104216 1490.0 17498112
1731672124812 1490.0 17530880
1731672144703 1490.0 17563648
1731672165022 1491.0 17596416
1731672186010 1491.0 17629184
1731672205738 1491.0 17661952
1731672225797 1491.0 17694720
1731672245768 1491.0 17727488
1731672266845 1492.0 17760256
1731672286705 1492.0 17793024
1731672306924 1492.0 17825792
1731672327313 1492.0 17858560
1731672348105 1492.0 17891328
1731672369098 1492.0 17924096
1731672389077 1493.0 17956864
1731672409578 1493.0 17989632
1731672429562 1493.0 18022400
1731672450826 1493.0 18055168
1731672472598 1493.0 18087936
1731672492719 1493.0 18120704
1731672513247 1494.0 18153472
1731672533620 1494.0 18186240
1731672553654 1494.0 18219008
1731672575836 1494.0 18251776
1731672596160 1494.0 18284544
1731672616844 1494.0 18317312
1731672636960 1495.0 18350080
1731672657375 1495.0 18382848
1731672679468 1495.0 18415616
1731672699465 1495.0 18448384
1731672719502 1495.0 18481152
1731672740026 1495.0 18513920
1731672759882 1496.0 18546688
1731672781418 1496.0 18579456
1731672801668 1496.0 18612224
1731672822475 1496.0 18644992
1731672842569 1496.0 18677760
1731672863015 1496.0 18710528
1731672884633 1496.0 18743296
1731672904966 1497.0 18776064
1731672925147 1497.0 18808832
1731672946054 1497.0 18841600
1731672966245 1497.0 18874368
1731672987664 1497.0 18907136
1731673008136 1497.0 18939904
1731673028786 1498.0 18972672
1731673049768 1498.0 19005440
1731673070997 1498.0 19038208
1731673092643 1498.0 19070976
1731673112978 1498.0 19103744
1731673133555 1498.0 19136512
1731673154442 1498.0 19169280
1731673175733 1498.0 19202048
1731673195856 1498.0 19234816
1731673216837 1499.0 19267584
1731673237263 1499.0 19300352
1731673257359 1499.0 19333120
1731673279700 1499.0 19365888
1731673299618 1499.0 19398656
1731673319824 1499.0 19431424
1731673340553 1499.0 19464192
1731673361005 1500.0 19496960
1731673382282 1500.0 19529728
1731673402249 1500.0 19562496
1731673422844 1500.0 19595264
1731673442561 1500.0 19628032
1731673462751 1500.0 19660800
1731673484210 1500.0 19693568
1731673504207 1501.0 19726336
1731673524317 1501.0 19759104
1731673544591 1501.0 19791872
1731673564989 1501.0 19824640
1731673586661 1501.0 19857408
1731673607063 1501.0 19890176
1731673629400 1501.0 19922944
1731673649950 1501.0 19955712
1731673670106 1502.0 19988480
1731673691521 1502.0 20021248
1731673711323 1502.0 20054016
1731673731606 1502.0 20086784
1731673755241 1502.0 20119552
1731673775623 1502.0 20152320
1731673797301 1502.0 20185088
1731673817375 1502.0 20217856
1731673837480 1502.0 20250624
1731673857855 1503.0 20283392
1731673878657 1503.0 20316160
1731673900100 1503.0 20348928
1731673920190 1503.0 20381696
1731673940881 1503.0 20414464
1731673961321 1503.0 20447232
1731673982646 1503.0 20480000
1731674002773 1503.0 20512768
1731674023253 1504.0 20545536
1731674043398 1504.0 20578304
1731674063977 1504.0 20611072
1731674085169 1504.0 20643840
1731674105065 1504.0 20676608
1731674125883 1504.0 20709376
1731674146171 1504.0 20742144
1731674166906 1505.0 20774912
1731674187685 1505.0 20807680
1731674207473 1505.0 20840448
1731674227554 1505.0 20873216
1731674247615 1505.0 20905984
1731674267743 1505.0 20938752
1731674289051 1505.0 20971520
1731674308773 1506.0 21004288
1731674329173 1506.0 21037056
1731674349437 1506.0 21069824
1731674369377 1506.0 21102592
1731674390310 1506.0 21135360
1731674410232 1506.0 21168128
1731674430701 1507.0 21200896
1731674451053 1507.0 21233664
1731674471967 1507.0 21266432
1731674493005 1507.0 21299200
1731674513133 1507.0 21331968
1731674533640 1507.0 21364736
1731674553496 1507.0 21397504
1731674573795 1508.0 21430272
1731674595124 1508.0 21463040
1731674615379 1508.0 21495808
1731674635756 1508.0 21528576
1731674657509 1508.0 21561344
1731674677430 1508.0 21594112
1731674699864 1508.0 21626880
1731674720164 1508.0 21659648
1731674740669 1508.0 21692416
1731674761380 1508.0 21725184
1731674781800 1509.0 21757952
1731674802661 1509.0 21790720
1731674822902 1509.0 21823488
1731674843587 1509.0 21856256
1731674864236 1509.0 21889024
1731674886729 1509.0 21921792
1731674906966 1509.0 21954560
1731674927415 1509.0 21987328
1731674947816 1509.0 22020096
1731674968343 1509.0 22052864
1731674989666 1510.0 22085632
1731675009372 1510.0 22118400
1731675029653 1510.0 22151168
1731675049721 1510.0 22183936
1731675070270 1510.0 22216704
1731675091429 1510.0 22249472
1731675111485 1510.0 22282240
1731675131518 1511.0 22315008
1731675152223 1511.0 22347776
1731675172697 1511.0 22380544
1731675193743 1511.0 22413312
1731675213712 1511.0 22446080
1731675234723 1511.0 22478848
1731675254892 1511.0 22511616
1731675275079 1511.0 22544384
1731675296275 1511.0 22577152
1731675317201 1512.0 22609920
1731675337944 1512.0 22642688
1731675358138 1512.0 22675456
1731675378983 1512.0 22708224
1731675400110 1512.0 22740992
1731675420023 1512.0 22773760
1731675440649 1512.0 22806528
1731675460977 1512.0 22839296
1731675481445 1512.0 22872064
1731675504353 1512.0 22904832
1731675525322 1512.0 22937600
1731675545978 1512.0 22970368
1731675566221 1513.0 23003136
1731675586666 1513.0 23035904
1731675608051 1513.0 23068672
1731675628016 1513.0 23101440
1731675648532 1513.0 23134208
1731675669335 1513.0 23166976
1731675690948 1513.0 23199744
1731675712141 1513.0 23232512
1731675731973 1513.0 23265280
1731675752485 1513.0 23298048
1731675772763 1514.0 23330816
1731675793690 1514.0 23363584
1731675813470 1514.0 23396352
1731675833767 1514.0 23429120
1731675854141 1514.0 23461888
1731675873523 1514.0 23494656
1731675894474 1514.0 23527424
1731675914055 1515.0 23560192
1731675934020 1515.0 23592960
1731675954332 1515.0 23625728
1731675974800 1515.0 23658496
1731675996135 1515.0 23691264
1731676016184 1515.0 23724032
1731676036907 1515.0 23756800
1731676056880 1515.0 23789568
1731676077037 1516.0 23822336
1731676098121 1516.0 23855104
1731676118184 1516.0 23887872
1731676138390 1516.0 23920640
1731676158798 1516.0 23953408
1731676178923 1516.0 23986176
1731676200016 1516.0 24018944
1731676220073 1516.0 24051712
1731676240296 1516.0 24084480
1731676260609 1517.0 24117248
1731676281397 1517.0 24150016
1731676302735 1517.0 24182784
1731676322621 1517.0 24215552
1731676342468 1517.0 24248320
1731676362951 1517.0 24281088
1731676382965 1517.0 24313856
1731676404456 1517.0 24346624
1731676424867 1517.0 24379392
1731676445179 1518.0 24412160
1731676466208 1518.0 24444928
1731676487212 1518.0 24477696
1731676508933 1518.0 24510464
1731676529088 1518.0 24543232
1731676550098 1518.0 24576000
1731676570627 1518.0 24608768
1731676592837 1518.0 24641536
1731676613547 1518.0 24674304
1731676633993 1518.0 24707072
1731676654332 1518.0 24739840
1731676674871 1518.0 24772608
1731676696639 1518.0 24805376
1731676716908 1518.0 24838144
1731676737211 1518.0 24870912
1731676757550 1519.0 24903680
1731676777429 1519.0 24936448
1731676798849 1519.0 24969216
1731676819465 1519.0 25001984
1731676839822 1519.0 25034752
1731676860082 1519.0 25067520
1731676880880 1519.0 25100288
1731676902573 1519.0 25133056
1731676923059 1519.0 25165824
1731676943778 1519.0 25198592
1731676964596 1519.0 25231360
1731676985199 1519.0 25264128
1731677006976 1519.0 25296896
1731677027236 1520.0 25329664
1731677047169 1520.0 25362432
1731677067749 1520.0 25395200
1731677087960 1520.0 25427968
1731677109629 1520.0 25460736
1731677129759 1520.0 25493504
1731677149867 1520.0 25526272
1731677170845 1520.0 25559040
1731677191027 1520.0 25591808
1731677212378 1520.0 25624576
1731677232048 1521.0 25657344
1731677252380 1521.0 25690112
1731677272547 1521.0 25722880
1731677293600 1521.0 25755648
1731677315101 1521.0 25788416
1731677335029 1521.0 25821184
1731677355530 1521.0 25853952
1731677375924 1521.0 25886720
1731677396790 1521.0 25919488
1731677418421 1521.0 25952256
1731677438129 1521.0 25985024
1731677458631 1521.0 26017792
1731677479571 1521.0 26050560
1731677500611 1522.0 26083328
1731677520936 1522.0 26116096
1731677541825 1522.0 26148864
1731677562122 1522.0 26181632
1731677582594 1522.0 26214400
1731677603686 1522.0 26247168
1731677624102 1522.0 26279936
1731677644594 1522.0 26312704
1731677664805 1522.0 26345472
1731677685124 1522.0 26378240
1731677706734 1522.0 26411008
1731677726803 1522.0 26443776
1731677747772 1523.0 26476544
1731677768592 1523.0 26509312
1731677788844 1523.0 26542080
1731677810087 1523.0 26574848
1731677830425 1523.0 26607616
1731677850817 1523.0 26640384
1731677872835 1523.0 26673152
1731677893805 1523.0 26705920
1731677915410 1523.0 26738688
1731677935307 1523.0 26771456
1731677956083 1523.0 26804224
1731677976687 1523.0 26836992
1731677997219 1523.0 26869760
1731678018328 1523.0 26902528
1731678038357 1523.0 26935296
1731678059136 1524.0 26968064
1731678079478 1524.0 27000832
1731678099902 1524.0 27033600
1731678120869 1524.0 27066368
1731678140991 1524.0 27099136
1731678161649 1524.0 27131904
1731678181651 1524.0 27164672
1731678201591 1524.0 27197440
1731678222622 1524.0 27230208
1731678242333 1524.0 27262976
1731678262896 1524.0 27295744
1731678283622 1525.0 27328512
1731678305089 1525.0 27361280
1731678325461 1525.0 27394048
1731678345937 1525.0 27426816
1731678366811 1525.0 27459584
1731678387317 1525.0 27492352
1731678408850 1525.0 27525120
1731678429166 1525.0 27557888
1731678450123 1525.0 27590656
1731678471177 1525.0 27623424
1731678492557 1525.0 27656192
1731678514532 1525.0 27688960
1731678534961 1525.0 27721728
1731678555459 1525.0 27754496
1731678576167 1525.0 27787264
1731678597036 1525.0 27820032
1731678618172 1525.0 27852800
1731678637932 1525.0 27885568
1731678658651 1525.0 27918336
1731678678807 1526.0 27951104
1731678699269 1526.0 27983872
1731678720416 1526.0 28016640
1731678740894 1526.0 28049408
1731678761672 1526.0 28082176
1731678782643 1526.0 28114944
1731678803084 1526.0 28147712
1731678823867 1526.0 28180480
1731678844146 1526.0 28213248
1731678864773 1526.0 28246016
1731678885236 1526.0 28278784
1731678906185 1526.0 28311552
1731678931011 1526.0 28344320
1731678951520 1526.0 28377088
1731678972445 1526.0 28409856
1731678994061 1526.0 28442624
1731679015293 1526.0 28475392
1731679040989 1526.0 28508160
1731679061757 1526.0 28540928
1731679082384 1526.0 28573696
1731679105374 1526.0 28606464
1731679126384 1526.0 28639232
1731679148499 1526.0 28672000
1731679168688 1526.0 28704768
1731679188618 1526.0 28737536
1731679209119 1526.0 28770304
1731679231398 1526.0 28803072
1731679251175 1526.0 28835840
1731679271499 1526.0 28868608
1731679292796 1526.0 28901376
1731679313637 1526.0 28934144
1731679337994 1526.0 28966912
1731679358438 1526.0 28999680
1731679381439 1526.0 29032448
1731679401763 1526.0 29065216
1731679422278 1526.0 29097984
1731679444126 1526.0 29130752
1731679464700 1526.0 29163520
1731679485353 1526.0 29196288
1731679506071 1526.0 29229056
1731679526345 1527.0 29261824
1731679547800 1527.0 29294592
1731679567956 1527.0 29327360
1731679588437 1527.0 29360128
1731679609128 1527.0 29392896
1731679629526 1527.0 29425664
1731679652201 1527.0 29458432
1731679673037 1527.0 29491200
1731679695260 1527.0 29523968
1731679715636 1527.0 29556736
1731679736261 1527.0 29589504
1731679758142 1527.0 29622272
1731679778250 1527.0 29655040
1731679798716 1527.0 29687808
1731679819192 1527.0 29720576
1731679839553 1527.0 29753344
1731679860640 1527.0 29786112
1731679881146 1527.0 29818880
1731679901419 1527.0 29851648
1731679921929 1527.0 29884416
1731679942327 1528.0 29917184
1731679964583 1528.0 29949952
1731679985240 1528.0 29982720
1731680005678 1528.0 30015488
1731680026107 1528.0 30048256
1731680047470 1528.0 30081024
1731680067689 1528.0 30113792
1731680088116 1528.0 30146560
1731680109020 1528.0 30179328
1731680129564 1528.0 30212096
1731680150716 1528.0 30244864
1731680170998 1528.0 30277632
1731680191931 1528.0 30310400
1731680212233 1528.0 30343168
1731680232925 1528.0 30375936
1731680254110 1528.0 30408704
1731680274189 1528.0 30441472
1731680294234 1529.0 30474240
1731680315130 1529.0 30507008
1731680335872 1529.0 30539776
1731680357225 1529.0 30572544
1731680377340 1529.0 30605312
1731680397707 1529.0 30638080
1731680417854 1529.0 30670848
1731680438283 1529.0 30703616
1731680460227 1529.0 30736384
1731680480165 1529.0 30769152
1731680500645 1529.0 30801920
1731680520776 1529.0 30834688
1731680541201 1529.0 30867456
1731680563989 1529.0 30900224
1731680585725 1529.0 30932992
1731680607470 1529.0 30965760
1731680627716 1529.0 30998528
1731680648419 1529.0 31031296
1731680671632 1529.0 31064064
1731680692143 1529.0 31096832
1731680712667 1529.0 31129600
1731680733662 1529.0 31162368
1731680754686 1529.0 31195136
1731680777228 1529.0 31227904
1731680797697 1529.0 31260672
1731680818848 1529.0 31293440
1731680839189 1529.0 31326208
1731680859846 1529.0 31358976
1731680880096 1530.0 31391744
1731680900259 1530.0 31424512
1731680920540 1530.0 31457280
1731680940864 1530.0 31490048
1731680962484 1530.0 31522816
1731680982651 1530.0 31555584
1731681004393 1530.0 31588352
1731681025855 1530.0 31621120
1731681046073 1530.0 31653888
1731681067821 1530.0 31686656
1731681087730 1530.0 31719424
1731681108829 1530.0 31752192
1731681129472 1530.0 31784960
1731681149830 1530.0 31817728
1731681170709 1530.0 31850496
1731681190729 1530.0 31883264
1731681211691 1530.0 31916032
1731681232056 1530.0 31948800
1731681252108 1531.0 31981568
1731681273761 1531.0 32014336
1731681294002 1531.0 32047104
1731681316811 1531.0 32079872
1731681337293 1531.0 32112640
1731681357796 1531.0 32145408
