1731660369873 1.0 32768
1731660390264 2.0 65536
1731660411402 3.0 98304
1731660431740 4.0 131072
1731660456423 5.0 163840
1731660478059 6.0 196608
1731660500150 7.0 229376
1731660520997 8.0 262144
1731660543576 9.0 294912
1731660567499 10.0 327680
1731660587801 11.0 360448
1731660610435 12.0 393216
1731660631745 13.0 425984
1731660654510 14.0 458752
1731660679615 15.0 491520
1731660700647 16.0 524288
1731660721416 17.0 557056
1731660743985 18.0 589824
1731660764904 19.0 622592
1731660789948 20.0 655360
1731660811376 21.0 688128
1731660834100 22.0 720896
1731660856956 23.0 753664
1731660879183 24.0 786432
1731660904916 25.0 819200
1731660925985 26.0 851968
1731660948165 27.0 884736
1731660971303 28.0 917504
1731660993530 29.0 950272
1731661019144 30.0 983040
1731661040095 31.0 1015808
1731661062959 32.0 1048576
1731661085565 33.0 1081344
1731661108554 34.0 1114112
1731661133373 35.0 1146880
1731661154511 36.0 1179648
1731661176127 37.0 1212416
1731661198151 38.0 1245184
1731661219773 39.0 1277952
1731661247062 40.0 1310720
1731661267979 41.0 1343488
1731661290738 42.0 1376256
1731661314665 43.0 1409024
1731661340515 44.0 1441792
1731661361512 45.0 1474560
1731661383160 46.0 1507328
1731661404528 47.0 1540096
1731661426076 48.0 1572864
1731661449403 49.0 1605632
1731661470222 50.0 1638400
1731661491216 51.0 1671168
1731661513220 52.0 1703936
1731661533759 53.0 1736704
1731661556386 54.0 1769472
1731661577258 55.0 1802240
1731661598915 56.0 1835008
1731661620689 57.0 1867776
1731661641934 58.0 1900544
1731661666087 59.0 1933312
1731661686801 60.0 1966080
1731661708172 61.0 1998848
1731661729037 62.0 2031616
1731661750322 63.0 2064384
1731661772529 64.0 2097152
1731661793736 65.0 2129920
1731661814941 66.0 2162688
1731661835806 67.0 2195456
1731661856798 68.0 2228224
1731661879524 69.0 2260992
1731661899656 70.0 2293760
1731661921010 71.0 2326528
1731661943121 72.0 2359296
1731661965920 73.0 2392064
1731661990228 74.0 2424832
1731662011366 75.0 2457600
1731662033121 76.0 2490368
1731662055218 77.0 2523136
1731662076405 78.0 2555904
1731662102868 79.0 2588672
1731662124575 80.0 2621440
1731662146463 81.0 2654208
1731662168868 82.0 2686976
1731662191783 83.0 2719744
1731662217119 84.0 2752512
1731662238671 85.0 2785280
1731662260159 86.0 2818048
1731662282006 87.0 2850816
1731662306114 88.0 2883584
1731662327697 89.0 2916352
1731662350050 90.0 2949120
1731662371501 91.0 2981888
1731662393056 92.0 3014656
1731662416122 93.0 3047424
1731662436878 94.0 3080192
1731662458933 95.0 3112960
1731662480522 96.0 3145728
1731662502675 97.0 3178496
1731662527417 98.0 3211264
1731662548935 99.0 3244032
1731662570732 100.0 3276800
1731662592554 101.0 3309568
1731662616437 102.0 3342336
1731662640478 103.0 3375104
1731662661553 104.0 3407872
1731662684368 105.0 3440640
1731662705686 106.0 3473408
1731662726365 107.0 3506176
1731662747895 108.0 3538944
1731662768338 109.0 3571712
1731662790622 110.0 3604480
1731662812676 111.0 3637248
1731662834964 112.0 3670016
1731662860063 113.0 3702784
1731662881589 114.0 3735552
1731662903451 115.0 3768320
1731662924574 116.0 3801088
1731662946588 117.0 3833856
1731662969691 118.0 3866624
1731662990834 119.0 3899392
1731663011769 120.0 3932160
1731663032012 121.0 3964928
1731663053509 122.0 3997696
1731663075863 123.0 4030464
1731663097326 124.0 4063232
1731663118217 125.0 4096000
1731663139893 126.0 4128768
1731663163564 127.0 4161536
1731663184906 128.0 4194304
1731663206502 129.0 4227072
1731663228627 130.0 4259840
1731663250605 131.0 4292608
1731663273717 132.0 4325376
1731663295436 133.0 4358144
1731663317432 134.0 4390912
1731663339715 135.0 4423680
1731663361528 136.0 4456448
1731663384860 137.0 4489216
1731663406291 138.0 4521984
1731663427767 139.0 4554752
1731663449540 140.0 4587520
1731663471945 141.0 4620288
1731663496597 142.0 4653056
1731663518641 143.0 4685824
1731663540309 144.0 4718592
1731663562463 145.0 4751360
1731663583917 146.0 4784128
1731663606844 147.0 4816896
1731663628689 148.0 4849664
1731663652619 149.0 4882432
1731663674399 150.0 4915200
1731663696166 151.0 4947968
1731663720375 152.0 4980736
1731663741647 153.0 5013504
1731663765257 154.0 5046272
1731663787233 155.0 5079040
1731663810549 156.0 5111808
1731663834020 157.0 5144576
1731663855209 158.0 5177344
1731663879445 159.0 5210112
1731663901462 160.0 5242880
1731663923366 161.0 5275648
1731663948596 162.0 5308416
1731663969905 163.0 5341184
1731663992071 164.0 5373952
1731664014791 165.0 5406720
1731664037445 166.0 5439488
1731664060805 167.0 5472256
1731664082159 168.0 5505024
1731664105762 169.0 5537792
1731664127777 170.0 5570560
1731664150290 171.0 5603328
1731664171191 172.0 5636096
1731664194082 173.0 5668864
1731664215408 174.0 5701632
1731664237078 175.0 5734400
1731664260250 176.0 5767168
1731664281961 177.0 5799936
1731664305849 178.0 5832704
1731664327547 179.0 5865472
1731664348818 180.0 5898240
1731664371781 181.0 5931008
1731664392722 182.0 5963776
1731664414343 183.0 5996544
1731664434743 184.0 6029312
1731664455704 185.0 6062080
1731664479168 186.0 6094848
1731664500413 187.0 6127616
1731664521897 188.0 6160384
1731664543942 189.0 6193152
1731664565596 190.0 6225920
1731664588309 191.0 6258688
1731664609099 192.0 6291456
1731664630591 193.0 6324224
1731664652884 194.0 6356992
1731664674622 195.0 6389760
1731664698317 196.0 6422528
1731664719849 197.0 6455296
1731664742116 198.0 6488064
1731664765060 199.0 6520832
1731664787594 200.0 6553600
1731664810657 201.0 6586368
1731664832540 202.0 6619136
1731664857135 203.0 6651904
1731664879037 204.0 6684672
1731664901066 205.0 6717440
1731664926914 206.0 6750208
1731664948389 207.0 6782976
1731664970156 208.0 6815744
1731664991939 209.0 6848512
1731665015418 210.0 6881280
1731665037420 211.0 6914048
1731665061112 212.0 6946816
1731665083017 213.0 6979584
1731665104780 214.0 7012352
1731665128357 215.0 7045120
1731665151516 216.0 7077888
1731665173662 217.0 7110656
1731665194594 218.0 7143424
1731665215946 219.0 7176192
1731665239186 220.0 7208960
1731665261650 221.0 7241728
1731665285423 222.0 7274496
1731665307759 223.0 7307264
1731665329685 224.0 7340032
1731665353585 225.0 7372800
1731665375616 226.0 7405568
1731665397838 227.0 7438336
1731665419821 228.0 7471104
1731665441535 229.0 7503872
1731665463759 230.0 7536640
1731665484595 231.0 7569408
1731665505466 232.0 7602176
1731665526221 233.0 7634944
1731665547529 234.0 7667712
1731665572427 235.0 7700480
1731665594426 236.0 7733248
1731665615698 237.0 7766016
1731665637763 238.0 7798784
1731665660491 239.0 7831552
1731665684255 240.0 7864320
1731665705645 241.0 7897088
1731665727172 242.0 7929856
1731665749123 243.0 7962624
1731665770640 244.0 7995392
1731665792371 245.0 8028160
1731665812670 246.0 8060928
1731665834403 247.0 8093696
1731665857351 248.0 8126464
1731665878974 249.0 8159232
1731665901923 250.0 8192000
1731665923409 251.0 8224768
1731665944952 252.0 8257536
1731665966528 253.0 8290304
1731665989115 254.0 8323072
1731666010661 255.0 8355840
1731666032491 256.0 8388608
1731666055009 257.0 8421376
1731666076510 258.0 8454144
1731666100335 259.0 8486912
1731666121544 260.0 8519680
1731666143491 261.0 8552448
1731666165557 262.0 8585216
1731666187488 263.0 8617984
1731666210982 264.0 8650752
1731666232286 265.0 8683520
1731666254274 266.0 8716288
1731666275733 267.0 8749056
1731666299323 268.0 8781824
1731666322381 269.0 8814592
1731666343817 270.0 8847360
1731666365659 271.0 8880128
1731666387274 272.0 8912896
1731666410142 273.0 8945664
1731666433694 274.0 8978432
1731666455779 275.0 9011200
1731666477817 276.0 9043968
1731666499572 277.0 9076736
1731666520838 278.0 9109504
1731666544001 279.0 9142272
1731666565939 280.0 9175040
1731666588128 281.0 9207808
1731666610129 282.0 9240576
1731666632297 283.0 9273344
1731666655499 284.0 9306112
1731666677095 285.0 9338880
1731666699165 286.0 9371648
1731666721521 287.0 9404416
1731666744411 288.0 9437184
1731666768038 289.0 9469952
1731666789890 290.0 9502720
1731666811715 291.0 9535488
1731666834879 292.0 9568256
1731666858468 293.0 9601024
1731666880611 294.0 9633792
1731666902746 295.0 9666560
1731666924804 296.0 9699328
1731666946097 297.0 9732096
1731666968178 298.0 9764864
1731666988316 299.0 9797632
1731667009070 300.0 9830400
1731667031386 301.0 9863168
1731667053604 302.0 9895936
1731667077424 303.0 9928704
1731667099125 304.0 9961472
1731667122977 305.0 9994240
1731667145413 306.0 10027008
1731667167951 307.0 10059776
1731667191723 308.0 10092544
1731667213901 309.0 10125312
1731667235627 310.0 10158080
1731667257377 311.0 10190848
1731667278189 312.0 10223616
1731667300149 313.0 10256384
1731667321595 314.0 10289152
1731667343804 315.0 10321920
1731667365351 316.0 10354688
1731667387527 317.0 10387456
1731667412485 318.0 10420224
1731667434394 319.0 10452992
1731667457677 320.0 10485760
1731667480405 321.0 10518528
1731667502387 322.0 10551296
1731667526011 323.0 10584064
1731667548619 324.0 10616832
1731667571474 325.0 10649600
1731667593901 326.0 10682368
1731667616809 327.0 10715136
1731667639597 328.0 10747904
1731667661277 329.0 10780672
1731667683411 330.0 10813440
1731667704832 331.0 10846208
1731667726929 332.0 10878976
1731667750586 333.0 10911744
1731667773640 334.0 10944512
1731667795451 335.0 10977280
1731667816916 336.0 11010048
1731667840440 337.0 11042816
1731667861930 338.0 11075584
1731667884963 339.0 11108352
1731667906912 340.0 11141120
1731667928962 341.0 11173888
1731667951653 342.0 11206656
1731667972889 343.0 11239424
1731667995610 344.0 11272192
1731668017922 345.0 11304960
1731668040314 346.0 11337728
1731668063859 347.0 11370496
1731668085600 348.0 11403264
1731668107658 349.0 11436032
1731668130337 350.0 11468800
1731668151696 351.0 11501568
1731668175869 352.0 11534336
1731668197959 353.0 11567104
1731668219745 354.0 11599872
1731668242854 355.0 11632640
1731668265880 356.0 11665408
1731668290367 357.0 11698176
1731668312769 358.0 11730944
1731668335255 359.0 11763712
1731668357521 360.0 11796480
1731668379902 361.0 11829248
1731668405302 362.0 11862016
1731668427153 363.0 11894784
1731668448388 364.0 11927552
1731668469887 365.0 11960320
1731668490554 366.0 11993088
1731668512410 367.0 12025856
1731668533505 368.0 12058624
1731668555908 369.0 12091392
1731668578294 370.0 12124160
1731668600523 371.0 12156928
1731668624541 372.0 12189696
1731668647158 373.0 12222464
1731668669737 374.0 12255232
1731668692806 375.0 12288000
1731668715756 376.0 12320768
1731668737035 377.0 12353536
1731668758511 378.0 12386304
1731668779647 379.0 12419072
1731668800907 380.0 12451840
1731668823574 381.0 12484608
1731668844768 382.0 12517376
1731668870139 383.0 12550144
1731668894077 384.0 12582912
1731668916361 385.0 12615680
1731668941398 386.0 12648448
1731668962678 387.0 12681216
1731668985117 388.0 12713984
1731669007726 389.0 12746752
1731669031413 390.0 12779520
1731669056569 391.0 12812288
1731669078379 392.0 12845056
1731669102107 393.0 12877824
1731669124818 394.0 12910592
1731669146996 395.0 12943360
1731669175101 396.0 12976128
1731669197451 397.0 13008896
1731669219815 398.0 13041664
1731669242448 399.0 13074432
1731669264822 400.0 13107200
1731669289365 401.0 13139968
1731669311960 402.0 13172736
1731669335284 403.0 13205504
1731669358349 404.0 13238272
1731669381431 405.0 13271040
1731669405663 406.0 13303808
1731669427411 407.0 13336576
1731669449421 408.0 13369344
1731669471805 409.0 13402112
1731669495069 410.0 13434880
1731669520509 411.0 13467648
1731669542608 412.0 13500416
1731669565155 413.0 13533184
1731669587495 414.0 13565952
1731669610762 415.0 13598720
1731669636222 416.0 13631488
1731669658538 417.0 13664256
1731669681376 418.0 13697024
1731669704792 419.0 13729792
1731669729062 420.0 13762560
1731669751215 421.0 13795328
1731669774758 422.0 13828096
1731669797804 423.0 13860864
1731669821413 424.0 13893632
1731669847504 425.0 13926400
1731669869200 426.0 13959168
1731669891228 427.0 13991936
1731669911915 428.0 14024704
1731669932826 429.0 14057472
1731669954523 430.0 14090240
1731669974671 431.0 14123008
1731669995370 432.0 14155776
1731670016702 433.0 14188544
1731670037271 434.0 14221312
1731670062658 435.0 14254080
1731670082825 436.0 14286848
1731670103612 437.0 14319616
1731670124756 438.0 14352384
1731670145798 439.0 14385152
1731670167891 440.0 14417920
1731670188397 441.0 14450688
1731670209290 442.0 14483456
1731670230200 443.0 14516224
1731670251045 444.0 14548992
1731670273539 445.0 14581760
1731670293872 446.0 14614528
1731670314993 447.0 14647296
1731670335765 448.0 14680064
1731670356324 449.0 14712832
1731670378185 450.0 14745600
1731670398246 451.0 14778368
1731670418773 452.0 14811136
1731670439526 453.0 14843904
1731670460177 454.0 14876672
1731670481924 455.0 14909440
1731670501930 456.0 14942208
1731670522916 457.0 14974976
1731670543460 458.0 15007744
1731670566638 459.0 15040512
1731670586767 460.0 15073280
1731670607785 461.0 15106048
1731670628586 462.0 15138816
1731670649172 463.0 15171584
1731670670876 464.0 15204352
1731670691064 465.0 15237120
1731670711569 466.0 15269888
1731670732340 467.0 15302656
1731670753000 468.0 15335424
1731670774389 469.0 15368192
1731670794618 470.0 15400960
1731670815171 471.0 15433728
1731670835702 472.0 15466496
1731670856065 473.0 15499264
1731670876874 474.0 15532032
1731670896863 475.0 15564800
1731670917064 476.0 15597568
1731670937224 477.0 15630336
1731670957802 478.0 15663104
1731670979175 479.0 15695872
1731670998810 480.0 15728640
1731671018677 481.0 15761408
1731671038998 482.0 15794176
1731671059341 483.0 15826944
1731671080618 484.0 15859712
1731671100022 485.0 15892480
1731671119775 486.0 15925248
1731671140041 487.0 15958016
1731671160071 488.0 15990784
1731671181323 489.0 16023552
1731671200980 490.0 16056320
1731671221411 491.0 16089088
1731671241475 492.0 16121856
1731671261746 493.0 16154624
1731671283714 494.0 16187392
1731671303938 495.0 16220160
1731671324413 496.0 16252928
1731671344994 497.0 16285696
1731671365931 498.0 16318464
1731671387356 499.0 16351232
1731671407573 500.0 16384000
1731671427867 501.0 16416768
1731671448178 502.0 16449536
1731671470006 503.0 16482304
1731671490015 504.0 16515072
1731671510453 505.0 16547840
1731671531097 506.0 16580608
1731671551314 507.0 16613376
1731671572100 508.0 16646144
1731671592181 509.0 16678912
1731671612621 510.0 16711680
1731671633011 511.0 16744448
1731671653619 512.0 16777216
1731671675112 513.0 16809984
1731671695342 514.0 16842752
1731671715994 515.0 16875520
1731671736620 516.0 16908288
1731671757106 517.0 16941056
1731671778129 518.0 16973824
1731671798414 519.0 17006592
1731671818371 520.0 17039360
1731671838852 521.0 17072128
1731671859444 522.0 17104896
1731671880958 523.0 17137664
1731671901059 524.0 17170432
1731671921061 525.0 17203200
1731671941412 526.0 17235968
1731671961846 527.0 17268736
1731671982867 528.0 17301504
1731672002679 529.0 17334272
1731672022781 530.0 17367040
1731672042944 531.0 17399808
1731672063425 532.0 17432576
1731672084513 533.0 17465344
1731672104237 534.0 17498112
1731672124835 535.0 17530880
1731672144721 536.0 17563648
1731672165061 537.0 17596416
1731672186026 538.0 17629184
1731672205764 539.0 17661952
1731672225847 540.0 17694720
1731672245831 541.0 17727488
1731672266874 542.0 17760256
1731672286728 543.0 17793024
1731672306942 544.0 17825792
1731672327383 545.0 17858560
1731672348160 546.0 17891328
1731672369130 547.0 17924096
1731672389166 548.0 17956864
1731672409644 549.0 17989632
1731672429672 550.0 18022400
1731672450894 551.0 18055168
1731672472678 552.0 18087936
1731672492742 553.0 18120704
1731672513300 554.0 18153472
1731672533671 555.0 18186240
1731672553747 556.0 18219008
1731672575858 557.0 18251776
1731672596215 558.0 18284544
1731672616917 559.0 18317312
1731672636983 560.0 18350080
1731672657601 561.0 18382848
1731672679534 562.0 18415616
1731672699495 563.0 18448384
1731672719555 564.0 18481152
1731672740051 565.0 18513920
1731672759933 566.0 18546688
1731672781549 567.0 18579456
1731672801777 568.0 18612224
1731672822497 569.0 18644992
1731672842624 570.0 18677760
1731672863057 571.0 18710528
1731672884682 572.0 18743296
1731672904995 573.0 18776064
1731672925213 574.0 18808832
1731672946108 575.0 18841600
1731672966268 576.0 18874368
1731672987684 577.0 18907136
1731673008155 578.0 18939904
1731673028820 579.0 18972672
1731673049810 580.0 19005440
1731673071046 581.0 19038208
1731673092715 582.0 19070976
1731673113101 583.0 19103744
1731673133593 584.0 19136512
1731673154506 585.0 19169280
1731673175765 586.0 19202048
1731673195888 587.0 19234816
1731673216853 588.0 19267584
1731673237289 589.0 19300352
1731673257422 590.0 19333120
1731673279731 591.0 19365888
1731673299642 592.0 19398656
1731673319841 593.0 19431424
1731673340618 594.0 19464192
1731673361026 595.0 19496960
1731673382303 596.0 19529728
1731673402267 597.0 19562496
1731673422861 598.0 19595264
1731673442603 599.0 19628032
1731673462842 600.0 19660800
1731673484231 601.0 19693568
1731673504225 602.0 19726336
1731673524374 603.0 19759104
1731673544621 604.0 19791872
1731673565036 605.0 19824640
1731673586683 606.0 19857408
1731673607215 607.0 19890176
1731673629497 608.0 19922944
1731673650004 609.0 19955712
1731673670154 610.0 19988480
1731673691536 611.0 20021248
1731673711338 612.0 20054016
1731673731858 613.0 20086784
1731673755291 614.0 20119552
1731673775749 615.0 20152320
1731673797357 616.0 20185088
1731673817392 617.0 20217856
1731673837515 618.0 20250624
1731673857905 619.0 20283392
1731673878683 620.0 20316160
1731673900119 621.0 20348928
1731673920243 622.0 20381696
1731673940903 623.0 20414464
1731673961344 624.0 20447232
1731673982679 625.0 20480000
1731674002862 626.0 20512768
1731674023304 627.0 20545536
1731674043450 628.0 20578304
1731674064027 629.0 20611072
1731674085202 630.0 20643840
1731674105128 631.0 20676608
1731674125944 632.0 20709376
1731674146229 633.0 20742144
1731674166936 634.0 20774912
1731674187778 635.0 20807680
1731674207500 636.0 20840448
1731674227568 637.0 20873216
1731674247629 638.0 20905984
1731674267852 639.0 20938752
1731674289068 640.0 20971520
1731674308824 641.0 21004288
1731674329217 642.0 21037056
1731674349457 643.0 21069824
1731674369387 644.0 21102592
1731674390360 645.0 21135360
1731674410295 646.0 21168128
1731674430725 647.0 21200896
1731674451108 648.0 21233664
1731674472048 649.0 21266432
1731674493027 650.0 21299200
1731674513150 651.0 21331968
1731674533657 652.0 21364736
1731674553553 653.0 21397504
1731674573823 654.0 21430272
1731674595210 655.0 21463040
1731674615409 656.0 21495808
1731674635882 657.0 21528576
1731674657565 658.0 21561344
1731674677479 659.0 21594112
1731674699878 660.0 21626880
1731674720197 661.0 21659648
1731674740728 662.0 21692416
1731674761443 663.0 21725184
1731674781855 664.0 21757952
1731674802739 665.0 21790720
1731674822932 666.0 21823488
1731674843645 667.0 21856256
1731674864325 668.0 21889024
1731674886791 669.0 21921792
1731674906992 670.0 21954560
1731674927477 671.0 21987328
1731674947841 672.0 22020096
1731674968360 673.0 22052864
1731674989692 674.0 22085632
1731675009427 675.0 22118400
1731675029672 676.0 22151168
1731675049754 677.0 22183936
1731675070290 678.0 22216704
1731675091482 679.0 22249472
1731675111505 680.0 22282240
1731675131534 681.0 22315008
1731675152244 682.0 22347776
1731675172730 683.0 22380544
1731675193766 684.0 22413312
1731675213735 685.0 22446080
1731675234745 686.0 22478848
1731675254942 687.0 22511616
1731675275099 688.0 22544384
1731675296332 689.0 22577152
1731675317317 690.0 22609920
1731675337971 691.0 22642688
1731675358197 692.0 22675456
1731675379015 693.0 22708224
1731675400228 694.0 22740992
1731675420042 695.0 22773760
1731675440681 696.0 22806528
1731675461026 697.0 22839296
1731675481480 698.0 22872064
1731675504380 699.0 22904832
1731675525417 700.0 22937600
1731675546002 701.0 22970368
1731675566249 702.0 23003136
1731675586715 703.0 23035904
1731675608080 704.0 23068672
1731675628063 705.0 23101440
1731675648628 706.0 23134208
1731675669493 707.0 23166976
1731675691011 708.0 23199744
1731675712162 709.0 23232512
1731675732032 710.0 23265280
1731675752566 711.0 23298048
1731675772777 712.0 23330816
1731675793753 713.0 23363584
1731675813490 714.0 23396352
1731675833792 715.0 23429120
1731675854161 716.0 23461888
1731675873600 717.0 23494656
1731675894491 718.0 23527424
1731675914091 719.0 23560192
1731675934072 720.0 23592960
1731675954358 721.0 23625728
1731675974839 722.0 23658496
1731675996192 723.0 23691264
1731676016207 724.0 23724032
1731676036955 725.0 23756800
1731676056909 726.0 23789568
1731676077053 727.0 23822336
1731676098159 728.0 23855104
1731676118216 729.0 23887872
1731676138425 730.0 23920640
1731676158821 731.0 23953408
1731676178965 732.0 23986176
1731676200042 733.0 24018944
1731676220099 734.0 24051712
1731676240313 735.0 24084480
1731676260660 736.0 24117248
1731676281418 737.0 24150016
1731676302753 738.0 24182784
1731676322638 739.0 24215552
1731676342491 740.0 24248320
1731676363017 741.0 24281088
1731676383012 742.0 24313856
1731676404481 743.0 24346624
1731676424897 744.0 24379392
1731676445219 745.0 24412160
1731676466271 746.0 24444928
1731676487252 747.0 24477696
1731676509011 748.0 24510464
1731676529122 749.0 24543232
1731676550168 750.0 24576000
1731676570670 751.0 24608768
1731676592875 752.0 24641536
1731676613640 753.0 24674304
1731676634060 754.0 24707072
1731676654403 755.0 24739840
1731676674920 756.0 24772608
1731676696697 757.0 24805376
1731676716958 758.0 24838144
1731676737232 759.0 24870912
1731676757576 760.0 24903680
1731676777480 761.0 24936448
1731676798910 762.0 24969216
1731676819483 763.0 25001984
1731676839842 764.0 25034752
1731676860104 765.0 25067520
1731676880905 766.0 25100288
1731676902630 767.0 25133056
1731676923116 768.0 25165824
1731676943855 769.0 25198592
1731676964616 770.0 25231360
1731676985247 771.0 25264128
1731677007007 772.0 25296896
1731677027297 773.0 25329664
1731677047314 774.0 25362432
1731677067779 775.0 25395200
1731677088017 776.0 25427968
1731677109670 777.0 25460736
1731677129878 778.0 25493504
1731677149910 779.0 25526272
1731677170866 780.0 25559040
1731677191080 781.0 25591808
1731677212404 782.0 25624576
1731677232102 783.0 25657344
1731677252432 784.0 25690112
1731677272565 785.0 25722880
1731677293668 786.0 25755648
1731677315163 787.0 25788416
1731677335061 788.0 25821184
1731677355558 789.0 25853952
1731677375960 790.0 25886720
1731677396875 791.0 25919488
1731677418469 792.0 25952256
1731677438162 793.0 25985024
1731677458949 794.0 26017792
1731677479595 795.0 26050560
1731677500676 796.0 26083328
1731677520994 797.0 26116096
1731677541874 798.0 26148864
1731677562147 799.0 26181632
1731677582655 800.0 26214400
1731677603710 801.0 26247168
1731677624128 802.0 26279936
1731677644637 803.0 26312704
1731677664880 804.0 26345472
1731677685160 805.0 26378240
1731677706756 806.0 26411008
1731677726860 807.0 26443776
1731677747865 808.0 26476544
1731677768611 809.0 26509312
1731677788895 810.0 26542080
1731677810111 811.0 26574848
1731677830463 812.0 26607616
1731677851011 813.0 26640384
1731677872862 814.0 26673152
1731677893823 815.0 26705920
1731677915456 816.0 26738688
1731677935332 817.0 26771456
1731677956121 818.0 26804224
1731677976736 819.0 26836992
1731677997233 820.0 26869760
1731678018353 821.0 26902528
1731678038380 822.0 26935296
1731678059166 823.0 26968064
1731678079525 824.0 27000832
1731678099928 825.0 27033600
1731678120922 826.0 27066368
1731678141009 827.0 27099136
1731678161669 828.0 27131904
1731678181697 829.0 27164672
1731678201655 830.0 27197440
1731678222677 831.0 27230208
1731678242387 832.0 27262976
1731678262972 833.0 27295744
1731678283666 834.0 27328512
1731678305198 835.0 27361280
1731678325486 836.0 27394048
1731678345988 837.0 27426816
1731678366919 838.0 27459584
1731678387368 839.0 27492352
1731678408873 840.0 27525120
1731678429265 841.0 27557888
1731678450194 842.0 27590656
1731678471263 843.0 27623424
1731678492587 844.0 27656192
1731678514593 845.0 27688960
1731678535047 846.0 27721728
1731678555523 847.0 27754496
1731678576229 848.0 27787264
1731678597085 849.0 27820032
1731678618194 850.0 27852800
1731678637961 851.0 27885568
1731678658672 852.0 27918336
1731678678833 853.0 27951104
1731678699323 854.0 27983872
1731678720438 855.0 28016640
1731678740922 856.0 28049408
1731678761766 857.0 28082176
1731678782708 858.0 28114944
1731678803143 859.0 28147712
1731678823946 860.0 28180480
1731678844178 861.0 28213248
1731678864847 862.0 28246016
1731678885258 863.0 28278784
1731678906379 864.0 28311552
1731678931381 865.0 28344320
1731678951580 866.0 28377088
1731678972663 867.0 28409856
1731678994101 868.0 28442624
1731679015349 869.0 28475392
1731679041081 870.0 28508160
1731679061820 871.0 28540928
1731679082430 872.0 28573696
1731679105449 873.0 28606464
1731679126453 874.0 28639232
1731679148544 875.0 28672000
1731679168749 876.0 28704768
1731679188665 877.0 28737536
1731679209166 878.0 28770304
1731679231454 879.0 28803072
1731679251228 880.0 28835840
1731679271529 881.0 28868608
1731679292880 882.0 28901376
1731679313654 883.0 28934144
1731679338048 884.0 28966912
1731679358462 885.0 28999680
1731679381552 886.0 29032448
1731679401857 887.0 29065216
1731679422321 888.0 29097984
1731679444221 889.0 29130752
1731679464754 890.0 29163520
1731679485472 891.0 29196288
1731679506090 892.0 29229056
1731679526396 893.0 29261824
1731679547822 894.0 29294592
1731679567983 895.0 29327360
1731679588493 896.0 29360128
1731679609187 897.0 29392896
1731679629568 898.0 29425664
1731679652266 899.0 29458432
1731679673194 900.0 29491200
1731679695280 901.0 29523968
1731679715691 902.0 29556736
1731679736297 903.0 29589504
1731679758162 904.0 29622272
1731679778265 905.0 29655040
1731679798782 906.0 29687808
1731679819237 907.0 29720576
1731679839605 908.0 29753344
1731679860710 909.0 29786112
1731679881178 910.0 29818880
1731679901439 911.0 29851648
1731679921989 912.0 29884416
1731679942363 913.0 29917184
1731679964695 914.0 29949952
1731679985265 915.0 29982720
1731680005726 916.0 30015488
1731680026157 917.0 30048256
1731680047535 918.0 30081024
1731680067736 919.0 30113792
1731680088166 920.0 30146560
1731680109059 921.0 30179328
1731680129583 922.0 30212096
1731680150754 923.0 30244864
1731680171047 924.0 30277632
1731680191955 925.0 30310400
1731680212292 926.0 30343168
1731680232946 927.0 30375936
1731680254160 928.0 30408704
1731680274209 929.0 30441472
1731680294260 930.0 30474240
1731680315193 931.0 30507008
1731680335924 932.0 30539776
1731680357244 933.0 30572544
1731680377400 934.0 30605312
1731680397730 935.0 30638080
1731680417891 936.0 30670848
1731680438380 937.0 30703616
1731680460254 938.0 30736384
1731680480221 939.0 30769152
1731680500698 940.0 30801920
1731680520797 941.0 30834688
1731680541255 942.0 30867456
1731680564490 943.0 30900224
1731680585782 944.0 30932992
1731680607570 945.0 30965760
1731680627763 946.0 30998528
1731680648465 947.0 31031296
1731680671653 948.0 31064064
1731680692199 949.0 31096832
1731680712739 950.0 31129600
1731680733752 951.0 31162368
1731680754801 952.0 31195136
1731680777273 953.0 31227904
1731680797730 954.0 31260672
1731680818882 955.0 31293440
1731680839262 956.0 31326208
1731680859869 957.0 31358976
1731680880137 958.0 31391744
1731680900275 959.0 31424512
1731680920592 960.0 31457280
1731680940914 961.0 31490048
1731680962549 962.0 31522816
1731680982793 963.0 31555584
1731681004676 964.0 31588352
1731681025918 965.0 31621120
1731681046122 966.0 31653888
1731681067876 967.0 31686656
1731681087800 968.0 31719424
1731681108949 969.0 31752192
1731681129526 970.0 31784960
1731681149878 971.0 31817728
1731681170776 972.0 31850496
1731681190794 973.0 31883264
1731681211758 974.0 31916032
1731681232147 975.0 31948800
1731681252207 976.0 31981568
1731681273810 977.0 32014336
1731681294067 978.0 32047104
1731681316856 979.0 32079872
1731681337321 980.0 32112640
1731681357858 981.0 32145408
