1733222303649 1.0 16384
1733222306884 2.0 32768
1733222310036 3.0 49152
1733222313300 4.0 65536
1733222317376 5.0 81920
1733222320658 6.0 98304
1733222323923 7.0 114688
1733222327235 8.0 131072
1733222330844 9.0 147456
1733222334344 10.0 163840
1733222337522 11.0 180224
1733222340818 12.0 196608
1733222344166 13.0 212992
1733222347394 14.0 229376
1733222350863 15.0 245760
1733222354079 16.0 262144
1733222357540 17.0 278528
1733222360871 18.0 294912
1733222364042 19.0 311296
1733222367481 20.0 327680
1733222370818 21.0 344064
1733222374030 22.0 360448
1733222377234 23.0 376832
1733222380710 24.0 393216
1733222384520 25.0 409600
1733222387794 26.0 425984
1733222391234 27.0 442368
1733222394446 28.0 458752
1733222397639 29.0 475136
1733222401227 30.0 491520
1733222404441 31.0 507904
1733222407988 32.0 524288
1733222411220 33.0 540672
1733222414438 34.0 557056
1733222417888 35.0 573440
1733222421256 36.0 589824
1733222424475 37.0 606208
1733222427690 38.0 622592
1733222430872 39.0 638976
1733222434542 40.0 655360
1733222438038 41.0 671744
1733222441486 42.0 688128
1733222444696 43.0 704512
1733222448121 44.0 720896
1733222451312 45.0 737280
1733222454536 46.0 753664
1733222457733 47.0 770048
1733222460965 48.0 786432
1733222464422 49.0 802816
1733222467697 50.0 819200
1733222471250 51.0 835584
1733222474490 52.0 851968
1733222477809 53.0 868352
1733222481441 54.0 884736
1733222484700 55.0 901120
1733222487935 56.0 917504
1733222491586 57.0 933888
1733222494854 58.0 950272
1733222498330 59.0 966656
1733222501780 60.0 983040
1733222505018 61.0 999424
1733222508287 62.0 1015808
1733222511523 63.0 1032192
1733222514991 64.0 1048576
1733222518219 65.0 1064960
1733222521466 66.0 1081344
1733222524699 67.0 1097728
1733222527929 68.0 1114112
1733222531393 69.0 1130496
1733222534608 70.0 1146880
1733222537866 71.0 1163264
1733222541101 72.0 1179648
1733222544339 73.0 1196032
1733222547859 74.0 1212416
1733222551083 75.0 1228800
