1733223266199 0.02454562485218048 65536
1733223300534 0.024597298353910446 98304
1733223335354 0.026144901290535927 131072
1733223372184 0.027427371591329575 160000
1733223407494 0.027964942157268524 196608
1733223441247 0.028747018426656723 229376
1733223474779 0.03040720522403717 262144
1733223509051 0.027782749384641647 294912
1733223545533 0.03254365921020508 320000
1733223581198 0.03328391909599304 360448
1733223614371 0.034797199070453644 393216
1733223647563 0.03480421379208565 425984
1733223681552 0.03535152226686478 458752
1733223717415 0.03668386861681938 480000
1733223755080 0.037445470690727234 524288
1733223788812 0.038022663444280624 557056
1733223822409 0.03917500004172325 589824
1733223855536 0.040277622640132904 622592
1733223890273 0.04057256877422333 640000
1733223929682 0.040932901203632355 688128
1733223963373 0.04223426431417465 720896
1733223997263 0.043352894484996796 753664
1733224031049 0.04353420063853264 786432
1733224064597 0.043777987360954285 800000
1733224104202 0.04259241372346878 851968
1733224137015 0.04466593265533447 884736
1733224169683 0.04297120124101639 917504
1733224202751 0.040748052299022675 950272
1733224234797 0.04553244262933731 960000
1733224275660 0.04393471032381058 1015808
1733224308759 0.044798750430345535 1048576
1733224341666 0.04697083681821823 1081344
1733224374914 0.048178382217884064 1114112
1733224405835 0.04898138344287872 1120000
1733224447879 0.04856523871421814 1179648
1733224480058 0.049081459641456604 1212416
1733224513410 0.04952676594257355 1245184
1733224546442 0.05049789696931839 1277952
1733224575968 0.05111178383231163 1280000
1733224619920 0.05117335915565491 1343488
1733224653100 0.050648532807826996 1376256
1733224685820 0.05200333893299103 1409024
1733224725053 0.05214247107505798 1440000
1733224759035 0.047629084438085556 1474560
1733224792092 0.04890275001525879 1507328
1733224825274 0.05255333334207535 1540096
1733224858447 0.0520358607172966 1572864
1733224896299 0.05348080024123192 1600000
1733224931284 0.052800580859184265 1638400
1733224964100 0.05349452793598175 1671168
1733224997216 0.053193919360637665 1703936
1733225030623 0.05282317474484444 1736704
1733225067604 0.053386248648166656 1760000
1733225104156 0.05413632094860077 1802240
1733225137470 0.05017107352614403 1835008
1733225170797 0.05493913218379021 1867776
1733225204099 0.05237361788749695 1900544
1733225239086 0.05541820824146271 1920000
1733225276767 0.05479653924703598 1966080
1733225309648 0.0504167340695858 1998848
1733225343588 0.055310726165771484 2031616
1733225378203 0.055476315319538116 2064384
1733225412690 0.05143313482403755 2080000
1733225451823 0.05529084801673889 2129920
1733225485146 0.05327770113945007 2162688
1733225518328 0.04973090440034866 2195456
1733225551469 0.054405853152275085 2228224
1733225583893 0.0565030612051487 2240000
1733225625015 0.053220897912979126 2293760
1733225658563 0.04956286773085594 2326528
1733225691688 0.05508171021938324 2359296
1733225724620 0.05681486800312996 2392064
1733225756644 0.05009566619992256 2400000
1733225798954 0.051822908222675323 2457600
1733225832544 0.05189359933137894 2490368
1733225865701 0.05153607204556465 2523136
1733225898867 0.053263332694768906 2555904
1733225928907 0.04993612691760063 2560000
1733225972970 0.05840899795293808 2621440
1733226006358 0.054273881018161774 2654208
1733226039292 0.057923123240470886 2686976
1733226072724 0.05731862410902977 2719744
1733226101715 0.05217937007546425 2720000
1733226147123 0.0559573695063591 2785280
1733226180608 0.05516480654478073 2818048
1733226214324 0.05555006489157677 2850816
1733226253763 0.05299437791109085 2880000
1733226288287 0.05283850431442261 2916352
1733226321519 0.055046215653419495 2949120
1733226355143 0.05021482706069946 2981888
1733226388625 0.056079983711242676 3014656
1733226426364 0.04629701003432274 3040000
1733226462537 0.05110979080200195 3080192
1733226496199 0.056609202176332474 3112960
1733226529582 0.054022230207920074 3145728
1733226563013 0.05451643466949463 3178496
1733226598974 0.051370467990636826 3200000
1733226636991 0.0503084696829319 3244032
1733226670529 0.05633407086133957 3276800
1733226703996 0.05317224934697151 3309568
1733226738119 0.053375400602817535 3342336
1733226772717 0.05160375311970711 3360000
1733226812146 0.052238523960113525 3407872
1733226846050 0.0498933419585228 3440640
1733226879603 0.05996450036764145 3473408
1733226912920 0.05260465294122696 3506176
1733226947110 0.04844408854842186 3520000
1733226988342 0.0571482852101326 3571712
1733227021714 0.05815809592604637 3604480
1733227055197 0.049265384674072266 3637248
1733227088179 0.04509313404560089 3670016
1733227120853 0.05249049514532089 3680000
1733227163258 0.04982462525367737 3735552
1733227196601 0.050397519022226334 3768320
1733227229950 0.0468624085187912 3801088
1733227263971 0.06118787080049515 3833856
1733227294638 0.05098707973957062 3840000
1733227338144 0.0557367317378521 3899392
1733227371785 0.04793957248330116 3932160
1733227405632 0.044946812093257904 3964928
1733227439297 0.05624757707118988 3997696
1733227468522 0.04529057443141937 4000000
1733227512884 0.05669935792684555 4063232
1733227546417 0.0516679622232914 4096000
1733227580074 0.052050285041332245 4128768
1733227620135 0.054431989789009094 4160000
1733227654586 0.06202439218759537 4194304
1733227688049 0.05772273615002632 4227072
1733227721555 0.04925363510847092 4259840
1733227755125 0.05364995449781418 4292608
1733227793322 0.054704345762729645 4320000
1733227829492 0.050128862261772156 4358144
1733227863303 0.060443904250860214 4390912
1733227896843 0.060567665845155716 4423680
1733227930136 0.0633392333984375 4456448
1733227967195 0.05467481166124344 4480000
1733228003864 0.05432436615228653 4521984
1733228037913 0.04879758879542351 4554752
1733228071911 0.04945441707968712 4587520
1733228105418 0.04959559068083763 4620288
1733228141544 0.05805770307779312 4640000
1733228179456 0.05328352749347687 4685824
1733228213209 0.05428782477974892 4718592
1733228246820 0.0577571839094162 4751360
1733228280016 0.05317391827702522 4784128
1733228315067 0.045687075704336166 4800000
1733228354761 0.05248706787824631 4849664
1733228388109 0.055598288774490356 4882432
1733228421570 0.0516839474439621 4915200
1733228455190 0.05214213579893112 4947968
1733228488322 0.052405573427677155 4960000
1733228529529 0.05274288356304169 5013504
1733228563135 0.05062197893857956 5046272
1733228596731 0.04893077164888382 5079040
1733228630413 0.05076456815004349 5111808
1733228662545 0.06158996745944023 5120000
1733228705491 0.04755343869328499 5177344
1733228738748 0.05042561888694763 5210112
1733228772072 0.05922083556652069 5242880
1733228805630 0.060459673404693604 5275648
1733228835663 0.04919186979532242 5280000
1733228879386 0.05020313337445259 5341184
1733228912474 0.04405563697218895 5373952
1733228946040 0.06587015837430954 5406720
1733228979956 0.052321434020996094 5439488
1733229008936 0.05865009129047394 5440000
1733229054690 0.053117167204618454 5505024
1733229088778 0.06196242570877075 5537792
1733229122283 0.05324697867035866 5570560
1733229161882 0.0640605241060257 5600000
1733229197913 0.05475085601210594 5636096
1733229231678 0.05043382942676544 5668864
1733229264910 0.053403109312057495 5701632
1733229298750 0.06809929013252258 5734400
1733229336752 0.06314045190811157 5760000
1733229374096 0.051451176404953 5799936
1733229408586 0.05745598301291466 5832704
1733229442075 0.07348033040761948 5865472
1733229475544 0.07088999450206757 5898240
1733229512298 0.05593486130237579 5920000
1733229549645 0.054427310824394226 5963776
1733229584149 0.05884619802236557 5996544
1733229618548 0.05534988269209862 6029312
1733229651754 0.05603038892149925 6062080
1733229686890 0.05130600184202194 6080000
1733229725746 0.056457649916410446 6127616
1733229759281 0.05478064715862274 6160384
1733229792931 0.05385435372591019 6193152
1733229826020 0.06329964101314545 6225920
1733229859934 0.047630757093429565 6240000
1733229900625 0.0589071586728096 6291456
1733229934384 0.05749838426709175 6324224
1733229967581 0.06236277520656586 6356992
1733230000929 0.06448959559202194 6389760
1733230033419 0.0533340685069561 6400000
1733230075465 0.04949945956468582 6455296
1733230108777 0.06308834999799728 6488064
1733230142578 0.056359559297561646 6520832
1733230176528 0.06578245759010315 6553600
1733230207878 0.06367803364992142 6560000
1733230251704 0.05461953580379486 6619136
1733230285700 0.06512423604726791 6651904
1733230320997 0.05180572718381882 6684672
1733230354870 0.04815532639622688 6717440
1733230384681 0.05414785444736481 6720000
1733230430231 0.06325822323560715 6782976
1733230464990 0.05389704182744026 6815744
1733230498933 0.04860067740082741 6848512
1733230539273 0.061555154621601105 6880000
1733230573927 0.05126840993762016 6914048
1733230607005 0.05048738420009613 6946816
1733230641458 0.05097188055515289 6979584
1733230676696 0.05500277876853943 7012352
1733230715655 0.04926682263612747 7040000
1733230751511 0.05533958598971367 7077888
1733230785721 0.06225856393575668 7110656
1733230819895 0.059860751032829285 7143424
1733230853395 0.06083541363477707 7176192
1733230890952 0.075370192527771 7200000
1733230928778 0.0655955821275711 7241728
1733230962607 0.05904011428356171 7274496
1733230996330 0.05563047528266907 7307264
1733231029964 0.06109684705734253 7340032
1733231065314 0.0680876299738884 7360000
1733231103281 0.054197460412979126 7405568
1733231137584 0.07204891741275787 7438336
1733231171596 0.06629589945077896 7471104
1733231205582 0.06256119906902313 7503872
1733231240803 0.07432007789611816 7520000
1733231283984 0.07464306801557541 7569408
1733231318136 0.05644500255584717 7602176
1733231353487 0.05934010073542595 7634944
1733231387594 0.06820224225521088 7667712
1733231422394 0.054951511323451996 7680000
1733231467560 0.061467863619327545 7733248
1733231501700 0.06801441311836243 7766016
1733231537004 0.05876908451318741 7798784
1733231571002 0.06536532938480377 7831552
1733231603345 0.04260414093732834 7840000
1733231647907 0.0714392364025116 7897088
1733231682314 0.05846964567899704 7929856
1733231717909 0.060031965374946594 7962624
1733231752345 0.05303918570280075 7995392
1733231783599 0.06698426604270935 8000000
1733231828797 0.06389739364385605 8060928
1733231864360 0.07087574154138565 8093696
1733231898977 0.05279208719730377 8126464
1733231932697 0.05224786698818207 8159232
1733231963645 0.06334451586008072 8160000
1733232010310 0.06120416149497032 8224768
1733232045142 0.0690438523888588 8257536
1733232079344 0.06107012555003166 8290304
1733232120336 0.07451966404914856 8320000
1733232156186 0.08429871499538422 8355840
1733232190695 0.0699853003025055 8388608
1733232226443 0.052175529301166534 8421376
1733232260659 0.06610091775655746 8454144
1733232300577 0.0657525360584259 8480000
1733232337546 0.06738992035388947 8519680
1733232371439 0.05602375045418739 8552448
1733232407609 0.06282444298267365 8585216
1733232441497 0.05104056000709534 8617984
1733232480274 0.05674812197685242 8640000
1733232518557 0.055171675980091095 8683520
1733232552061 0.05464496836066246 8716288
1733232588340 0.0583791546523571 8749056
1733232623649 0.06500332057476044 8781824
1733232663376 0.06445799022912979 8800000
1733232704218 0.06627176702022552 8847360
1733232740691 0.057831890881061554 8880128
1733232775239 0.06252635270357132 8912896
1733232811966 0.05857536196708679 8945664
1733232847114 0.07600130140781403 8960000
1733232890900 0.05220521241426468 9011200
1733232925091 0.04537827521562576 9043968
1733232961888 0.0624174028635025 9076736
1733232996102 0.05536507070064545 9109504
1733233031593 0.06296056509017944 9120000
1733233074763 0.06970340013504028 9175040
1733233110728 0.07705731689929962 9207808
1733233146177 0.06072486191987991 9240576
1733233182000 0.06526611745357513 9273344
1733233214901 0.06340496242046356 9280000
1733233260353 0.08028402924537659 9338880
1733233296006 0.05857686698436737 9371648
1733233330688 0.06027287244796753 9404416
1733233366840 0.05624077841639519 9437184
1733233398722 0.06767342984676361 9440000
1733233446154 0.062441855669021606 9502720
1733233480469 0.051786839962005615 9535488
1733233516723 0.07138530164957047 9568256
1733233557846 0.05562824755907059 9600000
1733233595518 0.06050476059317589 9633792
1733233630034 0.07194556295871735 9666560
1733233667822 0.06865930557250977 9699328
1733233702871 0.06034926697611809 9732096
1733233745609 0.058674685657024384 9760000
1733233783215 0.05863995850086212 9797632
1733233818813 0.06442505121231079 9830400
1733233853934 0.06703842431306839 9863168
1733233889942 0.07717519253492355 9895936
1733233929258 0.07214100658893585 9920000
1733233968146 0.051386941224336624 9961472
1733234003975 0.06530293822288513 9994240
1733234038616 0.0636608749628067 10027008
1733234074345 0.05967772379517555 10059776
1733234111777 0.07139630615711212 10080000
1733234153047 0.07532386481761932 10125312
1733234187528 0.06846518814563751 10158080
1733234224091 0.05763547122478485 10190848
1733234258291 0.0677265003323555 10223616
1733234295453 0.06992289423942566 10240000
1733234337011 0.08513560146093369 10289152
1733234375913 0.057876646518707275 10321920
1733234410965 0.050307583063840866 10354688
1733234448265 0.06659768521785736 10387456
1733234485653 0.07686147838830948 10400000
1733234528880 0.06947310268878937 10452992
1733234563484 0.07809749245643616 10485760
1733234598411 0.07462728768587112 10518528
1733234632836 0.07625365257263184 10551296
1733234666733 0.07100224494934082 10560000
1733234711108 0.08300775289535522 10616832
1733234746446 0.06515160202980042 10649600
1733234781034 0.05918358266353607 10682368
1733234817543 0.0540703721344471 10715136
1733234849625 0.06471795588731766 10720000
1733234896019 0.07557234168052673 10780672
1733234932484 0.05906858667731285 10813440
1733234966078 0.07062899321317673 10846208
1733235000106 0.08186307549476624 10878976
1733235030931 0.0655667632818222 10880000
1733235077535 0.07929660379886627 10944512
1733235113031 0.0839267149567604 10977280
1733235149191 0.07054337859153748 11010048
1733235191408 0.07593178749084473 11040000
1733235228315 0.07080943882465363 11075584
1733235265136 0.08458810299634933 11108352
1733235302257 0.08266213536262512 11141120
1733235341863 0.07826261222362518 11173888
1733235380774 0.07368415594100952 11200000
1733235419991 0.0716915875673294 11239424
1733235454147 0.07798011600971222 11272192
1733235488310 0.07691416144371033 11304960
1733235522958 0.08410236984491348 11337728
1733235561823 0.07910451292991638 11360000
1733235603912 0.08589012920856476 11403264
1733235642541 0.08285845816135406 11436032
1733235679389 0.07703997194766998 11468800
1733235714725 0.0699966549873352 11501568
1733235751495 0.08041106164455414 11520000
1733235791792 0.06733693182468414 11567104
1733235825610 0.07459048926830292 11599872
1733235861066 0.06859444826841354 11632640
1733235895566 0.058591291308403015 11665408
1733235930232 0.07286801934242249 11680000
1733235973120 0.0670240968465805 11730944
1733236007561 0.07327430695295334 11763712
1733236043391 0.07607415318489075 11796480
1733236077840 0.06626289337873459 11829248
1733236111828 0.09633445739746094 11840000
1733236154923 0.08691422641277313 11894784
1733236188515 0.0888657420873642 11927552
1733236224630 0.08157926052808762 11960320
1733236261885 0.08283960074186325 11993088
1733236297041 0.051617331802845 12000000
1733236341373 0.056826017796993256 12058624
1733236375928 0.07344116270542145 12091392
1733236411986 0.07532456517219543 12124160
1733236445808 0.09320379793643951 12156928
1733236477624 0.08078278601169586 12160000
1733236522973 0.08041934669017792 12222464
1733236557281 0.0782834142446518 12255232
1733236592445 0.07380453497171402 12288000
1733236634441 0.04055079072713852 12320000
1733236670231 0.08351598680019379 12353536
1733236704346 0.08963944017887115 12386304
1733236738707 0.053536947816610336 12419072
1733236774001 0.06290911883115768 12451840
1733236813874 0.06642122566699982 12480000
1733236851330 0.06987237930297852 12517376
1733236885711 0.07944273948669434 12550144
1733236921058 0.0678594782948494 12582912
1733236956152 0.0696524828672409 12615680
1733236993944 0.09320534765720367 12640000
1733237033641 0.060069359838962555 12681216
1733237067303 0.07121450453996658 12713984
1733237102960 0.0595974326133728 12746752
1733237137387 0.06837430596351624 12779520
1733237175068 0.08167707175016403 12800000
1733237216682 0.06266453862190247 12845056
1733237250741 0.10164617002010345 12877824
1733237286130 0.05772370472550392 12910592
1733237320729 0.0738878846168518 12943360
1733237357515 0.07407619059085846 12960000
1733237402248 0.0700262188911438 13008896
1733237436939 0.05787959694862366 13041664
1733237471929 0.05600696802139282 13074432
1733237506520 0.055957287549972534 13107200
1733237540613 0.05817577987909317 13120000
1733237583186 0.08614742010831833 13172736
1733237617007 0.07321638613939285 13205504
1733237652637 0.05899527668952942 13238272
1733237687123 0.07225803285837173 13271040
1733237720498 0.07778607308864594 13280000
1733237764272 0.07820333540439606 13336576
1733237798323 0.07952939718961716 13369344
1733237833907 0.08360658586025238 13402112
1733237868730 0.08988870680332184 13434880
1733237901155 0.05643168091773987 13440000
1733237947031 0.07573052495718002 13500416
1733237981637 0.07345233857631683 13533184
1733238018131 0.08148059993982315 13565952
1733238053808 0.09768089652061462 13598720
1733238084932 0.08058439195156097 13600000
1733238133410 0.07793764024972916 13664256
1733238168633 0.05893635377287865 13697024
1733238204285 0.07444052398204803 13729792
1733238244937 0.07639728486537933 13760000
1733238280561 0.06939373910427094 13795328
1733238316530 0.06513809412717819 13828096
1733238350793 0.06210325285792351 13860864
1733238387450 0.07298511266708374 13893632
1733238427136 0.06626525521278381 13920000
1733238466135 0.08176842331886292 13959168
1733238502811 0.06405097246170044 13991936
1733238537443 0.06352417171001434 14024704
1733238574238 0.09045294672250748 14057472
1733238612964 0.08225472271442413 14080000
1733238652744 0.046230196952819824 14123008
1733238688726 0.05547383427619934 14155776
1733238723307 0.05319695547223091 14188544
1733238758306 0.06603717058897018 14221312
1733238795616 0.06002704054117203 14240000
1733238837150 0.051128000020980835 14286848
1733238873115 0.06403091549873352 14319616
1733238907109 0.05329982191324234 14352384
1733238942016 0.07320266216993332 14385152
1733238977311 0.07152941823005676 14400000
1733239018943 0.058904994279146194 14450688
1733239055651 0.07512565702199936 14483456
1733239089197 0.06630220264196396 14516224
1733239124162 0.05852890759706497 14548992
1733239158159 0.07347419857978821 14560000
1733239202906 0.08671176433563232 14614528
1733239238923 0.0856771245598793 14647296
1733239273815 0.0654996857047081 14680064
1733239308544 0.07875595986843109 14712832
1733239341540 0.07253161072731018 14720000
1733239385781 0.08223262429237366 14778368
1733239421762 0.0888792872428894 14811136
1733239455685 0.06839052587747574 14843904
1733239490292 0.07604190707206726 14876672
1733239521550 0.07672657817602158 14880000
1733239566862 0.09685501456260681 14942208
1733239602410 0.051642291247844696 14974976
1733239635943 0.04911208152770996 15007744
1733239677563 0.09350007772445679 15040000
1733239712687 0.07783390581607819 15073280
1733239747335 0.07673978805541992 15106048
1733239782984 0.0687994435429573 15138816
1733239817532 0.07799831032752991 15171584
1733239857565 0.09041593223810196 15200000
1733239894736 0.07170694321393967 15237120
1733239928868 0.07299616187810898 15269888
1733239964331 0.05304314196109772 15302656
1733239998724 0.05955176055431366 15335424
1733240038620 0.0581369511783123 15360000
1733240076743 0.08480487763881683 15400960
1733240110534 0.06284139305353165 15433728
1733240145912 0.06668878346681595 15466496
1733240180461 0.07170449197292328 15499264
1733240218892 0.08907441794872284 15520000
1733240258850 0.07606230676174164 15564800
1733240292947 0.06989876925945282 15597568
1733240328169 0.07299724221229553 15630336
1733240362172 0.05657024309039116 15663104
1733240398402 0.09028717875480652 15680000
1733240439104 0.08839136362075806 15728640
1733240472981 0.07434193789958954 15761408
1733240508305 0.09484773874282837 15794176
1733240542532 0.0941961333155632 15826944
1733240577955 0.08662214875221252 15840000
1733240620368 0.08966274559497833 15892480
1733240654733 0.09700402617454529 15925248
1733240689523 0.052497681230306625 15958016
1733240723613 0.09644368290901184 15990784
1733240757280 0.06532594561576843 16000000
1733240799610 0.07030615210533142 16056320
1733240834615 0.08934924006462097 16089088
1733240869788 0.07535146176815033 16121856
1733240903935 0.059985727071762085 16154624
1733240937728 0.07651127874851227 16160000
1733240983054 0.11182183027267456 16220160
1733241017380 0.08604496717453003 16252928
1733241052036 0.08911123126745224 16285696
1733241086493 0.08670516312122345 16318464
1733241117845 0.09453289955854416 16320000
1733241165396 0.09462043642997742 16384000
1733241199994 0.07223653793334961 16416768
1733241234842 0.06818918883800507 16449536
1733241275272 0.069085992872715 16480000
1733241311645 0.07405750453472137 16515072
1733241346410 0.07145388424396515 16547840
1733241380842 0.07736258208751678 16580608
1733241415599 0.0694846361875534 16613376
1733241454454 0.0876990258693695 16640000
1733241492744 0.08703747391700745 16678912
1733241527466 0.07585883885622025 16711680
1733241561558 0.08151529729366302 16744448
1733241596698 0.10195101052522659 16777216
1733241634238 0.08969400823116302 16800000
1733241673861 0.07347363233566284 16842752
1733241708458 0.07997862994670868 16875520
1733241743012 0.08458004891872406 16908288
1733241777744 0.08164955675601959 16941056
1733241814162 0.08738798648118973 16960000
1733241855376 0.09404447674751282 17006592
1733241889866 0.0738578736782074 17039360
1733241924919 0.08523561805486679 17072128
1733241958828 0.09696033596992493 17104896
1733241993774 0.08989867568016052 17120000
1733242036762 0.07722291350364685 17170432
1733242071781 0.09188969433307648 17203200
1733242106767 0.09344369918107986 17235968
1733242143548 0.09155069291591644 17268736
1733242176668 0.07946883141994476 17280000
1733242220723 0.09612208604812622 17334272
1733242255616 0.09216667711734772 17367040
1733242290256 0.08450079709291458 17399808
1733242326718 0.08650550246238708 17432576
1733242359375 0.07749061286449432 17440000
1733242404023 0.09983164817094803 17498112
1733242440138 0.06272142380475998 17530880
1733242473986 0.09089039266109467 17563648
1733242510226 0.07274546474218369 17596416
1733242541349 0.08990689367055893 17600000
1733242586654 0.09450963139533997 17661952
1733242623494 0.08968007564544678 17694720
1733242657243 0.10113471746444702 17727488
1733242700096 0.07748997211456299 17760000
1733242735628 0.09789789468050003 17793024
1733242771032 0.08625859022140503 17825792
1733242807647 0.09531351923942566 17858560
1733242842372 0.08439982682466507 17891328
1733242883327 0.08562924712896347 17920000
1733242921200 0.11505948752164841 17956864
1733242955399 0.08114691078662872 17989632
1733242991844 0.08205613493919373 18022400
1733243026247 0.08137768507003784 18055168
1733243065343 0.08291207998991013 18080000
1733243105605 0.10514481365680695 18120704
1733243139513 0.08396624773740768 18153472
1733243174897 0.08975931257009506 18186240
1733243210379 0.04562626779079437 18219008
1733243248103 0.08039410412311554 18240000
1733243289374 0.0608392208814621 18284544
1733243323865 0.062459662556648254 18317312
1733243359018 0.06905955076217651 18350080
1733243395812 0.09533288329839706 18382848
1733243431353 0.07539434731006622 18400000
1733243473825 0.08214765042066574 18448384
1733243508543 0.05656318739056587 18481152
1733243543491 0.07520399987697601 18513920
1733243579831 0.09752828627824783 18546688
1733243613613 0.061646778136491776 18560000
1733243656364 0.08940959721803665 18612224
1733243691079 0.0698750764131546 18644992
1733243725479 0.08747716248035431 18677760
1733243761400 0.04998040571808815 18710528
1733243794354 0.09735696017742157 18720000
1733243838095 0.08598282933235168 18776064
1733243874884 0.07575376331806183 18808832
1733243908059 0.0685110092163086 18841600
1733243943565 0.06930264830589294 18874368
1733243976112 0.06106533110141754 18880000
1733244020669 0.053080834448337555 18939904
1733244057482 0.07214146852493286 18972672
1733244091732 0.07209359109401703 19005440
1733244126587 0.09463915973901749 19038208
1733244158794 0.07392853498458862 19040000
1733244204407 0.094994455575943 19103744
1733244240955 0.05249428004026413 19136512
1733244276402 0.09608878940343857 19169280
1733244318437 0.1004006564617157 19200000
1733244354897 0.10411147028207779 19234816
1733244389178 0.06068888306617737 19267584
1733244424743 0.08232374489307404 19300352
1733244459343 0.056956104934215546 19333120
1733244499149 0.06986844539642334 19360000
1733244538563 0.0690399706363678 19398656
1733244572443 0.06661438941955566 19431424
1733244608928 0.08186182379722595 19464192
1733244645115 0.061713382601737976 19496960
1733244683911 0.07950284332036972 19520000
1733244723750 0.07996112108230591 19562496
1733244758389 0.0905657410621643 19595264
1733244793844 0.07526937127113342 19628032
1733244830677 0.09405162930488586 19660800
1733244866785 0.09857674688100815 19680000
1733244908049 0.07416138797998428 19726336
1733244942567 0.08848194032907486 19759104
1733244977426 0.08720200508832932 19791872
1733245014643 0.10715095698833466 19824640
1733245050951 0.06496526300907135 19840000
1733245093693 0.08286641538143158 19890176
1733245128916 0.07949796319007874 19922944
1733245162782 0.0690269023180008 19955712
1733245199022 0.07785995304584503 19988480
1733245232796 0.07785885035991669 20000000
1733245275766 0.08810147643089294 20054016
1733245312057 0.06802396476268768 20086784
1733245346429 0.049973174929618835 20119552
1733245382560 0.07345278561115265 20152320
1733245415256 0.08278827369213104 20160000
1733245458530 0.092893086373806 20217856
1733245495861 0.05826713889837265 20250624
1733245529785 0.08622844517230988 20283392
1733245565366 0.09040019661188126 20316160
1733245597466 0.07663819938898087 20320000
1733245642480 0.09155082702636719 20381696
1733245679535 0.0923067033290863 20414464
1733245714591 0.06205432116985321 20447232
1733245757128 0.0905928686261177 20480000
1733245793338 0.0871909111738205 20512768
1733245827585 0.07401542365550995 20545536
1733245864331 0.0780142992734909 20578304
1733245899013 0.0900336429476738 20611072
1733245940209 0.06829126179218292 20640000
1733245978931 0.07051979750394821 20676608
1733246012713 0.07454043626785278 20709376
1733246048461 0.0666113793849945 20742144
1733246083251 0.10178390145301819 20774912
1733246122524 0.0683017373085022 20800000
1733246161504 0.09405825287103653 20840448
1733246196003 0.06134013831615448 20873216
1733246231543 0.08126717805862427 20905984
1733246267325 0.06976506114006042 20938752
1733246305189 0.08503102511167526 20960000
1733246346036 0.08487792313098907 21004288
1733246380504 0.07218295335769653 21037056
1733246415783 0.075576052069664 21069824
1733246452467 0.09573893249034882 21102592
1733246487688 0.08203022181987762 21120000
1733246529009 0.08522012084722519 21168128
1733246563785 0.08325730264186859 21200896
1733246598369 0.07287067174911499 21233664
1733246634821 0.08949047327041626 21266432
1733246668587 0.08644293248653412 21280000
1733246711071 0.08405963331460953 21331968
1733246747494 0.09268900752067566 21364736
1733246782159 0.08811779320240021 21397504
1733246819148 0.07100561261177063 21430272
1733246852231 0.07243131846189499 21440000
1733246896262 0.08767013251781464 21495808
1733246933074 0.09610804915428162 21528576
1733246967165 0.07069511711597443 21561344
1733247003237 0.06994304805994034 21594112
1733247035942 0.08103757351636887 21600000
1733247080271 0.07345391809940338 21659648
1733247116396 0.07107111811637878 21692416
1733247151070 0.09241587668657303 21725184
1733247186610 0.08222237974405289 21757952
1733247218820 0.09764883667230606 21760000
1733247263887 0.0870942622423172 21823488
1733247300145 0.09244278073310852 21856256
1733247334534 0.08660440146923065 21889024
1733247376755 0.07413102686405182 21920000
1733247413334 0.10085900127887726 21954560
1733247447227 0.08799311518669128 21987328
1733247484174 0.09227387607097626 22020096
1733247518673 0.08410350978374481 22052864
1733247558345 0.07003646343946457 22080000
1733247598250 0.1009899377822876 22118400
1733247632065 0.09035460650920868 22151168
1733247668037 0.09275572001934052 22183936
1733247704286 0.08014523983001709 22216704
1733247743750 0.09485653042793274 22240000
1733247783956 0.07668512314558029 22282240
1733247818314 0.08505396544933319 22315008
1733247854052 0.08217953145503998 22347776
1733247890112 0.10716427862644196 22380544
1733247927423 0.06775803118944168 22400000
1733247969452 0.09629824757575989 22446080
1733248003590 0.0883677750825882 22478848
1733248038943 0.07678727060556412 22511616
1733248076133 0.06845518946647644 22544384
1733248111045 0.08133773505687714 22560000
1733248154316 0.09914816915988922 22609920
1733248188834 0.10108278691768646 22642688
1733248224033 0.07494999468326569 22675456
1733248260311 0.07611699402332306 22708224
1733248294022 0.08376601338386536 22720000
1733248338047 0.09350898861885071 22773760
1733248372636 0.08108539879322052 22806528
1733248407593 0.08267886936664581 22839296
1733248443783 0.08510906994342804 22872064
1733248476714 0.07680390775203705 22880000
1733248521916 0.07871316373348236 22937600
1733248557709 0.08467632532119751 22970368
1733248592363 0.08796653151512146 23003136
1733248628694 0.08381311595439911 23035904
1733248660082 0.09122622758150101 23040000
1733248705383 0.08439379930496216 23101440
1733248741923 0.09321137517690659 23134208
1733248775394 0.09075092524290085 23166976
1733248811919 0.05793508142232895 23199744
1733248842668 0.0795353427529335 23200000
1733248889522 0.05344845727086067 23265280
1733248926112 0.08870996534824371 23298048
1733248960135 0.09076640009880066 23330816
1733249002057 0.09136481583118439 23360000
1733249038051 0.07630498707294464 23396352
1733249072869 0.06884262710809708 23429120
1733249109417 0.06997507810592651 23461888
1733249143582 0.07148423045873642 23494656
1733249183137 0.09201693534851074 23520000
1733249221594 0.0648118257522583 23560192
1733249256051 0.0689246654510498 23592960
1733249292040 0.07969705015420914 23625728
1733249326905 0.08474549651145935 23658496
1733249365428 0.06475646793842316 23680000
1733249406217 0.09554934501647949 23724032
1733249440414 0.09629656374454498 23756800
1733249476187 0.09831662476062775 23789568
1733249510653 0.08757790923118591 23822336
1733249546438 0.09715144336223602 23840000
1733249589894 0.0824195146560669 23887872
1733249624041 0.08499236404895782 23920640
1733249659587 0.10952719300985336 23953408
1733249695993 0.10087460279464722 23986176
1733249729925 0.08022359013557434 24000000
1733249774020 0.08029761165380478 24051712
1733249808519 0.07498657703399658 24084480
1733249843484 0.09577080607414246 24117248
1733249880149 0.09147012233734131 24150016
1733249913398 0.08916359394788742 24160000
1733249958761 0.12196841090917587 24215552
1733249993493 0.055909059941768646 24248320
1733250028468 0.09996575117111206 24281088
1733250065093 0.06419551372528076 24313856
1733250096557 0.06974826008081436 24320000
1733250142848 0.09735922515392303 24379392
1733250177476 0.10300949215888977 24412160
1733250212658 0.09392394870519638 24444928
1733250249522 0.06759771704673767 24477696
1733250279613 0.07735662907361984 24480000
1733250326340 0.076804980635643 24543232
1733250361390 0.09012328088283539 24576000
1733250396361 0.06248432397842407 24608768
1733250441471 0.06504987180233002 24640000
1733250476573 0.09606501460075378 24674304
1733250512765 0.07441531121730804 24707072
1733250548384 0.0695476233959198 24739840
1733250583070 0.086524099111557 24772608
1733250625918 0.080347441136837 24800000
1733250663422 0.08117451518774033 24838144
1733250699195 0.07754102349281311 24870912
1733250734928 0.07576499879360199 24903680
1733250769203 0.07996641844511032 24936448
1733250809857 0.07509079575538635 24960000
1733250848831 0.08834208548069 25001984
1733250884066 0.07709014415740967 25034752
1733250920925 0.06621074676513672 25067520
1733250955038 0.07442310452461243 25100288
1733250993917 0.06126059591770172 25120000
1733251034431 0.0842873752117157 25165824
1733251069414 0.0632777065038681 25198592
1733251106748 0.053214382380247116 25231360
1733251140620 0.09834624081850052 25264128
1733251178363 0.07813210785388947 25280000
1733251220622 0.057539645582437515 25329664
1733251255387 0.07875591516494751 25362432
1733251292214 0.08863440155982971 25395200
1733251327654 0.06899644434452057 25427968
1733251362831 0.06781993061304092 25440000
1733251406756 0.07076244801282883 25493504
1733251441813 0.05994471162557602 25526272
1733251478757 0.09136505424976349 25559040
1733251513876 0.06142328307032585 25591808
1733251547472 0.08785883337259293 25600000
1733251592048 0.09901070594787598 25657344
1733251628419 0.10913872718811035 25690112
1733251662572 0.08416622877120972 25722880
1733251698447 0.08063516020774841 25755648
1733251729649 0.088698610663414 25760000
1733251775931 0.10115716606378555 25821184
1733251810507 0.042341507971286774 25853952
1733251845572 0.09503493458032608 25886720
1733251880790 0.08672422170639038 25919488
1733251911711 0.0853419154882431 25920000
1733251958485 0.08059568703174591 25985024
1733251992734 0.08994000405073166 26017792
1733252028178 0.0912613719701767 26050560
1733252068947 0.0888296514749527 26080000
1733252106765 0.1064528077840805 26116096
1733252141224 0.08863746374845505 26148864
1733252176687 0.08634056150913239 26181632
1733252210722 0.06412522494792938 26214400
1733252252081 0.08835916221141815 26240000
1733252289432 0.07999078929424286 26279936
1733252325929 0.10044921934604645 26312704
1733252359838 0.08690629154443741 26345472
1733252396076 0.09408819675445557 26378240
1733252433523 0.09520680457353592 26400000
1733252473795 0.11246173828840256 26443776
1733252508491 0.0452602244913578 26476544
1733252543858 0.11203791201114655 26509312
1733252578529 0.09435874968767166 26542080
1733252615814 0.07823203504085541 26560000
1733252655869 0.08554830402135849 26607616
1733252690788 0.09192685782909393 26640384
1733252725920 0.05740957334637642 26673152
1733252760642 0.08137770742177963 26705920
1733252795855 0.08753649890422821 26720000
1733252837744 0.09568416327238083 26771456
1733252873301 0.10230376571416855 26804224
1733252907801 0.0943470224738121 26836992
1733252942973 0.07917121797800064 26869760
1733252976256 0.08289726078510284 26880000
1733253020484 0.10108853131532669 26935296
1733253054723 0.0742001160979271 26968064
1733253090238 0.09188371151685715 27000832
1733253124920 0.08540939539670944 27033600
1733253157686 0.08620808273553848 27040000
1733253202821 0.09233659505844116 27099136
1733253238555 0.06727640330791473 27131904
1733253273116 0.0852864533662796 27164672
1733253309219 0.06548076868057251 27197440
1733253339243 0.07468579709529877 27200000
1733253386082 0.07911142706871033 27262976
1733253420640 0.06687431037425995 27295744
1733253456820 0.09712620079517365 27328512
1733253497957 0.08601263165473938 27360000
1733253534196 0.08583513647317886 27394048
1733253568737 0.08481710404157639 27426816
1733253603871 0.08863566815853119 27459584
1733253638520 0.08690064400434494 27492352
1733253679406 0.08852720260620117 27520000
1733253716173 0.09902926534414291 27557888
1733253750769 0.08952732384204865 27590656
1733253786167 0.07312916964292526 27623424
1733253820957 0.07877914607524872 27656192
1733253859700 0.07941941916942596 27680000
1733253898165 0.08922643959522247 27721728
1733253933394 0.08813798427581787 27754496
1733253967876 0.10142269730567932 27787264
1733254003300 0.081361785531044 27820032
1733254040138 0.09829343110322952 27840000
1733254080281 0.08004321157932281 27885568
1733254114850 0.09414422512054443 27918336
1733254150890 0.11619818210601807 27951104
1733254185264 0.052929505705833435 27983872
1733254222237 0.08026023209095001 28000000
1733254263241 0.09849044680595398 28049408
1733254299553 0.10471785068511963 28082176
1733254334168 0.07795818150043488 28114944
1733254371123 0.070111945271492 28147712
1733254405235 0.068679079413414 28160000
1733254448714 0.06734049320220947 28213248
1733254483654 0.10436074435710907 28246016
1733254519347 0.08725649118423462 28278784
1733254554122 0.06660787761211395 28311552
1733254588650 0.08581534028053284 28320000
1733254632971 0.08821940422058105 28377088
1733254668093 0.0932231992483139 28409856
1733254703284 0.08665040135383606 28442624
1733254737844 0.0821601152420044 28475392
1733254769929 0.09588966518640518 28480000
1733254816585 0.08532033115625381 28540928
1733254852555 0.1053452268242836 28573696
1733254887145 0.1048780232667923 28606464
1733254922940 0.10047591477632523 28639232
1733254952638 0.07930116355419159 28640000
1733255000794 0.09710189700126648 28704768
1733255035101 0.16924507915973663 28737536
1733255071693 0.09523522853851318 28770304
1733255112487 0.09105054289102554 28800000
1733255149773 0.10938924551010132 28835840
1733255184457 0.0713529884815216 28868608
1733255220459 0.09164762496948242 28901376
1733255254847 0.09506621956825256 28934144
1733255295735 0.08553871512413025 28960000
1733255333207 0.08709841966629028 28999680
1733255367581 0.09952697902917862 29032448
1733255402496 0.09786847233772278 29065216
1733255437051 0.07933847606182098 29097984
1733255475324 0.09059636294841766 29120000
1733255514052 0.09508289396762848 29163520
1733255549857 0.08763206005096436 29196288
1733255584312 0.08828996121883392 29229056
1733255619947 0.11164319515228271 29261824
1733255656204 0.06317561864852905 29280000
1733255698345 0.07606559991836548 29327360
1733255732553 0.08011765033006668 29360128
1733255768567 0.07578340172767639 29392896
1733255803067 0.08784830570220947 29425664
1733255839679 0.077752485871315 29440000
1733255881302 0.08119790256023407 29491200
1733255917350 0.08322989195585251 29523968
1733255952025 0.10121145844459534 29556736
1733255987374 0.09083057940006256 29589504
1733256020711 0.07517357170581818 29600000
1733256065637 0.08737461268901825 29655040
1733256101266 0.08975028991699219 29687808
1733256135558 0.12059039622545242 29720576
1733256171324 0.07075788080692291 29753344
1733256203871 0.0844641923904419 29760000
1733256249947 0.09198306500911713 29818880
1733256284255 0.09458266943693161 29851648
1733256320647 0.06897568702697754 29884416
1733256354579 0.10327550768852234 29917184
1733256386245 0.0668175220489502 29920000
1733256433459 0.09758780896663666 29982720
1733256469201 0.08401361852884293 30015488
1733256503791 0.102627694606781 30048256
1733256546263 0.06502385437488556 30080000
1733256581907 0.10089719295501709 30113792
1733256617051 0.07370628416538239 30146560
1733256652522 0.054747574031353 30179328
1733256687094 0.06933923065662384 30212096
1733256729023 0.07519464194774628 30240000
1733256765963 0.09912057220935822 30277632
1733256803461 0.10086280107498169 30310400
1733256837398 0.0872839093208313 30343168
1733256873341 0.07344210147857666 30375936
1733256911156 0.08311723172664642 30400000
1733256950328 0.09867275506258011 30441472
1733256985201 0.10470667481422424 30474240
1733257020492 0.08131629228591919 30507008
1733257055043 0.09129253029823303 30539776
1733257092459 0.09133242815732956 30560000
1733257133506 0.10058917850255966 30605312
1733257167835 0.09166465699672699 30638080
1733257203115 0.06519874930381775 30670848
1733257237581 0.1005719006061554 30703616
1733257275212 0.09065383672714233 30720000
1733257316833 0.09273064136505127 30769152
1733257352555 0.09631873667240143 30801920
1733257386955 0.07947613298892975 30834688
1733257423571 0.08202537894248962 30867456
1733257458326 0.0881134644150734 30880000
1733257501098 0.08499465882778168 30932992
1733257535939 0.09103475511074066 30965760
1733257570545 0.08231741189956665 30998528
1733257605843 0.09589910507202148 31031296
1733257638976 0.06971405446529388 31040000
1733257683399 0.08382485806941986 31096832
1733257717247 0.07134637236595154 31129600
1733257752735 0.06759519875049591 31162368
1733257786962 0.08613511174917221 31195136
1733257819700 0.07150658965110779 31200000
1733257865596 0.07919953763484955 31260672
1733257901763 0.0682215690612793 31293440
1733257935982 0.052013467997312546 31326208
1733257971924 0.08866781741380692 31358976
1733258000974 0.07958817481994629 31360000
1733258048086 0.06638117134571075 31424512
1733258083257 0.08202020823955536 31457280
1733258117883 0.08433029055595398 31490048
1733258159075 0.0784577876329422 31520000
1733258195137 0.08920701593160629 31555584
1733258230153 0.08152803778648376 31588352
1733258265909 0.09060696512460709 31621120
1733258299774 0.1047227531671524 31653888
1733258341137 0.07933115214109421 31680000
1733258378417 0.09847932308912277 31719424
1733258414399 0.07742144167423248 31752192
1733258448894 0.10167224705219269 31784960
1733258484263 0.08915676176548004 31817728
1733258521716 0.07688096910715103 31840000
1733258560133 0.09405854344367981 31883264
1733258595015 0.09676185250282288 31916032
1733258629155 0.08765624463558197 31948800
1733258664666 0.08897755295038223 31981568
1733258700189 0.08704473078250885 32000000
1733258741701 0.07022248208522797 32047104
1733258775527 0.07522463798522949 32079872
1733258810381 0.07444992661476135 32112640
1733258844809 0.08920393884181976 32145408
1733258879636 0.09492278099060059 32160000
