1733223266260 0.214581298828125 65536
1733223300685 0.2409149169921875 98304
1733223335517 0.2567169189453125 131072
1733223372257 0.2749908447265625 160000
1733223407567 0.2823028564453125 196608
1733223441318 0.286102294921875 229376
1733223474839 0.30545654296875 262144
1733223509212 0.2783966064453125 294912
1733223545586 0.3246551513671875 320000
1733223581209 0.330462646484375 360448
1733223614464 0.3329010009765625 393216
1733223647591 0.3391143798828125 425984
1733223681572 0.3409942626953125 458752
1733223717468 0.3466705322265625 480000
1733223755102 0.3594940185546875 524288
1733223788834 0.358673095703125 557056
1733223822425 0.3639862060546875 589824
1733223855588 0.3737274169921875 622592
1733223890331 0.3734344482421875 640000
1733223929722 0.376104736328125 688128
1733223963393 0.3836669921875 720896
1733223997284 0.387713623046875 753664
1733224031107 0.3932220458984375 786432
1733224064632 0.393145751953125 800000
1733224104246 0.38365478515625 851968
1733224137045 0.3926025390625 884736
1733224169702 0.37935791015625 917504
1733224202768 0.36456298828125 950272
1733224234856 0.405517578125 960000
1733224275680 0.39232177734375 1015808
1733224308862 0.39189453125 1048576
1733224341751 0.396929931640625 1081344
1733224374964 0.413470458984375 1114112
1733224405917 0.4058868408203125 1120000
1733224447908 0.4101104736328125 1179648
1733224480091 0.4135650634765625 1212416
1733224513431 0.405511474609375 1245184
1733224546463 0.40947265625 1277952
1733224576029 0.41407470703125 1280000
1733224619943 0.411669921875 1343488
1733224653133 0.4054840087890625 1376256
1733224685841 0.41380615234375 1409024
1733224725127 0.4088043212890625 1440000
1733224759054 0.3841094970703125 1474560
1733224792112 0.393267822265625 1507328
1733224825302 0.41207275390625 1540096
1733224858493 0.399713134765625 1572864
1733224896354 0.4084503173828125 1600000
1733224931314 0.404656982421875 1638400
1733224964130 0.405841064453125 1671168
1733224997237 0.4019287109375 1703936
1733225030653 0.402801513671875 1736704
1733225067660 0.3983428955078125 1760000
1733225104175 0.3974334716796875 1802240
1733225137540 0.3743804931640625 1835008
1733225170836 0.4037689208984375 1867776
1733225204196 0.3933349609375 1900544
1733225239144 0.3968048095703125 1920000
1733225276792 0.401312255859375 1966080
1733225309696 0.3665130615234375 1998848
1733225343732 0.3989654541015625 2031616
1733225378259 0.3901702880859375 2064384
1733225412759 0.3773345947265625 2080000
1733225451851 0.3809326171875 2129920
1733225485175 0.376953125 2162688
1733225518368 0.3690582275390625 2195456
1733225551490 0.3897613525390625 2228224
1733225583916 0.3865875244140625 2240000
1733225625070 0.370501708984375 2293760
1733225658602 0.3649169921875 2326528
1733225691731 0.37974853515625 2359296
1733225724643 0.381878662109375 2392064
1733225756703 0.355157470703125 2400000
1733225798970 0.3660888671875 2457600
1733225832561 0.362811279296875 2490368
1733225865758 0.360565185546875 2523136
1733225898901 0.3654632568359375 2555904
1733225928973 0.348883056640625 2560000
1733225972988 0.3755950927734375 2621440
1733226006389 0.3632965087890625 2654208
1733226039305 0.3713043212890625 2686976
1733226072746 0.36453857421875 2719744
1733226101763 0.3540618896484375 2720000
1733226147182 0.36287841796875 2785280
1733226180643 0.366876220703125 2818048
1733226214352 0.3641632080078125 2850816
1733226253818 0.35181884765625 2880000
1733226288308 0.3483642578125 2916352
1733226321541 0.3560546875 2949120
1733226355199 0.3315887451171875 2981888
1733226388647 0.3624969482421875 3014656
1733226426417 0.3256744384765625 3040000
1733226462592 0.341741943359375 3080192
1733226496242 0.3555145263671875 3112960
1733226529656 0.3422119140625 3145728
1733226563040 0.3448516845703125 3178496
1733226599025 0.3261871337890625 3200000
1733226637010 0.3204437255859375 3244032
1733226670563 0.339337158203125 3276800
1733226704014 0.3381805419921875 3309568
1733226738132 0.3376708984375 3342336
1733226772774 0.3183990478515625 3360000
1733226812199 0.3215789794921875 3407872
1733226846098 0.32308349609375 3440640
1733226879621 0.347027587890625 3473408
1733226912950 0.3178253173828125 3506176
1733226947178 0.3255126953125 3520000
1733226988405 0.337274169921875 3571712
1733227021736 0.3294403076171875 3604480
1733227055211 0.3129974365234375 3637248
1733227088193 0.311749267578125 3670016
1733227120867 0.323150634765625 3680000
1733227163313 0.315411376953125 3735552
1733227196636 0.30694580078125 3768320
1733227229993 0.3086700439453125 3801088
1733227263994 0.31497802734375 3833856
1733227294652 0.3124908447265625 3840000
1733227338190 0.32845458984375 3899392
1733227371813 0.3069183349609375 3932160
1733227405649 0.2846954345703125 3964928
1733227439333 0.3266632080078125 3997696
1733227468598 0.28037109375 4000000
1733227512927 0.3406951904296875 4063232
1733227546433 0.3072967529296875 4096000
1733227580140 0.3082763671875 4128768
1733227620177 0.3170196533203125 4160000
1733227654610 0.3219085693359375 4194304
1733227688059 0.32352294921875 4227072
1733227721574 0.280963134765625 4259840
1733227755157 0.3131866455078125 4292608
1733227793413 0.310186767578125 4320000
1733227829598 0.2894012451171875 4358144
1733227863393 0.3047760009765625 4390912
1733227896858 0.3145355224609375 4423680
1733227930158 0.3069305419921875 4456448
1733227967229 0.29560546875 4480000
1733228003918 0.30234375 4521984
1733228037930 0.2833892822265625 4554752
1733228071957 0.287744140625 4587520
1733228105452 0.270819091796875 4620288
1733228141603 0.2790496826171875 4640000
1733228179480 0.294964599609375 4685824
1733228213276 0.2757171630859375 4718592
1733228246836 0.285479736328125 4751360
1733228280042 0.2900543212890625 4784128
1733228315117 0.25443115234375 4800000
1733228354772 0.2835601806640625 4849664
1733228388142 0.2902374267578125 4882432
1733228421595 0.2914276123046875 4915200
1733228455266 0.2986907958984375 4947968
1733228488343 0.278076171875 4960000
1733228529586 0.2710784912109375 5013504
1733228563159 0.2812164306640625 5046272
1733228596749 0.2712188720703125 5079040
1733228630431 0.2594635009765625 5111808
1733228662598 0.2953216552734375 5120000
1733228705516 0.2524932861328125 5177344
1733228738765 0.2416046142578125 5210112
1733228772107 0.291717529296875 5242880
1733228805664 0.2774658203125 5275648
1733228835716 0.2406494140625 5280000
1733228879413 0.2497833251953125 5341184
1733228912491 0.2494354248046875 5373952
1733228946057 0.2657501220703125 5406720
1733228980032 0.2449188232421875 5439488
1733229008962 0.257012939453125 5440000
1733229054736 0.27305908203125 5505024
1733229088796 0.28492431640625 5537792
1733229122303 0.26141357421875 5570560
1733229162000 0.270050048828125 5600000
1733229197939 0.24989013671875 5636096
1733229231696 0.252264404296875 5668864
1733229264926 0.267218017578125 5701632
1733229298767 0.2841583251953125 5734400
1733229336805 0.2813690185546875 5760000
1733229374237 0.247882080078125 5799936
1733229408642 0.266058349609375 5832704
1733229442092 0.2958770751953125 5865472
1733229475559 0.2880523681640625 5898240
1733229512374 0.2549102783203125 5920000
1733229549672 0.2617462158203125 5963776
1733229584267 0.27581787109375 5996544
1733229618561 0.250787353515625 6029312
1733229651777 0.266839599609375 6062080
1733229686936 0.2663360595703125 6080000
1733229725780 0.25980224609375 6127616
1733229759309 0.2588043212890625 6160384
1733229792947 0.2321746826171875 6193152
1733229826029 0.2715301513671875 6225920
1733229860010 0.219317626953125 6240000
1733229900649 0.25965576171875 6291456
1733229934397 0.262506103515625 6324224
1733229967640 0.2608917236328125 6356992
1733230000958 0.2772308349609375 6389760
1733230033457 0.25159912109375 6400000
1733230075570 0.2390228271484375 6455296
1733230108829 0.2802642822265625 6488064
1733230142629 0.2704864501953125 6520832
1733230176579 0.2762054443359375 6553600
1733230207957 0.275592041015625 6560000
1733230251752 0.2311431884765625 6619136
1733230285863 0.28814697265625 6651904
1733230321104 0.25570068359375 6684672
1733230354933 0.2302825927734375 6717440
1733230384722 0.237896728515625 6720000
1733230430381 0.2668853759765625 6782976
1733230465082 0.2438751220703125 6815744
1733230498961 0.231072998046875 6848512
1733230539353 0.2584808349609375 6880000
1733230574002 0.244561767578125 6914048
1733230607028 0.215350341796875 6946816
1733230641627 0.229638671875 6979584
1733230676739 0.2503021240234375 7012352
1733230715711 0.2243255615234375 7040000
1733230751585 0.245111083984375 7077888
1733230785806 0.2692474365234375 7110656
1733230819918 0.2250396728515625 7143424
1733230853439 0.247833251953125 7176192
1733230891011 0.281768798828125 7200000
1733230928910 0.269561767578125 7241728
1733230962672 0.264056396484375 7274496
1733230996364 0.2458465576171875 7307264
1733231030016 0.2519989013671875 7340032
1733231065360 0.2730682373046875 7360000
1733231103356 0.2430206298828125 7405568
1733231137617 0.2782623291015625 7438336
1733231171625 0.2660308837890625 7471104
1733231205608 0.2575439453125 7503872
1733231240868 0.291455078125 7520000
1733231284063 0.28343505859375 7569408
1733231318219 0.25762939453125 7602176
1733231353552 0.272161865234375 7634944
1733231387647 0.2725982666015625 7667712
1733231422525 0.2275299072265625 7680000
1733231467594 0.2679473876953125 7733248
1733231501848 0.274932861328125 7766016
1733231537018 0.249517822265625 7798784
1733231571061 0.2777587890625 7831552
1733231603384 0.211944580078125 7840000
1733231647979 0.2963104248046875 7897088
1733231682370 0.246551513671875 7929856
1733231717925 0.2418914794921875 7962624
1733231752366 0.21334228515625 7995392
1733231783633 0.2657684326171875 8000000
1733231828945 0.2644561767578125 8060928
1733231864380 0.28641357421875 8093696
1733231898994 0.2280670166015625 8126464
1733231932764 0.238702392578125 8159232
1733231963689 0.2349151611328125 8160000
1733232010375 0.2561981201171875 8224768
1733232045199 0.2727569580078125 8257536
1733232079360 0.243896484375 8290304
1733232120376 0.2676239013671875 8320000
1733232156239 0.28934326171875 8355840
1733232190856 0.2728057861328125 8388608
1733232226510 0.2360015869140625 8421376
1733232260719 0.2549163818359375 8454144
1733232300644 0.2726226806640625 8480000
1733232337578 0.272662353515625 8519680
1733232371488 0.224078369140625 8552448
1733232407644 0.2635894775390625 8585216
1733232441530 0.2215911865234375 8617984
1733232480331 0.2336181640625 8640000
1733232518590 0.22603759765625 8683520
1733232552078 0.2241485595703125 8716288
1733232588357 0.2133697509765625 8749056
1733232623790 0.2295318603515625 8781824
1733232663397 0.24578857421875 8800000
1733232704277 0.2665924072265625 8847360
1733232740706 0.229827880859375 8880128
1733232775285 0.256817626953125 8912896
1733232812041 0.2495025634765625 8945664
1733232847188 0.2744903564453125 8960000
1733232890930 0.2314727783203125 9011200
1733232925104 0.2168243408203125 9043968
1733232961902 0.2555572509765625 9076736
1733232996123 0.2090118408203125 9109504
1733233031644 0.243829345703125 9120000
1733233074783 0.2408172607421875 9175040
1733233110744 0.2712554931640625 9207808
1733233146196 0.232635498046875 9240576
1733233182050 0.262518310546875 9273344
1733233214917 0.247314453125 9280000
1733233260370 0.2658843994140625 9338880
1733233296053 0.2236663818359375 9371648
1733233330699 0.2145965576171875 9404416
1733233367004 0.210308837890625 9437184
1733233398787 0.2473724365234375 9440000
1733233446167 0.2414031982421875 9502720
1733233480482 0.200018310546875 9535488
1733233516766 0.2342437744140625 9568256
1733233557890 0.24132080078125 9600000
1733233595534 0.2370147705078125 9633792
1733233630086 0.232440185546875 9666560
1733233667919 0.2522491455078125 9699328
1733233702993 0.2331787109375 9732096
1733233745685 0.2399871826171875 9760000
1733233783249 0.2170654296875 9797632
1733233818846 0.2296234130859375 9830400
1733233853953 0.25308837890625 9863168
1733233889973 0.2539398193359375 9895936
1733233929332 0.2642333984375 9920000
1733233968179 0.22117919921875 9961472
1733234004000 0.24727783203125 9994240
1733234038640 0.2148651123046875 10027008
1733234074384 0.2319671630859375 10059776
1733234111809 0.2560699462890625 10080000
1733234153081 0.2657562255859375 10125312
1733234187539 0.24461669921875 10158080
1733234224162 0.23746337890625 10190848
1733234258336 0.25 10223616
1733234295501 0.2574798583984375 10240000
1733234337036 0.2794708251953125 10289152
1733234375943 0.232647705078125 10321920
1733234411050 0.22757568359375 10354688
1733234448362 0.231866455078125 10387456
1733234485712 0.2621734619140625 10400000
1733234528892 0.2508026123046875 10452992
1733234563505 0.2741119384765625 10485760
1733234598470 0.26458740234375 10518528
1733234632854 0.2724700927734375 10551296
1733234666782 0.2619842529296875 10560000
1733234711141 0.2829925537109375 10616832
1733234746479 0.241497802734375 10649600
1733234781069 0.2292083740234375 10682368
1733234817560 0.2029815673828125 10715136
1733234849681 0.244775390625 10720000
1733234896041 0.2668670654296875 10780672
1733234932560 0.2194091796875 10813440
1733234966135 0.26241455078125 10846208
1733235000128 0.2745025634765625 10878976
1733235030944 0.2496185302734375 10880000
1733235077645 0.2827056884765625 10944512
1733235113176 0.2779266357421875 10977280
1733235149251 0.27197265625 11010048
1733235191476 0.276800537109375 11040000
1733235228460 0.2663177490234375 11075584
1733235265192 0.2571563720703125 11108352
1733235302293 0.276458740234375 11141120
1733235341879 0.275323486328125 11173888
1733235380943 0.2714141845703125 11200000
1733235419998 0.274810791015625 11239424
1733235454164 0.2518768310546875 11272192
1733235488345 0.27789306640625 11304960
1733235523084 0.2775543212890625 11337728
1733235561858 0.2876953125 11360000
1733235603930 0.2823150634765625 11403264
1733235642574 0.2734893798828125 11436032
1733235679415 0.2866607666015625 11468800
1733235714770 0.25567626953125 11501568
1733235751563 0.26956787109375 11520000
1733235791806 0.252362060546875 11567104
1733235825629 0.2726104736328125 11599872
1733235861086 0.25382080078125 11632640
1733235895609 0.2401611328125 11665408
1733235930370 0.276531982421875 11680000
1733235973134 0.2675201416015625 11730944
1733236007642 0.2633758544921875 11763712
1733236043425 0.273663330078125 11796480
1733236077922 0.2418182373046875 11829248
1733236111838 0.2917327880859375 11840000
1733236154942 0.290118408203125 11894784
1733236188548 0.298675537109375 11927552
1733236224749 0.282470703125 11960320
1733236261912 0.2876678466796875 11993088
1733236297116 0.22479248046875 12000000
1733236341395 0.2176483154296875 12058624
1733236375944 0.264019775390625 12091392
1733236412009 0.284375 12124160
1733236445816 0.2972442626953125 12156928
1733236477651 0.271466064453125 12160000
1733236523014 0.26920166015625 12222464
1733236557325 0.28282470703125 12255232
1733236592489 0.271875 12288000
1733236634496 0.2059539794921875 12320000
1733236670244 0.2920166015625 12353536
1733236704409 0.2772247314453125 12386304
1733236738724 0.2270965576171875 12419072
1733236774020 0.242474365234375 12451840
1733236813910 0.241204833984375 12480000
1733236851362 0.2490386962890625 12517376
1733236885741 0.28189697265625 12550144
1733236921093 0.247967529296875 12582912
1733236956177 0.261041259765625 12615680
1733236994023 0.2979095458984375 12640000
1733237033687 0.2426513671875 12681216
1733237067323 0.253466796875 12713984
1733237103030 0.2333770751953125 12746752
1733237137459 0.253753662109375 12779520
1733237175230 0.26785888671875 12800000
1733237216715 0.2461761474609375 12845056
1733237250776 0.29473876953125 12877824
1733237286164 0.2279083251953125 12910592
1733237320810 0.25164794921875 12943360
1733237357781 0.265692138671875 12960000
1733237402371 0.2563079833984375 13008896
1733237436953 0.21748046875 13041664
1733237471959 0.208258056640625 13074432
1733237506553 0.2256134033203125 13107200
1733237540663 0.2243988037109375 13120000
1733237583221 0.2772735595703125 13172736
1733237617028 0.2656982421875 13205504
1733237652666 0.2179962158203125 13238272
1733237687176 0.2311004638671875 13271040
1733237720553 0.2738189697265625 13280000
1733237764306 0.277685546875 13336576
1733237798389 0.27398681640625 13369344
1733237833984 0.268798828125 13402112
1733237868776 0.2814605712890625 13434880
1733237901226 0.2083343505859375 13440000
1733237947086 0.263153076171875 13500416
1733237981648 0.251739501953125 13533184
1733238018298 0.258160400390625 13565952
1733238053863 0.2706207275390625 13598720
1733238085056 0.246484375 13600000
1733238133565 0.2750457763671875 13664256
1733238168653 0.2209686279296875 13697024
1733238204328 0.266192626953125 13729792
1733238244998 0.267388916015625 13760000
1733238280716 0.2540435791015625 13795328
1733238316587 0.241070556640625 13828096
1733238350942 0.2407135009765625 13860864
1733238387468 0.26583251953125 13893632
1733238427257 0.2223480224609375 13920000
1733238466439 0.2727630615234375 13959168
1733238502858 0.2241058349609375 13991936
1733238537589 0.246124267578125 14024704
1733238574256 0.287908935546875 14057472
1733238613115 0.2880706787109375 14080000
1733238652758 0.1818115234375 14123008
1733238688773 0.20540771484375 14155776
1733238723320 0.20311279296875 14188544
1733238758319 0.2387603759765625 14221312
1733238795734 0.234954833984375 14240000
1733238837172 0.2014190673828125 14286848
1733238873157 0.2365692138671875 14319616
1733238907127 0.2091522216796875 14352384
1733238942071 0.2549224853515625 14385152
1733238977361 0.2510589599609375 14400000
1733239019131 0.222552490234375 14450688
1733239055688 0.2563812255859375 14483456
1733239089217 0.24033203125 14516224
1733239124232 0.2179718017578125 14548992
1733239158309 0.2697113037109375 14560000
1733239202960 0.2601318359375 14614528
1733239238983 0.27647705078125 14647296
1733239273841 0.2484039306640625 14680064
1733239308647 0.26060791015625 14712832
1733239341562 0.245306396484375 14720000
1733239385835 0.2630279541015625 14778368
1733239421778 0.282525634765625 14811136
1733239455734 0.2616546630859375 14843904
1733239490328 0.260986328125 14876672
1733239521613 0.2629669189453125 14880000
1733239566875 0.2893463134765625 14942208
1733239602423 0.20216064453125 14974976
1733239635970 0.2018768310546875 15007744
1733239677611 0.3021575927734375 15040000
1733239712707 0.25810546875 15073280
1733239747356 0.2492584228515625 15106048
1733239783004 0.2413970947265625 15138816
1733239817591 0.2703216552734375 15171584
1733239857599 0.2708740234375 15200000
1733239894747 0.26724853515625 15237120
1733239928900 0.2550994873046875 15269888
1733239964344 0.2154083251953125 15302656
1733239998780 0.2211181640625 15335424
1733240038693 0.218798828125 15360000
1733240076826 0.2647308349609375 15400960
1733240110544 0.2108612060546875 15433728
1733240145934 0.2461273193359375 15466496
1733240180522 0.2442962646484375 15499264
1733240218935 0.293182373046875 15520000
1733240258874 0.2565399169921875 15564800
1733240292968 0.2508392333984375 15597568
1733240328201 0.2532623291015625 15630336
1733240362195 0.2276458740234375 15663104
1733240398467 0.2773681640625 15680000
1733240439132 0.2724212646484375 15728640
1733240472995 0.2584197998046875 15761408
1733240508339 0.286309814453125 15794176
1733240542580 0.2724334716796875 15826944
1733240578010 0.250262451171875 15840000
1733240620386 0.277911376953125 15892480
1733240654752 0.293792724609375 15925248
1733240689539 0.204632568359375 15958016
1733240723641 0.272821044921875 15990784
1733240757327 0.2404571533203125 16000000
1733240799678 0.239886474609375 16056320
1733240834637 0.277337646484375 16089088
1733240869805 0.2609283447265625 16121856
1733240904025 0.224407958984375 16154624
1733240937799 0.2706024169921875 16160000
1733240983068 0.3036956787109375 16220160
1733241017405 0.272161865234375 16252928
1733241052053 0.2948760986328125 16285696
1733241086510 0.265264892578125 16318464
1733241117898 0.2750885009765625 16320000
1733241165510 0.276055908203125 16384000
1733241200016 0.258685302734375 16416768
1733241234890 0.2443603515625 16449536
1733241275345 0.250335693359375 16480000
1733241311679 0.2534942626953125 16515072
1733241346424 0.2406951904296875 16547840
1733241380865 0.2596893310546875 16580608
1733241415626 0.2540740966796875 16613376
1733241454482 0.2738616943359375 16640000
1733241492762 0.270501708984375 16678912
1733241527486 0.26368408203125 16711680
1733241561624 0.2569580078125 16744448
1733241596719 0.286187744140625 16777216
1733241634289 0.286566162109375 16800000
1733241673878 0.2471405029296875 16842752
1733241708472 0.269708251953125 16875520
1733241743029 0.2626007080078125 16908288
1733241777761 0.2695068359375 16941056
1733241814209 0.2645233154296875 16960000
1733241855423 0.268914794921875 17006592
1733241889888 0.26328125 17039360
1733241924932 0.2735198974609375 17072128
1733241958906 0.2814300537109375 17104896
1733241993858 0.25830078125 17120000
1733242036810 0.2558197021484375 17170432
1733242071804 0.289691162109375 17203200
1733242106780 0.290521240234375 17235968
1733242143562 0.2720977783203125 17268736
1733242176736 0.2817657470703125 17280000
1733242220757 0.2628509521484375 17334272
1733242255671 0.2722503662109375 17367040
1733242290270 0.2816070556640625 17399808
1733242326776 0.2793975830078125 17432576
1733242359418 0.26455078125 17440000
1733242404047 0.2855621337890625 17498112
1733242440161 0.23631591796875 17530880
1733242474002 0.27706298828125 17563648
1733242510250 0.255389404296875 17596416
1733242541433 0.281121826171875 17600000
1733242586670 0.27269287109375 17661952
1733242623518 0.2758636474609375 17694720
1733242657327 0.272088623046875 17727488
1733242700162 0.2620452880859375 17760000
1733242735683 0.2892578125 17793024
1733242771085 0.263623046875 17825792
1733242807699 0.2874481201171875 17858560
1733242842422 0.2754791259765625 17891328
1733242883397 0.28197021484375 17920000
1733242921215 0.2822845458984375 17956864
1733242955416 0.26260986328125 17989632
1733242991873 0.2681488037109375 18022400
1733243026277 0.26593017578125 18055168
1733243065394 0.2578338623046875 18080000
1733243105622 0.308721923828125 18120704
1733243139539 0.26663818359375 18153472
1733243174912 0.2685302734375 18186240
1733243210436 0.179473876953125 18219008
1733243248179 0.2678253173828125 18240000
1733243289463 0.2254302978515625 18284544
1733243323883 0.2086212158203125 18317312
1733243359036 0.2428741455078125 18350080
1733243395833 0.269482421875 18382848
1733243431395 0.2520477294921875 18400000
1733243473846 0.280291748046875 18448384
1733243508605 0.2210723876953125 18481152
1733243543509 0.2655181884765625 18513920
1733243579857 0.262933349609375 18546688
1733243613680 0.2183135986328125 18560000
1733243656385 0.2797637939453125 18612224
1733243691108 0.2469573974609375 18644992
1733243725490 0.2726226806640625 18677760
1733243761414 0.2154998779296875 18710528
1733243794379 0.296319580078125 18720000
1733243838109 0.2586761474609375 18776064
1733243874898 0.260687255859375 18808832
1733243908084 0.2469635009765625 18841600
1733243943579 0.242529296875 18874368
1733243976162 0.2113037109375 18880000
1733244020691 0.2090118408203125 18939904
1733244057563 0.24044189453125 18972672
1733244091745 0.2302032470703125 19005440
1733244126602 0.2714447021484375 19038208
1733244158827 0.2255859375 19040000
1733244204422 0.28792724609375 19103744
1733244241112 0.19769287109375 19136512
1733244276418 0.287261962890625 19169280
1733244318482 0.287078857421875 19200000
1733244354922 0.287432861328125 19234816
1733244389195 0.2373046875 19267584
1733244424760 0.2714202880859375 19300352
1733244459393 0.2035736083984375 19333120
1733244499197 0.2442840576171875 19360000
1733244538614 0.2413543701171875 19398656
1733244572461 0.247381591796875 19431424
1733244608962 0.268450927734375 19464192
1733244645171 0.224853515625 19496960
1733244683931 0.2463836669921875 19520000
1733244723793 0.242779541015625 19562496
1733244758451 0.280657958984375 19595264
1733244793869 0.236090087890625 19628032
1733244830730 0.2733367919921875 19660800
1733244866803 0.299395751953125 19680000
1733244908066 0.245330810546875 19726336
1733244942589 0.2617828369140625 19759104
1733244977447 0.268524169921875 19791872
1733245014769 0.2665252685546875 19824640
1733245051018 0.2399078369140625 19840000
1733245093744 0.2542816162109375 19890176
1733245128929 0.2712310791015625 19922944
1733245162817 0.2440277099609375 19955712
1733245199043 0.2392120361328125 19988480
1733245232853 0.2645416259765625 20000000
1733245275787 0.2769256591796875 20054016
1733245312078 0.239447021484375 20086784
1733245346444 0.190869140625 20119552
1733245382575 0.2551513671875 20152320
1733245415306 0.242449951171875 20160000
1733245458545 0.2661407470703125 20217856
1733245495910 0.1981353759765625 20250624
1733245529800 0.2801971435546875 20283392
1733245565382 0.2700592041015625 20316160
1733245597540 0.254083251953125 20320000
1733245642502 0.2582855224609375 20381696
1733245679667 0.28525390625 20414464
1733245714613 0.2197235107421875 20447232
1733245757195 0.26619873046875 20480000
1733245793357 0.271142578125 20512768
1733245827601 0.24305419921875 20545536
1733245864382 0.2674652099609375 20578304
1733245899075 0.255194091796875 20611072
1733245940277 0.23681640625 20640000
1733245978947 0.2394683837890625 20676608
1733246012765 0.2561187744140625 20709376
1733246048480 0.2291229248046875 20742144
1733246083289 0.2784820556640625 20774912
1733246122572 0.2374969482421875 20800000
1733246161532 0.268304443359375 20840448
1733246196019 0.2459228515625 20873216
1733246231588 0.273016357421875 20905984
1733246267340 0.224920654296875 20938752
1733246305208 0.2671417236328125 20960000
1733246346097 0.2732086181640625 21004288
1733246380582 0.2658782958984375 21037056
1733246415799 0.2450469970703125 21069824
1733246452483 0.268280029296875 21102592
1733246487712 0.2583404541015625 21120000
1733246529028 0.2648040771484375 21168128
1733246563835 0.262237548828125 21200896
1733246598470 0.255364990234375 21233664
1733246634840 0.262322998046875 21266432
1733246668664 0.2610076904296875 21280000
1733246711127 0.2607696533203125 21331968
1733246747509 0.279638671875 21364736
1733246782333 0.275531005859375 21397504
1733246819163 0.251416015625 21430272
1733246852320 0.265338134765625 21440000
1733246896295 0.269879150390625 21495808
1733246933090 0.2751068115234375 21528576
1733246967213 0.2520843505859375 21561344
1733247003254 0.234332275390625 21594112
1733247036002 0.2583892822265625 21600000
1733247080290 0.2619720458984375 21659648
1733247116413 0.2329376220703125 21692416
1733247151091 0.2976837158203125 21725184
1733247186631 0.2637603759765625 21757952
1733247218855 0.27945556640625 21760000
1733247263930 0.263330078125 21823488
1733247300184 0.2784423828125 21856256
1733247334548 0.2642578125 21889024
1733247376804 0.247015380859375 21920000
1733247413393 0.30194091796875 21954560
1733247447246 0.275054931640625 21987328
1733247484194 0.2623931884765625 22020096
1733247518687 0.2467742919921875 22052864
1733247558394 0.254541015625 22080000
1733247598265 0.2726593017578125 22118400
1733247632086 0.278582763671875 22151168
1733247668100 0.2630645751953125 22183936
1733247704442 0.2743438720703125 22216704
1733247743804 0.2744049072265625 22240000
1733247784028 0.25655517578125 22282240
1733247818375 0.2734771728515625 22315008
1733247854089 0.263140869140625 22347776
1733247890163 0.275079345703125 22380544
1733247927465 0.233905029296875 22400000
1733247969490 0.279827880859375 22446080
1733248003646 0.2631195068359375 22478848
1733248038988 0.2660858154296875 22511616
1733248076186 0.2315032958984375 22544384
1733248111101 0.2648773193359375 22560000
1733248154372 0.2824676513671875 22609920
1733248188895 0.2840057373046875 22642688
1733248224086 0.24542236328125 22675456
1733248260343 0.257684326171875 22708224
1733248294050 0.2666168212890625 22720000
1733248338116 0.2843963623046875 22773760
1733248372671 0.2616241455078125 22806528
1733248407649 0.2621673583984375 22839296
1733248443835 0.273291015625 22872064
1733248476726 0.2523223876953125 22880000
1733248521960 0.254779052734375 22937600
1733248557758 0.2580535888671875 22970368
1733248592424 0.268780517578125 23003136
1733248628783 0.26441650390625 23035904
1733248660157 0.2644744873046875 23040000
1733248705450 0.272991943359375 23101440
1733248741982 0.2632476806640625 23134208
1733248775426 0.2710357666015625 23166976
1733248811979 0.2159576416015625 23199744
1733248842690 0.2544921875 23200000
1733248889566 0.1857147216796875 23265280
1733248926172 0.27266845703125 23298048
1733248960148 0.2483184814453125 23330816
1733249002117 0.25985107421875 23360000
1733249038076 0.2657257080078125 23396352
1733249072887 0.2394561767578125 23429120
1733249109558 0.2415679931640625 23461888
1733249143605 0.2440521240234375 23494656
1733249183220 0.260760498046875 23520000
1733249221608 0.2369476318359375 23560192
1733249256096 0.2474273681640625 23592960
1733249292103 0.260821533203125 23625728
1733249326961 0.2677703857421875 23658496
1733249365483 0.22847900390625 23680000
1733249406272 0.273712158203125 23724032
1733249440438 0.273876953125 23756800
1733249476203 0.267724609375 23789568
1733249510684 0.261004638671875 23822336
1733249546501 0.2862823486328125 23840000
1733249589961 0.256011962890625 23887872
1733249624093 0.2640777587890625 23920640
1733249659641 0.2756072998046875 23953408
1733249696078 0.282794189453125 23986176
1733249729989 0.24730224609375 24000000
1733249774044 0.268701171875 24051712
1733249808534 0.2469482421875 24084480
1733249843516 0.2824249267578125 24117248
1733249880210 0.273297119140625 24150016
1733249913476 0.2647735595703125 24160000
1733249958868 0.2802947998046875 24215552
1733249993542 0.2028961181640625 24248320
1733250028522 0.2723907470703125 24281088
1733250065148 0.231280517578125 24313856
1733250096580 0.2374969482421875 24320000
1733250142882 0.2870880126953125 24379392
1733250177561 0.259857177734375 24412160
1733250212703 0.27659912109375 24444928
1733250249603 0.230340576171875 24477696
1733250279636 0.2274383544921875 24480000
1733250326379 0.2481719970703125 24543232
1733250361434 0.27166748046875 24576000
1733250396385 0.2330902099609375 24608768
1733250441514 0.2240203857421875 24640000
1733250476657 0.2673583984375 24674304
1733250512847 0.2371734619140625 24707072
1733250548401 0.232147216796875 24739840
1733250583123 0.257440185546875 24772608
1733250625979 0.267095947265625 24800000
1733250663515 0.2742095947265625 24838144
1733250699218 0.25289306640625 24870912
1733250735033 0.2454345703125 24903680
1733250769271 0.2584014892578125 24936448
1733250809941 0.2519775390625 24960000
1733250848909 0.25760498046875 25001984
1733250884132 0.2487884521484375 25034752
1733250921027 0.223406982421875 25067520
1733250955105 0.2537567138671875 25100288
1733250993944 0.2099365234375 25120000
1733251034510 0.2797393798828125 25165824
1733251069465 0.2178497314453125 25198592
1733251106794 0.2093719482421875 25231360
1733251140666 0.2689117431640625 25264128
1733251178422 0.23465576171875 25280000
1733251220682 0.211932373046875 25329664
1733251255432 0.263427734375 25362432
1733251292387 0.272918701171875 25395200
1733251327706 0.2439117431640625 25427968
1733251362904 0.252691650390625 25440000
1733251406865 0.249072265625 25493504
1733251441841 0.2139495849609375 25526272
1733251478863 0.2773101806640625 25559040
1733251513901 0.223602294921875 25591808
1733251547499 0.272601318359375 25600000
1733251592144 0.2813507080078125 25657344
1733251628499 0.2697662353515625 25690112
1733251662609 0.25341796875 25722880
1733251698477 0.232635498046875 25755648
1733251729719 0.257379150390625 25760000
1733251775963 0.260693359375 25821184
1733251810582 0.1694122314453125 25853952
1733251845648 0.2688629150390625 25886720
1733251880818 0.2643585205078125 25919488
1733251911767 0.277587890625 25920000
1733251958527 0.2527801513671875 25985024
1733251992777 0.2596954345703125 26017792
1733252028232 0.27303466796875 26050560
1733252069019 0.272833251953125 26080000
1733252106787 0.2677001953125 26116096
1733252141243 0.2703277587890625 26148864
1733252176708 0.259771728515625 26181632
1733252210748 0.205377197265625 26214400
1733252252147 0.273809814453125 26240000
1733252289458 0.2402618408203125 26279936
1733252325947 0.276116943359375 26312704
1733252359862 0.270306396484375 26345472
1733252396115 0.2599639892578125 26378240
1733252433598 0.26201171875 26400000
1733252473820 0.2966705322265625 26443776
1733252508506 0.1633056640625 26476544
1733252543891 0.306787109375 26509312
1733252578589 0.2530609130859375 26542080
1733252615888 0.254364013671875 26560000
1733252655892 0.249853515625 26607616
1733252690849 0.266943359375 26640384
1733252725979 0.2035064697265625 26673152
1733252760668 0.236676025390625 26705920
1733252795876 0.2611663818359375 26720000
1733252837769 0.2695587158203125 26771456
1733252873336 0.271856689453125 26804224
1733252907862 0.2691070556640625 26836992
1733252943032 0.2465118408203125 26869760
1733252976319 0.2740478515625 26880000
1733253020526 0.274334716796875 26935296
1733253054748 0.2597900390625 26968064
1733253090254 0.266082763671875 27000832
1733253124953 0.2621185302734375 27033600
1733253157769 0.244488525390625 27040000
1733253202846 0.2443939208984375 27099136
1733253238613 0.2341552734375 27131904
1733253273193 0.26363525390625 27164672
1733253309259 0.23548583984375 27197440
1733253339316 0.26578369140625 27200000
1733253386117 0.2447113037109375 27262976
1733253420693 0.240472412109375 27295744
1733253456838 0.273687744140625 27328512
1733253498059 0.26075439453125 27360000
1733253534215 0.2698028564453125 27394048
1733253568763 0.2732513427734375 27426816
1733253603894 0.25653076171875 27459584
1733253638551 0.2679168701171875 27492352
1733253679462 0.2705078125 27520000
1733253716211 0.2740234375 27557888
1733253750793 0.23990478515625 27590656
1733253786190 0.2312774658203125 27623424
1733253821014 0.235113525390625 27656192
1733253859748 0.2391265869140625 27680000
1733253898191 0.26260986328125 27721728
1733253933414 0.25999755859375 27754496
1733253967895 0.26956787109375 27787264
1733254003327 0.2653900146484375 27820032
1733254040211 0.26246337890625 27840000
1733254080312 0.261102294921875 27885568
1733254114868 0.273736572265625 27918336
1733254150924 0.2793304443359375 27951104
1733254185303 0.191583251953125 27983872
1733254222293 0.257183837890625 28000000
1733254263266 0.27891845703125 28049408
1733254299612 0.283575439453125 28082176
1733254334195 0.239801025390625 28114944
1733254371139 0.2472747802734375 28147712
1733254405309 0.241668701171875 28160000
1733254448736 0.2446807861328125 28213248
1733254483680 0.2581573486328125 28246016
1733254519393 0.2745269775390625 28278784
1733254554180 0.2369781494140625 28311552
1733254588724 0.261798095703125 28320000
1733254633037 0.25770263671875 28377088
1733254668141 0.274407958984375 28409856
1733254703299 0.2712158203125 28442624
1733254737917 0.26591796875 28475392
1733254769995 0.2682952880859375 28480000
1733254816676 0.268994140625 28540928
1733254852611 0.261865234375 28573696
1733254887174 0.2741363525390625 28606464
1733254922997 0.2842681884765625 28639232
1733254952725 0.271820068359375 28640000
1733255000854 0.2714508056640625 28704768
1733255035148 0.2734344482421875 28737536
1733255071755 0.2693511962890625 28770304
1733255112541 0.283441162109375 28800000
1733255149813 0.26673583984375 28835840
1733255184503 0.233648681640625 28868608
1733255220505 0.255487060546875 28901376
1733255254918 0.2673736572265625 28934144
1733255295792 0.26473388671875 28960000
1733255333243 0.260345458984375 28999680
1733255367616 0.2782958984375 29032448
1733255402522 0.2679718017578125 29065216
1733255437130 0.2464935302734375 29097984
1733255475369 0.254840087890625 29120000
1733255514107 0.2736968994140625 29163520
1733255549878 0.2756866455078125 29196288
1733255584371 0.2733673095703125 29229056
1733255619975 0.2673736572265625 29261824
1733255656289 0.219921875 29280000
1733255698410 0.2586395263671875 29327360
1733255732612 0.2590911865234375 29360128
1733255768589 0.2422210693359375 29392896
1733255803087 0.281353759765625 29425664
1733255839748 0.269525146484375 29440000
1733255881419 0.23818359375 29491200
1733255917410 0.2535919189453125 29523968
1733255952052 0.282244873046875 29556736
1733255987399 0.2633636474609375 29589504
1733256020858 0.2529693603515625 29600000
1733256065697 0.2518341064453125 29655040
1733256101324 0.2545501708984375 29687808
1733256135610 0.304779052734375 29720576
1733256171492 0.238739013671875 29753344
1733256203951 0.2608551025390625 29760000
1733256250007 0.267657470703125 29818880
1733256284298 0.2668212890625 29851648
1733256320681 0.2543365478515625 29884416
1733256354608 0.273358154296875 29917184
1733256386320 0.231536865234375 29920000
1733256433506 0.28187255859375 29982720
1733256469266 0.249615478515625 30015488
1733256503858 0.2760284423828125 30048256
1733256546309 0.2220947265625 30080000
1733256581982 0.29019775390625 30113792
1733256617113 0.2355010986328125 30146560
1733256652553 0.2042755126953125 30179328
1733256687118 0.2538116455078125 30212096
1733256729082 0.24063720703125 30240000
1733256766030 0.275494384765625 30277632
1733256803484 0.2793609619140625 30310400
1733256837423 0.2432403564453125 30343168
1733256873363 0.2414093017578125 30375936
1733256911221 0.247979736328125 30400000
1733256950349 0.2597747802734375 30441472
1733256985239 0.27379150390625 30474240
1733257020520 0.2569305419921875 30507008
1733257055067 0.2695648193359375 30539776
1733257092521 0.26116943359375 30560000
1733257133528 0.2699310302734375 30605312
1733257167859 0.2679107666015625 30638080
1733257203174 0.225408935546875 30670848
1733257237622 0.267034912109375 30703616
1733257275270 0.2740020751953125 30720000
1733257316857 0.26158447265625 30769152
1733257352588 0.264532470703125 30801920
1733257386976 0.263604736328125 30834688
1733257423619 0.273992919921875 30867456
1733257458385 0.2513031005859375 30880000
1733257501131 0.26322021484375 30932992
1733257535968 0.26568603515625 30965760
1733257570565 0.2525970458984375 30998528
1733257605920 0.261767578125 31031296
1733257639042 0.2283599853515625 31040000
1733257683421 0.2576446533203125 31096832
1733257717272 0.235699462890625 31129600
1733257752762 0.237347412109375 31162368
1733257786976 0.253289794921875 31195136
1733257819769 0.259423828125 31200000
1733257865620 0.24935302734375 31260672
1733257901792 0.207171630859375 31293440
1733257936007 0.1731964111328125 31326208
1733257971947 0.2508087158203125 31358976
1733258001033 0.2513397216796875 31360000
1733258048108 0.2183258056640625 31424512
1733258083326 0.239007568359375 31457280
1733258117904 0.2591644287109375 31490048
1733258159130 0.2520233154296875 31520000
1733258195156 0.2650054931640625 31555584
1733258230179 0.253289794921875 31588352
1733258265950 0.26923828125 31621120
1733258299823 0.2634002685546875 31653888
1733258341196 0.25631103515625 31680000
1733258378469 0.2708343505859375 31719424
1733258414442 0.2470123291015625 31752192
1733258448932 0.2770172119140625 31784960
1733258484288 0.27685546875 31817728
1733258521769 0.2553955078125 31840000
1733258560165 0.2724212646484375 31883264
1733258595101 0.2615447998046875 31916032
1733258629174 0.25482177734375 31948800
1733258664693 0.2721649169921875 31981568
1733258700245 0.2622314453125 32000000
1733258741720 0.2463226318359375 32047104
1733258775551 0.2549224853515625 32079872
1733258810399 0.242669677734375 32112640
1733258844833 0.2588287353515625 32145408
1733258879702 0.260748291015625 32160000
