1731660336141 0.019804151728749275 65536
1731660358811 0.02004137821495533 98304
1731660382851 0.019803237169981003 131072
1731660406587 0.020946713164448738 160000
1731660432066 0.020919010043144226 196608
1731660456423 0.02133912220597267 229376
1731660480657 0.021823786199092865 262144
1731660504710 0.022083042189478874 294912
1731660528024 0.022249821573495865 320000
1731660555182 0.022899139672517776 360448
1731660579121 0.02321533113718033 393216
1731660602606 0.023334601894021034 425984
1731660626346 0.023711208254098892 458752
1731660649877 0.02430708520114422 480000
1731660675611 0.024387899786233902 524288
1731660700257 0.024631960317492485 557056
1731660724022 0.0243523046374321 589824
1731660748297 0.024889353662729263 622592
1731660770650 0.025271212682127953 640000
1731660798528 0.026414697989821434 688128
1731660821875 0.025535669177770615 720896
1731660845959 0.02644069865345955 753664
1731660870201 0.02656007558107376 786432
1731660891932 0.027684537693858147 800000
1731660920353 0.027786148712038994 851968
1731660945615 0.02787969820201397 884736
1731660970229 0.02753463014960289 917504
1731660994566 0.02792269177734852 950272
1731661017006 0.027851194143295288 960000
1731661046451 0.029172668233513832 1015808
1731661071751 0.029318267479538918 1048576
1731661096991 0.028829723596572876 1081344
1731661128776 0.029421059414744377 1114112
1731661150405 0.030054884031414986 1120000
1731661186221 0.03095143474638462 1179648
1731661210546 0.02988232485949993 1212416
1731661241677 0.029977377504110336 1245184
1731661265358 0.03051036223769188 1277952
1731661285556 0.030756505206227303 1280000
1731661316765 0.031128590926527977 1343488
1731661348606 0.032003603875637054 1376256
1731661380861 0.03136153891682625 1409024
1731661412686 0.03148464113473892 1440000
1731661436964 0.03232906386256218 1474560
1731661460584 0.03266475349664688 1507328
1731661484463 0.032331496477127075 1540096
1731661507777 0.03262995555996895 1572864
1731661531706 0.03269629925489426 1600000
1731661562754 0.03456392511725426 1638400
1731661586248 0.03331403806805611 1671168
1731661609883 0.033761654049158096 1703936
1731661640324 0.03497662767767906 1736704
1731661664113 0.034701697528362274 1760000
1731661689700 0.03430798649787903 1802240
1731661713101 0.036116525530815125 1835008
1731661736718 0.036839090287685394 1867776
1731661759850 0.03649860993027687 1900544
1731661782826 0.03646538406610489 1920000
1731661808469 0.0369989387691021 1966080
1731661831890 0.03525456413626671 1998848
1731661862770 0.035950321704149246 2031616
1731661893529 0.03701438382267952 2064384
1731661915979 0.03705979138612747 2080000
1731661942944 0.0361991822719574 2129920
1731661967521 0.03720666468143463 2162688
1731661991215 0.03722289204597473 2195456
1731662021621 0.03795427829027176 2228224
1731662043559 0.03867519646883011 2240000
1731662072670 0.03816172853112221 2293760
1731662097925 0.03658538684248924 2326528
1731662123508 0.03862956166267395 2359296
1731662147459 0.03738319128751755 2392064
1731662168535 0.037574104964733124 2400000
1731662199038 0.03811579942703247 2457600
1731662230058 0.03823811560869217 2490368
1731662261048 0.037616096436977386 2523136
1731662285027 0.03686416894197464 2555904
1731662311664 0.037545233964920044 2560000
1731662348467 0.03576528653502464 2621440
1731662378319 0.03802639618515968 2654208
1731662401950 0.03852583467960358 2686976
1731662425506 0.037982091307640076 2719744
1731662451074 0.039542388170957565 2720000
1731662481694 0.037561044096946716 2785280
1731662506332 0.036293115466833115 2818048
1731662531510 0.03684345260262489 2850816
1731662556344 0.03850027918815613 2880000
1731662581939 0.0367802157998085 2916352
1731662606650 0.036161161959171295 2949120
1731662632177 0.03684233874082565 2981888
1731662656537 0.036880817264318466 3014656
1731662687119 0.038562625646591187 3040000
1731662713049 0.03720461204648018 3080192
1731662736876 0.037422724068164825 3112960
1731662760753 0.03834658861160278 3145728
1731662784979 0.035766277462244034 3178496
1731662808410 0.037872567772865295 3200000
1731662842371 0.038422878831624985 3244032
1731662867772 0.04062870144844055 3276800
1731662892312 0.03891723230481148 3309568
1731662916531 0.03901828080415726 3342336
1731662939327 0.03828958049416542 3360000
1731662973832 0.0397929921746254 3407872
1731662998418 0.03764166682958603 3440640
1731663029144 0.03843004256486893 3473408
1731663052903 0.040443163365125656 3506176
1731663074746 0.03941045701503754 3520000
1731663103532 0.040127091109752655 3571712
1731663128603 0.0380992591381073 3604480
1731663159054 0.04060504585504532 3637248
1731663183288 0.03855625167489052 3670016
1731663205491 0.039799802005290985 3680000
1731663241276 0.03926858678460121 3735552
1731663265497 0.04099809378385544 3768320
1731663289564 0.0433320477604866 3801088
1731663313956 0.040247417986392975 3833856
1731663334450 0.039438314735889435 3840000
1731663363951 0.0405874066054821 3899392
1731663388077 0.04148528724908829 3932160
1731663412015 0.04178581014275551 3964928
1731663436157 0.04252070188522339 3997696
1731663456146 0.039144180715084076 4000000
1731663486754 0.042778804898262024 4063232
1731663510900 0.03995271399617195 4096000
1731663534732 0.04376112297177315 4128768
1731663560128 0.04461760073900223 4160000
1731663585261 0.043440625071525574 4194304
1731663609396 0.04226656258106232 4227072
1731663634078 0.04286004602909088 4259840
1731663665666 0.04186555743217468 4292608
1731663690664 0.04327977076172829 4320000
1731663716334 0.042795393615961075 4358144
1731663741031 0.0409674197435379 4390912
1731663766186 0.04098452627658844 4423680
1731663790616 0.04199939966201782 4456448
1731663815928 0.0416436567902565 4480000
1731663842690 0.04296419769525528 4521984
1731663873106 0.04537959396839142 4554752
1731663897111 0.042118094861507416 4587520
1731663921425 0.04273369163274765 4620288
1731663945957 0.04533533751964569 4640000
1731663973010 0.0421186164021492 4685824
1731663996869 0.04294376075267792 4718592
1731664027645 0.04320075735449791 4751360
1731664051419 0.042843304574489594 4784128
1731664073816 0.043993983417749405 4800000
1731664103214 0.042041927576065063 4849664
1731664127202 0.043829742819070816 4882432
1731664151401 0.04420984536409378 4915200
1731664175950 0.043697889894247055 4947968
1731664198976 0.04532897472381592 4960000
1731664227295 0.04562082514166832 5013504
1731664257673 0.04620380699634552 5046272
1731664282177 0.04435735568404198 5079040
1731664307022 0.04117291793227196 5111808
1731664328162 0.043163418769836426 5120000
1731664357574 0.04267517477273941 5177344
1731664382023 0.043187178671360016 5210112
1731664412450 0.04290308058261871 5242880
1731664442864 0.046647101640701294 5275648
1731664463234 0.04048524796962738 5280000
1731664493224 0.044142816215753555 5341184
1731664516995 0.045983754098415375 5373952
1731664540632 0.04398966580629349 5406720
1731664563983 0.045105092227458954 5439488
1731664582793 0.043187323957681656 5440000
1731664612594 0.043920814990997314 5505024
1731664636062 0.043796125799417496 5537792
1731664659671 0.043199338018894196 5570560
1731664684140 0.04431992024183273 5600000
1731664708846 0.04506119340658188 5636096
1731664738875 0.04405434802174568 5668864
1731664762724 0.04350242018699646 5701632
1731664786218 0.04566780477762222 5734400
1731664810419 0.04562818631529808 5760000
1731664836929 0.045040372759103775 5799936
1731664862296 0.04461761564016342 5832704
1731664886387 0.04799562692642212 5865472
1731664910327 0.043725062161684036 5898240
1731664933585 0.0445529967546463 5920000
1731664961146 0.04328705370426178 5963776
1731664985175 0.046950601041316986 5996544
1731665008769 0.04254545643925667 6029312
1731665038929 0.04436599835753441 6062080
1731665062779 0.04579484462738037 6080000
1731665089671 0.04685617610812187 6127616
1731665112988 0.04428248107433319 6160384
1731665142588 0.04446638002991676 6193152
1731665166313 0.04424037039279938 6225920
1731665187908 0.046616677194833755 6240000
1731665221687 0.043978460133075714 6291456
1731665251474 0.043479159474372864 6324224
1731665281762 0.04400937259197235 6356992
1731665312439 0.04525276646018028 6389760
1731665333738 0.043894700706005096 6400000
1731665368536 0.04820055514574051 6455296
1731665391847 0.04610681161284447 6488064
1731665415143 0.04502202942967415 6520832
1731665438790 0.04573134332895279 6553600
1731665458775 0.045803047716617584 6560000
1731665487608 0.04762304201722145 6619136
1731665510952 0.043637990951538086 6651904
1731665534447 0.04792626202106476 6684672
1731665558370 0.04740799963474274 6717440
1731665577638 0.04903065785765648 6720000
1731665613244 0.044969476759433746 6782976
1731665644257 0.044449299573898315 6815744
1731665667405 0.04394885152578354 6848512
1731665692295 0.04355801269412041 6880000
1731665716473 0.04327544569969177 6914048
1731665746045 0.04569363221526146 6946816
1731665769285 0.04925268888473511 6979584
1731665792967 0.04412984848022461 7012352
1731665817024 0.047377750277519226 7040000
1731665841669 0.044432200491428375 7077888
1731665864887 0.04791625961661339 7110656
1731665888477 0.045662760734558105 7143424
1731665912351 0.04625478386878967 7176192
1731665936721 0.04630906879901886 7200000
1731665968872 0.045315057039260864 7241728
1731665998448 0.04478027671575546 7274496
1731666021876 0.04589148238301277 7307264
1731666045500 0.04393613338470459 7340032
1731666069122 0.04595540463924408 7360000
1731666095767 0.04609031230211258 7405568
1731666119639 0.044461678713560104 7438336
1731666143028 0.04704488813877106 7471104
1731666166409 0.04443919658660889 7503872
1731666188207 0.04458269849419594 7520000
1731666215369 0.04576147347688675 7569408
1731666238574 0.04478222876787186 7602176
1731666261846 0.04497310891747475 7634944
1731666285189 0.044776882976293564 7667712
1731666306591 0.04795986786484718 7680000
1731666334249 0.04772723466157913 7733248
1731666358000 0.04392624646425247 7766016
1731666387726 0.04919645935297012 7798784
1731666411200 0.04932068660855293 7831552
1731666431886 0.046048954129219055 7840000
1731666460669 0.04807978495955467 7897088
1731666484261 0.044026587158441544 7929856
1731666513605 0.04610075056552887 7962624
1731666536979 0.04654001072049141 7995392
1731666556870 0.045334432274103165 8000000
1731666592466 0.04831252247095108 8060928
1731666617419 0.045887477695941925 8093696
1731666640899 0.04633127152919769 8126464
1731666665232 0.04548922926187515 8159232
1731666684161 0.0457296147942543 8160000
1731666714018 0.04400801286101341 8224768
1731666737661 0.050034817308187485 8257536
1731666761104 0.04587460681796074 8290304
1731666785595 0.04396628215909004 8320000
1731666809622 0.04536701738834381 8355840
1731666832874 0.04957764595746994 8388608
1731666856659 0.0457293763756752 8421376
1731666880759 0.048336733132600784 8454144
1731666904542 0.047555021941661835 8480000
1731666930019 0.04765491560101509 8519680
1731666953892 0.047185949981212616 8552448
1731666977211 0.04627702385187149 8585216
1731667000379 0.04749496281147003 8617984
1731667023953 0.04907918721437454 8640000
1731667050049 0.044843025505542755 8683520
1731667074123 0.047871463000774384 8716288
1731667098537 0.045273926109075546 8749056
1731667124118 0.047693800181150436 8781824
1731667146600 0.04818103089928627 8800000
1731667173602 0.04590759053826332 8847360
1731667197858 0.04339224100112915 8880128
1731667227707 0.04638729989528656 8912896
1731667251020 0.04657064750790596 8945664
1731667272878 0.0446992851793766 8960000
1731667300231 0.04535751789808273 9011200
1731667323495 0.04933981969952583 9043968
1731667346885 0.04729892686009407 9076736
1731667370357 0.04459068179130554 9109504
1731667391509 0.048367567360401154 9120000
1731667420014 0.04672876000404358 9175040
1731667444221 0.049666404724121094 9207808
1731667467904 0.04527183994650841 9240576
1731667492495 0.043367914855480194 9273344
1731667512902 0.04944789409637451 9280000
1731667541973 0.04414363577961922 9338880
1731667565848 0.04619614779949188 9371648
1731667589505 0.050645552575588226 9404416
1731667619215 0.0448206327855587 9437184
1731667638490 0.04457689821720123 9440000
1731667669282 0.04852459579706192 9502720
1731667699176 0.04626284912228584 9535488
1731667722484 0.04805159196257591 9568256
1731667753889 0.0453881174325943 9600000
1731667777821 0.04835055395960808 9633792
1731667801460 0.043654363602399826 9666560
1731667825030 0.04505150765180588 9699328
1731667855086 0.0466686375439167 9732096
1731667879787 0.04908072575926781 9760000
1731667905246 0.045096416026353836 9797632
1731667928589 0.04661279916763306 9830400
1731667951872 0.044454723596572876 9863168
1731667981524 0.045726120471954346 9895936
1731668004685 0.05152381956577301 9920000
1731668030338 0.04649181291460991 9961472
1731668053931 0.04702410474419594 9994240
1731668077115 0.04698007553815842 10027008
1731668100116 0.04961618036031723 10059776
1731668122452 0.0484582893550396 10080000
1731668154883 0.04767452925443649 10125312
1731668178016 0.048640064895153046 10158080
1731668201325 0.049114957451820374 10190848
1731668225007 0.04628782346844673 10223616
1731668248086 0.04865653067827225 10240000
1731668276357 0.04683501645922661 10289152
1731668300628 0.050157949328422546 10321920
1731668324636 0.04644789546728134 10354688
1731668349272 0.04883451387286186 10387456
1731668376540 0.04509414732456207 10400000
1731668404447 0.04506949335336685 10452992
1731668427886 0.050860948860645294 10485760
1731668451551 0.046852558851242065 10518528
1731668481251 0.050008226186037064 10551296
1731668503948 0.044371575117111206 10560000
1731668539755 0.043489836156368256 10616832
1731668563245 0.052736733108758926 10649600
1731668587360 0.04449315369129181 10682368
1731668611631 0.04950989782810211 10715136
1731668637469 0.049491263926029205 10720000
1731668667035 0.047579411417245865 10780672
1731668691127 0.048212818801403046 10813440
1731668722542 0.04859820753335953 10846208
1731668753158 0.04760327562689781 10878976
1731668778684 0.04429138824343681 10880000
1731668810554 0.0457962304353714 10944512
1731668842486 0.046340733766555786 10977280
1731668867184 0.04725750908255577 11010048
1731668892681 0.046769365668296814 11040000
1731668918118 0.04855147749185562 11075584
1731668942323 0.04448767751455307 11108352
1731668966575 0.047414712607860565 11141120
1731668990234 0.050986986607313156 11173888
1731669021299 0.04673165827989578 11200000
1731669047494 0.046740904450416565 11239424
1731669071925 0.047947078943252563 11272192
1731669098137 0.0480504035949707 11304960
1731669123092 0.04743609577417374 11337728
1731669147591 0.04757309705018997 11360000
1731669175401 0.0490616038441658 11403264
1731669201793 0.04990898445248604 11436032
1731669232291 0.04392953962087631 11468800
1731669256800 0.04511138051748276 11501568
1731669280085 0.04642927646636963 11520000
1731669308112 0.04653794318437576 11567104
1731669332380 0.04901430755853653 11599872
1731669357344 0.05173356831073761 11632640
1731669382086 0.051424603909254074 11665408
1731669404323 0.0443524494767189 11680000
1731669433150 0.0482710599899292 11730944
1731669457230 0.049873244017362595 11763712
1731669487654 0.05275898426771164 11796480
1731669512658 0.04799586534500122 11829248
1731669536384 0.04750269651412964 11840000
1731669565589 0.046254441142082214 11894784
1731669589676 0.045923396944999695 11927552
1731669614283 0.04723019152879715 11960320
1731669638648 0.04843948036432266 11993088
1731669659374 0.04986078292131424 12000000
1731669695361 0.04916480928659439 12058624
1731669719813 0.050286900252103806 12091392
1731669744811 0.048534028232097626 12124160
1731669768903 0.04458526894450188 12156928
1731669789417 0.048037171363830566 12160000
1731669819828 0.05083098262548447 12222464
1731669844506 0.04753239452838898 12255232
1731669868991 0.050977788865566254 12288000
1731669895162 0.04926767572760582 12320000
1731669920301 0.04497821629047394 12353536
1731669950486 0.045218124985694885 12386304
1731669974584 0.05053064227104187 12419072
1731670005081 0.05354936048388481 12451840
1731670030119 0.051267631351947784 12480000
1731670055386 0.0472993329167366 12517376
1731670079447 0.047546226531267166 12550144
1731670103246 0.051006291061639786 12582912
1731670127705 0.04925200343132019 12615680
1731670151381 0.0478200688958168 12640000
1731670177849 0.04863240569829941 12681216
1731670201764 0.050463393330574036 12713984
1731670225585 0.04943925887346268 12746752
1731670249275 0.047113072127103806 12779520
1731670272684 0.048172131180763245 12800000
1731670299697 0.048366278409957886 12845056
1731670323539 0.04921749234199524 12877824
1731670347185 0.04703370854258537 12910592
1731670370482 0.04760589450597763 12943360
1731670392699 0.04613339900970459 12960000
1731670420365 0.052530258893966675 13008896
1731670444573 0.04597485065460205 13041664
1731670474293 0.046207185834646225 13074432
1731670498250 0.05265393853187561 13107200
1731670520527 0.04999815672636032 13120000
1731670548920 0.050513386726379395 13172736
1731670572794 0.05284716933965683 13205504
1731670602809 0.04922907054424286 13238272
1731670626586 0.052080877125263214 13271040
1731670647672 0.04719316214323044 13280000
1731670676587 0.04422042518854141 13336576
1731670701103 0.05230101943016052 13369344
1731670724757 0.04700743407011032 13402112
1731670754966 0.050587594509124756 13434880
1731670774917 0.049950167536735535 13440000
1731670805193 0.04841667413711548 13500416
1731670828647 0.04481937736272812 13533184
1731670852071 0.04683494567871094 13565952
1731670875464 0.04534231126308441 13598720
1731670894837 0.04842594265937805 13600000
1731670925572 0.04859699681401253 13664256
1731670949244 0.04972153156995773 13697024
1731670972701 0.05006618797779083 13729792
1731670997477 0.04715600609779358 13760000
1731671021872 0.04594900459051132 13795328
1731671045161 0.05193071439862251 13828096
1731671068855 0.048421986401081085 13860864
1731671092791 0.05175403878092766 13893632
1731671117016 0.048692114651203156 13920000
1731671141855 0.0488227903842926 13959168
1731671165477 0.050864942371845245 13991936
1731671189073 0.04723810404539108 14024704
1731671218762 0.04766339063644409 14057472
1731671242920 0.04673882946372032 14080000
1731671269202 0.04840358719229698 14123008
1731671292950 0.044722750782966614 14155776
1731671316844 0.04967784136533737 14188544
1731671346699 0.055633123964071274 14221312
1731671369157 0.05197899788618088 14240000
1731671402389 0.04646637663245201 14286848
1731671425992 0.048029154539108276 14319616
1731671449332 0.05206449329853058 14352384
1731671473111 0.05216620862483978 14385152
1731671494776 0.050877757370471954 14400000
1731671522361 0.04867035150527954 14450688
1731671545822 0.047826580703258514 14483456
1731671569245 0.045038871467113495 14516224
1731671592678 0.049292199313640594 14548992
1731671613682 0.052071504294872284 14560000
1731671641411 0.050255417823791504 14614528
1731671664840 0.0490734800696373 14647296
1731671688189 0.04697424918413162 14680064
1731671711580 0.045718323439359665 14712832
1731671731645 0.05266851559281349 14720000
1731671759955 0.04999454319477081 14778368
1731671783559 0.04955177754163742 14811136
1731671807125 0.04685385152697563 14843904
1731671830726 0.051360681653022766 14876672
1731671850765 0.04780825972557068 14880000
1731671880838 0.04980175197124481 14942208
1731671904479 0.049619197845458984 14974976
1731671933974 0.052979014813899994 15007744
1731671965294 0.0456952229142189 15040000
1731671988720 0.04846814647316933 15073280
1731672012147 0.05444016680121422 15106048
1731672035427 0.048211146146059036 15138816
1731672064910 0.0573539063334465 15171584
1731672088554 0.04774998128414154 15200000
1731672113157 0.049991708248853683 15237120
1731672136467 0.047664277255535126 15269888
1731672159956 0.04657899588346481 15302656
1731672183267 0.05065171420574188 15335424
1731672212656 0.04764794930815697 15360000
1731672237574 0.04623311012983322 15400960
1731672260858 0.046536728739738464 15433728
1731672284394 0.0479075163602829 15466496
1731672307864 0.0484272725880146 15499264
1731672331047 0.05102376639842987 15520000
1731672357115 0.04887882620096207 15564800
1731672380561 0.050648033618927 15597568
1731672404015 0.04806389659643173 15630336
1731672427485 0.050183944404125214 15663104
1731672450159 0.053005512803792953 15680000
1731672479066 0.051876865327358246 15728640
1731672502595 0.0521908700466156 15761408
1731672526238 0.048709481954574585 15794176
1731672549623 0.05262038856744766 15826944
1731672571317 0.04919065535068512 15840000
1731672598684 0.04801303148269653 15892480
1731672628686 0.050068147480487823 15925248
1731672658871 0.04817143827676773 15958016
1731672688714 0.04783882945775986 15990784
1731672715651 0.049290843307971954 16000000
1731672744392 0.05159985274076462 16056320
1731672767945 0.046905383467674255 16089088
1731672791463 0.05288845673203468 16121856
1731672814845 0.05254005640745163 16154624
1731672834843 0.05152725428342819 16160000
1731672863715 0.050593387335538864 16220160
1731672887330 0.05118732154369354 16252928
1731672911302 0.04890833795070648 16285696
1731672941036 0.04739002883434296 16318464
1731672960111 0.05135215073823929 16320000
1731672989870 0.05160565674304962 16384000
1731673013306 0.051168475300073624 16416768
1731673043477 0.0499597042798996 16449536
1731673074191 0.047405943274497986 16480000
1731673098247 0.04987388104200363 16515072
1731673128065 0.0478682816028595 16547840
1731673151520 0.04857999458909035 16580608
1731673175053 0.051024384796619415 16613376
1731673205411 0.05148688703775406 16640000
1731673230344 0.045015037059783936 16678912
1731673253510 0.04699630290269852 16711680
1731673277399 0.04722195118665695 16744448
1731673300821 0.04807149991393089 16777216
1731673330197 0.051715075969696045 16800000
1731673355131 0.04818370193243027 16842752
1731673385698 0.05008707195520401 16875520
1731673408948 0.04916945844888687 16908288
1731673432536 0.054218534380197525 16941056
1731673455793 0.050000984221696854 16960000
1731673481767 0.04758981615304947 17006592
1731673505215 0.04923210293054581 17039360
1731673528544 0.04789237678050995 17072128
1731673558318 0.05179506540298462 17104896
1731673586036 0.04955730587244034 17120000
1731673613944 0.04863058030605316 17170432
1731673638327 0.04726773500442505 17203200
1731673661747 0.045258067548274994 17235968
1731673685048 0.0502123162150383 17268736
1731673705907 0.049779847264289856 17280000
1731673734547 0.053192347288131714 17334272
1731673759158 0.04880259186029434 17367040
1731673782502 0.04976975545287132 17399808
1731673806028 0.04848916828632355 17432576
1731673825987 0.050558943301439285 17440000
1731673860862 0.0498414970934391 17498112
1731673884027 0.046113740652799606 17530880
1731673907754 0.05056987702846527 17563648
1731673931338 0.051992740482091904 17596416
1731673950904 0.04991602897644043 17600000
1731673980235 0.04675435274839401 17661952
1731674009568 0.05049394443631172 17694720
1731674033527 0.05052674561738968 17727488
1731674059498 0.04765601083636284 17760000
1731674089195 0.048138633370399475 17793024
1731674112484 0.04753143712878227 17825792
1731674135983 0.051324307918548584 17858560
1731674165599 0.04945549741387367 17891328
1731674196812 0.052133288234472275 17920000
1731674220947 0.04887443408370018 17956864
1731674244396 0.04589296504855156 17989632
1731674267935 0.05251246690750122 18022400
1731674291169 0.053116731345653534 18055168
1731674314904 0.05005565658211708 18080000
1731674340446 0.047489844262599945 18120704
1731674369753 0.057235829532146454 18153472
1731674392964 0.05052901804447174 18186240
1731674416299 0.048338986933231354 18219008
1731674438849 0.046184904873371124 18240000
1731674464574 0.047482505440711975 18284544
1731674487834 0.051579855382442474 18317312
1731674511449 0.05068694055080414 18350080
1731674541085 0.04868704080581665 18382848
1731674563368 0.05156825855374336 18400000
1731674589844 0.045397765934467316 18448384
1731674619260 0.050453707575798035 18481152
1731674643054 0.05071443319320679 18513920
1731674667230 0.052144262939691544 18546688
1731674688522 0.05095098912715912 18560000
1731674715814 0.050700098276138306 18612224
1731674738728 0.05051770061254501 18644992
1731674762601 0.053128473460674286 18677760
1731674785954 0.04914900287985802 18710528
1731674806430 0.04774283245205879 18720000
1731674834222 0.047178540378808975 18776064
1731674857215 0.04803377762436867 18808832
1731674880509 0.04925868287682533 18841600
1731674910024 0.04946880042552948 18874368
1731674929635 0.04821443557739258 18880000
1731674958672 0.053721196949481964 18939904
1731674988201 0.05058875307440758 18972672
1731675017724 0.054854996502399445 19005440
1731675040860 0.05335843563079834 19038208
1731675065983 0.048887599259614944 19040000
1731675102022 0.04903671145439148 19103744
1731675125027 0.05045566335320473 19136512
1731675148311 0.051798123866319656 19169280
1731675179309 0.050863705575466156 19200000
1731675203156 0.049822814762592316 19234816
1731675226443 0.052565909922122955 19267584
1731675249409 0.05012301355600357 19300352
1731675272691 0.05575957149267197 19333120
1731675297486 0.04949621483683586 19360000
1731675321870 0.04570985585451126 19398656
1731675344935 0.04725279659032822 19431424
1731675368435 0.050160739570856094 19464192
1731675397878 0.05005548149347305 19496960
1731675421290 0.055254705250263214 19520000
1731675452893 0.049926262348890305 19562496
1731675476206 0.04814682900905609 19595264
1731675499707 0.04821470007300377 19628032
1731675529881 0.04937698692083359 19660800
1731675552319 0.050100501626729965 19680000
1731675578288 0.046298351138830185 19726336
1731675601272 0.04983867332339287 19759104
1731675624386 0.052224066108465195 19791872
1731675647338 0.05165182799100876 19824640
1731675668889 0.05040886998176575 19840000
1731675695774 0.04674413055181503 19890176
1731675719149 0.04869387298822403 19922944
1731675748674 0.04685576632618904 19955712
1731675771950 0.04896433651447296 19988480
1731675793380 0.04756978154182434 20000000
1731675827483 0.05252942442893982 20054016
1731675850857 0.05046425759792328 20086784
1731675874009 0.05096779763698578 20119552
1731675898911 0.05455843359231949 20152320
1731675918804 0.051697418093681335 20160000
1731675947673 0.05091158300638199 20217856
1731675976964 0.04737680032849312 20250624
1731676000847 0.05407872796058655 20283392
1731676024657 0.05110219493508339 20316160
1731676044058 0.04859480634331703 20320000
1731676079993 0.05360105633735657 20381696
1731676102960 0.05362500250339508 20414464
1731676126078 0.05180636793375015 20447232
1731676151041 0.04715670645236969 20480000
1731676174205 0.05037321522831917 20512768
1731676197746 0.0469852089881897 20545536
1731676221066 0.055213700979948044 20578304
1731676250353 0.05588158965110779 20611072
1731676274845 0.05267591029405594 20640000
1731676299038 0.051618024706840515 20676608
1731676322289 0.04806651175022125 20709376
1731676345323 0.04836050793528557 20742144
1731676368833 0.049748312681913376 20774912
1731676392912 0.050261542201042175 20800000
1731676424183 0.05045294761657715 20840448
1731676447707 0.0487576462328434 20873216
1731676477340 0.04971717670559883 20905984
1731676507443 0.04744572937488556 20938752
1731676530474 0.049364328384399414 20960000
1731676556379 0.05551861971616745 21004288
1731676579752 0.04800144582986832 21037056
1731676602573 0.05064808949828148 21069824
1731676632236 0.05199427902698517 21102592
1731676654159 0.050599124282598495 21120000
1731676681199 0.04762701690196991 21168128
1731676704380 0.04524877294898033 21200896
1731676727352 0.047510720789432526 21233664
1731676750861 0.05394471064209938 21266432
1731676772386 0.04360060766339302 21280000
1731676799458 0.052565284073352814 21331968
1731676822865 0.050793178379535675 21364736
1731676846090 0.05113320052623749 21397504
1731676869632 0.04597596824169159 21430272
1731676889960 0.04494302719831467 21440000
1731676924139 0.0523376427590847 21495808
1731676953345 0.052193783223629 21528576
1731676976391 0.053025998175144196 21561344
1731676999165 0.04708053916692734 21594112
1731677018766 0.04962615668773651 21600000
1731677047755 0.05379161983728409 21659648
1731677071580 0.047913163900375366 21692416
1731677094614 0.0518990233540535 21725184
1731677118010 0.04883601516485214 21757952
1731677143219 0.051159486174583435 21760000
1731677172940 0.05077036842703819 21823488
1731677196335 0.05465814471244812 21856256
1731677219547 0.054532893002033234 21889024
1731677244056 0.05486968159675598 21920000
1731677267652 0.05017579346895218 21954560
1731677291213 0.0566377118229866 21987328
1731677314863 0.047102391719818115 22020096
1731677338336 0.04831486940383911 22052864
1731677362653 0.048976797610521317 22080000
1731677387908 0.05282503366470337 22118400
1731677410983 0.04933478683233261 22151168
1731677434246 0.04598696529865265 22183936
1731677463931 0.050011008977890015 22216704
1731677493540 0.050077296793460846 22240000
1731677519040 0.06012333929538727 22282240
1731677542139 0.04784075543284416 22315008
1731677565542 0.05014999210834503 22347776
1731677595124 0.04865209758281708 22380544
1731677617732 0.05081254243850708 22400000
1731677650116 0.04743200168013573 22446080
1731677673174 0.050900138914585114 22478848
1731677696147 0.05002651363611221 22511616
1731677719194 0.0524354986846447 22544384
1731677741196 0.04951583594083786 22560000
1731677767890 0.04967160522937775 22609920
1731677790910 0.05470246821641922 22642688
1731677820587 0.04831710457801819 22675456
1731677845123 0.05181097611784935 22708224
1731677867391 0.05219808965921402 22720000
1731677901173 0.049492232501506805 22773760
1731677924291 0.05191297084093094 22806528
1731677947392 0.05187704414129257 22839296
1731677976851 0.0510619580745697 22872064
1731677997520 0.05705037713050842 22880000
1731678025706 0.0492992028594017 22937600
1731678048779 0.05033227801322937 22970368
1731678078363 0.05121992900967598 23003136
1731678101991 0.04938758164644241 23035904
1731678128038 0.05224725604057312 23040000
1731678163123 0.049059897661209106 23101440
1731678186280 0.05065034329891205 23134208
1731678209646 0.05223061144351959 23166976
1731678233346 0.04828803241252899 23199744
1731678252446 0.05095294862985611 23200000
1731678288429 0.04880893602967262 23265280
1731678312908 0.04653119668364525 23298048
1731678336496 0.05016285553574562 23330816
1731678366994 0.04696500301361084 23360000
1731678391438 0.04823604226112366 23396352
1731678414946 0.04799755662679672 23429120
1731678438288 0.046566903591156006 23461888
1731678461484 0.05069427192211151 23494656
1731678485035 0.05291958898305893 23520000
1731678516252 0.05536653846502304 23560192
1731678539239 0.0508950911462307 23592960
1731678562533 0.05437302589416504 23625728
1731678586080 0.05432875454425812 23658496
1731678609225 0.05343450605869293 23680000
1731678641845 0.047861792147159576 23724032
1731678665462 0.04850119724869728 23756800
1731678688789 0.05466979369521141 23789568
1731678712015 0.0484352670609951 23822336
1731678734041 0.05239785462617874 23840000
1731678760242 0.051917314529418945 23887872
1731678783971 0.05296861380338669 23920640
1731678813533 0.04664964973926544 23953408
1731678843258 0.04941324517130852 23986176
1731678864773 0.05049341544508934 24000000
1731678899043 0.050236597657203674 24051712
1731678924125 0.051194727420806885 24084480
1731678948404 0.05099060386419296 24117248
1731678972524 0.04717126488685608 24150016
1731679000258 0.048701826483011246 24160000
1731679028487 0.05383474379777908 24215552
1731679051596 0.053285446017980576 24248320
1731679075018 0.04911439120769501 24281088
1731679098758 0.04913948103785515 24313856
1731679125122 0.04890036955475807 24320000
1731679154016 0.05143969878554344 24379392
1731679176935 0.05361128970980644 24412160
1731679200002 0.052427418529987335 24444928
1731679223288 0.049804359674453735 24477696
1731679242628 0.04911363124847412 24480000
1731679272001 0.052542999386787415 24543232
1731679295251 0.0504322350025177 24576000
1731679324669 0.052035875618457794 24608768
1731679349745 0.05531097948551178 24640000
1731679373454 0.047133669257164 24674304
1731679396877 0.04582439735531807 24707072
1731679420231 0.050971176475286484 24739840
1731679443533 0.05539814010262489 24772608
1731679467575 0.05281011015176773 24800000
1731679492176 0.05463305488228798 24838144
1731679515100 0.04853837937116623 24870912
1731679538543 0.047792933881282806 24903680
1731679568809 0.051948342472314835 24936448
1731679591920 0.05135536193847656 24960000
1731679616902 0.04558715224266052 25001984
1731679640264 0.04940073937177658 25034752
1731679664212 0.04865335673093796 25067520
1731679688422 0.04842366278171539 25100288
1731679711151 0.05119887739419937 25120000
1731679737251 0.050409283488988876 25165824
1731679760380 0.05883476510643959 25198592
1731679783616 0.04915262758731842 25231360
1731679807224 0.04819628223776817 25264128
1731679829292 0.05365799367427826 25280000
1731679856582 0.05615904927253723 25329664
1731679885896 0.05570897087454796 25362432
1731679915466 0.04656853526830673 25395200
1731679938567 0.05313737690448761 25427968
1731679959872 0.05425620824098587 25440000
1731679987964 0.04754183441400528 25493504
1731680017358 0.04997984692454338 25526272
1731680040742 0.048787761479616165 25559040
1731680064056 0.05305115133523941 25591808
1731680090262 0.04999013990163803 25600000
1731680118589 0.05336698144674301 25657344
1731680142005 0.050774477422237396 25690112
1731680165692 0.05616358295083046 25722880
1731680195272 0.04832214117050171 25755648
1731680220603 0.04932861030101776 25760000
1731680255504 0.053232207894325256 25821184
1731680284872 0.04894283041357994 25853952
1731680308014 0.05821887031197548 25886720
1731680337096 0.05330868437886238 25919488
1731680355740 0.05405411869287491 25920000
1731680385461 0.04714661091566086 25985024
1731680408421 0.050454672425985336 26017792
1731680431663 0.04951930791139603 26050560
1731680456506 0.05161341279745102 26080000
1731680481250 0.05071251839399338 26116096
1731680504913 0.04996034875512123 26148864
1731680528525 0.04440772533416748 26181632
1731680557800 0.05002932623028755 26214400
1731680581425 0.05662573128938675 26240000
1731680606093 0.04735744372010231 26279936
1731680629286 0.04855404794216156 26312704
1731680652722 0.05259140208363533 26345472
1731680682384 0.059105660766363144 26378240
1731680705887 0.05027303472161293 26400000
1731680737627 0.052661120891571045 26443776
1731680766913 0.04964491352438927 26476544
1731680790053 0.05274257808923721 26509312
1731680813488 0.05587010085582733 26542080
1731680835723 0.05040323734283447 26560000
1731680862081 0.04874974489212036 26607616
1731680885302 0.05063169449567795 26640384
1731680908484 0.05058099329471588 26673152
1731680931683 0.05217951163649559 26705920
1731680952903 0.049766670912504196 26720000
1731680980580 0.05256761237978935 26771456
1731681005276 0.04742004722356796 26804224
1731681028424 0.04593416303396225 26836992
1731681052107 0.05155959725379944 26869760
1731681079467 0.04610864818096161 26880000
1731681114281 0.05622633546590805 26935296
1731681137649 0.05493578314781189 26968064
1731681161774 0.05212441459298134 27000832
1731681185433 0.047311000525951385 27033600
1731681205921 0.05072246864438057 27040000
1731681235251 0.05141526460647583 27099136
1731681259158 0.047188133001327515 27131904
1731681282974 0.04962949454784393 27164672
1731681306435 0.04626080393791199 27197440
1731681325955 0.04964054375886917 27200000
1731681355536 0.050469011068344116 27262976
1731681378929 0.04680534452199936 27295744
1731681408522 0.049381185322999954 27328512
1731681433523 0.05142628028988838 27360000
1731681457239 0.05073106661438942 27394048
1731681480359 0.05133800581097603 27426816
1731681503286 0.050220854580402374 27459584
1731681526711 0.04967698082327843 27492352
1731681557175 0.05620681867003441 27520000
1731681584068 0.04945608600974083 27557888
1731681607243 0.052936434745788574 27590656
1731681637288 0.05546059459447861 27623424
1731681666943 0.04770123213529587 27656192
1731681689894 0.0479482039809227 27680000
1731681721093 0.04867544025182724 27721728
1731681744252 0.05658567696809769 27754496
1731681767424 0.046403490006923676 27787264
1731681790663 0.04871489852666855 27820032
1731681813390 0.04881500452756882 27840000
1731681839091 0.05341479554772377 27885568
1731681868315 0.0481208860874176 27918336
1731681891982 0.050691623240709305 27951104
1731681915767 0.0521821565926075 27983872
1731681937598 0.04811279475688934 28000000
1731681964153 0.050024598836898804 28049408
1731681987256 0.04967088997364044 28082176
1731682010406 0.051371023058891296 28114944
1731682033294 0.04944556578993797 28147712
1731682054250 0.04945383593440056 28160000
1731682081826 0.06407381594181061 28213248
1731682105215 0.052697837352752686 28246016
1731682128719 0.05802526697516441 28278784
1731682152081 0.05131451413035393 28311552
1731682172055 0.05006638169288635 28320000
1731682200141 0.050951797515153885 28377088
1731682229659 0.048972949385643005 28409856
1731682258932 0.050378911197185516 28442624
1731682282730 0.04499971121549606 28475392
1731682302086 0.052182525396347046 28480000
1731682330773 0.04676302149891853 28540928
1731682354268 0.05247841402888298 28573696
1731682384349 0.04682549089193344 28606464
1731682414206 0.0645105317234993 28639232
1731682432658 0.04661017283797264 28640000
1731682462275 0.04873470589518547 28704768
1731682485609 0.05030869320034981 28737536
1731682508482 0.04702445864677429 28770304
1731682532828 0.046881165355443954 28800000
1731682556854 0.04912940040230751 28835840
1731682580039 0.047851741313934326 28868608
1731682603351 0.049662716686725616 28901376
1731682626708 0.05080006271600723 28934144
1731682656583 0.05486726015806198 28960000
1731682681007 0.04572020471096039 28999680
1731682703901 0.0458049401640892 29032448
1731682732951 0.05122558772563934 29065216
1731682756476 0.052309341728687286 29097984
1731682785751 0.047576166689395905 29120000
1731682811251 0.04792599007487297 29163520
1731682834094 0.04668186604976654 29196288
1731682857704 0.05346528813242912 29229056
1731682887112 0.04808444902300835 29261824
1731682909146 0.054016776382923126 29280000
1731682935498 0.049836691468954086 29327360
1731682964803 0.05334866791963577 29360128
1731682987790 0.0485689640045166 29392896
1731683010916 0.04907398670911789 29425664
1731683032425 0.049406591802835464 29440000
1731683059277 0.048329927027225494 29491200
1731683082328 0.051909249275922775 29523968
1731683111812 0.049142878502607346 29556736
1731683135179 0.049304381012916565 29589504
1731683155812 0.051442164927721024 29600000
1731683190395 0.04972662776708603 29655040
1731683213444 0.0507444329559803 29687808
1731683243497 0.04948066920042038 29720576
1731683272885 0.05171351134777069 29753344
1731683292671 0.05813227593898773 29760000
1731683321165 0.05334072560071945 29818880
1731683344242 0.055864959955215454 29851648
1731683367232 0.05135069787502289 29884416
1731683390228 0.05733533203601837 29917184
1731683409453 0.05220511928200722 29920000
1731683438826 0.0467236265540123 29982720
1731683461457 0.054265156388282776 30015488
1731683484728 0.05207770690321922 30048256
1731683515769 0.04786219820380211 30080000
1731683545243 0.05006496235728264 30113792
1731683568153 0.05146876722574234 30146560
1731683591296 0.05309804528951645 30179328
1731683614439 0.05227106064558029 30212096
1731683638250 0.051187679171562195 30240000
1731683662283 0.04856894910335541 30277632
1731683691672 0.04924000799655914 30310400
1731683714516 0.050436899065971375 30343168
1731683737651 0.04991784691810608 30375936
1731683760711 0.04917798936367035 30400000
1731683791597 0.04801321029663086 30441472
1731683820794 0.04643670842051506 30474240
1731683844002 0.050000645220279694 30507008
1731683873626 0.05104062706232071 30539776
1731683896053 0.05094815790653229 30560000
1731683928226 0.05278870463371277 30605312
1731683951170 0.049365006387233734 30638080
1731683974521 0.05276141315698624 30670848
1731684006146 0.047928646206855774 30703616
1731684034385 0.04650040715932846 30720000
1731684060917 0.053523194044828415 30769152
1731684083738 0.04633408039808273 30801920
1731684106656 0.04498829320073128 30834688
1731684129554 0.05100320279598236 30867456
1731684150732 0.05309460684657097 30880000
1731684184635 0.05239497870206833 30932992
1731684214790 0.05089591443538666 30965760
1731684243899 0.04952199012041092 30998528
1731684267033 0.050625309348106384 31031296
1731684293440 0.05019714683294296 31040000
1731684321509 0.05498462915420532 31096832
1731684344585 0.0473087802529335 31129600
1731684367652 0.054297029972076416 31162368
1731684390672 0.05014318972826004 31195136
1731684410276 0.045715197920799255 31200000
1731684445709 0.05050718039274216 31260672
1731684469207 0.05264716595411301 31293440
1731684492308 0.04797331243753433 31326208
1731684515363 0.04916014522314072 31358976
1731684534316 0.04940821975469589 31360000
1731684563515 0.05239024758338928 31424512
1731684586641 0.04800782725214958 31457280
1731684609859 0.05042342096567154 31490048
1731684640216 0.04748431593179703 31520000
1731684663978 0.05048180744051933 31555584
1731684686994 0.05558239296078682 31588352
1731684716281 0.04699965566396713 31621120
1731684739436 0.04419630020856857 31653888
1731684769487 0.0529402494430542 31680000
1731684799845 0.04696635156869888 31719424
1731684823177 0.05400926619768143 31752192
1731684846196 0.05335079878568649 31784960
1731684869638 0.053191639482975006 31817728
1731684892581 0.05019935220479965 31840000
1731684918364 0.0528414212167263 31883264
1731684941459 0.05005808174610138 31916032
1731684964131 0.0532270148396492 31948800
1731684987194 0.04819320887327194 31981568
1731685009745 0.048804230988025665 32000000
1731685036071 0.05510617047548294 32047104
1731685059459 0.054819896817207336 32079872
1731685082464 0.05274416506290436 32112640
1731685105900 0.05106707662343979 32145408
1731685133475 0.04944499954581261 32160000
