1731660336225 0.2 65536
1731660359088 0.2 98304
1731660382922 0.2 131072
1731660406839 0.2 160000
1731660432201 0.2 196608
1731660456488 0.2 229376
1731660480921 0.2 262144
1731660504753 0.2 294912
1731660528321 0.2 320000
1731660555267 0.2 360448
1731660579405 0.2 393216
1731660602636 0.2 425984
1731660626631 0.2 458752
1731660649976 0.2 480000
1731660675891 0.2 524288
1731660700309 0.2 557056
1731660724265 0.2 589824
1731660748335 0.2 622592
1731660770929 0.2 640000
1731660798646 0.2 688128
1731660821981 0.2 720896
1731660846315 0.2 753664
1731660870272 0.2 786432
1731660892055 0.2 800000
1731660920694 0.2 851968
1731660945987 0.2 884736
1731660970383 0.2 917504
1731660994833 0.2 950272
1731661017134 0.2 960000
1731661046773 0.2 1015808
1731661072038 0.2 1048576
1731661097113 0.2 1081344
1731661129102 0.2 1114112
1731661150539 0.2 1120000
1731661186394 0.2 1179648
1731661210872 0.2 1212416
1731661241811 0.2 1245184
1731661265406 0.2 1277952
1731661285948 0.2 1280000
1731661316850 0.2 1343488
1731661348927 0.2 1376256
1731661380947 0.2 1409024
1731661412878 0.2 1440000
1731661437038 0.2 1474560
1731661460652 0.2 1507328
1731661484522 0.2 1540096
1731661507834 0.2 1572864
1731661531778 0.2 1600000
1731661562821 0.2 1638400
1731661586359 0.2 1671168
1731661609957 0.2 1703936
1731661640418 0.2 1736704
1731661664256 0.2 1760000
1731661689748 0.2 1802240
1731661713227 0.2 1835008
1731661736880 0.2 1867776
1731661759930 0.2 1900544
1731661782969 0.2 1920000
1731661808606 0.2 1966080
1731661831945 0.2 1998848
1731661862829 0.2 2031616
1731661893641 0.2 2064384
1731661916041 0.2 2080000
1731661943201 0.2 2129920
1731661967618 0.2 2162688
1731661991306 0.2 2195456
1731662021721 0.2 2228224
1731662043609 0.2 2240000
1731662073068 0.2 2293760
1731662098236 0.2 2326528
1731662123671 0.2 2359296
1731662147576 0.2 2392064
1731662168892 0.2 2400000
1731662199202 0.2 2457600
1731662230213 0.2 2490368
1731662261141 0.2 2523136
1731662285176 0.2 2555904
1731662311787 0.2 2560000
1731662348566 0.2 2621440
1731662378376 0.2 2654208
1731662402033 0.2 2686976
1731662425608 0.2 2719744
1731662451205 0.2 2720000
1731662481858 0.2 2785280
1731662506651 0.2 2818048
1731662531566 0.2 2850816
1731662556464 0.2 2880000
1731662582014 0.2 2916352
1731662606906 0.2 2949120
1731662632325 0.2 2981888
1731662656602 0.2 3014656
1731662687186 0.2 3040000
1731662713096 0.2 3080192
1731662736992 0.2 3112960
1731662760813 0.2 3145728
1731662785109 0.2 3178496
1731662808475 0.2 3200000
1731662842657 0.2 3244032
1731662867866 0.2 3276800
1731662892439 0.2 3309568
1731662916713 0.2 3342336
1731662939437 0.2 3360000
1731662973939 0.2 3407872
1731662998568 0.2 3440640
1731663029232 0.2 3473408
1731663053046 0.2 3506176
1731663074853 0.2 3520000
1731663103798 0.2 3571712
1731663128647 0.2 3604480
1731663159235 0.2 3637248
1731663183361 0.2 3670016
1731663205649 0.2 3680000
1731663241379 0.2 3735552
1731663265578 0.2 3768320
1731663289658 0.2 3801088
1731663314023 0.2 3833856
1731663334556 0.2 3840000
1731663364019 0.2 3899392
1731663388156 0.2 3932160
1731663412081 0.2 3964928
1731663436223 0.2 3997696
1731663456290 0.2 4000000
1731663486842 0.2 4063232
1731663510976 0.2 4096000
1731663534812 0.2 4128768
1731663560260 0.2 4160000
1731663585366 0.2 4194304
1731663609486 0.2 4227072
1731663634410 0.2 4259840
1731663665742 0.2 4292608
1731663690731 0.2 4320000
1731663716457 0.2 4358144
1731663741281 0.2 4390912
1731663766262 0.2 4423680
1731663790874 0.2 4456448
1731663815993 0.2 4480000
1731663842780 0.2 4521984
1731663873206 0.2 4554752
1731663897162 0.2 4587520
1731663921738 0.2 4620288
1731663946024 0.2 4640000
1731663973109 0.2 4685824
1731663996962 0.2 4718592
1731664027765 0.2 4751360
1731664051487 0.2 4784128
1731664074120 0.2 4800000
1731664103305 0.2 4849664
1731664127324 0.2 4882432
1731664151443 0.2 4915200
1731664176201 0.2 4947968
1731664199060 0.2 4960000
1731664227360 0.2 5013504
1731664257740 0.2 5046272
1731664282446 0.2 5079040
1731664307108 0.2 5111808
1731664328209 0.2 5120000
1731664357650 0.2 5177344
1731664382110 0.2 5210112
1731664412533 0.2 5242880
1731664442942 0.2 5275648
1731664463319 0.2 5280000
1731664493370 0.2 5341184
1731664517048 0.2 5373952
1731664540689 0.2 5406720
1731664564026 0.2 5439488
1731664582846 0.2 5440000
1731664612638 0.2 5505024
1731664636138 0.2 5537792
1731664659716 0.2 5570560
1731664684209 0.2 5600000
1731664708965 0.2 5636096
1731664739145 0.2 5668864
1731664762769 0.2 5701632
1731664786280 0.2 5734400
1731664810576 0.2 5760000
1731664837521 0.2 5799936
1731664862443 0.2 5832704
1731664886512 0.2 5865472
1731664910411 0.2 5898240
1731664933851 0.2 5920000
1731664961224 0.2 5963776
1731664985265 0.2 5996544
1731665008827 0.2 6029312
1731665039212 0.2 6062080
1731665062870 0.2 6080000
1731665089800 0.2 6127616
1731665113040 0.2 6160384
1731665142639 0.2 6193152
1731665166375 0.2 6225920
1731665187969 0.2 6240000
1731665221746 0.2 6291456
1731665251534 0.2 6324224
1731665282059 0.2 6356992
1731665312510 0.2 6389760
1731665333795 0.2 6400000
1731665368602 0.2 6455296
1731665391887 0.2 6488064
1731665415197 0.2 6520832
1731665438921 0.2 6553600
1731665458835 0.2 6560000
1731665487658 0.2 6619136
1731665510995 0.2 6651904
1731665534539 0.2 6684672
1731665558433 0.2 6717440
1731665577707 0.2 6720000
1731665613329 0.2 6782976
1731665644365 0.2 6815744
1731665667461 0.2 6848512
1731665692444 0.2 6880000
1731665716514 0.2 6914048
1731665746079 0.2 6946816
1731665769422 0.2 6979584
1731665793009 0.2 7012352
1731665817068 0.2 7040000
1731665841695 0.2 7077888
1731665864928 0.2 7110656
1731665888574 0.2 7143424
1731665912501 0.2 7176192
1731665936794 0.2 7200000
1731665968943 0.2 7241728
1731665998514 0.2 7274496
1731666021920 0.2 7307264
1731666045575 0.2 7340032
1731666069170 0.2 7360000
1731666095828 0.2 7405568
1731666119737 0.2 7438336
1731666143090 0.2 7471104
1731666166451 0.2 7503872
1731666188298 0.2 7520000
1731666215416 0.2 7569408
1731666238621 0.2 7602176
1731666261878 0.2 7634944
1731666285278 0.2 7667712
1731666306644 0.2 7680000
1731666334322 0.2 7733248
1731666358079 0.2 7766016
1731666387780 0.2 7798784
1731666411236 0.2 7831552
1731666431955 0.2 7840000
1731666460731 0.2 7897088
1731666484328 0.2 7929856
1731666513649 0.2 7962624
1731666537133 0.2 7995392
1731666556925 0.2 8000000
1731666592531 0.2 8060928
1731666617530 0.2 8093696
1731666641096 0.2 8126464
1731666665290 0.2 8159232
1731666684232 0.2 8160000
1731666714088 0.2 8224768
1731666737706 0.2 8257536
1731666761134 0.2 8290304
1731666785682 0.2 8320000
1731666809685 0.2 8355840
1731666832916 0.2 8388608
1731666856797 0.2 8421376
1731666880892 0.2 8454144
1731666904643 0.2 8480000
1731666930104 0.2 8519680
1731666954029 0.2 8552448
1731666977240 0.2 8585216
1731667000515 0.2 8617984
1731667024111 0.2 8640000
1731667050146 0.2 8683520
1731667074171 0.2 8716288
1731667098997 0.2 8749056
1731667124187 0.2 8781824
1731667146674 0.2 8800000
1731667173719 0.2 8847360
1731667197967 0.2 8880128
1731667227774 0.2 8912896
1731667251066 0.2 8945664
1731667272928 0.2 8960000
1731667300314 0.2 9011200
1731667323572 0.2 9043968
1731667346944 0.2 9076736
1731667370432 0.2 9109504
1731667391620 0.2 9120000
1731667420145 0.2 9175040
1731667444328 0.2 9207808
1731667468352 0.2 9240576
1731667492595 0.2 9273344
1731667512973 0.2 9280000
1731667542098 0.2 9338880
1731667565925 0.2 9371648
1731667589585 0.2 9404416
1731667619292 0.2 9437184
1731667638659 0.2 9440000
1731667669378 0.2 9502720
1731667699220 0.2 9535488
1731667722545 0.2 9568256
1731667753936 0.2 9600000
1731667777899 0.2 9633792
1731667801542 0.2 9666560
1731667825135 0.2 9699328
1731667855127 0.2 9732096
1731667879937 0.2 9760000
1731667905296 0.2 9797632
1731667928638 0.2 9830400
1731667951930 0.2 9863168
1731667981585 0.2 9895936
1731668004758 0.2 9920000
1731668030387 0.2 9961472
1731668054079 0.2 9994240
1731668077163 0.2 10027008
1731668100156 0.2 10059776
1731668122485 0.2 10080000
1731668154917 0.2 10125312
1731668178097 0.2 10158080
1731668201411 0.2 10190848
1731668225115 0.2 10223616
1731668248276 0.2 10240000
1731668276448 0.2 10289152
1731668300702 0.2 10321920
1731668325085 0.2 10354688
1731668349330 0.2 10387456
1731668376600 0.2 10400000
1731668404515 0.2 10452992
1731668427951 0.2 10485760
1731668451610 0.2 10518528
1731668481431 0.2 10551296
1731668504786 0.2 10560000
1731668539825 0.2 10616832
1731668563328 0.2 10649600
1731668587441 0.2 10682368
1731668611695 0.2 10715136
1731668637551 0.2 10720000
1731668667271 0.2 10780672
1731668691174 0.2 10813440
1731668722646 0.2 10846208
1731668753345 0.2 10878976
1731668778788 0.2 10880000
1731668810974 0.2 10944512
1731668842992 0.2 10977280
1731668867270 0.2 11010048
1731668892850 0.2 11040000
1731668918327 0.2 11075584
1731668942492 0.2 11108352
1731668966644 0.2 11141120
1731668990333 0.2 11173888
1731669021370 0.2 11200000
1731669047626 0.2 11239424
1731669072223 0.2 11272192
1731669098580 0.2 11304960
1731669123249 0.2 11337728
1731669147757 0.2 11360000
1731669175804 0.2 11403264
1731669201900 0.2 11436032
1731669232542 0.2 11468800
1731669256981 0.2 11501568
1731669280254 0.2 11520000
1731669308237 0.2 11567104
1731669332511 0.2 11599872
1731669357816 0.2 11632640
1731669382336 0.2 11665408
1731669404505 0.2 11680000
1731669433282 0.2 11730944
1731669457416 0.2 11763712
1731669487843 0.2 11796480
1731669512942 0.2 11829248
1731669536577 0.2 11840000
1731669565725 0.2 11894784
1731669589806 0.2 11927552
1731669614533 0.2 11960320
1731669638779 0.2 11993088
1731669659613 0.2 12000000
1731669695475 0.2 12058624
1731669720010 0.2 12091392
1731669745117 0.2 12124160
1731669769008 0.2 12156928
1731669789546 0.2 12160000
1731669820051 0.2 12222464
1731669844760 0.2 12255232
1731669869221 0.2 12288000
1731669895566 0.2 12320000
1731669920386 0.2 12353536
1731669950708 0.2 12386304
1731669974786 0.2 12419072
1731670005175 0.2 12451840
1731670030312 0.2 12480000
1731670055505 0.2 12517376
1731670079563 0.2 12550144
1731670103522 0.2 12582912
1731670127792 0.2 12615680
1731670151532 0.2 12640000
1731670178025 0.2 12681216
1731670201861 0.2 12713984
1731670225661 0.2 12746752
1731670249429 0.2 12779520
1731670272786 0.2 12800000
1731670299811 0.2 12845056
1731670323635 0.2 12877824
1731670347226 0.2 12910592
1731670370574 0.2 12943360
1731670392820 0.2 12960000
1731670420543 0.2 13008896
1731670444728 0.2 13041664
1731670474377 0.2 13074432
1731670498415 0.2 13107200
1731670520646 0.2 13120000
1731670549032 0.2 13172736
1731670572964 0.2 13205504
1731670602899 0.2 13238272
1731670626746 0.2 13271040
1731670647791 0.2 13280000
1731670676675 0.2 13336576
1731670701236 0.2 13369344
1731670724868 0.2 13402112
1731670755127 0.2 13434880
1731670775103 0.2 13440000
1731670805338 0.2 13500416
1731670828725 0.2 13533184
1731670852132 0.2 13565952
1731670875557 0.2 13598720
1731670894915 0.2 13600000
1731670925620 0.2 13664256
1731670949343 0.2 13697024
1731670972770 0.2 13729792
1731670997556 0.2 13760000
1731671021972 0.2 13795328
1731671045331 0.2 13828096
1731671068894 0.2 13860864
1731671092861 0.2 13893632
1731671117115 0.2 13920000
1731671141915 0.2 13959168
1731671165577 0.2 13991936
1731671189106 0.2 14024704
1731671219092 0.2 14057472
1731671242968 0.2 14080000
1731671269272 0.2 14123008
1731671293031 0.2 14155776
1731671316950 0.2 14188544
1731671346777 0.2 14221312
1731671369800 0.2 14240000
1731671402426 0.2 14286848
1731671426092 0.2 14319616
1731671449469 0.2 14352384
1731671473279 0.2 14385152
1731671494826 0.2 14400000
1731671522403 0.2 14450688
1731671545897 0.2 14483456
1731671569324 0.2 14516224
1731671592731 0.2 14548992
1731671613758 0.2 14560000
1731671641445 0.2 14614528
1731671664922 0.2 14647296
1731671688281 0.2 14680064
1731671711629 0.2 14712832
1731671731699 0.2 14720000
1731671760038 0.2 14778368
1731671783613 0.2 14811136
1731671807171 0.2 14843904
1731671830807 0.2 14876672
1731671850857 0.2 14880000
1731671880896 0.2 14942208
1731671904519 0.2 14974976
1731671934099 0.2 15007744
1731671965346 0.2 15040000
1731671988770 0.2 15073280
1731672012190 0.2 15106048
1731672035453 0.2 15138816
1731672064949 0.2 15171584
1731672088615 0.2 15200000
1731672113212 0.2 15237120
1731672136513 0.2 15269888
1731672159991 0.2 15302656
1731672183299 0.2 15335424
1731672212683 0.2 15360000
1731672237623 0.2 15400960
1731672260913 0.2 15433728
1731672284446 0.2 15466496
1731672307895 0.2 15499264
1731672331114 0.2 15520000
1731672357179 0.2 15564800
1731672380616 0.2 15597568
1731672404102 0.2 15630336
1731672427617 0.2 15663104
1731672450229 0.2 15680000
1731672479117 0.2 15728640
1731672502668 0.2 15761408
1731672526312 0.2 15794176
1731672549690 0.2 15826944
1731672571384 0.2 15840000
1731672598793 0.2 15892480
1731672628844 0.2 15925248
1731672658934 0.2 15958016
1731672688826 0.2 15990784
1731672715745 0.2 16000000
1731672744457 0.2 16056320
1731672768019 0.2 16089088
1731672791547 0.2 16121856
1731672814939 0.2 16154624
1731672834892 0.2 16160000
1731672863853 0.2 16220160
1731672887454 0.2 16252928
1731672911357 0.2 16285696
1731672941113 0.2 16318464
1731672960284 0.2 16320000
1731672989924 0.2 16384000
1731673013356 0.2 16416768
1731673043518 0.2 16449536
1731673074264 0.2 16480000
1731673098326 0.2 16515072
1731673128114 0.2 16547840
1731673151626 0.2 16580608
1731673175179 0.2 16613376
1731673205464 0.2 16640000
1731673230382 0.2 16678912
1731673253551 0.2 16711680
1731673277444 0.2 16744448
1731673300870 0.2 16777216
1731673330241 0.2 16800000
1731673355218 0.2 16842752
1731673385747 0.2 16875520
1731673408991 0.2 16908288
1731673432709 0.2 16941056
1731673455837 0.2 16960000
1731673481812 0.2 17006592
1731673505278 0.2 17039360
1731673528814 0.2 17072128
1731673558389 0.2 17104896
1731673586119 0.2 17120000
1731673614229 0.2 17170432
1731673638383 0.2 17203200
1731673661935 0.2 17235968
1731673685095 0.2 17268736
1731673705957 0.2 17280000
1731673734930 0.2 17334272
1731673759248 0.2 17367040
1731673782545 0.2 17399808
1731673806071 0.2 17432576
1731673826057 0.2 17440000
1731673860906 0.2 17498112
1731673884066 0.2 17530880
1731673907881 0.2 17563648
1731673931452 0.2 17596416
1731673950959 0.2 17600000
1731673980297 0.2 17661952
1731674009652 0.2 17694720
1731674033616 0.2 17727488
1731674059550 0.2 17760000
1731674089265 0.2 17793024
1731674112569 0.2 17825792
1731674136040 0.2 17858560
1731674165658 0.2 17891328
1731674196896 0.2 17920000
1731674220997 0.2 17956864
1731674244452 0.2 17989632
1731674268012 0.2 18022400
1731674291211 0.2 18055168
1731674314960 0.2 18080000
1731674340498 0.2 18120704
1731674369814 0.2 18153472
1731674393018 0.2 18186240
1731674416342 0.2 18219008
1731674438894 0.2 18240000
1731674464612 0.2 18284544
1731674487888 0.2 18317312
1731674511578 0.2 18350080
1731674541207 0.2 18382848
1731674563504 0.2 18400000
1731674589893 0.2 18448384
1731674619302 0.2 18481152
1731674643315 0.2 18513920
1731674667301 0.2 18546688
1731674688670 0.2 18560000
1731674715865 0.2 18612224
1731674738838 0.2 18644992
1731674762660 0.2 18677760
1731674786003 0.2 18710528
1731674806475 0.2 18720000
1731674834276 0.2 18776064
1731674857261 0.2 18808832
1731674880554 0.2 18841600
1731674910068 0.2 18874368
1731674929711 0.2 18880000
1731674958729 0.2 18939904
1731674988255 0.2 18972672
1731675017827 0.2 19005440
1731675040912 0.2 19038208
1731675066027 0.2 19040000
1731675102086 0.2 19103744
1731675125104 0.2 19136512
1731675148355 0.2 19169280
1731675179411 0.2 19200000
1731675203198 0.2 19234816
1731675226483 0.2 19267584
1731675249463 0.2 19300352
1731675272777 0.2 19333120
1731675297540 0.2 19360000
1731675321916 0.2 19398656
1731675344976 0.2 19431424
1731675368486 0.2 19464192
1731675397991 0.2 19496960
1731675421358 0.2 19520000
1731675453019 0.2 19562496
1731675476283 0.2 19595264
1731675499818 0.2 19628032
1731675529931 0.2 19660800
1731675552396 0.2 19680000
1731675578338 0.2 19726336
1731675601320 0.2 19759104
1731675624473 0.2 19791872
1731675647412 0.2 19824640
1731675668943 0.2 19840000
1731675695855 0.2 19890176
1731675719196 0.2 19922944
1731675748753 0.2 19955712
1731675772059 0.2 19988480
1731675793447 0.2 20000000
1731675827531 0.2 20054016
1731675850929 0.2 20086784
1731675874073 0.2 20119552
1731675898976 0.2 20152320
1731675918856 0.2 20160000
1731675947731 0.2 20217856
1731675977006 0.2 20250624
1731676001000 0.2 20283392
1731676024706 0.2 20316160
1731676044113 0.2 20320000
1731676080052 0.2 20381696
1731676103013 0.2 20414464
1731676126123 0.2 20447232
1731676151116 0.2 20480000
1731676174252 0.2 20512768
1731676197902 0.2 20545536
1731676221130 0.2 20578304
1731676250397 0.2 20611072
1731676275002 0.2 20640000
1731676299119 0.2 20676608
1731676322335 0.2 20709376
1731676345390 0.2 20742144
1731676368880 0.2 20774912
1731676393036 0.2 20800000
1731676424270 0.2 20840448
1731676447814 0.2 20873216
1731676477483 0.2 20905984
1731676507509 0.2 20938752
1731676530641 0.2 20960000
1731676556461 0.2 21004288
1731676579797 0.2 21037056
1731676602615 0.2 21069824
1731676632273 0.2 21102592
1731676654288 0.2 21120000
1731676681234 0.2 21168128
1731676704436 0.2 21200896
1731676727417 0.2 21233664
1731676750948 0.2 21266432
1731676772511 0.2 21280000
1731676799495 0.2 21331968
1731676822940 0.2 21364736
1731676846155 0.2 21397504
1731676869684 0.2 21430272
1731676890012 0.2 21440000
1731676924200 0.2 21495808
1731676953409 0.2 21528576
1731676976436 0.2 21561344
1731676999213 0.2 21594112
1731677018873 0.2 21600000
1731677047813 0.2 21659648
1731677071750 0.2 21692416
1731677094661 0.2 21725184
1731677118114 0.2 21757952
1731677143346 0.2 21760000
1731677173025 0.2 21823488
1731677196382 0.2 21856256
1731677219584 0.2 21889024
1731677244101 0.2 21920000
1731677267704 0.2 21954560
1731677291279 0.2 21987328
1731677314908 0.2 22020096
1731677338392 0.2 22052864
1731677362797 0.2 22080000
1731677387975 0.2 22118400
1731677411044 0.2 22151168
1731677434293 0.2 22183936
1731677463980 0.2 22216704
1731677493657 0.2 22240000
1731677519105 0.2 22282240
1731677542197 0.2 22315008
1731677565628 0.2 22347776
1731677595212 0.2 22380544
1731677617808 0.2 22400000
1731677650180 0.2 22446080
1731677673216 0.2 22478848
1731677696193 0.2 22511616
1731677719308 0.2 22544384
1731677741257 0.2 22560000
1731677767949 0.2 22609920
1731677790975 0.2 22642688
1731677820945 0.2 22675456
1731677845369 0.2 22708224
1731677867455 0.2 22720000
1731677901227 0.2 22773760
1731677924329 0.2 22806528
1731677947439 0.2 22839296
1731677976944 0.2 22872064
1731677997583 0.2 22880000
1731678025765 0.2 22937600
1731678048859 0.2 22970368
1731678078428 0.2 23003136
1731678102069 0.2 23035904
1731678128108 0.2 23040000
1731678163162 0.2 23101440
1731678186322 0.2 23134208
1731678209691 0.2 23166976
1731678233456 0.2 23199744
1731678252550 0.2 23200000
1731678288542 0.2 23265280
1731678313004 0.2 23298048
1731678336555 0.2 23330816
1731678367118 0.2 23360000
1731678391482 0.2 23396352
1731678415000 0.2 23429120
1731678438383 0.2 23461888
1731678461529 0.2 23494656
1731678485080 0.2 23520000
1731678516446 0.2 23560192
1731678539304 0.2 23592960
1731678562579 0.2 23625728
1731678586119 0.2 23658496
1731678609277 0.2 23680000
1731678641954 0.2 23724032
1731678665548 0.2 23756800
1731678688876 0.2 23789568
1731678712067 0.2 23822336
1731678734116 0.2 23840000
1731678760287 0.2 23887872
1731678784055 0.2 23920640
1731678813597 0.2 23953408
1731678843310 0.2 23986176
1731678864904 0.2 24000000
1731678899306 0.2 24051712
1731678924356 0.2 24084480
1731678948518 0.2 24117248
1731678972770 0.2 24150016
1731679000317 0.2 24160000
1731679028537 0.2 24215552
1731679051657 0.2 24248320
1731679075251 0.2 24281088
1731679098883 0.2 24313856
1731679125218 0.2 24320000
1731679154060 0.2 24379392
1731679177017 0.2 24412160
1731679200052 0.2 24444928
1731679223427 0.2 24477696
1731679242680 0.2 24480000
1731679272121 0.2 24543232
1731679295309 0.2 24576000
1731679324720 0.2 24608768
1731679349805 0.2 24640000
1731679373499 0.2 24674304
1731679396986 0.2 24707072
1731679420294 0.2 24739840
1731679443582 0.2 24772608
1731679467827 0.2 24800000
1731679492215 0.2 24838144
1731679515142 0.2 24870912
1731679538633 0.2 24903680
1731679568901 0.2 24936448
1731679591976 0.2 24960000
1731679616940 0.2 25001984
1731679640307 0.2 25034752
1731679664457 0.2 25067520
1731679688482 0.2 25100288
1731679711229 0.2 25120000
1731679737289 0.2 25165824
1731679760438 0.2 25198592
1731679783684 0.2 25231360
1731679807523 0.2 25264128
1731679829359 0.2 25280000
1731679856641 0.2 25329664
1731679885952 0.2 25362432
1731679915527 0.2 25395200
1731679938656 0.2 25427968
1731679959940 0.2 25440000
1731679988020 0.2 25493504
1731680017482 0.2 25526272
1731680040796 0.2 25559040
1731680064097 0.2 25591808
1731680090377 0.2 25600000
1731680118655 0.2 25657344
1731680142059 0.2 25690112
1731680165790 0.2 25722880
1731680195319 0.2 25755648
1731680220677 0.2 25760000
1731680255544 0.2 25821184
1731680284945 0.2 25853952
1731680308047 0.2 25886720
1731680337125 0.2 25919488
1731680355795 0.2 25920000
1731680385507 0.2 25985024
1731680408467 0.2 26017792
1731680431709 0.2 26050560
1731680456692 0.2 26080000
1731680481438 0.2 26116096
1731680505036 0.2 26148864
1731680528576 0.2 26181632
1731680557876 0.2 26214400
1731680581469 0.2 26240000
1731680606137 0.2 26279936
1731680629335 0.2 26312704
1731680652782 0.2 26345472
1731680682506 0.2 26378240
1731680705943 0.2 26400000
1731680737681 0.2 26443776
1731680766967 0.2 26476544
1731680790106 0.2 26509312
1731680813560 0.2 26542080
1731680835799 0.2 26560000
1731680862148 0.2 26607616
1731680885343 0.2 26640384
1731680908586 0.2 26673152
1731680931733 0.2 26705920
1731680952992 0.2 26720000
1731680980858 0.2 26771456
1731681005396 0.2 26804224
1731681028539 0.2 26836992
1731681052207 0.2 26869760
1731681079572 0.2 26880000
1731681114353 0.2 26935296
1731681137729 0.2 26968064
1731681161929 0.2 27000832
1731681185528 0.2 27033600
1731681205993 0.2 27040000
1731681235322 0.2 27099136
1731681259232 0.2 27131904
1731681283068 0.2 27164672
1731681306671 0.2 27197440
1731681326052 0.2 27200000
1731681355617 0.2 27262976
1731681378965 0.2 27295744
1731681408591 0.2 27328512
1731681433632 0.2 27360000
1731681457410 0.2 27394048
1731681480387 0.2 27426816
1731681503419 0.2 27459584
1731681526755 0.2 27492352
1731681557491 0.2 27520000
1731681584111 0.2 27557888
1731681607377 0.2 27590656
1731681637368 0.2 27623424
1731681666988 0.2 27656192
1731681689947 0.2 27680000
1731681721159 0.2 27721728
1731681744299 0.2 27754496
1731681767522 0.2 27787264
1731681790707 0.2 27820032
1731681813450 0.2 27840000
1731681839135 0.2 27885568
1731681868362 0.2 27918336
1731681892070 0.2 27951104
1731681915813 0.2 27983872
1731681937649 0.2 28000000
1731681964200 0.2 28049408
1731681987317 0.2 28082176
1731682010508 0.2 28114944
1731682033342 0.2 28147712
1731682054297 0.2 28160000
1731682081854 0.2 28213248
1731682105253 0.2 28246016
1731682128798 0.2 28278784
1731682152141 0.2 28311552
1731682172094 0.2 28320000
1731682200194 0.2 28377088
1731682229762 0.2 28409856
1731682258969 0.2 28442624
1731682282784 0.2 28475392
1731682302143 0.2 28480000
1731682330824 0.2 28540928
1731682354352 0.2 28573696
1731682384433 0.2 28606464
1731682414249 0.2 28639232
1731682432730 0.2 28640000
1731682462321 0.2 28704768
1731682485646 0.2 28737536
1731682508523 0.2 28770304
1731682532917 0.2 28800000
1731682556919 0.2 28835840
1731682580095 0.2 28868608
1731682603462 0.2 28901376
1731682626748 0.2 28934144
1731682656641 0.2 28960000
1731682681038 0.2 28999680
1731682703928 0.2 29032448
1731682732994 0.2 29065216
1731682756522 0.2 29097984
1731682785796 0.2 29120000
1731682811311 0.2 29163520
1731682834175 0.2 29196288
1731682857751 0.2 29229056
1731682887151 0.2 29261824
1731682909236 0.2 29280000
1731682935596 0.2 29327360
1731682964888 0.2 29360128
1731682987840 0.2 29392896
1731683010958 0.2 29425664
1731683032486 0.2 29440000
1731683059319 0.2 29491200
1731683082397 0.2 29523968
1731683111906 0.2 29556736
1731683135299 0.2 29589504
1731683155884 0.2 29600000
1731683190454 0.2 29655040
1731683213512 0.2 29687808
1731683243622 0.2 29720576
1731683272946 0.2 29753344
1731683292721 0.2 29760000
1731683321277 0.2 29818880
1731683344265 0.2 29851648
1731683367283 0.2 29884416
1731683390320 0.2 29917184
1731683409504 0.2 29920000
1731683438872 0.2 29982720
1731683461508 0.2 30015488
1731683484802 0.2 30048256
1731683515842 0.2 30080000
1731683545284 0.2 30113792
1731683568194 0.2 30146560
1731683591346 0.2 30179328
1731683614465 0.2 30212096
1731683638275 0.2 30240000
1731683662327 0.2 30277632
1731683691809 0.2 30310400
1731683714560 0.2 30343168
1731683737680 0.2 30375936
1731683760765 0.2 30400000
1731683791648 0.2 30441472
1731683820840 0.2 30474240
1731683844042 0.2 30507008
1731683873689 0.2 30539776
1731683896094 0.2 30560000
1731683928262 0.2 30605312
1731683951228 0.2 30638080
1731683974639 0.2 30670848
1731684006302 0.2 30703616
1731684034439 0.2 30720000
1731684061013 0.2 30769152
1731684083775 0.2 30801920
1731684106700 0.2 30834688
1731684129637 0.2 30867456
1731684150808 0.2 30880000
1731684184730 0.2 30932992
1731684214833 0.2 30965760
1731684243963 0.2 30998528
1731684267074 0.2 31031296
1731684293520 0.2 31040000
1731684321559 0.2 31096832
1731684344636 0.2 31129600
1731684367696 0.2 31162368
1731684390714 0.2 31195136
1731684410390 0.2 31200000
1731684445783 0.2 31260672
1731684469251 0.2 31293440
1731684492353 0.2 31326208
1731684515414 0.2 31358976
1731684534348 0.2 31360000
1731684563568 0.2 31424512
1731684586747 0.2 31457280
1731684609903 0.2 31490048
1731684640252 0.2 31520000
1731684664103 0.2 31555584
1731684687048 0.2 31588352
1731684716351 0.2 31621120
1731684739483 0.2 31653888
1731684769540 0.2 31680000
1731684799941 0.2 31719424
1731684823237 0.2 31752192
1731684846269 0.2 31784960
1731684869718 0.2 31817728
1731684892698 0.2 31840000
1731684918526 0.2 31883264
1731684941531 0.2 31916032
1731684964186 0.2 31948800
1731684987281 0.2 31981568
1731685009815 0.2 32000000
1731685036149 0.2 32047104
1731685059508 0.2 32079872
1731685082783 0.2 32112640
1731685105965 0.2 32145408
1731685133588 0.2 32160000
