1731660336286 0.0003 65536
1731660359667 0.0003 98304
1731660382995 0.0003 131072
1731660407216 0.0003 160000
1731660432333 0.0003 196608
1731660456586 0.0003 229376
1731660481450 0.0003 262144
1731660504793 0.0003 294912
1731660528737 0.0003 320000
1731660555312 0.0003 360448
1731660579782 0.0003 393216
1731660602678 0.0003 425984
1731660626987 0.0003 458752
1731660650092 0.0003 480000
1731660676333 0.0003 524288
1731660700374 0.0003 557056
1731660724635 0.0003 589824
1731660748443 0.0003 622592
1731660771328 0.0003 640000
1731660798731 0.0003 688128
1731660822208 0.0003 720896
1731660846794 0.0003 753664
1731660870416 0.0003 786432
1731660892287 0.0003 800000
1731660921134 0.0003 851968
1731660946441 0.0003 884736
1731660970546 0.0003 917504
1731660995261 0.0003 950272
1731661017367 0.0003 960000
1731661047301 0.0003 1015808
1731661072510 0.0003 1048576
1731661097260 0.0003 1081344
1731661129560 0.0003 1114112
1731661150678 0.0003 1120000
1731661186618 0.0003 1179648
1731661211300 0.0003 1212416
1731661242026 0.0003 1245184
1731661265583 0.0003 1277952
1731661286408 0.0003 1280000
1731661317089 0.0003 1343488
1731661349368 0.0003 1376256
1731661381355 0.0003 1409024
1731661412992 0.0003 1440000
1731661437096 0.0003 1474560
1731661460702 0.0003 1507328
1731661484587 0.0003 1540096
1731661507890 0.0003 1572864
1731661531859 0.0003 1600000
1731661562981 0.0003 1638400
1731661586523 0.0003 1671168
1731661609990 0.0003 1703936
1731661640632 0.0003 1736704
1731661664355 0.0003 1760000
1731661689839 0.0003 1802240
1731661713375 0.0003 1835008
1731661737003 0.0003 1867776
1731661760034 0.0003 1900544
1731661783104 0.0003 1920000
1731661808737 0.0003 1966080
1731661832211 0.0003 1998848
1731661862899 0.0003 2031616
1731661893759 0.0003 2064384
1731661916067 0.0003 2080000
1731661943567 0.0003 2129920
1731661967723 0.0003 2162688
1731661991420 0.0003 2195456
1731662021861 0.0003 2228224
1731662043763 0.0003 2240000
1731662073280 0.0003 2293760
1731662098895 0.0003 2326528
1731662123789 0.0003 2359296
1731662147743 0.0003 2392064
1731662169304 0.0003 2400000
1731662199376 0.0003 2457600
1731662230375 0.0003 2490368
1731662261224 0.0003 2523136
1731662285320 0.0003 2555904
1731662311881 0.0003 2560000
1731662348673 0.0003 2621440
1731662378438 0.0003 2654208
1731662402102 0.0003 2686976
1731662425716 0.0003 2719744
1731662451342 0.0003 2720000
1731662482053 0.0003 2785280
1731662507072 0.0003 2818048
1731662531652 0.0003 2850816
1731662556626 0.0003 2880000
1731662582158 0.0003 2916352
1731662607364 0.0003 2949120
1731662632437 0.0003 2981888
1731662656728 0.0003 3014656
1731662687243 0.0003 3040000
1731662713168 0.0003 3080192
1731662737090 0.0003 3112960
1731662760988 0.0003 3145728
1731662785213 0.0003 3178496
1731662808575 0.0003 3200000
1731662843052 0.0003 3244032
1731662867958 0.0003 3276800
1731662892500 0.0003 3309568
1731662916816 0.0003 3342336
1731662939603 0.0003 3360000
1731662974003 0.0003 3407872
1731662998661 0.0003 3440640
1731663029277 0.0003 3473408
1731663053140 0.0003 3506176
1731663074942 0.0003 3520000
1731663104101 0.0003 3571712
1731663128744 0.0003 3604480
1731663159360 0.0003 3637248
1731663183433 0.0003 3670016
1731663205830 0.0003 3680000
1731663241504 0.0003 3735552
1731663265630 0.0003 3768320
1731663289773 0.0003 3801088
1731663314109 0.0003 3833856
1731663334625 0.0003 3840000
1731663364086 0.0003 3899392
1731663388213 0.0003 3932160
1731663412156 0.0003 3964928
1731663436324 0.0003 3997696
1731663456458 0.0003 4000000
1731663486910 0.0003 4063232
1731663511079 0.0003 4096000
1731663534982 0.0003 4128768
1731663560409 0.0003 4160000
1731663585479 0.0003 4194304
1731663609574 0.0003 4227072
1731663634821 0.0003 4259840
1731663665808 0.0003 4292608
1731663690770 0.0003 4320000
1731663716502 0.0003 4358144
1731663741681 0.0003 4390912
1731663766409 0.0003 4423680
1731663791266 0.0003 4456448
1731663816088 0.0003 4480000
1731663842841 0.0003 4521984
1731663873268 0.0003 4554752
1731663897238 0.0003 4587520
1731663922130 0.0003 4620288
1731663946090 0.0003 4640000
1731663973153 0.0003 4685824
1731663997088 0.0003 4718592
1731664027870 0.0003 4751360
1731664051541 0.0003 4784128
1731664074496 0.0003 4800000
1731664103364 0.0003 4849664
1731664127433 0.0003 4882432
1731664151541 0.0003 4915200
1731664176560 0.0003 4947968
1731664199137 0.0003 4960000
1731664227411 0.0003 5013504
1731664257939 0.0003 5046272
1731664282897 0.0003 5079040
1731664307186 0.0003 5111808
1731664328268 0.0003 5120000
1731664357712 0.0003 5177344
1731664382189 0.0003 5210112
1731664412620 0.0003 5242880
1731664443043 0.0003 5275648
1731664463370 0.0003 5280000
1731664493419 0.0003 5341184
1731664517081 0.0003 5373952
1731664540733 0.0003 5406720
1731664564094 0.0003 5439488
1731664582884 0.0003 5440000
1731664612702 0.0003 5505024
1731664636173 0.0003 5537792
1731664659808 0.0003 5570560
1731664684250 0.0003 5600000
1731664709053 0.0003 5636096
1731664739304 0.0003 5668864
1731664762835 0.0003 5701632
1731664786331 0.0003 5734400
1731664810837 0.0003 5760000
1731664838041 0.0003 5799936
1731664862564 0.0003 5832704
1731664886715 0.0003 5865472
1731664910514 0.0003 5898240
1731664934207 0.0003 5920000
1731664961311 0.0003 5963776
1731664985374 0.0003 5996544
1731665008894 0.0003 6029312
1731665039583 0.0003 6062080
1731665062943 0.0003 6080000
1731665089875 0.0003 6127616
1731665113117 0.0003 6160384
1731665142714 0.0003 6193152
1731665166442 0.0003 6225920
1731665188011 0.0003 6240000
1731665221874 0.0003 6291456
1731665251582 0.0003 6324224
1731665282415 0.0003 6356992
1731665312651 0.0003 6389760
1731665333875 0.0003 6400000
1731665368627 0.0003 6455296
1731665391962 0.0003 6488064
1731665415280 0.0003 6520832
1731665438954 0.0003 6553600
1731665458868 0.0003 6560000
1731665487694 0.0003 6619136
1731665511024 0.0003 6651904
1731665534701 0.0003 6684672
1731665558524 0.0003 6717440
1731665577744 0.0003 6720000
1731665613629 0.0003 6782976
1731665644497 0.0003 6815744
1731665667541 0.0003 6848512
1731665692534 0.0003 6880000
1731665716617 0.0003 6914048
1731665746105 0.0003 6946816
1731665769499 0.0003 6979584
1731665793034 0.0003 7012352
1731665817094 0.0003 7040000
1731665841720 0.0003 7077888
1731665864998 0.0003 7110656
1731665888658 0.0003 7143424
1731665912681 0.0003 7176192
1731665937075 0.0003 7200000
1731665968989 0.0003 7241728
1731665998552 0.0003 7274496
1731666022075 0.0003 7307264
1731666045747 0.0003 7340032
1731666069204 0.0003 7360000
1731666095961 0.0003 7405568
1731666119772 0.0003 7438336
1731666143123 0.0003 7471104
1731666166568 0.0003 7503872
1731666188324 0.0003 7520000
1731666215457 0.0003 7569408
1731666238658 0.0003 7602176
1731666261903 0.0003 7634944
1731666285453 0.0003 7667712
1731666306690 0.0003 7680000
1731666334392 0.0003 7733248
1731666358114 0.0003 7766016
1731666387832 0.0003 7798784
1731666411270 0.0003 7831552
1731666432010 0.0003 7840000
1731666460828 0.0003 7897088
1731666484375 0.0003 7929856
1731666513674 0.0003 7962624
1731666537314 0.0003 7995392
1731666557000 0.0003 8000000
1731666592586 0.0003 8060928
1731666617638 0.0003 8093696
1731666641312 0.0003 8126464
1731666665319 0.0003 8159232
1731666684272 0.0003 8160000
1731666714144 0.0003 8224768
1731666737738 0.0003 8257536
1731666761159 0.0003 8290304
1731666785751 0.0003 8320000
1731666809812 0.0003 8355840
1731666833002 0.0003 8388608
1731666856866 0.0003 8421376
1731666880967 0.0003 8454144
1731666904864 0.0003 8480000
1731666930185 0.0003 8519680
1731666954129 0.0003 8552448
1731666977266 0.0003 8585216
1731667000619 0.0003 8617984
1731667024282 0.0003 8640000
1731667050199 0.0003 8683520
1731667074291 0.0003 8716288
1731667099532 0.0003 8749056
1731667124260 0.0003 8781824
1731667146776 0.0003 8800000
1731667173903 0.0003 8847360
1731667198056 0.0003 8880128
1731667227835 0.0003 8912896
1731667251116 0.0003 8945664
1731667272991 0.0003 8960000
1731667300358 0.0003 9011200
1731667323642 0.0003 9043968
1731667346985 0.0003 9076736
1731667370558 0.0003 9109504
1731667391716 0.0003 9120000
1731667420217 0.0003 9175040
1731667444449 0.0003 9207808
1731667468544 0.0003 9240576
1731667492780 0.0003 9273344
1731667513062 0.0003 9280000
1731667542196 0.0003 9338880
1731667565993 0.0003 9371648
1731667589661 0.0003 9404416
1731667619391 0.0003 9437184
1731667638847 0.0003 9440000
1731667669483 0.0003 9502720
1731667699263 0.0003 9535488
1731667722582 0.0003 9568256
1731667753964 0.0003 9600000
1731667777961 0.0003 9633792
1731667801643 0.0003 9666560
1731667825232 0.0003 9699328
1731667855200 0.0003 9732096
1731667880033 0.0003 9760000
1731667905336 0.0003 9797632
1731667928695 0.0003 9830400
1731667951967 0.0003 9863168
1731667981650 0.0003 9895936
1731668004803 0.0003 9920000
1731668030490 0.0003 9961472
1731668054168 0.0003 9994240
1731668077199 0.0003 10027008
1731668100184 0.0003 10059776
1731668122519 0.0003 10080000
1731668154962 0.0003 10125312
1731668178187 0.0003 10158080
1731668201506 0.0003 10190848
1731668225198 0.0003 10223616
1731668248470 0.0003 10240000
1731668276557 0.0003 10289152
1731668300769 0.0003 10321920
1731668325861 0.0003 10354688
1731668349381 0.0003 10387456
1731668376649 0.0003 10400000
1731668404575 0.0003 10452992
1731668428024 0.0003 10485760
1731668451646 0.0003 10518528
1731668481532 0.0003 10551296
1731668504916 0.0003 10560000
1731668539896 0.0003 10616832
1731668563457 0.0003 10649600
1731668587550 0.0003 10682368
1731668611827 0.0003 10715136
1731668637600 0.0003 10720000
1731668667444 0.0003 10780672
1731668691280 0.0003 10813440
1731668722826 0.0003 10846208
1731668753559 0.0003 10878976
1731668778891 0.0003 10880000
1731668811495 0.0003 10944512
1731668843248 0.0003 10977280
1731668867367 0.0003 11010048
1731668893066 0.0003 11040000
1731668918533 0.0003 11075584
1731668942713 0.0003 11108352
1731668966743 0.0003 11141120
1731668990450 0.0003 11173888
1731669021512 0.0003 11200000
1731669047841 0.0003 11239424
1731669072665 0.0003 11272192
1731669098799 0.0003 11304960
1731669123507 0.0003 11337728
1731669148086 0.0003 11360000
1731669176515 0.0003 11403264
1731669202320 0.0003 11436032
1731669232769 0.0003 11468800
1731669257151 0.0003 11501568
1731669280448 0.0003 11520000
1731669308381 0.0003 11567104
1731669333554 0.0003 11599872
1731669358027 0.0003 11632640
1731669382573 0.0003 11665408
1731669404706 0.0003 11680000
1731669433444 0.0003 11730944
1731669457644 0.0003 11763712
1731669488050 0.0003 11796480
1731669513238 0.0003 11829248
1731669536910 0.0003 11840000
1731669565967 0.0003 11894784
1731669589994 0.0003 11927552
1731669614774 0.0003 11960320
1731669638893 0.0003 11993088
1731669659788 0.0003 12000000
1731669695669 0.0003 12058624
1731669720177 0.0003 12091392
1731669745316 0.0003 12124160
1731669769526 0.0003 12156928
1731669789791 0.0003 12160000
1731669820331 0.0003 12222464
1731669845280 0.0003 12255232
1731669869665 0.0003 12288000
1731669895750 0.0003 12320000
1731669920538 0.0003 12353536
1731669950802 0.0003 12386304
1731669974959 0.0003 12419072
1731670005313 0.0003 12451840
1731670030497 0.0003 12480000
1731670055850 0.0003 12517376
1731670079694 0.0003 12550144
1731670103657 0.0003 12582912
1731670127928 0.0003 12615680
1731670151720 0.0003 12640000
1731670178205 0.0003 12681216
1731670202054 0.0003 12713984
1731670225818 0.0003 12746752
1731670249620 0.0003 12779520
1731670273037 0.0003 12800000
1731670299961 0.0003 12845056
1731670323788 0.0003 12877824
1731670347293 0.0003 12910592
1731670370657 0.0003 12943360
1731670392971 0.0003 12960000
1731670421014 0.0003 13008896
1731670444828 0.0003 13041664
1731670474510 0.0003 13074432
1731670498569 0.0003 13107200
1731670520777 0.0003 13120000
1731670549239 0.0003 13172736
1731670573053 0.0003 13205504
1731670603018 0.0003 13238272
1731670626827 0.0003 13271040
1731670647996 0.0003 13280000
1731670677229 0.0003 13336576
1731670701362 0.0003 13369344
1731670725002 0.0003 13402112
1731670755239 0.0003 13434880
1731670775235 0.0003 13440000
1731670805393 0.0003 13500416
1731670828775 0.0003 13533184
1731670852212 0.0003 13565952
1731670875611 0.0003 13598720
1731670894993 0.0003 13600000
1731670925701 0.0003 13664256
1731670949459 0.0003 13697024
1731670972827 0.0003 13729792
1731670997673 0.0003 13760000
1731671022097 0.0003 13795328
1731671045433 0.0003 13828096
1731671068941 0.0003 13860864
1731671092916 0.0003 13893632
1731671117174 0.0003 13920000
1731671141967 0.0003 13959168
1731671165620 0.0003 13991936
1731671189165 0.0003 14024704
1731671219170 0.0003 14057472
1731671243019 0.0003 14080000
1731671269439 0.0003 14123008
1731671293091 0.0003 14155776
1731671317014 0.0003 14188544
1731671346890 0.0003 14221312
1731671369903 0.0003 14240000
1731671402476 0.0003 14286848
1731671426189 0.0003 14319616
1731671449621 0.0003 14352384
1731671473340 0.0003 14385152
1731671494906 0.0003 14400000
1731671522453 0.0003 14450688
1731671545956 0.0003 14483456
1731671569395 0.0003 14516224
1731671592807 0.0003 14548992
1731671613858 0.0003 14560000
1731671641520 0.0003 14614528
1731671664989 0.0003 14647296
1731671688371 0.0003 14680064
1731671711662 0.0003 14712832
1731671731760 0.0003 14720000
1731671760164 0.0003 14778368
1731671783652 0.0003 14811136
1731671807205 0.0003 14843904
1731671830872 0.0003 14876672
1731671850945 0.0003 14880000
1731671880985 0.0003 14942208
1731671904553 0.0003 14974976
1731671934239 0.0003 15007744
1731671965386 0.0003 15040000
1731671988813 0.0003 15073280
1731672012243 0.0003 15106048
1731672035483 0.0003 15138816
1731672065022 0.0003 15171584
1731672088643 0.0003 15200000
1731672113280 0.0003 15237120
1731672136552 0.0003 15269888
1731672160015 0.0003 15302656
1731672183325 0.0003 15335424
1731672212717 0.0003 15360000
1731672237652 0.0003 15400960
1731672261029 0.0003 15433728
1731672284478 0.0003 15466496
1731672307971 0.0003 15499264
1731672331190 0.0003 15520000
1731672357210 0.0003 15564800
1731672380659 0.0003 15597568
1731672404162 0.0003 15630336
1731672427793 0.0003 15663104
1731672450287 0.0003 15680000
1731672479182 0.0003 15728640
1731672502836 0.0003 15761408
1731672526384 0.0003 15794176
1731672549773 0.0003 15826944
1731672571434 0.0003 15840000
1731672598854 0.0003 15892480
1731672628966 0.0003 15925248
1731672659031 0.0003 15958016
1731672688920 0.0003 15990784
1731672715859 0.0003 16000000
1731672744505 0.0003 16056320
1731672768125 0.0003 16089088
1731672791619 0.0003 16121856
1731672815070 0.0003 16154624
1731672834935 0.0003 16160000
1731672863965 0.0003 16220160
1731672887555 0.0003 16252928
1731672911540 0.0003 16285696
1731672941164 0.0003 16318464
1731672960427 0.0003 16320000
1731672989992 0.0003 16384000
1731673013392 0.0003 16416768
1731673043627 0.0003 16449536
1731673074293 0.0003 16480000
1731673098424 0.0003 16515072
1731673128153 0.0003 16547840
1731673151696 0.0003 16580608
1731673175240 0.0003 16613376
1731673205509 0.0003 16640000
1731673230408 0.0003 16678912
1731673253770 0.0003 16711680
1731673277490 0.0003 16744448
1731673300948 0.0003 16777216
1731673330267 0.0003 16800000
1731673355285 0.0003 16842752
1731673385807 0.0003 16875520
1731673409021 0.0003 16908288
1731673432919 0.0003 16941056
1731673455870 0.0003 16960000
1731673481850 0.0003 17006592
1731673505322 0.0003 17039360
1731673528917 0.0003 17072128
1731673558420 0.0003 17104896
1731673586216 0.0003 17120000
1731673614580 0.0003 17170432
1731673638508 0.0003 17203200
1731673662083 0.0003 17235968
1731673685163 0.0003 17268736
1731673705987 0.0003 17280000
1731673735490 0.0003 17334272
1731673759310 0.0003 17367040
1731673782630 0.0003 17399808
1731673806101 0.0003 17432576
1731673826095 0.0003 17440000
1731673860942 0.0003 17498112
1731673884100 0.0003 17530880
1731673908111 0.0003 17563648
1731673931496 0.0003 17596416
1731673951027 0.0003 17600000
1731673980344 0.0003 17661952
1731674009727 0.0003 17694720
1731674034248 0.0003 17727488
1731674059579 0.0003 17760000
1731674089301 0.0003 17793024
1731674112632 0.0003 17825792
1731674136083 0.0003 17858560
1731674165755 0.0003 17891328
1731674197057 0.0003 17920000
1731674221118 0.0003 17956864
1731674244478 0.0003 17989632
1731674268138 0.0003 18022400
1731674291270 0.0003 18055168
1731674314999 0.0003 18080000
1731674340535 0.0003 18120704
1731674369842 0.0003 18153472
1731674393083 0.0003 18186240
1731674416396 0.0003 18219008
1731674438928 0.0003 18240000
1731674464673 0.0003 18284544
1731674487947 0.0003 18317312
1731674511710 0.0003 18350080
1731674541302 0.0003 18382848
1731674563595 0.0003 18400000
1731674590016 0.0003 18448384
1731674619345 0.0003 18481152
1731674643666 0.0003 18513920
1731674667426 0.0003 18546688
1731674688729 0.0003 18560000
1731674715901 0.0003 18612224
1731674739069 0.0003 18644992
1731674762691 0.0003 18677760
1731674786077 0.0003 18710528
1731674806520 0.0003 18720000
1731674834351 0.0003 18776064
1731674857304 0.0003 18808832
1731674880582 0.0003 18841600
1731674910099 0.0003 18874368
1731674929761 0.0003 18880000
1731674958794 0.0003 18939904
1731674988319 0.0003 18972672
1731675017895 0.0003 19005440
1731675040946 0.0003 19038208
1731675066169 0.0003 19040000
1731675102112 0.0003 19103744
1731675125144 0.0003 19136512
1731675148469 0.0003 19169280
1731675179457 0.0003 19200000
1731675203254 0.0003 19234816
1731675226531 0.0003 19267584
1731675249527 0.0003 19300352
1731675272956 0.0003 19333120
1731675297582 0.0003 19360000
1731675321958 0.0003 19398656
1731675345067 0.0003 19431424
1731675368529 0.0003 19464192
1731675398103 0.0003 19496960
1731675421426 0.0003 19520000
1731675453064 0.0003 19562496
1731675476350 0.0003 19595264
1731675499850 0.0003 19628032
1731675529959 0.0003 19660800
1731675552593 0.0003 19680000
1731675578370 0.0003 19726336
1731675601355 0.0003 19759104
1731675624500 0.0003 19791872
1731675647465 0.0003 19824640
1731675669013 0.0003 19840000
1731675695888 0.0003 19890176
1731675719263 0.0003 19922944
1731675748847 0.0003 19955712
1731675772165 0.0003 19988480
1731675793623 0.0003 20000000
1731675827558 0.0003 20054016
1731675851027 0.0003 20086784
1731675874171 0.0003 20119552
1731675899024 0.0003 20152320
1731675918883 0.0003 20160000
1731675947775 0.0003 20217856
1731675977056 0.0003 20250624
1731676001287 0.0003 20283392
1731676024736 0.0003 20316160
1731676044156 0.0003 20320000
1731676080088 0.0003 20381696
1731676103056 0.0003 20414464
1731676126167 0.0003 20447232
1731676151227 0.0003 20480000
1731676174340 0.0003 20512768
1731676198028 0.0003 20545536
1731676221181 0.0003 20578304
1731676250439 0.0003 20611072
1731676275079 0.0003 20640000
1731676299151 0.0003 20676608
1731676322404 0.0003 20709376
1731676345413 0.0003 20742144
1731676368926 0.0003 20774912
1731676393069 0.0003 20800000
1731676424366 0.0003 20840448
1731676447908 0.0003 20873216
1731676477551 0.0003 20905984
1731676507603 0.0003 20938752
1731676530774 0.0003 20960000
1731676556499 0.0003 21004288
1731676579847 0.0003 21037056
1731676602705 0.0003 21069824
1731676632299 0.0003 21102592
1731676654424 0.0003 21120000
1731676681269 0.0003 21168128
1731676704540 0.0003 21200896
1731676727480 0.0003 21233664
1731676751018 0.0003 21266432
1731676772646 0.0003 21280000
1731676799536 0.0003 21331968
1731676822988 0.0003 21364736
1731676846244 0.0003 21397504
1731676869732 0.0003 21430272
1731676890128 0.0003 21440000
1731676924277 0.0003 21495808
1731676953434 0.0003 21528576
1731676976461 0.0003 21561344
1731676999262 0.0003 21594112
1731677018950 0.0003 21600000
1731677047884 0.0003 21659648
1731677071776 0.0003 21692416
1731677094687 0.0003 21725184
1731677118201 0.0003 21757952
1731677143396 0.0003 21760000
1731677173157 0.0003 21823488
1731677196408 0.0003 21856256
1731677219610 0.0003 21889024
1731677244142 0.0003 21920000
1731677267755 0.0003 21954560
1731677291369 0.0003 21987328
1731677314975 0.0003 22020096
1731677338419 0.0003 22052864
1731677363023 0.0003 22080000
1731677388016 0.0003 22118400
1731677411136 0.0003 22151168
1731677434400 0.0003 22183936
1731677464036 0.0003 22216704
1731677493799 0.0003 22240000
1731677519135 0.0003 22282240
1731677542249 0.0003 22315008
1731677565672 0.0003 22347776
1731677595255 0.0003 22380544
1731677617868 0.0003 22400000
1731677650236 0.0003 22446080
1731677673242 0.0003 22478848
1731677696227 0.0003 22511616
1731677719354 0.0003 22544384
1731677741347 0.0003 22560000
1731677768000 0.0003 22609920
1731677791311 0.0003 22642688
1731677821101 0.0003 22675456
1731677845786 0.0003 22708224
1731677867501 0.0003 22720000
1731677901302 0.0003 22773760
1731677924368 0.0003 22806528
1731677947506 0.0003 22839296
1731677977065 0.0003 22872064
1731677997759 0.0003 22880000
1731678025793 0.0003 22937600
1731678048902 0.0003 22970368
1731678078495 0.0003 23003136
1731678102102 0.0003 23035904
1731678128141 0.0003 23040000
1731678163196 0.0003 23101440
1731678186363 0.0003 23134208
1731678209717 0.0003 23166976
1731678233631 0.0003 23199744
1731678252617 0.0003 23200000
1731678288751 0.0003 23265280
1731678313152 0.0003 23298048
1731678336629 0.0003 23330816
1731678367222 0.0003 23360000
1731678391518 0.0003 23396352
1731678415109 0.0003 23429120
1731678438476 0.0003 23461888
1731678461593 0.0003 23494656
1731678485110 0.0003 23520000
1731678516506 0.0003 23560192
1731678539347 0.0003 23592960
1731678562663 0.0003 23625728
1731678586163 0.0003 23658496
1731678609331 0.0003 23680000
1731678641999 0.0003 23724032
1731678665653 0.0003 23756800
1731678688926 0.0003 23789568
1731678712116 0.0003 23822336
1731678734145 0.0003 23840000
1731678760334 0.0003 23887872
1731678784131 0.0003 23920640
1731678813646 0.0003 23953408
1731678843359 0.0003 23986176
1731678865024 0.0003 24000000
1731678899676 0.0003 24051712
1731678924608 0.0003 24084480
1731678948573 0.0003 24117248
1731678973138 0.0003 24150016
1731679000404 0.0003 24160000
1731679028570 0.0003 24215552
1731679051801 0.0003 24248320
1731679075456 0.0003 24281088
1731679098910 0.0003 24313856
1731679125303 0.0003 24320000
1731679154086 0.0003 24379392
1731679177063 0.0003 24412160
1731679200081 0.0003 24444928
1731679223560 0.0003 24477696
1731679242731 0.0003 24480000
1731679272168 0.0003 24543232
1731679295352 0.0003 24576000
1731679324793 0.0003 24608768
1731679349845 0.0003 24640000
1731679373533 0.0003 24674304
1731679397115 0.0003 24707072
1731679420460 0.0003 24739840
1731679443630 0.0003 24772608
1731679467887 0.0003 24800000
1731679492282 0.0003 24838144
1731679515182 0.0003 24870912
1731679538662 0.0003 24903680
1731679568997 0.0003 24936448
1731679592014 0.0003 24960000
1731679616980 0.0003 25001984
1731679640335 0.0003 25034752
1731679664851 0.0003 25067520
1731679688520 0.0003 25100288
1731679711264 0.0003 25120000
1731679737319 0.0003 25165824
1731679760533 0.0003 25198592
1731679783732 0.0003 25231360
1731679807617 0.0003 25264128
1731679829428 0.0003 25280000
1731679856678 0.0003 25329664
1731679885995 0.0003 25362432
1731679915578 0.0003 25395200
1731679938698 0.0003 25427968
1731679960004 0.0003 25440000
1731679988062 0.0003 25493504
1731680017670 0.0003 25526272
1731680040838 0.0003 25559040
1731680064123 0.0003 25591808
1731680090479 0.0003 25600000
1731680118695 0.0003 25657344
1731680142183 0.0003 25690112
1731680165900 0.0003 25722880
1731680195349 0.0003 25755648
1731680220713 0.0003 25760000
1731680255622 0.0003 25821184
1731680285066 0.0003 25853952
1731680308105 0.0003 25886720
1731680337164 0.0003 25919488
1731680355821 0.0003 25920000
1731680385546 0.0003 25985024
1731680408498 0.0003 26017792
1731680431788 0.0003 26050560
1731680456931 0.0003 26080000
1731680481527 0.0003 26116096
1731680505081 0.0003 26148864
1731680528606 0.0003 26181632
1731680558040 0.0003 26214400
1731680581499 0.0003 26240000
1731680606172 0.0003 26279936
1731680629422 0.0003 26312704
1731680652863 0.0003 26345472
1731680682565 0.0003 26378240
1731680705998 0.0003 26400000
1731680737722 0.0003 26443776
1731680767047 0.0003 26476544
1731680790177 0.0003 26509312
1731680813651 0.0003 26542080
1731680835876 0.0003 26560000
1731680862188 0.0003 26607616
1731680885397 0.0003 26640384
1731680908659 0.0003 26673152
1731680931768 0.0003 26705920
1731680953093 0.0003 26720000
1731680981208 0.0003 26771456
1731681005528 0.0003 26804224
1731681028639 0.0003 26836992
1731681052325 0.0003 26869760
1731681079963 0.0003 26880000
1731681114416 0.0003 26935296
1731681137860 0.0003 26968064
1731681162033 0.0003 27000832
1731681185633 0.0003 27033600
1731681206051 0.0003 27040000
1731681235652 0.0003 27099136
1731681259388 0.0003 27131904
1731681283119 0.0003 27164672
1731681306772 0.0003 27197440
1731681326128 0.0003 27200000
1731681355719 0.0003 27262976
1731681379052 0.0003 27295744
1731681408642 0.0003 27328512
1731681433784 0.0003 27360000
1731681457467 0.0003 27394048
1731681480422 0.0003 27426816
1731681503594 0.0003 27459584
1731681526784 0.0003 27492352
1731681557935 0.0003 27520000
1731681584146 0.0003 27557888
1731681607474 0.0003 27590656
1731681637395 0.0003 27623424
1731681667045 0.0003 27656192
1731681689971 0.0003 27680000
1731681721221 0.0003 27721728
1731681744331 0.0003 27754496
1731681767621 0.0003 27787264
1731681790735 0.0003 27820032
1731681813495 0.0003 27840000
1731681839164 0.0003 27885568
1731681868437 0.0003 27918336
1731681892201 0.0003 27951104
1731681915863 0.0003 27983872
1731681937677 0.0003 28000000
1731681964250 0.0003 28049408
1731681987363 0.0003 28082176
1731682010575 0.0003 28114944
1731682033382 0.0003 28147712
1731682054389 0.0003 28160000
1731682081904 0.0003 28213248
1731682105306 0.0003 28246016
1731682128916 0.0003 28278784
1731682152325 0.0003 28311552
1731682172170 0.0003 28320000
1731682200246 0.0003 28377088
1731682229793 0.0003 28409856
1731682259012 0.0003 28442624
1731682282829 0.0003 28475392
1731682302181 0.0003 28480000
1731682330859 0.0003 28540928
1731682354544 0.0003 28573696
1731682384486 0.0003 28606464
1731682414323 0.0003 28639232
1731682432755 0.0003 28640000
1731682462361 0.0003 28704768
1731682485692 0.0003 28737536
1731682508578 0.0003 28770304
1731682532961 0.0003 28800000
1731682556945 0.0003 28835840
1731682580154 0.0003 28868608
1731682603524 0.0003 28901376
1731682626803 0.0003 28934144
1731682656677 0.0003 28960000
1731682681088 0.0003 28999680
1731682704081 0.0003 29032448
1731682733029 0.0003 29065216
1731682756555 0.0003 29097984
1731682785823 0.0003 29120000
1731682811356 0.0003 29163520
1731682834259 0.0003 29196288
1731682857792 0.0003 29229056
1731682887179 0.0003 29261824
1731682909300 0.0003 29280000
1731682935630 0.0003 29327360
1731682964921 0.0003 29360128
1731682987923 0.0003 29392896
1731683011000 0.0003 29425664
1731683032514 0.0003 29440000
1731683059364 0.0003 29491200
1731683082439 0.0003 29523968
1731683112012 0.0003 29556736
1731683135332 0.0003 29589504
1731683155968 0.0003 29600000
1731683190483 0.0003 29655040
1731683213919 0.0003 29687808
1731683243699 0.0003 29720576
1731683273002 0.0003 29753344
1731683292761 0.0003 29760000
1731683321314 0.0003 29818880
1731683344290 0.0003 29851648
1731683367310 0.0003 29884416
1731683390369 0.0003 29917184
1731683409551 0.0003 29920000
1731683438905 0.0003 29982720
1731683461642 0.0003 30015488
1731683484870 0.0003 30048256
1731683515917 0.0003 30080000
1731683545309 0.0003 30113792
1731683568308 0.0003 30146560
1731683591396 0.0003 30179328
1731683614489 0.0003 30212096
1731683638300 0.0003 30240000
1731683662393 0.0003 30277632
1731683691851 0.0003 30310400
1731683714599 0.0003 30343168
1731683737713 0.0003 30375936
1731683760815 0.0003 30400000
1731683791682 0.0003 30441472
1731683820918 0.0003 30474240
1731683844085 0.0003 30507008
1731683873767 0.0003 30539776
1731683896194 0.0003 30560000
1731683928310 0.0003 30605312
1731683951279 0.0003 30638080
1731683974841 0.0003 30670848
1731684006444 0.0003 30703616
1731684034555 0.0003 30720000
1731684061089 0.0003 30769152
1731684083808 0.0003 30801920
1731684106744 0.0003 30834688
1731684129704 0.0003 30867456
1731684150910 0.0003 30880000
1731684184840 0.0003 30932992
1731684214872 0.0003 30965760
1731684244002 0.0003 30998528
1731684267124 0.0003 31031296
1731684293582 0.0003 31040000
1731684321601 0.0003 31096832
1731684344695 0.0003 31129600
1731684367749 0.0003 31162368
1731684390756 0.0003 31195136
1731684410481 0.0003 31200000
1731684445875 0.0003 31260672
1731684469368 0.0003 31293440
1731684492386 0.0003 31326208
1731684515500 0.0003 31358976
1731684534391 0.0003 31360000
1731684563623 0.0003 31424512
1731684586825 0.0003 31457280
1731684610039 0.0003 31490048
1731684640303 0.0003 31520000
1731684664149 0.0003 31555584
1731684687076 0.0003 31588352
1731684716432 0.0003 31621120
1731684739536 0.0003 31653888
1731684769569 0.0003 31680000
1731684799984 0.0003 31719424
1731684823265 0.0003 31752192
1731684846438 0.0003 31784960
1731684869798 0.0003 31817728
1731684892733 0.0003 31840000
1731684918609 0.0003 31883264
1731684941627 0.0003 31916032
1731684964229 0.0003 31948800
1731684987319 0.0003 31981568
1731685009883 0.0003 32000000
1731685036443 0.0003 32047104
1731685059544 0.0003 32079872
1731685082827 0.0003 32112640
1731685106000 0.0003 32145408
1731685133630 0.0003 32160000
