1731660336436 -0.03733259003256535 65536
1731660360061 -0.04015979506377789 98304
1731660383036 -0.04097740646702732 131072
1731660407610 -0.04035420798704763 160000
1731660432732 -0.03731832551547996 196608
1731660456842 -0.03750852134160141 229376
1731660481931 -0.03780613678059126 262144
1731660504914 -0.03777541304348233 294912
1731660529113 -0.03743445670306755 320000
1731660555362 -0.037930043671713064 360448
1731660580163 -0.037660871168282026 393216
1731660602757 -0.038164349342605416 425984
1731660627381 -0.038871757738615995 458752
1731660650148 -0.04005104401053359 480000
1731660676724 -0.03912310343521312 524288
1731660700432 -0.038934749754071164 557056
1731660725015 -0.03888121883810527 589824
1731660748551 -0.03924978516029114 622592
1731660771702 -0.03981393187941649 640000
1731660798822 -0.04038466934534881 688128
1731660822385 -0.039521090671405544 720896
1731660847247 -0.0401068317231875 753664
1731660870594 -0.04047186816756039 786432
1731660892403 -0.041599315397297686 800000
1731660921592 -0.041462968548057685 851968
1731660946857 -0.04143961090730954 884736
1731660970838 -0.04017640224005845 917504
1731660995666 -0.04103091724864498 950272
1731661017496 -0.04030414231554005 960000
1731661047845 -0.04187791143758659 1015808
1731661072999 -0.0407183930300107 1048576
1731661097331 -0.041155981083784356 1081344
1731661129947 -0.040044000194575345 1114112
1731661150866 -0.04205796126598216 1120000
1731661186922 -0.04351541639041443 1179648
1731661211764 -0.04060356246086485 1212416
1731661242202 -0.040669498521947386 1245184
1731661265712 -0.04102049778639412 1277952
1731661286868 -0.04146435831785311 1280000
1731661317252 -0.040520493237454505 1343488
1731661350022 -0.04147887540334523 1376256
1731661381474 -0.040087439529679615 1409024
1731661413207 -0.0412912085176913 1440000
1731661437168 -0.040615598348722415 1474560
1731661460755 -0.04076054600086536 1507328
1731661484681 -0.0401375004298643 1540096
1731661507943 -0.03949393854663867 1572864
1731661531941 -0.03975026492146298 1600000
1731661563074 -0.04062669340546563 1638400
1731661586577 -0.040034578822860566 1671168
1731661610030 -0.03822259860603481 1703936
1731661641049 -0.0395710622623028 1736704
1731661664457 -0.040103058874956334 1760000
1731661689905 -0.038334326266385686 1802240
1731661713544 -0.03869134968999788 1835008
1731661737125 -0.039396821094669576 1867776
1731661760136 -0.039966730821561214 1900544
1731661783178 -0.038403349245049866 1920000
1731661808909 -0.04011669927754156 1966080
1731661832321 -0.039534445856361344 1998848
1731661863242 -0.04041397373534892 2031616
1731661893848 -0.03908993315517364 2064384
1731661916092 -0.038929273983239907 2080000
1731661943951 -0.03670220277134604 2129920
1731661967865 -0.03894818871017378 2162688
1731661991508 -0.03518022479556748 2195456
1731662022018 -0.038667433772661755 2228224
1731662043947 -0.037415994788125316 2240000
1731662073460 -0.03923458572562595 2293760
1731662099431 -0.03713508860187176 2326528
1731662123888 -0.03674916492718694 2359296
1731662147865 -0.03781195017236314 2392064
1731662169828 -0.034568067494524256 2400000
1731662199704 -0.035031293153951995 2457600
1731662230573 -0.03534355454266915 2490368
1731662261332 -0.03693580288513658 2523136
1731662285499 -0.035060965691263844 2555904
1731662312006 -0.0343484850357072 2560000
1731662348780 -0.032499577994394714 2621440
1731662378500 -0.033203723341875956 2654208
1731662402154 -0.03681927381976493 2686976
1731662425824 -0.03532378199820414 2719744
1731662451468 -0.030008350041543962 2720000
1731662482190 -0.022616292797192728 2785280
1731662507479 -0.02284338547858624 2818048
1731662531737 -0.02321549764460542 2850816
1731662556971 -0.02998839456040514 2880000
1731662582262 -0.021651410675804072 2916352
1731662607740 -0.024517503669630968 2949120
1731662632537 -0.01965946022828575 2981888
1731662656860 -0.023344516198051224 3014656
1731662687339 -0.02468821339321039 3040000
1731662713231 -0.026550074721944837 3080192
1731662737239 -0.02288791637806753 3112960
1731662761067 -0.024217429314103357 3145728
1731662785311 -0.01759026391914631 3178496
1731662808678 -0.020879024822465907 3200000
1731662843612 -0.024127790939155604 3244032
1731662868039 -0.020831171273084693 3276800
1731662892567 -0.02620669157233806 3309568
1731662916886 -0.019703470696526892 3342336
1731662939773 -0.021121706142707808 3360000
1731662974116 -0.02250853089069551 3407872
1731662998768 -0.02281430026127964 3440640
1731663029352 -0.02050157086373474 3473408
1731663053207 -0.02137477004370112 3506176
1731663075087 -0.022130179831253826 3520000
1731663104435 -0.02459629327423727 3571712
1731663128835 -0.024411085832525714 3604480
1731663159418 -0.02371522696057582 3637248
1731663183498 -0.02077884855671073 3670016
1731663205898 -0.023658184400301253 3680000
1731663241612 -0.02359896333182405 3735552
1731663265730 -0.023566990421022636 3768320
1731663289835 -0.02253118033188457 3801088
1731663314200 -0.023304241750338406 3833856
1731663334727 -0.021211837047985682 3840000
1731663364159 -0.02123532147027163 3899392
1731663388266 -0.024174776525364906 3932160
1731663412215 -0.022809148265673686 3964928
1731663436419 -0.024311207671917145 3997696
1731663456660 -0.021599738326494845 4000000
1731663486968 -0.023705497189848757 4063232
1731663511156 -0.023179485021228175 4096000
1731663535112 -0.02357660144448346 4128768
1731663560790 -0.02422897959368129 4160000
1731663585564 -0.02558473189747019 4194304
1731663609651 -0.023585575513334334 4227072
1731663635229 -0.025237134125768536 4259840
1731663665868 -0.024738168052203947 4292608
1731663691120 -0.024958064834481774 4320000
1731663716551 -0.02424152675391724 4358144
1731663742064 -0.025648665135940975 4390912
1731663766469 -0.023157093743543557 4423680
1731663791639 -0.02204990377492777 4456448
1731663816236 -0.02602546042758149 4480000
1731663842914 -0.024496484972178222 4521984
1731663873359 -0.02434642531410418 4554752
1731663897388 -0.024541235116157623 4587520
1731663922510 -0.025627127789516636 4620288
1731663946170 -0.026350377532457968 4640000
1731663973203 -0.022982716383012303 4685824
1731663997142 -0.0255090807493616 4718592
1731664027960 -0.026747362015817087 4751360
1731664051596 -0.026864844518513564 4784128
1731664074926 -0.02602799045505435 4800000
1731664103447 -0.027136627433901595 4849664
1731664127532 -0.027282905616175412 4882432
1731664151594 -0.027410341514178073 4915200
1731664176950 -0.02642628630417221 4947968
1731664199216 -0.025161986926070766 4960000
1731664227461 -0.02541899782067958 5013504
1731664258031 -0.027092713436013584 5046272
1731664283296 -0.026895726728207593 5079040
1731664307236 -0.026978313865242853 5111808
1731664328362 -0.027789543277845042 5120000
1731664357778 -0.027825715841299826 5177344
1731664382239 -0.026309968566783935 5210112
1731664412669 -0.024128089985060795 5242880
1731664443111 -0.023424399849932342 5275648
1731664463503 -0.023355777745268824 5280000
1731664493469 -0.025623101273117753 5341184
1731664517117 -0.027939937450219075 5373952
1731664540800 -0.02634013418910399 5406720
1731664564149 -0.024636645944144674 5439488
1731664582974 -0.026147781960753493 5440000
1731664612745 -0.025238783701979628 5505024
1731664636198 -0.02340305373309093 5537792
1731664659844 -0.02413936689338243 5570560
1731664684309 -0.023544165940438688 5600000
1731664709201 -0.02373469510300765 5636096
1731664739442 -0.025832644873071332 5668864
1731664762898 -0.02487408305059944 5701632
1731664786406 -0.026126230941281393 5734400
1731664810894 -0.02675184244239972 5760000
1731664838452 -0.023509892064816997 5799936
1731664862636 -0.025884545707253893 5832704
1731664886871 -0.02573331351068191 5865472
1731664910580 -0.026424004826412783 5898240
1731664934574 -0.024809069335151434 5920000
1731664961442 -0.025232043087044076 5963776
1731664985440 -0.024239773335875726 5996544
1731665008969 -0.02547297196431373 6029312
1731665040002 -0.024951806978265267 6062080
1731665063026 -0.02603892584413643 6080000
1731665089952 -0.02734320400827528 6127616
1731665113199 -0.025394338417117978 6160384
1731665142779 -0.024459250375457486 6193152
1731665166472 -0.024149479104153215 6225920
1731665188044 -0.025943005875296875 6240000
1731665221954 -0.026006531809389343 6291456
1731665251635 -0.027326327783794114 6324224
1731665282832 -0.025574767417316478 6356992
1731665312676 -0.024995243520925213 6389760
1731665333912 -0.02421364785448077 6400000
1731665368652 -0.02569256826820947 6455296
1731665392022 -0.026554599406449598 6488064
1731665415334 -0.025989980247527456 6520832
1731665438983 -0.026038100439291157 6553600
1731665458915 -0.02611131611147357 6560000
1731665487719 -0.0266943895458553 6619136
1731665511194 -0.02620307071042589 6651904
1731665534844 -0.0264544059257787 6684672
1731665558578 -0.02744469026222305 6717440
1731665577769 -0.02462262193380411 6720000
1731665613813 -0.026347999952986357 6782976
1731665644580 -0.02793608877968836 6815744
1731665667681 -0.025660794763462037 6848512
1731665692709 -0.025605349308489168 6880000
1731665716670 -0.024630335691540495 6914048
1731665746130 -0.02679610711074929 6946816
1731665769568 -0.02520505634524852 6979584
1731665793059 -0.025967453878070045 7012352
1731665817119 -0.027488934317807433 7040000
1731665841762 -0.027079512676618834 7077888
1731665865039 -0.0259301851933742 7110656
1731665888761 -0.02551789883377751 7143424
1731665912912 -0.026308547784924485 7176192
1731665937160 -0.02308950962833478 7200000
1731665969047 -0.0281129116975535 7241728
1731665998601 -0.025653668524091698 7274496
1731666022382 -0.027197228136787998 7307264
1731666045855 -0.026791187008575433 7340032
1731666069240 -0.026159521075669545 7360000
1731666096025 -0.025708009956611023 7405568
1731666119820 -0.028072132900661018 7438336
1731666143189 -0.02586774389196762 7471104
1731666166613 -0.02422903910903642 7503872
1731666188357 -0.024942341555015447 7520000
1731666215495 -0.027080671590738348 7569408
1731666238703 -0.023484485721257897 7602176
1731666261928 -0.02640343934865541 7634944
1731666285497 -0.0221812095104724 7667712
1731666306734 -0.025343142857241218 7680000
1731666334449 -0.02435833301776711 7733248
1731666358147 -0.023863123779005947 7766016
1731666387905 -0.02473337998808347 7798784
1731666411299 -0.02106256055733411 7831552
1731666432051 -0.02425841948559082 7840000
1731666460873 -0.024528018405499098 7897088
1731666484499 -0.024403538914475574 7929856
1731666513708 -0.023670604845528943 7962624
1731666537569 -0.025090873410476888 7995392
1731666557075 -0.019353792146102933 8000000
1731666592753 -0.023360599719967467 8060928
1731666617751 -0.02238530586056413 8093696
1731666641433 -0.024090372316140928 8126464
1731666665344 -0.025385094619537085 8159232
1731666684319 -0.02533071239467972 8160000
1731666714192 -0.026571486003308564 8224768
1731666737784 -0.026615444819731236 8257536
1731666761184 -0.026336400053878606 8290304
1731666785841 -0.024665181321552154 8320000
1731666809898 -0.025578777786518004 8355840
1731666833177 -0.0239360336210666 8388608
1731666856944 -0.02600342404748517 8421376
1731666881022 -0.026634799585008296 8454144
1731666905058 -0.025250086755386293 8480000
1731666930315 -0.025389227632376787 8519680
1731666954195 -0.023834850916591675 8552448
1731666977291 -0.0254475189509094 8585216
1731667000709 -0.025752700433440624 8617984
1731667024362 -0.024725352000268687 8640000
1731667050281 -0.022919319551920125 8683520
1731667074399 -0.02590070573542107 8716288
1731667100143 -0.023773758919617194 8749056
1731667124363 -0.024331062002738692 8781824
1731667146973 -0.024760590800985936 8800000
1731667173961 -0.02597924265471647 8847360
1731667198174 -0.02446724680389707 8880128
1731667227926 -0.028355257412431455 8912896
1731667251355 -0.02381758075932794 8945664
1731667273067 -0.02296619229521184 8960000
1731667300439 -0.023123836332160863 9011200
1731667323712 -0.024907023886612478 9043968
1731667347104 -0.024692262237658726 9076736
1731667370652 -0.02448429054124972 9109504
1731667391836 -0.024519646472435853 9120000
1731667420364 -0.02483729525290528 9175040
1731667444501 -0.026340688392224365 9207808
1731667468743 -0.022585863699111995 9240576
1731667493030 -0.022044684126285574 9273344
1731667513150 -0.025585126719852268 9280000
1731667542362 -0.024217810930258564 9338880
1731667566029 -0.022127100894590513 9371648
1731667589746 -0.02439815152015399 9404416
1731667619453 -0.023770882376425106 9437184
1731667639289 -0.022168802736882754 9440000
1731667669589 -0.025659731144310173 9502720
1731667699404 -0.023615261538952836 9535488
1731667722706 -0.024109515274926708 9568256
1731667753989 -0.02472884104909099 9600000
1731667778024 -0.023614472976271374 9633792
1731667801701 -0.022499889725668253 9666560
1731667825295 -0.023793491574087965 9699328
1731667855270 -0.024438826217988208 9732096
1731667880412 -0.022287271408140442 9760000
1731667905428 -0.021242730895983185 9797632
1731667928737 -0.02320720555208027 9830400
1731667952017 -0.020902535833192813 9863168
1731667981709 -0.025389059132157853 9895936
1731668004862 -0.023632221276807287 9920000
1731668030611 -0.023904922620113213 9961472
1731668054247 -0.022194322016969182 9994240
1731668077233 -0.021516593619821833 10027008
1731668100209 -0.025020467502281464 10059776
1731668122557 -0.025937295207222634 10080000
1731668155022 -0.023996786824693573 10125312
1731668178212 -0.023073423786786406 10158080
1731668201552 -0.02491822618449078 10190848
1731668225337 -0.025690641179767226 10223616
1731668248715 -0.022791749919156244 10240000
1731668276726 -0.023488705946056142 10289152
1731668300868 -0.023345974887024567 10321920
1731668326107 -0.024733077180690087 10354688
1731668349438 -0.02315997594032524 10387456
1731668376695 -0.026035309260055328 10400000
1731668404625 -0.026487311601840702 10452992
1731668428122 -0.02605590010481933 10485760
1731668451697 -0.02390779782649588 10518528
1731668481758 -0.0248450095836688 10551296
1731668505032 -0.025739094735081382 10560000
1731668539983 -0.02292737307079733 10616832
1731668563816 -0.022632024016593276 10649600
1731668587660 -0.022745891181125445 10682368
1731668611958 -0.02722544143766754 10715136
1731668637650 -0.02561460499923669 10720000
1731668667630 -0.023150842135919447 10780672
1731668691718 -0.02139553888619048 10813440
1731668722948 -0.02431315392493616 10846208
1731668753721 -0.023539579971679814 10878976
1731668778995 -0.020559578227312157 10880000
1731668812023 -0.025611430549906798 10944512
1731668843589 -0.024627571381972756 10977280
1731668867457 -0.02329709208092936 11010048
1731668893307 -0.024440909441659643 11040000
1731668918699 -0.024434174255065954 11075584
1731668942886 -0.021699314122497527 11108352
1731668966883 -0.023965808514321906 11141120
1731668990617 -0.023150992815158134 11173888
1731669021726 -0.021133459947441223 11200000
1731669048046 -0.02198971194719661 11239424
1731669073736 -0.02347468083128206 11272192
1731669099047 -0.021878055963009048 11304960
1731669123696 -0.02406899860827707 11337728
1731669148595 -0.022360609416500664 11360000
1731669177506 -0.021564617480066772 11403264
1731669202546 -0.022867461108444332 11436032
1731669233052 -0.021988098729377726 11468800
1731669257651 -0.02347640825344115 11501568
1731669280643 -0.024506167626486785 11520000
1731669308662 -0.022357031612523316 11567104
1731669333675 -0.02198703454034785 11599872
1731669358269 -0.023045479223492295 11632640
1731669382855 -0.023399167906882214 11665408
1731669404930 -0.02409340150826438 11680000
1731669433573 -0.021615610152502997 11730944
1731669457900 -0.024542755494940137 11763712
1731669488417 -0.02548972315471474 11796480
1731669513723 -0.023701372737014025 11829248
1731669537194 -0.023495297546583062 11840000
1731669566191 -0.023387040234001687 11894784
1731669590503 -0.023398988584131076 11927552
1731669615073 -0.023622035820017116 11960320
1731669639044 -0.022922599859657566 11993088
1731669660041 -0.02337236042517361 12000000
1731669695855 -0.024008935079450566 12058624
1731669720391 -0.02334943308394486 12091392
1731669745476 -0.025063744502494954 12124160
1731669769713 -0.026519376892326817 12156928
1731669789959 -0.023904761802532447 12160000
1731669820627 -0.023486572057800005 12222464
1731669845508 -0.021164042278951457 12255232
1731669869835 -0.02174217994988794 12288000
1731669895894 -0.02346088093063372 12320000
1731669920652 -0.024077959007161098 12353536
1731669950886 -0.022999325064233744 12386304
1731669975060 -0.02321764062121474 12419072
1731670005453 -0.024179926719943977 12451840
1731670030651 -0.02285987977286368 12480000
1731670056057 -0.02250550658637849 12517376
1731670079859 -0.024092697700643838 12550144
1731670103890 -0.02730878934203247 12582912
1731670128094 -0.023104009708981722 12615680
1731670151824 -0.023122418620732787 12640000
1731670178458 -0.024676406676508122 12681216
1731670202285 -0.026203347001114707 12713984
1731670225974 -0.025498444161485168 12746752
1731670249809 -0.023879972114082194 12779520
1731670273203 -0.02180862553896077 12800000
1731670300082 -0.02004094696158063 12845056
1731670323967 -0.02288821035115234 12877824
1731670347374 -0.023995986060594988 12910592
1731670370731 -0.023640712209999037 12943360
1731670393054 -0.02189371533713711 12960000
1731670421198 -0.024292280571376067 13008896
1731670444963 -0.02332921290264949 13041664
1731670474688 -0.020468637538783696 13074432
1731670498661 -0.024005104571369885 13107200
1731670520902 -0.020894247388696385 13120000
1731670549428 -0.02279459673495694 13172736
1731670573239 -0.02517715661811053 13205504
1731670603197 -0.02324513033893254 13238272
1731670626895 -0.023513481912209498 13271040
1731670648069 -0.026033434290093284 13280000
1731670677623 -0.022907140564257134 13336576
1731670701533 -0.023364539893555046 13369344
1731670725128 -0.023885801806795826 13402112
1731670755373 -0.023396040635543614 13434880
1731670775573 -0.02366133292421182 13440000
1731670805454 -0.023493870301081188 13500416
1731670828841 -0.02200976215749506 13533184
1731670852397 -0.02063883847447414 13565952
1731670875695 -0.024535429396109976 13598720
1731670895060 -0.022055687877900708 13600000
1731670925778 -0.0238780758169014 13664256
1731670949535 -0.024041338442316373 13697024
1731670972928 -0.021645707390666756 13729792
1731670997822 -0.022419470527620434 13760000
1731671022151 -0.02283398175346747 13795328
1731671045502 -0.02092309276108608 13828096
1731671069013 -0.0249656533050711 13860864
1731671093020 -0.017455970585842806 13893632
1731671117240 -0.02520761657283401 13920000
1731671142055 -0.02264227811915589 13959168
1731671165670 -0.023020411891684488 13991936
1731671189240 -0.02417948435099788 14024704
1731671219211 -0.021669031551459737 14057472
1731671243071 -0.023926398156800133 14080000
1731671269490 -0.023417422243687723 14123008
1731671293142 -0.022919342556474476 14155776
1731671317097 -0.024178249844317178 14188544
1731671346942 -0.021913530633401023 14221312
1731671369978 -0.024372108480065435 14240000
1731671402529 -0.023947412676579915 14286848
1731671426277 -0.02391279141938867 14319616
1731671449812 -0.021986022060718823 14352384
1731671473385 -0.022780476476282275 14385152
1731671495084 -0.023020848474129708 14400000
1731671522521 -0.022958264187491296 14450688
1731671546065 -0.02464107176303969 14483456
1731671569480 -0.0225813449188081 14516224
1731671592854 -0.024037263499099026 14548992
1731671614017 -0.020710590582325494 14560000
1731671641583 -0.02427665624823021 14614528
1731671665057 -0.02268136431755465 14647296
1731671688524 -0.0234508460376901 14680064
1731671711690 -0.021014716131981005 14712832
1731671731812 -0.02332117736937107 14720000
1731671760210 -0.02190395005784467 14778368
1731671783687 -0.01915154989487746 14811136
1731671807240 -0.023264493720034807 14843904
1731671830899 -0.024886439789702307 14876672
1731671851020 -0.022172142682984487 14880000
1731671881026 -0.022673111904396137 14942208
1731671904586 -0.025368367008422866 14974976
1731671934285 -0.021403760016619346 15007744
1731671965444 -0.024372209112971176 15040000
1731671988869 -0.02195617597199089 15073280
1731672012283 -0.021352754850113342 15106048
1731672035515 -0.02186928533305945 15138816
1731672065125 -0.02288425726692367 15171584
1731672088668 -0.024022483106853086 15200000
1731672113369 -0.022962006396244305 15237120
1731672136625 -0.022416003780585926 15269888
1731672160049 -0.021034858882012487 15302656
1731672183369 -0.024861038936592195 15335424
1731672212742 -0.022050551307575005 15360000
1731672237701 -0.022635775995422592 15400960
1731672261062 -0.021698286018772706 15433728
1731672284530 -0.023844166714843594 15466496
1731672308014 -0.021657155370257898 15499264
1731672331326 -0.021917274314819223 15520000
1731672357280 -0.02358687992882551 15564800
1731672380737 -0.02291361123839124 15597568
1731672404241 -0.021012058582255123 15630336
1731672428091 -0.022378647555024146 15663104
1731672450389 -0.02124470009594006 15680000
1731672479389 -0.018319482995707403 15728640
1731672502915 -0.022899266545891805 15761408
1731672526443 -0.022874142444845803 15794176
1731672549840 -0.0226894071614538 15826944
1731672571490 -0.02596661906426334 15840000
1731672598939 -0.020089141188805115 15892480
1731672629146 -0.02156523791222753 15925248
1731672659098 -0.020779415981132844 15958016
1731672688970 -0.022545193049973024 15990784
1731672715935 -0.021875731197314962 16000000
1731672744598 -0.023226494431264656 16056320
1731672768189 -0.020453232047384518 16089088
1731672791675 -0.02315709414929188 16121856
1731672815167 -0.023150255155906053 16154624
1731672834960 -0.021218535606840304 16160000
1731672864060 -0.02239331477194355 16220160
1731672887631 -0.021274853447175703 16252928
1731672911638 -0.02277179732386685 16285696
1731672941214 -0.019594704920075402 16318464
1731672960506 -0.023210552826481035 16320000
1731672990042 -0.019852451026372363 16384000
1731673013452 -0.02413317544335314 16416768
1731673043655 -0.024964749628861683 16449536
1731673074322 -0.0219341450529555 16480000
1731673098486 -0.0211061020409943 16515072
1731673128183 -0.023714177430451854 16547840
1731673151726 -0.022034149453872942 16580608
1731673175265 -0.02326481915306431 16613376
1731673205551 -0.021267359396597386 16640000
1731673230433 -0.022149048488199697 16678912
1731673253850 -0.020522280125078396 16711680
1731673277533 -0.02258461891569823 16744448
1731673300988 -0.02195314906753083 16777216
1731673330317 -0.020689947991832013 16800000
1731673355356 -0.02014075964393669 16842752
1731673385881 -0.02416892303072018 16875520
1731673409045 -0.02143440000395458 16908288
1731673433174 -0.022607035096098117 16941056
1731673455896 -0.019974026790578137 16960000
1731673481884 -0.022848119997706817 17006592
1731673505376 -0.020732326597862994 17039360
1731673529058 -0.025197113589752008 17072128
1731673558445 -0.023009720669233503 17104896
1731673586307 -0.020528957253645785 17120000
1731673614960 -0.02161196759136601 17170432
1731673638573 -0.02579977983727986 17203200
1731673662130 -0.02264190443956977 17235968
1731673685206 -0.02241255404564981 17268736
1731673706012 -0.023624045697079054 17280000
1731673735964 -0.023977781086318827 17334272
1731673759347 -0.022708393568245812 17367040
1731673782699 -0.021058585956359364 17399808
1731673806126 -0.022486720070833143 17432576
1731673826128 -0.017251591102262865 17440000
1731673860977 -0.022890177082388163 17498112
1731673884142 -0.02059267701142744 17530880
1731673908155 -0.022324722095822834 17563648
1731673931691 -0.022267013597638653 17596416
1731673951127 -0.02107873817528798 17600000
1731673980440 -0.02093758512653494 17661952
1731674009809 -0.022716755455485328 17694720
1731674034308 -0.021252788461993077 17727488
1731674059615 -0.024759893717691737 17760000
1731674089346 -0.02161928886291662 17793024
1731674112706 -0.023236990301302284 17825792
1731674136113 -0.024137662848261243 17858560
1731674165838 -0.02348053358909965 17891328
1731674197118 -0.0219700917699015 17920000
1731674221142 -0.023301024800070992 17956864
1731674244502 -0.025516829226626216 17989632
1731674268234 -0.019059741272280918 18022400
1731674291298 -0.022864044348943936 18055168
1731674315024 -0.023087357761482963 18080000
1731674340661 -0.021442337644111832 18120704
1731674369867 -0.024232871793128653 18153472
1731674393135 -0.020494966430396742 18186240
1731674416498 -0.021938513302893627 18219008
1731674438956 -0.024115854705655693 18240000
1731674464745 -0.01837881124647538 18284544
1731674487990 -0.022738202786058537 18317312
1731674511808 -0.022088625249079997 18350080
1731674541352 -0.022813467327398484 18382848
1731674563681 -0.024240139709718278 18400000
1731674590056 -0.020244614358307444 18448384
1731674619381 -0.02086442388024352 18481152
1731674644071 -0.021843735183119863 18513920
1731674667534 -0.023454536648773682 18546688
1731674688845 -0.018872418272007963 18560000
1731674715979 -0.022324141090575723 18612224
1731674739173 -0.021128515917587264 18644992
1731674762740 -0.021969395596784125 18677760
1731674786140 -0.021880581769153196 18710528
1731674806550 -0.02092740751816109 18720000
1731674834420 -0.02182953093915785 18776064
1731674857339 -0.021120624942022916 18808832
1731674880632 -0.02256924323851308 18841600
1731674910124 -0.02101783266034545 18874368
1731674929870 -0.02334657622263876 18880000
1731674958833 -0.016565128070647007 18939904
1731674988379 -0.0230492774960112 18972672
1731675017927 -0.02329319532991576 19005440
1731675040971 -0.021082198509770934 19038208
1731675066522 -0.022214671986284885 19040000
1731675102151 -0.021304737282571297 19103744
1731675125232 -0.020137080602899003 19136512
1731675148545 -0.018355776061639517 19169280
1731675179572 -0.0233606707099284 19200000
1731675203323 -0.023787247357449814 19234816
1731675226560 -0.022012633916529013 19267584
1731675249627 -0.0209221891622974 19300352
1731675273025 -0.01733865046876417 19333120
1731675297636 -0.0178642792283199 19360000
1731675322004 -0.017052844238537545 19398656
1731675345192 -0.01970971567268407 19431424
1731675368571 -0.021154623190318488 19464192
1731675398214 -0.0207881117856914 19496960
1731675421455 -0.02541628218828009 19520000
1731675453114 -0.022265573627214506 19562496
1731675476409 -0.019031609439571183 19595264
1731675499903 -0.020697844892515603 19628032
1731675529992 -0.021085264822590943 19660800
1731675552684 -0.02064147113778745 19680000
1731675578395 -0.019874227910258925 19726336
1731675601380 -0.02115107626129884 19759104
1731675624525 -0.019833943892604112 19791872
1731675647507 -0.019176261088341563 19824640
1731675669044 -0.02139702333006426 19840000
1731675695929 -0.021552957984943076 19890176
1731675719301 -0.020800442427935197 19922944
1731675748872 -0.022688920266796232 19955712
1731675772240 -0.02399523247358957 19988480
1731675793748 -0.0228399898261614 20000000
1731675827583 -0.01977826085637844 20054016
1731675851072 -0.019823696496723643 20086784
1731675874266 -0.022380456998052977 20119552
1731675899096 -0.020339510716507903 20152320
1731675918933 -0.020566466903687797 20160000
1731675947800 -0.021388422141990306 20217856
1731675977186 -0.021987467307735643 20250624
1731676001351 -0.023744784099449134 20283392
1731676024819 -0.023846458371735935 20316160
1731676044314 -0.02261577869427924 20320000
1731676080137 -0.02167125005660182 20381696
1731676103156 -0.022139205524399585 20414464
1731676126265 -0.021436701116522273 20447232
1731676151251 -0.020499023917454905 20480000
1731676174386 -0.020858160552961635 20512768
1731676198054 -0.019681550037171293 20545536
1731676221229 -0.02283799368990458 20578304
1731676250580 -0.021970243395435317 20611072
1731676275166 -0.019026053885681904 20640000
1731676299184 -0.022188863707538076 20676608
1731676322432 -0.024935412699505832 20709376
1731676345438 -0.023183014689936953 20742144
1731676368952 -0.020227502856619138 20774912
1731676393094 -0.020821675320826218 20800000
1731676424391 -0.02026356617802776 20840448
1731676447949 -0.01960785294187417 20873216
1731676477726 -0.02188754640535535 20905984
1731676507669 -0.02526635365236416 20938752
1731676530924 -0.018489943795350426 20960000
1731676556542 -0.022926092440116008 21004288
1731676579879 -0.016943744493141823 21037056
1731676602763 -0.022867742024527616 21069824
1731676632335 -0.024539879111944173 21102592
1731676654603 -0.021519334337563124 21120000
1731676681294 -0.020889448916000218 21168128
1731676704587 -0.019134042515543116 21200896
1731676727514 -0.023617364222468497 21233664
1731676751049 -0.023014635539311712 21266432
1731676772749 -0.02127470901000379 21280000
1731676799561 -0.020061049525520503 21331968
1731676823021 -0.019697928774007778 21364736
1731676846315 -0.020166320364796774 21397504
1731676869824 -0.02270513991675216 21430272
1731676890184 -0.020545578970495627 21440000
1731676924385 -0.02000108990480385 21495808
1731676953575 -0.018859035478385522 21528576
1731676976498 -0.023420915300766863 21561344
1731676999312 -0.019764015355440277 21594112
1731677018999 -0.021696920560589205 21600000
1731677047929 -0.020295308637923882 21659648
1731677071801 -0.020769057859888564 21692416
1731677094712 -0.021883621207734905 21725184
1731677118256 -0.020134439780531466 21757952
1731677143506 -0.02059430669100948 21760000
1731677173216 -0.02239519591221324 21823488
1731677196444 -0.023178328915128076 21856256
1731677219660 -0.02074158543774729 21889024
1731677244179 -0.020720162887073457 21920000
1731677267818 -0.022823971926322885 21954560
1731677291431 -0.020829060303231017 21987328
1731677315133 -0.021037469538623555 22020096
1731677338444 -0.020977230336507093 22052864
1731677363292 -0.02123552008433762 22080000
1731677388064 -0.02045668619452954 22118400
1731677411182 -0.019015875958984907 22151168
1731677434450 -0.021583781739559528 22183936
1731677464083 -0.0208954220458736 22216704
1731677493850 -0.021179334863882106 22240000
1731677519159 -0.0203466010667853 22282240
1731677542304 -0.020048392197077193 22315008
1731677565785 -0.0200708914227107 22347776
1731677595289 -0.020717947675075267 22380544
1731677617916 -0.02001545597590848 22400000
1731677650323 -0.020445350498346216 22446080
1731677673266 -0.019235140428486376 22478848
1731677696268 -0.017220686174368893 22511616
1731677719430 -0.020811153113163526 22544384
1731677741380 -0.02186392722489927 22560000
1731677768053 -0.025017684258773442 22609920
1731677791411 -0.02035054958132605 22642688
1731677821265 -0.021184583872400253 22675456
1731677846184 -0.017981672912901557 22708224
1731677867538 -0.019410954365616816 22720000
1731677901378 -0.01737499974176444 22773760
1731677924412 -0.018811687168818026 22806528
1731677947547 -0.024234071898194997 22839296
1731677977145 -0.022860601070624396 22872064
1731677997818 -0.02173922118054179 22880000
1731678025829 -0.022046604479919553 22937600
1731678048929 -0.018676557317758125 22970368
1731678078523 -0.021556470633208848 23003136
1731678102130 -0.021847034341794823 23035904
1731678128166 -0.021550821139612708 23040000
1731678163221 -0.021460381404995132 23101440
1731678186430 -0.021069070758380805 23134208
1731678209794 -0.02096966892452201 23166976
1731678233699 -0.021049156269418744 23199744
1731678252680 -0.021611983768843858 23200000
1731678288836 -0.021386006029683814 23265280
1731678313279 -0.02279508600929603 23298048
1731678336684 -0.022154671093721844 23330816
1731678367368 -0.020653754872273566 23360000
1731678391559 -0.01820563532132837 23396352
1731678415143 -0.01916048366808809 23429120
1731678438511 -0.02155753228719277 23461888
1731678461630 -0.02141695884786259 23494656
1731678485230 -0.022136294156439362 23520000
1731678516540 -0.021081538700087776 23560192
1731678539441 -0.021642138783818154 23592960
1731678562742 -0.019302606378664676 23625728
1731678586186 -0.022241108675893885 23658496
1731678609397 -0.017327063352786352 23680000
1731678642157 -0.019086675249491238 23724032
1731678665707 -0.01893095482322451 23756800
1731678689000 -0.01926469889197051 23789568
1731678712143 -0.022951377679555664 23822336
1731678734191 -0.02030522351237778 23840000
1731678760399 -0.020015103585205907 23887872
1731678784190 -0.022618406739218243 23920640
1731678813723 -0.020523564219934086 23953408
1731678843463 -0.022973465999416475 23986176
1731678865098 -0.01889864778224819 24000000
1731678900080 -0.02172378202992604 24051712
1731678925083 -0.01995421762167098 24084480
1731678948608 -0.019869977023768116 24117248
1731678973454 -0.018805695556784484 24150016
1731679000560 -0.023279806633581757 24160000
1731679028663 -0.01943727231575849 24215552
1731679051925 -0.018380600994078122 24248320
1731679075702 -0.020334786057173915 24281088
1731679098952 -0.020554221873908318 24313856
1731679125384 -0.022013320399810254 24320000
1731679154119 -0.01953577810875231 24379392
1731679177088 -0.01890626372269253 24412160
1731679200107 -0.021373628005517276 24444928
1731679223745 -0.020091117439369553 24477696
1731679242761 -0.02278796163827792 24480000
1731679272262 -0.0212111315947368 24543232
1731679295391 -0.01841437868124558 24576000
1731679324851 -0.01988582762792248 24608768
1731679349925 -0.018942908504345723 24640000
1731679373572 -0.0212679662429764 24674304
1731679397210 -0.022751688157381978 24707072
1731679420504 -0.019675297939011217 24739840
1731679443673 -0.018170495022150134 24772608
1731679467923 -0.02139291308394604 24800000
1731679492325 -0.020708896767200714 24838144
1731679515270 -0.02156945897941114 24870912
1731679538695 -0.02070687566374545 24903680
1731679569037 -0.02125633976145309 24936448
1731679592039 -0.017452523423776255 24960000
1731679617036 -0.021937021160533733 25001984
1731679640363 -0.018626455798585084 25034752
1731679665280 -0.01978367571068702 25067520
1731679688578 -0.021442409427027086 25100288
1731679711311 -0.019054915012884522 25120000
1731679737373 -0.018715385237078407 25165824
1731679760600 -0.021074249652178877 25198592
1731679783790 -0.024238956043620873 25231360
1731679807654 -0.01914911667868182 25264128
1731679829512 -0.021734297602552032 25280000
1731679856722 -0.021369673521689947 25329664
1731679886046 -0.018756249593184292 25362432
1731679915703 -0.019009713236437166 25395200
1731679938736 -0.019084122939057126 25427968
1731679960061 -0.019308166459404676 25440000
1731679988132 -0.022733997615978295 25493504
1731680017695 -0.020959360227357136 25526272
1731680040900 -0.018203693868190384 25559040
1731680064148 -0.02241054639403046 25591808
1731680090504 -0.02022755520354167 25600000
1731680118721 -0.02086346789283198 25657344
1731680142245 -0.014549754667609705 25690112
1731680165995 -0.020569498383429162 25722880
1731680195383 -0.01768311852840725 25755648
1731680220738 -0.01881916538864061 25760000
1731680255699 -0.020113986496699 25821184
1731680285121 -0.01955524663962933 25853952
1731680308138 -0.019129453714958798 25886720
1731680337193 -0.020719388474253718 25919488
1731680355846 -0.01682616111813786 25920000
1731680385571 -0.021671243021705776 25985024
1731680408539 -0.019466859350131926 26017792
1731680431836 -0.022156340210187864 26050560
1731680457020 -0.01850751500373917 26080000
1731680481693 -0.023581532082107514 26116096
1731680505141 -0.022394565999366022 26148864
1731680528630 -0.020094033416125968 26181632
1731680558100 -0.023816570604685693 26214400
1731680581532 -0.020615381398715726 26240000
1731680606234 -0.01872536885714453 26279936
1731680629502 -0.020978310644431987 26312704
1731680652941 -0.021868468361981287 26345472
1731680682804 -0.01736568737901507 26378240
1731680706022 -0.020440441619030025 26400000
1731680737747 -0.019851015161316356 26443776
1731680767110 -0.016262768303431586 26476544
1731680790254 -0.0209306052775446 26509312
1731680813681 -0.024686538882292552 26542080
1731680835911 -0.02108133972960786 26560000
1731680862220 -0.020203088397443024 26607616
1731680885464 -0.021337784786919656 26640384
1731680908730 -0.022026112156777345 26673152
1731680931806 -0.01798244593734353 26705920
1731680953120 -0.01520977327129458 26720000
1731680981584 -0.017499845930615265 26771456
1731681005609 -0.01923540548496021 26804224
1731681028707 -0.020658895336100613 26836992
1731681052426 -0.019391838521232784 26869760
1731681080035 -0.020282520566797756 26880000
1731681114558 -0.012059946839985968 26935296
1731681138198 -0.017883192325996333 26968064
1731681162217 -0.022640470144642676 27000832
1731681185796 -0.015504461000432457 27033600
1731681206133 -0.018991379810836408 27040000
1731681235975 -0.017320836184535438 27099136
1731681259704 -0.01974181135087747 27131904
1731681283170 -0.018807976256562144 27164672
1731681306848 -0.019471398551650053 27197440
1731681326245 -0.018626292931776332 27200000
1731681355847 -0.02093134167032531 27262976
1731681379212 -0.01929795927444502 27295744
1731681408754 -0.016320625997673234 27328512
1731681433897 -0.013381165771784253 27360000
1731681457567 -0.022339985822009113 27394048
1731681480473 -0.021301202848110278 27426816
1731681503668 -0.021457546077397183 27459584
1731681526813 -0.017913475037471472 27492352
1731681558430 -0.01749286670856236 27520000
1731681584200 -0.019847073150231154 27557888
1731681607618 -0.022157036068142587 27590656
1731681637646 -0.02034839298762563 27623424
1731681667073 -0.021294178745120008 27656192
1731681690003 -0.02014383467442258 27680000
1731681721359 -0.017890561057379274 27721728
1731681744357 -0.01696905670835349 27754496
1731681767667 -0.0181668947928074 27787264
1731681790764 -0.01903739592969487 27820032
1731681813520 -0.02063000481919062 27840000
1731681839189 -0.02128093972573879 27885568
1731681868586 -0.017826409018584854 27918336
1731681892406 -0.020178889003386758 27951104
1731681915910 -0.018537835086863196 27983872
1731681937702 -0.020752504352435606 28000000
1731681964295 -0.02180033676995663 28049408
1731681987419 -0.01771889714059398 28082176
1731682010690 -0.020271755883345576 28114944
1731682033432 -0.01680294389905157 28147712
1731682054453 -0.01728801847275463 28160000
1731682081941 -0.018877385452015005 28213248
1731682105372 -0.016902873079061465 28246016
1731682128963 -0.015328455386179485 28278784
1731682152350 -0.020634342235325676 28311552
1731682172262 -0.021134460236407904 28320000
1731682200281 -0.018000585224808675 28377088
1731682229848 -0.018215828806546597 28409856
1731682259039 -0.013685997977859188 28442624
1731682282956 -0.019234333062695442 28475392
1731682302233 -0.01641613405740827 28480000
1731682330892 -0.017833590092288888 28540928
1731682354709 -0.018639293791238742 28573696
1731682384528 -0.02098093740132754 28606464
1731682414360 -0.018931296428058887 28639232
1731682432797 -0.01769909310244202 28640000
1731682462473 -0.022196651025114988 28704768
1731682485749 -0.01756120481220478 28737536
1731682508612 -0.019570935378988 28770304
1731682532986 -0.019458337804303484 28800000
1731682556977 -0.021548204556779638 28835840
1731682580273 -0.01864874524633251 28868608
1731682603579 -0.021044331388748106 28901376
1731682626868 -0.019115022403934746 28934144
1731682656701 -0.018724493186664404 28960000
1731682681126 -0.018171417342364292 28999680
1731682704113 -0.020857985437328353 29032448
1731682733063 -0.015046952708348726 29065216
1731682756581 -0.019979553906432558 29097984
1731682785848 -0.018559003260315877 29120000
1731682811394 -0.01949984459145071 29163520
1731682834335 -0.016652360032230716 29196288
1731682857820 -0.01871420769271026 29229056
1731682887212 -0.01929195921500195 29261824
1731682909339 -0.016061728971544655 29280000
1731682935664 -0.019136073983645474 29327360
1731682964967 -0.018570332500235053 29360128
1731682988009 -0.018213478408006266 29392896
1731683011043 -0.02318522737227795 29425664
1731683032567 -0.020745076136699937 29440000
1731683059388 -0.01941646388590925 29491200
1731683082473 -0.01904595460212022 29523968
1731683112082 -0.02067119594535143 29556736
1731683135367 -0.02108955428770969 29589504
1731683156044 -0.02105908475382421 29600000
1731683190580 -0.01808133178619755 29655040
1731683214173 -0.020426164041350604 29687808
1731683243745 -0.02386426935986492 29720576
1731683273060 -0.020086363640814398 29753344
1731683292798 -0.020648163136888796 29760000
1731683321387 -0.020923514736114156 29818880
1731683344316 -0.01960649062464199 29851648
1731683367335 -0.01658191779599747 29884416
1731683390429 -0.020220032072802496 29917184
1731683409584 -0.02128148899878397 29920000
1731683438932 -0.021573326919178726 29982720
1731683461712 -0.020841061032342623 30015488
1731683484936 -0.019084840309187712 30048256
1731683515994 -0.020552764226317778 30080000
1731683545345 -0.021387173492712463 30113792
1731683568345 -0.022671395044199016 30146560
1731683591440 -0.020982788252149477 30179328
1731683614516 -0.022293242925343293 30212096
1731683638334 -0.018402920629114305 30240000
1731683662500 -0.018472605380384265 30277632
1731683691877 -0.019368725340586933 30310400
1731683714639 -0.018981729303231987 30343168
1731683737741 -0.01798245679140109 30375936
1731683760841 -0.02174690342849317 30400000
1731683791708 -0.019120737353682672 30441472
1731683820983 -0.017886957069163146 30474240
1731683844110 -0.017804535553318603 30507008
1731683873794 -0.01886025602160544 30539776
1731683896324 -0.01993221654456647 30560000
1731683928355 -0.017713830935099394 30605312
1731683951322 -0.02051624370683385 30638080
1731683975976 -0.015612543897032084 30670848
1731684006551 -0.021960743739396094 30703616
1731684034601 -0.017243764234603987 30720000
1731684061154 -0.019900361803956913 30769152
1731684083843 -0.020957215314297173 30801920
1731684106807 -0.019501096704448172 30834688
1731684129789 -0.019900408593161955 30867456
1731684150949 -0.017641719623429707 30880000
1731684185011 -0.01735041114086471 30932992
1731684214906 -0.018100751350061728 30965760
1731684244031 -0.0203528447678309 30998528
1731684267158 -0.01952173427107482 31031296
1731684293668 -0.01838513454335953 31040000
1731684321662 -0.01965008316242347 31096832
1731684344720 -0.017809694350216888 31129600
1731684367864 -0.021800190280418973 31162368
1731684390856 -0.02101573353477306 31195136
1731684410630 -0.01775035030050276 31200000
1731684445908 -0.019622940190424744 31260672
1731684469444 -0.022006898886911586 31293440
1731684492454 -0.020565446537466413 31326208
1731684515556 -0.02206985930549763 31358976
1731684534442 -0.01945177814059207 31360000
1731684563753 -0.018091726053080494 31424512
1731684586878 -0.017470185062711606 31457280
1731684610071 -0.019018152137891774 31490048
1731684640337 -0.02013681870473647 31520000
1731684664189 -0.019637000329475997 31555584
1731684687121 -0.017535238625532655 31588352
1731684716476 -0.016348286784796072 31621120
1731684739603 -0.021646140770053536 31653888
1731684769593 -0.02090405888313853 31680000
1731684800103 -0.0201303290903752 31719424
1731684823306 -0.018079970779990618 31752192
1731684846613 -0.01603499909040238 31784960
1731684869849 -0.02046935415153257 31817728
1731684892875 -0.016988841257739296 31840000
1731684918681 -0.0204823667876326 31883264
1731684941652 -0.016361216438417613 31916032
1731684964254 -0.020895187143742076 31948800
1731684987435 -0.022165319653458936 31981568
1731685009923 -0.018125374781516258 32000000
1731685036484 -0.01942808663134201 32047104
1731685059569 -0.015493966942779025 32079872
1731685082866 -0.018054339811010324 32112640
1731685106032 -0.020470881504957107 32145408
1731685133851 -0.018181954413626043 32160000
