1731660336461 0.03045746238949505 65536
1731660360180 0.004603264591924017 98304
1731660383048 0.0006590626575444958 131072
1731660407755 0.0001793921948284094 160000
1731660432786 0.00016527825506393868 196608
1731660456895 0.00016508583263394883 229376
1731660482069 0.00017128073063705785 262144
1731660504922 0.00013353984735271497 294912
1731660529241 0.00015736124444778454 320000
1731660555400 0.0001330005476656737 360448
1731660580285 0.00017082310733425033 393216
1731660602793 0.0001514137503296098 425984
1731660627504 0.0001510772606353683 458752
1731660650170 0.00014495075149234538 480000
1731660676857 0.00014471163140861165 524288
1731660700484 0.0001614246909742434 557056
1731660725163 0.00015832489848364162 589824
1731660748566 0.0001816369565958098 622592
1731660771814 0.00014372743887332008 640000
1731660798900 9.688088631953917e-05 688128
1731660822411 0.00014062143583259967 720896
1731660847381 0.00012686287552785558 753664
1731660870655 0.00012698514668549877 786432
1731660892453 0.00010249207797734528 800000
1731660921796 0.00011027861391106341 851968
1731660947013 0.00010066232789345264 884736
1731660970882 0.00012025819313095098 917504
1731660995800 0.00013658089505383942 950272
1731661017534 0.0001270454699000112 960000
1731661048009 0.00014114410404744148 1015808
1731661073174 0.00010647174572557816 1048576
1731661097382 0.00013462256378531378 1081344
1731661130121 0.0001605300487176109 1114112
1731661150994 0.00013415513433638892 1120000
1731661186995 8.283076683266444e-05 1179648
1731661211905 0.00012853473382321568 1212416
1731661242305 9.404249495830186e-05 1245184
1731661265810 8.437264158231983e-05 1277952
1731661287029 9.60223472517896e-05 1280000
1731661317332 9.082815032570579e-05 1343488
1731661350167 7.510606951015575e-05 1376256
1731661381652 8.80827958457786e-05 1409024
1731661413273 0.0001065033087456868 1440000
1731661437180 8.75176484374407e-05 1474560
1731661460780 7.365108491814709e-05 1507328
1731661484726 8.861286053836181e-05 1540096
1731661507982 8.517358821986676e-05 1572864
1731661531958 6.572377632760862e-05 1600000
1731661563096 6.430247556874492e-05 1638400
1731661586616 6.632645801669667e-05 1671168
1731661610041 6.585793494604531e-05 1703936
1731661641070 5.593365165506015e-05 1736704
1731661664496 6.174481087022343e-05 1760000
1731661689927 5.277475781770846e-05 1802240
1731661713575 5.663130472690625e-05 1835008
1731661737151 4.8295840371004316e-05 1867776
1731661760144 4.6892343665305704e-05 1900544
1731661783194 4.18140968740488e-05 1920000
1731661808943 4.3613168255696164e-05 1966080
1731661832364 3.684673148400819e-05 1998848
1731661863249 3.1252087401067996e-05 2031616
1731661893884 3.544614973325366e-05 2064384
1731661916101 2.4391686874114526e-05 2080000
1731661944078 2.5985182252963314e-05 2129920
1731661967923 0.00012960815126277224 2162688
1731661991583 4.0828538840642634e-05 2195456
1731662022061 2.1297492338678835e-05 2228224
1731662043973 4.350783462943042e-05 2240000
1731662073673 1.9905512251838786e-05 2293760
1731662099672 7.8988391630741e-05 2326528
1731662123903 1.9078870144895176e-05 2359296
1731662147912 1.9404663695565817e-05 2392064
1731662169956 0.00013113776066351335 2400000
1731662199794 1.9848417396950425e-05 2457600
1731662230638 3.3732875875980287e-05 2490368
1731662261358 1.6650941504803284e-05 2523136
1731662285545 6.016888638651352e-05 2555904
1731662312034 7.71292741868379e-05 2560000
1731662348797 8.46229140882393e-05 2621440
1731662378518 3.854952019475277e-05 2654208
1731662402172 1.700048467379034e-05 2686976
1731662425866 1.609923315673001e-05 2719744
1731662451517 0.00019012334355137384 2720000
1731662482221 0.00017619652744471637 2785280
1731662507602 0.00014061566441192497 2818048
1731662531755 0.00016144478980999465 2850816
1731662557030 9.263218831545572e-05 2880000
1731662582284 0.00032571309636164614 2916352
1731662607865 0.00019434599339875902 2949120
1731662632564 0.00035373517362113915 2981888
1731662656940 0.0004027165129457444 3014656
1731662687393 0.00029330114621366475 3040000
1731662713248 0.00033681461422645497 3080192
1731662737273 0.0004802295649097843 3112960
1731662761109 0.0005059654263035896 3145728
1731662785323 0.000647760846679546 3178496
1731662808724 0.0005752023971112407 3200000
1731662843751 0.000606652964394172 3244032
1731662868080 0.0009663118780210312 3276800
1731662892588 0.0006856620588663986 3309568
1731662916916 0.0006307995822595558 3342336
1731662939854 0.000563694960732164 3360000
1731662974149 0.0005852794780086157 3407872
1731662998836 0.000533273582970395 3440640
1731663029418 0.0007577047470881837 3473408
1731663053234 0.0006127540992707736 3506176
1731663075266 0.0009659583603500721 3520000
1731663104521 0.0005194055634529348 3571712
1731663128844 0.000577166751062208 3604480
1731663159428 0.000983867013611217 3637248
1731663183540 0.0012579410348088516 3670016
1731663205923 0.0008959991302980086 3680000
1731663241645 0.0012331375867944416 3735552
1731663265759 0.000831168385610681 3768320
1731663289849 0.001176332744329045 3801088
1731663314266 0.0010093889549125379 3833856
1731663334764 0.0011345773917774693 3840000
1731663364170 0.0010236100600543806 3899392
1731663388280 0.000936422876043963 3932160
1731663412235 0.0010421783765828252 3964928
1731663436446 0.0013268018184881213 3997696
1731663456677 0.0011662505343544183 4000000
1731663487000 0.0011896513119012298 4063232
1731663511189 0.0010255183500170518 4096000
1731663535177 0.0012505312542167245 4128768
1731663560852 0.001415170261162757 4160000
1731663585590 0.0015790863021337032 4194304
1731663609675 0.0015842967677997422 4227072
1731663635347 0.001393859020637933 4259840
1731663665894 0.0019068883044724317 4292608
1731663691153 0.0011559408863554665 4320000
1731663716568 0.0016085734951559517 4358144
1731663742196 0.0017122806899962483 4390912
1731663766487 0.001579808917212233 4423680
1731663791773 0.0019536711763038284 4456448
1731663816270 0.0014799204006706646 4480000
1731663842944 0.0015042447405164694 4521984
1731663873377 0.0014751778137593874 4554752
1731663897407 0.0014539939352914643 4587520
1731663922638 0.0015048171310411361 4620288
1731663946187 0.0014397468284798264 4640000
1731663973220 0.0012104289380353351 4685824
1731663997167 0.00210198792993026 4718592
1731664027993 0.0018113473166835093 4751360
1731664051612 0.0018295739106491738 4784128
1731664075046 0.0018348185129951843 4800000
1731664103475 0.0016570333510145473 4849664
1731664127566 0.0015773427014622143 4882432
1731664151610 0.001077865380287335 4915200
1731664177069 0.0015194083086441878 4947968
1731664199235 0.0015692134580490348 4960000
1731664227478 0.001966567832315036 5013504
1731664258059 0.002113560600301412 5046272
1731664283472 0.0019576672291165666 5079040
1731664307252 0.0016139505174265878 5111808
1731664328376 0.0014955637955921474 5120000
1731664357807 0.0017735978581427502 5177344
1731664382256 0.0018153390794509506 5210112
1731664412686 0.001979158495147715 5242880
1731664443140 0.0012956891997461639 5275648
1731664463520 0.001958369821468864 5280000
1731664493486 0.0017425756245302182 5341184
1731664517127 0.0018273706581538817 5373952
1731664540808 0.0016106825903634103 5406720
1731664564160 0.0018410124186246436 5439488
1731664583021 0.001423170170693311 5440000
1731664612761 0.0014368083748522054 5505024
1731664636207 0.001739108649486809 5537792
1731664659856 0.0018486442278089043 5570560
1731664684357 0.0018406586800651325 5600000
1731664709240 0.0017475512422578277 5636096
1731664739507 0.0017286653713469492 5668864
1731664762904 0.0019422469817143907 5701632
1731664786430 0.0029585073284891907 5734400
1731664810935 0.0019528435950959989 5760000
1731664838612 0.0018854041819011513 5799936
1731664862652 0.001796378295006207 5832704
1731664886950 0.0019788203986394136 5865472
1731664910606 0.001830563078749492 5898240
1731664934692 0.0019916734456842276 5920000
1731664961461 0.0022064512356735123 5963776
1731664985471 0.002060940401324274 5996544
1731665009005 0.00212353151545841 6029312
1731665040133 0.001509268193140656 6062080
1731665063064 0.002443930961356955 6080000
1731665089963 0.0024172919541967986 6127616
1731665113228 0.002104977363256921 6160384
1731665142799 0.002097518735641302 6193152
1731665166483 0.0020246548643115146 6225920
1731665188061 0.0020107727836347067 6240000
1731665221985 0.0015946822367482127 6291456
1731665251650 0.0016982288218201802 6324224
1731665282974 0.0023779217562974963 6356992
1731665312684 0.002666849135977145 6389760
1731665333920 0.0016610189293771783 6400000
1731665368660 0.0022988040322189816 6455296
1731665392031 0.0027592506288954153 6488064
1731665415344 0.002526364272250703 6520832
1731665438991 0.0019956624736863658 6553600
1731665458951 0.0031176808932286805 6560000
1731665487727 0.0025773434075603064 6619136
1731665511208 0.001965055749829503 6651904
1731665534869 0.0016755593832527894 6684672
1731665558594 0.00259384284784403 6717440
1731665577781 0.0026349356659295608 6720000
1731665613831 0.001835517562875566 6782976
1731665644599 0.001781154429178855 6815744
1731665667747 0.0017482302738471844 6848512
1731665692743 0.0018389769793770937 6880000
1731665716683 0.0017926471264928523 6914048
1731665746138 0.0016598461141086318 6946816
1731665769602 0.0020359933076463223 6979584
1731665793067 0.002188934809885268 7012352
1731665817127 0.002201733761040714 7040000
1731665841770 0.0023640919189944045 7077888
1731665865058 0.002247478187959473 7110656
1731665888779 0.0020637391754632973 7143424
1731665912930 0.0017357151307081154 7176192
1731665937169 0.0026541195767123328 7200000
1731665969056 0.0019753794870212005 7241728
1731665998610 0.0017201403375935343 7274496
1731666022412 0.0021533227747553953 7307264
1731666045896 0.001513211639274914 7340032
1731666069303 0.0023777242275571098 7360000
1731666096037 0.002327833749097863 7405568
1731666119831 0.0020358357086678325 7438336
1731666143221 0.0017088522695246412 7471104
1731666166622 0.0018269372080538914 7503872
1731666188365 0.0018987777731240385 7520000
1731666215504 0.001711307485450675 7569408
1731666238751 0.002361334802731108 7602176
1731666261936 0.0018331108706547638 7634944
1731666285508 0.002613541774621808 7667712
1731666306752 0.0025077770070225823 7680000
1731666334504 0.0018337703259092564 7733248
1731666358155 0.0019283106742761901 7766016
1731666387914 0.0020880800769759846 7798784
1731666411307 0.0017754182518530115 7831552
1731666432085 0.002634478908036897 7840000
1731666460905 0.002137451313865313 7897088
1731666484516 0.0023678938023465436 7929856
1731666513716 0.002120306761531765 7962624
1731666537628 0.002399485353731734 7995392
1731666557100 0.0018593769556048301 8000000
1731666592765 0.002289238932107196 8060928
1731666617780 0.0021970733138644504 8093696
1731666641461 0.0026808298774454896 8126464
1731666665352 0.0026931543169808948 8159232
1731666684352 0.0027177544829754654 8160000
1731666714202 0.002334109626653458 8224768
1731666737841 0.002739473266905179 8257536
1731666761192 0.0026309171430966673 8290304
1731666785858 0.0021075027762407217 8320000
1731666809922 0.0016601761115282443 8355840
1731666833243 0.0027761561092916054 8388608
1731666857019 0.0023226543904598883 8421376
1731666881059 0.0022749897478178127 8454144
1731666905095 0.0016570019075942354 8480000
1731666930356 0.0020285916920954605 8519680
1731666954221 0.0024154371225023397 8552448
1731666977299 0.0020365530914602916 8585216
1731667000754 0.002221393000218086 8617984
1731667024380 0.002242885480211498 8640000
1731667050349 0.0019655801847164867 8683520
1731667074414 0.002076827531746517 8716288
1731667100272 0.0023554520826138516 8749056
1731667124384 0.0027804231369827903 8781824
1731667146998 0.002343912528766623 8800000
1731667173969 0.0020834340228219617 8847360
1731667198234 0.0022460829221699896 8880128
1731667227952 0.002583373909868669 8912896
1731667251389 0.0013763407541830474 8945664
1731667273074 0.0018317234067779964 8960000
1731667300496 0.0017286199514316535 9011200
1731667323751 0.002974775258746831 9043968
1731667347132 0.002449191565764863 9076736
1731667370699 0.00241237977243145 9109504
1731667391881 0.003064812357729352 9120000
1731667420385 0.0024743388243052777 9175040
1731667444567 0.002036506213960365 9207808
1731667468809 0.00261554068544001 9240576
1731667493068 0.0025261278556456546 9273344
1731667513165 0.001914663472601319 9280000
1731667542406 0.0022812104783724863 9338880
1731667566051 0.0023932848879582025 9371648
1731667589760 0.00206959946262657 9404416
1731667619469 0.001886834314514374 9437184
1731667639335 0.0026180096898031024 9440000
1731667669606 0.0023048873606967392 9502720
1731667699427 0.0023852726199692143 9535488
1731667722719 0.002623857171724353 9568256
1731667753997 0.0016830754724892927 9600000
1731667778039 0.002378855120713297 9633792
1731667801760 0.002156185018733936 9666560
1731667825328 0.0016305366112845832 9699328
1731667855287 0.0018760738588298408 9732096
1731667880772 0.002917648514318216 9760000
1731667905446 0.0021284329737937925 9797632
1731667928749 0.002082375579117013 9830400
1731667952073 0.0020892353828386944 9863168
1731667981722 0.0023151292129654165 9895936
1731668004877 0.002624287459877905 9920000
1731668030637 0.0024600552940967193 9961472
1731668054293 0.00286603725560326 9994240
1731668077251 0.0026047571035419993 10027008
1731668100217 0.002589157779109996 10059776
1731668122567 0.0026654078208338205 10080000
1731668155045 0.0017464857216424434 10125312
1731668178231 0.0025295921215658266 10158080
1731668201564 0.0029498177927393954 10190848
1731668225352 0.0021533642267399953 10223616
1731668248871 0.0026220619657095767 10240000
1731668276766 0.0021126060473932286 10289152
1731668300886 0.003010292231221001 10321920
1731668326148 0.001981633485414136 10354688
1731668349447 0.0023453388304005784 10387456
1731668376710 0.002597091798716633 10400000
1731668404642 0.0024681016035344784 10452992
1731668428134 0.002055402148448593 10485760
1731668451718 0.0028339617737827894 10518528
1731668483422 0.0020910464185305956 10551296
1731668505055 0.0016891159948741574 10560000
1731668540002 0.002228236056799915 10616832
1731668563868 0.002110911264793458 10649600
1731668587687 0.003175316378383286 10682368
1731668611985 0.002307990227637902 10715136
1731668637681 0.001842544591006856 10720000
1731668667704 0.0025148213109133623 10780672
1731668691747 0.0024040894988047513 10813440
1731668722971 0.0021808988934111538 10846208
1731668753746 0.0032738023871388576 10878976
1731668779038 0.002668627689558889 10880000
1731668812300 0.0026639828634671403 10944512
1731668843821 0.0024224371939197908 10977280
1731668867527 0.00300823125644456 11010048
1731668893398 0.0024401976195605355 11040000
1731668918765 0.002603412634962865 11075584
1731668942997 0.0027231577520467455 11108352
1731668966904 0.001999031787943295 11141120
1731668990680 0.0023590928058311532 11173888
1731669021786 0.0018041728610768359 11200000
1731669048102 0.002357521425575726 11239424
1731669073992 0.0023342016294975567 11272192
1731669099132 0.002361727197177288 11304960
1731669123782 0.002089565291885265 11337728
1731669148701 0.002614129349470318 11360000
1731669177699 0.0026757112107191005 11403264
1731669202618 0.0028157070128941087 11436032
1731669233151 0.001704475469111344 11468800
1731669257668 0.0027008430650198533 11501568
1731669280692 0.0029690430995202633 11520000
1731669308687 0.0020831523642357297 11567104
1731669333737 0.0027157497128115437 11599872
1731669358357 0.0036684457407687885 11632640
1731669382892 0.002210243248526922 11665408
1731669404993 0.001842720032036027 11680000
1731669433665 0.002297558332469407 11730944
1731669457965 0.0026658211610424585 11763712
1731669488478 0.003019442717180709 11796480
1731669513849 0.0032315773075879406 11829248
1731669537245 0.0028079398868044335 11840000
1731669566262 0.0025721653585350167 11894784
1731669590610 0.0024974804678890906 11927552
1731669615173 0.002665720321604681 11960320
1731669639108 0.002589346199928855 11993088
1731669660110 0.0024929973859627807 12000000
1731669695922 0.0025603408160264963 12058624
1731669720466 0.0029203054761694604 12091392
1731669745531 0.0027427242944924046 12124160
1731669769740 0.0024767246402433328 12156928
1731669790030 0.002744787362419743 12160000
1731669820660 0.002445015131274886 12222464
1731669845558 0.002345318105557226 12255232
1731669869875 0.003454503186392799 12288000
1731669895927 0.0022512613083193857 12320000
1731669920726 0.002206394166125847 12353536
1731669950974 0.0020699800622935526 12386304
1731669975168 0.002409331573986151 12419072
1731670005516 0.0020093761310391754 12451840
1731670030750 0.002295050745340177 12480000
1731670056125 0.0030988497127452776 12517376
1731670079905 0.003012225393206336 12550144
1731670103994 0.002807724202645545 12582912
1731670128120 0.0026949523342636892 12615680
1731670151863 0.0030327276181651543 12640000
1731670178493 0.002758490804146163 12681216
1731670202330 0.003325437431226419 12713984
1731670226009 0.002615986435981199 12746752
1731670249878 0.0027591654710619196 12779520
1731670273297 0.002345143789442261 12800000
1731670300129 0.002309675137318834 12845056
1731670324009 0.00211795174766678 12877824
1731670347405 0.00240438178035447 12910592
1731670370772 0.0029513030826791463 12943360
1731670393076 0.0026359154980838185 12960000
1731670421234 0.0021405836777589116 13008896
1731670444995 0.002332856279909379 13041664
1731670474774 0.0018449609535224453 13074432
1731670498713 0.0023985685563360447 13107200
1731670520974 0.0028216482713588676 13120000
1731670549470 0.0024467438331100765 13172736
1731670573257 0.0030708730502908566 13205504
1731670603225 0.0028450350469853445 13238272
1731670626917 0.0021399880704308315 13271040
1731670648134 0.0024229937189488735 13280000
1731670677711 0.0018317852626154262 13336576
1731670701573 0.002632657924905857 13369344
1731670725157 0.0026134935023776505 13402112
1731670755426 0.0028992978776727794 13434880
1731670775675 0.00253082840037564 13440000
1731670805481 0.002408151643714973 13500416
1731670828858 0.002369595528327295 13533184
1731670852419 0.0024404375094434273 13565952
1731670875711 0.0024525535596922055 13598720
1731670895081 0.0024668596882420958 13600000
1731670925795 0.0025031220307994316 13664256
1731670949552 0.002693788892108273 13697024
1731670972957 0.0022688129879043116 13729792
1731670997847 0.002379003184179851 13760000
1731671022167 0.0017090982655560082 13795328
1731671045542 0.003185193115638185 13828096
1731671069219 0.0025428535928114114 13860864
1731671093053 0.0029000539612866307 13893632
1731671117249 0.002759147335936518 13920000
1731671142074 0.0029018789063627536 13959168
1731671165686 0.002969681090215204 13991936
1731671189261 0.0019764107714252076 14024704
1731671219228 0.0026726945051450458 14057472
1731671243086 0.002314363929602337 14080000
1731671269499 0.0023884846769533395 14123008
1731671293159 0.0024012273420339625 14155776
1731671317119 0.002431531653166985 14188544
1731671346957 0.0037211703972332088 14221312
1731671370017 0.0032331233957251016 14240000
1731671402543 0.002311440071605375 14286848
1731671426305 0.0025359035622642525 14319616
1731671449838 0.0026062218707266992 14352384
1731671473405 0.002724047745897451 14385152
1731671495106 0.0031085017431877306 14400000
1731671522547 0.0026665802019323337 14450688
1731671546084 0.002890529623257976 14483456
1731671569497 0.0023113207327014607 14516224
1731671592873 0.0026266994773919807 14548992
1731671614058 0.0024832975362215847 14560000
1731671641600 0.002415711480448124 14614528
1731671665083 0.0017078330876543646 14647296
1731671688544 0.0025043725630723656 14680064
1731671711699 0.003179346352911239 14712832
1731671731842 0.0023005965628328795 14720000
1731671760224 0.002672679965263569 14778368
1731671783696 0.0029331866639836337 14811136
1731671807252 0.0022994909197393554 14843904
1731671830919 0.0025766085632625392 14876672
1731671851032 0.0031473864657215246 14880000
1731671881039 0.0029409863075187557 14942208
1731671904595 0.0028401494679286543 14974976
1731671934307 0.0037982531472721347 15007744
1731671965476 0.0021192684819538953 15040000
1731671988879 0.002670544303595079 15073280
1731672012297 0.002653222308254044 15106048
1731672035525 0.002842489801187753 15138816
1731672065133 0.0017370846477305691 15171584
1731672088677 0.0024071591582725204 15200000
1731672113379 0.0030647636757748843 15237120
1731672136659 0.0028805050257062702 15269888
1731672160057 0.0029527795894324525 15302656
1731672183404 0.002644757107646001 15335424
1731672212750 0.0027854615378373635 15360000
1731672237710 0.0023589169816489175 15400960
1731672261070 0.0019214746679182327 15433728
1731672284542 0.002587823915561671 15466496
1731672308029 0.003076909086260571 15499264
1731672331351 0.0024417442888591268 15520000
1731672357291 0.002223568320007985 15564800
1731672380745 0.0024641927604875493 15597568
1731672404273 0.003133026368939795 15630336
1731672428182 0.00331982448724375 15663104
1731672450412 0.0027812689046783135 15680000
1731672479422 0.0023302998219605795 15728640
1731672502982 0.002265942126936693 15761408
1731672526460 0.0028213290930779065 15794176
1731672549876 0.002836821569522385 15826944
1731672571515 0.002130033602270487 15840000
1731672598978 0.0025130454777240628 15892480
1731672629208 0.0027183747824793157 15925248
1731672659130 0.0027908988630883868 15958016
1731672688992 0.002315726156163578 15990784
1731672716052 0.0019892512422586607 16000000
1731672744624 0.0020630292918497163 16056320
1731672768200 0.0027783557060246265 16089088
1731672791686 0.0024158168725335826 16121856
1731672815204 0.002138206530298703 16154624
1731672834968 0.0042151934842593166 16160000
1731672864078 0.0030223992768640072 16220160
1731672887650 0.003004605875921129 16252928
1731672911674 0.0019389893471611686 16285696
1731672941231 0.002754500722113562 16318464
1731672960534 0.0028416077182839674 16320000
1731672990060 0.0022175313245057283 16384000
1731673013477 0.0030871967492259954 16416768
1731673043664 0.0029890412644334673 16449536
1731673074343 0.0025702947841608646 16480000
1731673098524 0.0024420272225228246 16515072
1731673128191 0.0022195362341136614 16547840
1731673151734 0.0026651802530665235 16580608
1731673175273 0.0022105606326874748 16613376
1731673205607 0.0023688401974425234 16640000
1731673230441 0.0021765474041302467 16678912
1731673253868 0.0028134004367956324 16711680
1731673277549 0.0018901560461870304 16744448
1731673301009 0.0019401290189506426 16777216
1731673330333 0.002155546045959511 16800000
1731673355365 0.002248104315950172 16842752
1731673385930 0.0029025729489319473 16875520
1731673409054 0.0025940595696738455 16908288
1731673433197 0.0035477288581375888 16941056
1731673455908 0.0029947521909576835 16960000
1731673481903 0.003026893646753592 17006592
1731673505396 0.0034955183183683403 17039360
1731673529113 0.002406132693718632 17072128
1731673558453 0.00269682597619294 17104896
1731673586326 0.0023547202254007972 17120000
1731673615115 0.00287689234612003 17170432
1731673638589 0.00205649053386594 17203200
1731673662141 0.002001726445679708 17235968
1731673685218 0.0026083344380538167 17268736
1731673706020 0.0022651176087933322 17280000
1731673736083 0.003358889433249601 17334272
1731673759355 0.0026726653228479336 17367040
1731673782724 0.0022818888598123976 17399808
1731673806134 0.0024890258137560293 17432576
1731673826143 0.002597640901429088 17440000
1731673860999 0.0025666156528956208 17498112
1731673884154 0.002168196679284051 17530880
1731673908170 0.002342303640415366 17563648
1731673931721 0.0023549247890400694 17596416
1731673951144 0.0020437653370890983 17600000
1731673980457 0.0025733242072618623 17661952
1731674009842 0.002801958490221068 17694720
1731674034332 0.0021668367172992475 17727488
1731674059626 0.0021116089157743544 17760000
1731674089354 0.002288486408673407 17793024
1731674112732 0.002162242391122504 17825792
1731674136126 0.002445161502726023 17858560
1731674165863 0.0023738486012774727 17891328
1731674197132 0.002878277756508396 17920000
1731674221151 0.0019719593167707218 17956864
1731674244511 0.003405666549912212 17989632
1731674268296 0.0031795390465106264 18022400
1731674291306 0.0035438322024390345 18055168
1731674315038 0.0036716262290724445 18080000
1731674340672 0.002436006750974684 18120704
1731674369881 0.00313895388503056 18153472
1731674393144 0.002522196000234089 18186240
1731674416518 0.0021762970699455765 18219008
1731674438964 0.0021039579705913526 18240000
1731674464760 0.0025203742091434835 18284544
1731674488001 0.0033418672215987043 18317312
1731674511830 0.0028530011309584324 18350080
1731674541366 0.0029795285875138687 18382848
1731674563726 0.0024843173776361027 18400000
1731674590064 0.0030176061638542253 18448384
1731674619389 0.0023922609161559196 18481152
1731674644196 0.0021494757363598183 18513920
1731674667550 0.0034321102484341282 18546688
1731674688878 0.0027186337210025613 18560000
1731674716034 0.0019023426896382033 18612224
1731674739350 0.002642838301693473 18644992
1731674762756 0.0024416292318761635 18677760
1731674786150 0.002211154592129105 18710528
1731674806562 0.0028016407095080354 18720000
1731674834440 0.0027552534890503467 18776064
1731674857347 0.002797372518756447 18808832
1731674880655 0.002292777295610904 18841600
1731674910132 0.0024542639556472067 18874368
1731674929897 0.0026387646316976543 18880000
1731674958844 0.0030769066058951465 18939904
1731674988400 0.0024411081775951972 18972672
1731675017939 0.002155742740325195 19005440
1731675040979 0.0027449976672556885 19038208
1731675066530 0.0024883113937860914 19040000
1731675102170 0.0020217716630583026 19103744
1731675125242 0.0024211252766605184 19136512
1731675148571 0.002535344179545973 19169280
1731675179595 0.0027241017171121483 19200000
1731675203333 0.0025025784871303357 19234816
1731675226569 0.002364707328811733 19267584
1731675249671 0.0029721723602563086 19300352
1731675273037 0.003177241716844037 19333120
1731675297672 0.0033605663298743593 19360000
1731675322033 0.002466225690815804 19398656
1731675345208 0.0022572037564899004 19431424
1731675368579 0.002527792912113114 19464192
1731675398236 0.0027799493178065405 19496960
1731675421464 0.002560406461211073 19520000
1731675453131 0.0029243311824274087 19562496
1731675476415 0.0025060410739087048 19595264
1731675499909 0.002752194295445065 19628032
1731675530000 0.002754940730935118 19660800
1731675552706 0.0023482516071481998 19680000
1731675578403 0.0031243260336026426 19726336
1731675601389 0.002394231915860701 19759104
1731675624534 0.0028451295667537126 19791872
1731675647517 0.003416063396628033 19824640
1731675669053 0.0032402201741945193 19840000
1731675695937 0.002102395214859598 19890176
1731675719316 0.0025750076935537438 19922944
1731675748880 0.0026307021942386655 19955712
1731675772265 0.0027080029709452445 19988480
1731675793775 0.002387313921374812 20000000
1731675827591 0.002770247921301916 20054016
1731675851080 0.002029533408950357 20086784
1731675874277 0.002650294067169057 20119552
1731675899105 0.003274774995605867 20152320
1731675918943 0.003289586416170209 20160000
1731675947808 0.0026255561710513574 20217856
1731675977214 0.0025788546301981794 20250624
1731676001368 0.002298491952836912 20283392
1731676024828 0.0021050257069788357 20316160
1731676044339 0.003342040760691134 20320000
1731676080146 0.0032748420734492354 20381696
1731676103164 0.0029698258106975574 20414464
1731676126338 0.0032440332191526976 20447232
1731676151259 0.002352033119298369 20480000
1731676174398 0.002631918707703562 20512768
1731676198063 0.0026926682289627026 20545536
1731676221251 0.0023212839986143765 20578304
1731676250597 0.0025087507497744354 20611072
1731676275193 0.002912193051599843 20640000
1731676299209 0.002515464057108829 20676608
1731676322444 0.003025865005085393 20709376
1731676345446 0.0019230889803054652 20742144
1731676368994 0.0020397998994369005 20774912
1731676393106 0.0032107717026917727 20800000
1731676424421 0.002811064067753932 20840448
1731676447961 0.002567373006870355 20873216
1731676477777 0.0022876598713565954 20905984
1731676507676 0.002457322685236818 20938752
1731676530953 0.0022073366225541236 20960000
1731676556559 0.0035512429528125724 21004288
1731676579898 0.0031894413672176824 21037056
1731676602774 0.0029676389239966738 21069824
1731676632349 0.0028593086604132623 21102592
1731676654707 0.0021896144573247513 21120000
1731676681302 0.0027896250427659197 21168128
1731676704603 0.0023808767329796866 21200896
1731676727538 0.0030241411914090576 21233664
1731676751057 0.0029196508942618492 21266432
1731676772771 0.002772417997206844 21280000
1731676799569 0.0022977511475829717 21331968
1731676823040 0.0028169488501674778 21364736
1731676846323 0.0026146643466432805 21397504
1731676869836 0.002841279989146983 21430272
1731676890201 0.003158589634631426 21440000
1731676924410 0.002311740146461716 21495808
1731676953592 0.0034157477442249727 21528576
1731676976511 0.002293714654615542 21561344
1731676999327 0.0027143373209241872 21594112
1731677019046 0.0033040514925460228 21600000
1731677047945 0.0029486739942200303 21659648
1731677071810 0.0029945936056407162 21692416
1731677094720 0.002823573075653485 21725184
1731677118307 0.002890719244547313 21757952
1731677143534 0.0029049938073598012 21760000
1731677173238 0.0025739516012009745 21823488
1731677196457 0.0032534919383920167 21856256
1731677219697 0.003766159974588845 21889024
1731677244187 0.002491629879204993 21920000
1731677267865 0.002334030707839929 21954560
1731677291443 0.003416430291707684 21987328
1731677315199 0.002152669153463194 22020096
1731677338452 0.0031697449216551376 22052864
1731677363319 0.0023032716573311517 22080000
1731677388074 0.002514470313778361 22118400
1731677411190 0.0026755162801947565 22151168
1731677434500 0.0026979607298414977 22183936
1731677464092 0.0032544145457251263 22216704
1731677493858 0.0025944507177996456 22240000
1731677519171 0.0027535051652137097 22282240
1731677542337 0.0028296580216846225 22315008
1731677565936 0.0022745494663212185 22347776
1731677595306 0.0020856954916638414 22380544
1731677617924 0.0019968088458142573 22400000
1731677650331 0.0023876558443120645 22446080
1731677673275 0.0019240727369208344 22478848
1731677696277 0.002128990305899947 22511616
1731677719529 0.0029753510955572438 22544384
1731677741395 0.0032172757853686563 22560000
1731677768064 0.0029147740262800426 22609920
1731677791436 0.0031619216262072313 22642688
1731677821318 0.0021853156236318226 22675456
1731677846317 0.002932654885560737 22708224
1731677867578 0.002333433441771149 22720000
1731677901402 0.0034411272127840677 22773760
1731677924430 0.0026465288821327705 22806528
1731677947562 0.002094274239570382 22839296
1731677977168 0.002564404122591668 22872064
1731677997826 0.00290394853115572 22880000
1731678025856 0.0030467338502404573 22937600
1731678048937 0.0028887826448055877 22970368
1731678078528 0.002766238290968204 23003136
1731678102138 0.0020979963086432464 23035904
1731678128175 0.0028385964402957596 23040000
1731678163230 0.0028098681686742565 23101440
1731678186440 0.002684946349256734 23134208
1731678209802 0.0026205745691299854 23166976
1731678233718 0.0022727956293948637 23199744
1731678252693 0.0024073246785178528 23200000
1731678288930 0.0029362190377838714 23265280
1731678313322 0.003167298810311081 23298048
1731678336696 0.0026416903939434633 23330816
1731678367396 0.0025639732144327352 23360000
1731678391576 0.0022313986124430584 23396352
1731678415163 0.0018964347460865838 23429120
1731678438519 0.0028084245609591107 23461888
1731678461638 0.0032006162729999233 23494656
1731678485240 0.0026136970557274707 23520000
1731678516549 0.0030777844928735476 23560192
1731678539455 0.0034769785340728276 23592960
1731678562751 0.0036766192752352824 23625728
1731678586195 0.0027626932776172453 23658496
1731678609415 0.002845124958682277 23680000
1731678642209 0.0024030914445773988 23724032
1731678665720 0.0027059235784179236 23756800
1731678689015 0.002892787706247191 23789568
1731678712160 0.0027356027565616616 23822336
1731678734211 0.0034345364153239187 23840000
1731678760418 0.00284142635248088 23887872
1731678784198 0.00279602161458854 23920640
1731678813767 0.0026819486335881494 23953408
1731678843489 0.002705632128308366 23986176
1731678865134 0.002709194691090033 24000000
1731678900218 0.0029060872180650676 24051712
1731678925272 0.0035113863361374343 24084480
1731678948619 0.0028881671301107304 24117248
1731678973523 0.0030433453680885235 24150016
1731679000571 0.002540989221745349 24160000
1731679028671 0.0028561827368946526 24215552
1731679051946 0.0028454447365078295 24248320
1731679075734 0.0030319972032373244 24281088
1731679098960 0.0031616682622257032 24313856
1731679125429 0.0024632771806864183 24320000
1731679154153 0.002529858434107268 24379392
1731679177096 0.0025248544021522434 24412160
1731679200126 0.00250665204985836 24444928
1731679223767 0.003236359003372513 24477696
1731679242776 0.002468730823659371 24480000
1731679272282 0.003588110360064434 24543232
1731679295402 0.0032081413984769826 24576000
1731679324860 0.0023954088602422983 24608768
1731679349938 0.0032313188200333797 24640000
1731679373607 0.0025564497918381334 24674304
1731679397244 0.0035841711310069966 24707072
1731679420512 0.0031754707430366124 24739840
1731679443700 0.0027203793031517877 24772608
1731679467932 0.0032612586229788577 24800000
1731679492337 0.002575786468932506 24838144
1731679515282 0.0030029918589207227 24870912
1731679538704 0.0027510799619662406 24903680
1731679569053 0.0017466584728865087 24936448
1731679592048 0.002817747939184301 24960000
1731679617049 0.002498186514668532 25001984
1731679640377 0.003867631550676265 25034752
1731679665410 0.0021345911274551098 25067520
1731679688596 0.0025954923543395126 25100288
1731679711322 0.002343802255944638 25120000
1731679737391 0.0028499137134303963 25165824
1731679760614 0.0034224152032891197 25198592
1731679783816 0.0030196803118712977 25231360
1731679807666 0.0026988338910342692 25264128
1731679829575 0.002145355175822772 25280000
1731679856756 0.0024433014962923494 25329664
1731679886063 0.0029157297786724713 25362432
1731679915715 0.0027084273405336033 25395200
1731679938749 0.0025212720087324668 25427968
1731679960069 0.0028446288111169337 25440000
1731679988149 0.002727266382777316 25493504
1731680017710 0.0025818814584710028 25526272
1731680040909 0.0032968517000654175 25559040
1731680064157 0.003187281133594411 25591808
1731680090512 0.0031787391051722124 25600000
1731680118740 0.0026428329206964916 25657344
1731680142258 0.002925364206339509 25690112
1731680166016 0.00251707519378499 25722880
1731680195397 0.003129683212463874 25755648
1731680220747 0.002294390536515323 25760000
1731680255707 0.002603773796934661 25821184
1731680285132 0.0031255543404967055 25853952
1731680308147 0.0031670144442813354 25886720
1731680337203 0.0028517790091825645 25919488
1731680355854 0.0029019110261884863 25920000
1731680385579 0.0026018236649377967 25985024
1731680408548 0.002584700192548439 26017792
1731680431887 0.002868129501720773 26050560
1731680457051 0.0034258180012841422 26080000
1731680481712 0.003138784829451424 26116096
1731680505158 0.0025085064077728703 26148864
1731680528639 0.002941063274514022 26181632
1731680558152 0.002280142079138159 26214400
1731680581541 0.0024464201593332293 26240000
1731680606271 0.0028313560597183597 26279936
1731680629511 0.002586497237800245 26312704
1731680652964 0.0026398270388312993 26345472
1731680682821 0.0031257077610831628 26378240
1731680706031 0.00245041497999523 26400000
1731680737755 0.002527722372965968 26443776
1731680767133 0.0027418597412392385 26476544
1731680790268 0.0030394218736631727 26509312
1731680813692 0.0031480803845113313 26542080
1731680835920 0.003278801018369393 26560000
1731680862235 0.0029959545126828856 26607616
1731680885472 0.0026795560436511322 26640384
1731680908741 0.0019214539411208874 26673152
1731680931829 0.0026727566810819782 26705920
1731680953128 0.002328265176424793 26720000
1731680981712 0.002592832007860579 26771456
1731681005622 0.0020754413856536756 26804224
1731681028724 0.002956636889393849 26836992
1731681052443 0.0024020586570799194 26869760
1731681080075 0.001979959314029145 26880000
1731681114583 0.003393443845155275 26935296
1731681138275 0.0030851404012082638 26968064
1731681162258 0.003132126203726671 27000832
1731681185825 0.0029670029957287623 27033600
1731681206141 0.002289058372404895 27040000
1731681236033 0.003464256538430277 27099136
1731681259747 0.0021215951288809263 27131904
1731681283208 0.003573812241867813 27164672
1731681306926 0.002820795042319446 27197440
1731681326304 0.00243596617231816 27200000
1731681355906 0.0028149876531827545 27262976
1731681379260 0.0023239757911909464 27295744
1731681408795 0.0027010765280380154 27328512
1731681433934 0.0025233906649432926 27360000
1731681457618 0.002426788825951576 27394048
1731681480519 0.0030299139758739103 27426816
1731681503684 0.0026293199745055064 27459584
1731681526827 0.002184656216138592 27492352
1731681558586 0.00272783542908428 27520000
1731681584211 0.0027562879828579414 27557888
1731681607627 0.0032100118873046313 27590656
1731681637674 0.0033920589015394853 27623424
1731681667123 0.0023899887784097017 27656192
1731681690012 0.002890456608912473 27680000
1731681721390 0.002221599526939144 27721728
1731681744389 0.003992079729007969 27754496
1731681767682 0.0033075463233160464 27787264
1731681790785 0.002391391787614339 27820032
1731681813527 0.001709977306683186 27840000
1731681839197 0.0026381745080200857 27885568
1731681868603 0.002938687868834222 27918336
1731681892439 0.0036159088468849633 27951104
1731681915922 0.0026767877221033133 27983872
1731681937715 0.002510713360442196 28000000
1731681964302 0.0023826833982809603 28049408
1731681987429 0.0027808166931777125 28082176
1731682010703 0.0030654041617992787 28114944
1731682033445 0.0024298779393717496 28147712
1731682054509 0.003022469479680012 28160000
1731682081953 0.002414747478185575 28213248
1731682105379 0.0035400512419755613 28246016
1731682128977 0.0030493332101585225 28278784
1731682152357 0.002660374073613525 28311552
1731682172285 0.0028058273044280213 28320000
1731682200292 0.0028602562843175862 28377088
1731682229861 0.003193794832804997 28409856
1731682259051 0.0021044649417518713 28442624
1731682282963 0.0025846742098622143 28475392
1731682302240 0.0022705730189741757 28480000
1731682330905 0.0020435035203703934 28540928
1731682354731 0.0020897969036440143 28573696
1731682384534 0.0024420294717899084 28606464
1731682414372 0.002836565191317675 28639232
1731682432814 0.002821511495989171 28640000
1731682462491 0.0026982520177824655 28704768
1731682485758 0.003063163471642838 28737536
1731682508623 0.0028021796023750766 28770304
1731682532992 0.0027508786442609788 28800000
1731682556987 0.003274245302458212 28835840
1731682580311 0.0021659365610105395 28868608
1731682603589 0.0020178605329903123 28901376
1731682626899 0.0019126836402122648 28934144
1731682656708 0.0022860670114496886 28960000
1731682681135 0.002817622964917632 28999680
1731682704128 0.0026392961512399895 29032448
1731682733070 0.002680463090423757 29065216
1731682756590 0.003064650139717173 29097984
1731682785855 0.00255702627240737 29120000
1731682811405 0.0023188139779719563 29163520
1731682834358 0.00277672971929519 29196288
1731682857826 0.0029547665793103308 29229056
1731682887218 0.0032656829500979255 29261824
1731682909345 0.0032480060621679742 29280000
1731682935671 0.0026615293185855648 29327360
1731682964984 0.00262977260636319 29360128
1731682988041 0.0024950106173193378 29392896
1731683011058 0.0029563507584953186 29425664
1731683032586 0.00254176800594621 29440000
1731683059409 0.0023101059255978386 29491200
1731683082486 0.0024613706512141677 29523968
1731683112104 0.0022167866141543867 29556736
1731683135374 0.00354304041791238 29589504
1731683156068 0.0027719471655160534 29600000
1731683190592 0.0026035546365221762 29655040
1731683214230 0.002906771245142181 29687808
1731683243765 0.0024841528399804245 29720576
1731683273068 0.002830754500686794 29753344
1731683292805 0.0032536118045030094 29760000
1731683321397 0.0032604701095124257 29818880
1731683344323 0.002958783265145826 29851648
1731683367344 0.004046065582650726 29884416
1731683390451 0.0024357832914972733 29917184
1731683409588 0.002864798124267054 29920000
1731683438939 0.003203857233728513 29982720
1731683461732 0.003565905208139952 30015488
1731683484944 0.0025227763692242887 30048256
1731683516018 0.002152538393802672 30080000
1731683545360 0.003167544933700128 30113792
1731683568352 0.002521988514783402 30146560
1731683591446 0.0021319688540472727 30179328
1731683614527 0.002661269754204909 30212096
1731683638343 0.0027755366246594803 30240000
1731683662514 0.0021412586269832445 30277632
1731683691884 0.0027950419632219335 30310400
1731683714680 0.0031383812419051083 30343168
1731683737750 0.0025394355963811676 30375936
1731683760857 0.0023821282581238277 30400000
1731683791718 0.0035281526543712973 30441472
1731683820994 0.002915467560225693 30474240
1731683844121 0.0026545688562535476 30507008
1731683873811 0.002111059800412818 30539776
1731683896366 0.0035108564816141554 30560000
1731683928364 0.0027844639650538737 30605312
1731683951333 0.0035528439865061046 30638080
1731683976361 0.0023840026461044773 30670848
1731684006573 0.0028690553713133227 30703616
1731684034611 0.0021086884647587567 30720000
1731684061170 0.0023263397197553102 30769152
1731684083855 0.00349519001710803 30801920
1731684106828 0.0030374472030729295 30834688
1731684129797 0.002706587133525318 30867456
1731684150957 0.0037989046915953397 30880000
1731684185035 0.003934525219568741 30932992
1731684214914 0.0025817797746469752 30965760
1731684244039 0.002678954893949026 30998528
1731684267166 0.0024276148912775854 31031296
1731684293683 0.0020430904828046435 31040000
1731684321696 0.002731709794358039 31096832
1731684344728 0.0027059636777210017 31129600
1731684367879 0.0025939509952678463 31162368
1731684390872 0.002307051637585289 31195136
1731684410642 0.0026060521558250115 31200000
1731684446007 0.0029958102457243287 31260672
1731684469458 0.0030036146826688537 31293440
1731684492477 0.002513045691742377 31326208
1731684515570 0.002990521730311002 31358976
1731684534491 0.002404196472360809 31360000
1731684563765 0.003058135957110153 31424512
1731684586883 0.0028557609371205215 31457280
1731684610077 0.002303840303939353 31490048
1731684640343 0.0027373768854744183 31520000
1731684664203 0.0021476048060051767 31555584
1731684687136 0.003172289020892549 31588352
1731684716502 0.003158455622937595 31621120
1731684739644 0.0025183866604862716 31653888
1731684769608 0.0030105874010786238 31680000
1731684800118 0.0031743495862457394 31719424
1731684823324 0.003066478139425044 31752192
1731684846634 0.0021556597458328498 31784960
1731684869875 0.0026501569375824373 31817728
1731684892890 0.0034361782230860173 31840000
1731684918716 0.0028298674887892615 31883264
1731684941660 0.0026409205521133574 31916032
1731684964266 0.0030789910033661274 31948800
1731684987520 0.0028627044490889377 31981568
1731685009949 0.002239336936426639 32000000
1731685036492 0.002749155949430815 32047104
1731685059579 0.0035895157463642136 32079872
1731685082886 0.0028751236937580417 32112640
1731685106040 0.0023083872972932797 32145408
1731685133909 0.002227503225822147 32160000
