1731660353067 -2.9860143918078395 65536
1731660391105 -2.9669986481778325 98304
1731660429317 -2.95537739507854 131072
1731660474175 -2.942915872205049 160000
1731660521882 -2.924804339976981 196608
1731660566211 -2.9047953246627003 229376
1731660602726 -2.876215695915744 262144
1731660638749 -2.843192280223593 294912
1731660672240 -2.806305056763813 320000
1731660711289 -2.756328925350681 360448
1731660756120 -2.690107991686091 393216
1731660791950 -2.6182297944556923 425984
1731660837047 -2.5286668541375548 458752
1731660871777 -2.423411132255569 480000
1731660912039 -2.2920591772068293 524288
1731660956548 -2.181531408848241 557056
1731660993241 -2.054871416185051 589824
1731661030962 -1.9353788383537904 622592
1731661071946 -1.824720516661182 640000
1731661113933 -1.7159338107798248 688128
1731661149991 -1.590696813352406 720896
1731661186929 -1.4762419215636329 753664
1731661224743 -1.3636232999619096 786432
1731661255393 -1.2581687379279174 800000
1731661299788 -1.1580936291604302 851968
1731661345780 -1.0792246121098288 884736
1731661382691 -1.0003435009624808 917504
1731661417948 -0.9385415813885629 950272
1731661445889 -0.8848257013829425 960000
1731661493037 -0.8346172178862616 1015808
1731661528810 -0.7976442104438319 1048576
1731661564477 -0.7590859905816615 1081344
1731661599900 -0.7315572745865211 1114112
1731661634886 -0.7134311651287135 1120000
1731661679510 -0.6746172729181126 1179648
1731661715487 -0.6562944628181867 1212416
1731661751839 -0.64114744203398 1245184
1731661795901 -0.6110476935398765 1277952
1731661821434 -0.5973070778069086 1280000
1731661867566 -0.5858289546100423 1343488
1731661911811 -0.5666757897648494 1376256
1731661956317 -0.5576622183143627 1409024
1731661994862 -0.5438892111124005 1440000
1731662040715 -0.5356034983531572 1474560
1731662077206 -0.5177271044580266 1507328
1731662114295 -0.5123799079272431 1540096
1731662159177 -0.5073851597844623 1572864
1731662202288 -0.4960061230463907 1600000
1731662250279 -0.48591161632793956 1638400
1731662286740 -0.47964608648908325 1671168
1731662321739 -0.47510031202691605 1703936
1731662357835 -0.46869200814398937 1736704
1731662390642 -0.45731935397489 1760000
1731662429581 -0.4577108783996664 1802240
1731662474435 -0.44926817548112014 1835008
1731662519679 -0.44957708070869556 1867776
1731662557245 -0.4390571290976368 1900544
1731662590135 -0.4293734092265368 1920000
1731662632704 -0.43066852948686574 1966080
1731662669195 -0.4256851638783701 1998848
1731662707124 -0.4252064632368274 2031616
1731662744691 -0.41735358256846666 2064384
1731662774961 -0.4207525608304422 2080000
1731662827264 -0.4187418845191132 2129920
1731662865358 -0.41452660656359513 2162688
1731662901656 -0.40861001664889046 2195456
1731662947698 -0.40556954721105287 2228224
1731662977769 -0.4063978452788433 2240000
1731663030065 -0.4018759059807053 2293760
1731663067344 -0.39954199168714694 2326528
1731663104247 -0.3939785907772603 2359296
1731663149969 -0.38837537936633454 2392064
1731663178223 -0.38566557616577485 2400000
1731663224546 -0.389419753535185 2457600
1731663261575 -0.3810209057875909 2490368
1731663298058 -0.3800533644389361 2523136
1731663336176 -0.38122121309279466 2555904
1731663371772 -0.37624895423068666 2560000
1731663419427 -0.3754243148927344 2621440
1731663456675 -0.37383478971023576 2654208
1731663503056 -0.37221366226149255 2686976
1731663541089 -0.3678036692494061 2719744
1731663567144 -0.3658841033990029 2720000
1731663617990 -0.3670784204325173 2785280
1731663656087 -0.36423726833309045 2818048
1731663693513 -0.36509056575014254 2850816
1731663731936 -0.35852666294376834 2880000
1731663779260 -0.36069414832163604 2916352
1731663816616 -0.3618013402854558 2949120
1731663853845 -0.3564816515921848 2981888
1731663890578 -0.35891947488998993 3014656
1731663929233 -0.3531544753059279 3040000
1731663969831 -0.3546924266847782 3080192
1731664007380 -0.3537019869778305 3112960
1731664044266 -0.3483453011576785 3145728
1731664084524 -0.3510074705351144 3178496
1731664119443 -0.3556416133447783 3200000
1731664162920 -0.34698274627153297 3244032
1731664200322 -0.34705261813069227 3276800
1731664240231 -0.34493845228862485 3309568
1731664282344 -0.3417969940113835 3342336
1731664314094 -0.3457303034636425 3360000
1731664358321 -0.34190610919031317 3407872
1731664395606 -0.3421475728158839 3440640
1731664439957 -0.339583819929976 3473408
1731664480355 -0.3404150941350963 3506176
1731664512137 -0.33800008732941933 3520000
1731664556385 -0.3375659258395899 3571712
1731664594602 -0.334735783081851 3604480
1731664631766 -0.33333927185158246 3637248
1731664670445 -0.3317381765577011 3670016
1731664701141 -0.33327996607113164 3680000
1731664747339 -0.3288771330699092 3735552
1731664786276 -0.3274075133173028 3768320
1731664826852 -0.3251711562857963 3801088
1731664867981 -0.3262783966958523 3833856
1731664897116 -0.3243175215553492 3840000
1731664944765 -0.32856476384040434 3899392
1731664981745 -0.326009396565496 3932160
1731665019057 -0.3244804347428726 3964928
1731665065003 -0.32161667074542494 3997696
1731665092735 -0.31607652925595175 4000000
1731665140300 -0.32080818837275726 4063232
1731665180857 -0.31600443787756377 4096000
1731665219587 -0.3206536119774682 4128768
1731665261104 -0.3160962590336567 4160000
1731665300103 -0.3205133900279179 4194304
1731665339300 -0.321541281422833 4227072
1731665377619 -0.3211322774965083 4259840
1731665414364 -0.3201031511416659 4292608
1731665454699 -0.3216775011795107 4320000
1731665494987 -0.3188413727155421 4358144
1731665534557 -0.31699583896261174 4390912
1731665572179 -0.323951901649707 4423680
1731665609588 -0.3192995351651916 4456448
1731665644171 -0.31880073359643574 4480000
1731665684383 -0.31758639801701066 4521984
1731665723330 -0.3191892196133267 4554752
1731665762500 -0.3150591145444196 4587520
1731665800649 -0.3151092879648786 4620288
1731665833623 -0.313190609330195 4640000
1731665875567 -0.32303921551501846 4685824
1731665912789 -0.3168636027345201 4718592
1731665949178 -0.3135717357043177 4751360
1731665986164 -0.3100769458396826 4784128
1731666019353 -0.311381208858802 4800000
1731666061937 -0.3106354868708877 4849664
1731666098776 -0.3112893213634379 4882432
1731666136230 -0.3110872696328443 4915200
1731666174564 -0.31510099735751285 4947968
1731666204827 -0.3178088010667125 4960000
1731666251968 -0.3166346980957314 5013504
1731666289313 -0.31189667476282923 5046272
1731666326623 -0.30709392934513746 5079040
1731666362541 -0.3123893869254971 5111808
1731666394341 -0.3172609915811336 5120000
1731666444313 -0.3106796405510977 5177344
1731666481997 -0.3149434885533992 5210112
1731666522168 -0.316174360565492 5242880
1731666560407 -0.31695102477970066 5275648
1731666590288 -0.31067244794103316 5280000
1731666639236 -0.31332616189611145 5341184
1731666678425 -0.31292458372481635 5373952
1731666716539 -0.31535229839209933 5406720
1731666754311 -0.3116378202772466 5439488
1731666781548 -0.31818971295724624 5440000
1731666831851 -0.3162821160396561 5505024
1731666869760 -0.3148049567651469 5537792
1731666909058 -0.3159944611805258 5570560
1731666947195 -0.3162806062377058 5600000
1731666985520 -0.315213789884001 5636096
1731667023577 -0.31418142262264154 5668864
1731667060921 -0.31644407724379564 5701632
1731667099470 -0.3155936983705033 5734400
1731667138938 -0.31836985384579747 5760000
1731667180895 -0.31474051951954607 5799936
1731667217287 -0.3146010081691202 5832704
1731667255616 -0.3151254812226398 5865472
1731667299258 -0.31008072547847404 5898240
1731667333490 -0.3163499655056512 5920000
1731667376876 -0.3136182632559212 5963776
1731667413656 -0.3140455392771401 5996544
1731667450810 -0.3108061273698695 6029312
1731667486939 -0.30825054986344186 6062080
1731667523332 -0.3077670217957348 6080000
1731667567829 -0.3108658535464201 6127616
1731667605815 -0.31296810004278086 6160384
1731667642776 -0.3137904180563055 6193152
1731667678693 -0.31393104446469805 6225920
1731667708513 -0.31264590660575775 6240000
1731667752295 -0.308826524039614 6291456
1731667790039 -0.31539020281925334 6324224
1731667830991 -0.3097018643515185 6356992
1731667869280 -0.31090797678916715 6389760
1731667900208 -0.3069657790882047 6400000
1731667945826 -0.3102670990570914 6455296
1731667984911 -0.3098377890361007 6488064
1731668024819 -0.3091240406705765 6520832
1731668064582 -0.3033971384051256 6553600
1731668094087 -0.30424152939231136 6560000
1731668143124 -0.3028539172169985 6619136
1731668181223 -0.30604913319984917 6651904
1731668218554 -0.30065515836759005 6684672
1731668256813 -0.298172364133643 6717440
1731668288576 -0.30027663306100294 6720000
1731668335821 -0.3021920442697592 6782976
1731668372676 -0.3027280030219117 6815744
1731668415791 -0.3092298264033161 6848512
1731668453252 -0.30417048920935486 6880000
1731668497960 -0.3009768095274922 6914048
1731668538753 -0.3062065759644611 6946816
1731668576000 -0.3059453088615555 6979584
1731668613539 -0.30121711356332526 7012352
1731668653718 -0.3027957778685959 7040000
1731668697060 -0.31068261652544604 7077888
1731668738581 -0.30786226308264303 7110656
1731668777914 -0.30236289914464576 7143424
1731668816548 -0.3079467712668702 7176192
1731668852535 -0.3068838684586808 7200000
1731668894360 -0.3101864660915453 7241728
1731668932654 -0.3085309155576397 7274496
1731668970515 -0.30675886587123385 7307264
1731669008438 -0.30367346985440236 7340032
1731669040786 -0.3076275334926322 7360000
1731669085025 -0.3058488597220276 7405568
1731669123582 -0.30436382253828925 7438336
1731669162578 -0.30663973310147413 7471104
1731669201808 -0.30626360881433357 7503872
1731669234577 -0.30588551074906717 7520000
1731669279065 -0.3066150176455267 7569408
1731669316933 -0.3028054171911208 7602176
1731669362486 -0.30685910376778336 7634944
1731669400999 -0.30369138649839444 7667712
1731669431564 -0.3018455043027643 7680000
1731669476961 -0.3016268249921268 7733248
1731669514989 -0.3008061393396929 7766016
1731669552775 -0.3053140057629207 7798784
1731669589497 -0.30011360234348106 7831552
1731669618557 -0.3014723856846103 7840000
1731669667251 -0.30016940592904573 7897088
1731669712660 -0.3027919845771976 7929856
1731669749647 -0.30622454094700513 7962624
1731669786627 -0.3076120519341202 7995392
1731669813823 -0.3030809562653303 8000000
1731669863598 -0.30352666579419746 8060928
1731669901828 -0.3057201770745451 8093696
1731669940046 -0.30498295336437875 8126464
1731669976674 -0.30703759362222627 8159232
1731670002098 -0.3059425044251839 8160000
1731670050168 -0.3065036680229241 8224768
1731670095006 -0.3077014641254209 8257536
1731670132022 -0.3079125388816465 8290304
1731670175270 -0.30816250847419724 8320000
1731670221284 -0.30854114208195826 8355840
1731670258723 -0.306731605695677 8388608
1731670304842 -0.30914329910010563 8421376
1731670350454 -0.30564996663015337 8454144
1731670387115 -0.30782759050198366 8480000
1731670431050 -0.3090036039997358 8519680
1731670464885 -0.30405824157351163 8552448
1731670501907 -0.305009948843508 8585216
1731670547513 -0.30124207599437797 8617984
1731670579418 -0.3033677446364891 8640000
1731670619667 -0.30028365052712613 8683520
1731670663900 -0.30145712552475745 8716288
1731670701236 -0.2982945447118254 8749056
1731670733933 -0.2988088964310009 8781824
1731670773540 -0.3033523363963468 8800000
1731670814116 -0.30769633732852525 8847360
1731670849519 -0.2992964068049332 8880128
1731670885264 -0.3015711031330284 8912896
1731670922089 -0.30244634063856213 8945664
1731670960332 -0.2999351446138462 8960000
1731671003323 -0.30088674393773546 9011200
1731671047988 -0.2975109005899867 9043968
1731671085936 -0.3034650210989639 9076736
1731671130274 -0.29739976141427177 9109504
1731671158844 -0.3018367937853327 9120000
1731671202822 -0.29875443804776297 9175040
1731671241178 -0.3025167578511173 9207808
1731671278129 -0.2977879959362326 9240576
1731671326261 -0.2992700862843776 9273344
1731671353146 -0.3003490451403195 9280000
1731671406722 -0.3022556986019481 9338880
1731671441995 -0.3034924004401546 9371648
1731671477628 -0.29921549828141 9404416
1731671512827 -0.29773077990685126 9437184
1731671546521 -0.29668330496642736 9440000
1731671602018 -0.29864486223086717 9502720
1731671638333 -0.2957398346363334 9535488
1731671673818 -0.29547153605381027 9568256
1731671717910 -0.3029489150736481 9600000
1731671754746 -0.2997846142970957 9633792
1731671799222 -0.29814038398617415 9666560
1731671843084 -0.29812993447703773 9699328
1731671886971 -0.2975935649184976 9732096
1731671929900 -0.3021098313940456 9760000
1731671975311 -0.2999448413029313 9797632
1731672018962 -0.2959943029563874 9830400
1731672055354 -0.29896238223591354 9863168
1731672100674 -0.28881925851746926 9895936
1731672133630 -0.294499997611274 9920000
1731672172156 -0.2982065885444172 9961472
1731672215466 -0.2993008400662802 9994240
1731672250915 -0.2978747671644669 10027008
1731672286175 -0.3022200137784239 10059776
1731672317803 -0.29823129275173416 10080000
1731672358483 -0.29829608534055296 10125312
1731672395366 -0.29399070159124674 10158080
1731672440117 -0.2975767716648988 10190848
1731672484411 -0.29430703609541525 10223616
1731672516565 -0.29639977046463173 10240000
1731672567012 -0.2911888318165438 10289152
1731672611478 -0.2953727216954576 10321920
1731672647411 -0.2929896753106732 10354688
1731672683369 -0.29781997002864957 10387456
1731672713253 -0.2971575841482263 10400000
1731672764979 -0.2967669247969752 10452992
1731672808765 -0.2988392024621135 10485760
1731672843957 -0.296888203418348 10518528
1731672879206 -0.2979372391535435 10551296
1731672910146 -0.2963949455093825 10560000
1731672955283 -0.2944095747603569 10616832
1731672990897 -0.29248884666594677 10649600
1731673030331 -0.29760903396527283 10682368
1731673066259 -0.2962991151085589 10715136
1731673092839 -0.2991476304916432 10720000
1731673146519 -0.2993265129684005 10780672
1731673182934 -0.29447974599606824 10813440
1731673228176 -0.29386931959015783 10846208
1731673264741 -0.2987270650308346 10878976
1731673290700 -0.29588583191507495 10880000
1731673337750 -0.2981091937777819 10944512
1731673373816 -0.2958635349525139 10977280
1731673409948 -0.2936472365778172 11010048
1731673445077 -0.2957962390239118 11040000
1731673482206 -0.2935917083232198 11075584
1731673527510 -0.2972978017583955 11108352
1731673571756 -0.29498748850019185 11141120
1731673609280 -0.29129125007020773 11173888
1731673653117 -0.2911281861452153 11200000
1731673699477 -0.29862273527251093 11239424
1731673736558 -0.29277956915902903 11272192
1731673781764 -0.2948285642021801 11304960
1731673817842 -0.2906350490258774 11337728
1731673850596 -0.2918425867857877 11360000
1731673898626 -0.28965204740234185 11403264
1731673935068 -0.2903535776131321 11436032
1731673978824 -0.2922431121522095 11468800
1731674014397 -0.29409226097923236 11501568
1731674045718 -0.29812716229935177 11520000
1731674086383 -0.29377740543859543 11567104
1731674122812 -0.29658706600021106 11599872
1731674158145 -0.29300380558124745 11632640
1731674194484 -0.2953659867867827 11665408
1731674232907 -0.29248804989620114 11680000
1731674275036 -0.2862898820749251 11730944
1731674310178 -0.2930951418180484 11763712
1731674354321 -0.29215795222553426 11796480
1731674392212 -0.290502941320301 11829248
1731674429220 -0.2913148609746713 11840000
1731674480880 -0.2880217667785473 11894784
1731674517092 -0.2898114123963751 11927552
1731674561902 -0.29134352451073936 11960320
1731674606867 -0.2884277309116442 11993088
1731674634693 -0.29121326287568083 12000000
1731674689751 -0.2938247439858969 12058624
1731674725525 -0.2882457568368409 12091392
1731674761207 -0.29121143597294574 12124160
1731674796305 -0.28739196522219573 12156928
1731674821812 -0.2868745192477945 12160000
1731674868165 -0.2868982338957721 12222464
1731674903063 -0.2886541030078661 12255232
1731674939491 -0.29007403981522656 12288000
1731674974768 -0.2926464015967213 12320000
1731675020137 -0.29118925919174216 12353536
1731675055985 -0.2877762212767266 12386304
1731675092251 -0.2845166500774212 12419072
1731675127933 -0.2893617259018356 12451840
1731675161693 -0.28879067330562974 12480000
1731675208973 -0.28932645133754703 12517376
1731675252207 -0.2942207481391961 12550144
1731675287040 -0.2920918277784949 12582912
1731675323941 -0.29247175352356863 12615680
1731675356754 -0.29321313932014165 12640000
1731675394868 -0.2957851368380943 12681216
1731675429917 -0.29453441516379825 12713984
1731675473705 -0.2923001816467149 12746752
1731675517745 -0.2903243485314306 12779520
1731675557524 -0.2905628549255198 12800000
1731675606204 -0.2946623866213486 12845056
1731675642712 -0.2924915112263989 12877824
1731675678664 -0.2925190908834338 12910592
1731675716775 -0.2929081050038803 12943360
1731675754971 -0.28804967690084593 12960000
1731675798598 -0.29135547633632086 13008896
1731675847909 -0.2943602077910327 13041664
1731675892022 -0.28706344972888476 13074432
1731675936132 -0.2947411723464029 13107200
1731675973364 -0.2914933701365953 13120000
1731676016789 -0.2927331070619402 13172736
1731676053217 -0.2948657813307364 13205504
1731676088172 -0.2931742809916614 13238272
1731676125616 -0.29114338438375853 13271040
1731676154935 -0.2910088609554805 13280000
1731676206687 -0.28735836840351114 13336576
1731676245465 -0.2890900268830592 13369344
1731676280690 -0.28519632983079646 13402112
1731676321339 -0.28571064413699787 13434880
1731676347266 -0.285645407094853 13440000
1731676394050 -0.2843452121247537 13500416
1731676437506 -0.2868467040359974 13533184
1731676481638 -0.2843226973142009 13565952
1731676522667 -0.28428424954763615 13598720
1731676549076 -0.2821015255700331 13600000
1731676596083 -0.28356031424482353 13664256
1731676640086 -0.28119771942438093 13697024
1731676684186 -0.28020782869716643 13729792
1731676727249 -0.2813691184623167 13760000
1731676764018 -0.28103976421116383 13795328
1731676801170 -0.2787639487738488 13828096
1731676845833 -0.28456961733754726 13860864
1731676889702 -0.2803200427122647 13893632
1731676931523 -0.2767063354549464 13920000
1731676978072 -0.2755264875042485 13959168
1731677013932 -0.27531872342224234 13991936
1731677058610 -0.2752323327542399 14024704
1731677094062 -0.27936377835430903 14057472
1731677133879 -0.2813238752045436 14080000
1731677182316 -0.2800589706384926 14123008
1731677218481 -0.28578360865358265 14155776
1731677261897 -0.2891850816435181 14188544
1731677298289 -0.28359408931282815 14221312
1731677337939 -0.28620354253798724 14240000
1731677387547 -0.2822426565631758 14286848
1731677422841 -0.29085157232475467 14319616
1731677458335 -0.28866490052314475 14352384
1731677493816 -0.2826290262077237 14385152
1731677522880 -0.28365137936489193 14400000
1731677565271 -0.2862573339458322 14450688
1731677600942 -0.2868638439103961 14483456
1731677636398 -0.28938359550666065 14516224
1731677673688 -0.28154623544833157 14548992
1731677704187 -0.28325429038959554 14560000
1731677748232 -0.28085359536344184 14614528
1731677784912 -0.27590342665498613 14647296
1731677828525 -0.2771312942306395 14680064
1731677866326 -0.28468916897836605 14712832
1731677894976 -0.28131252378807403 14720000
1731677945208 -0.28483713600435295 14778368
1731677982071 -0.2837096092989668 14811136
1731678017529 -0.2817698044993449 14843904
1731678052976 -0.2822277538129129 14876672
1731678078307 -0.28649225970148107 14880000
1731678133335 -0.28349056027363984 14942208
1731678176873 -0.2873115711205173 14974976
1731678213476 -0.2823744244145928 15007744
1731678257781 -0.2846755209233379 15040000
1731678293883 -0.28478048501128794 15073280
1731678329764 -0.28389773814124053 15106048
1731678365114 -0.28538034278608393 15138816
1731678400789 -0.28621865357854404 15171584
1731678439919 -0.28355956452724057 15200000
1731678486284 -0.28710796603409106 15237120
1731678522804 -0.28152815356734207 15269888
1731678558083 -0.283366446904256 15302656
1731678593450 -0.2860399320081342 15335424
1731678627541 -0.2840457427810179 15360000
1731678667288 -0.28342523771570993 15400960
1731678703346 -0.2833839886938222 15433728
1731678739439 -0.28810959920228923 15466496
1731678784001 -0.29169511515647173 15499264
1731678823248 -0.29040911682823206 15520000
1731678864868 -0.29011572056915613 15564800
1731678902017 -0.28479811604483984 15597568
1731678938456 -0.28950211847550233 15630336
1731678975161 -0.28722194431757087 15663104
1731679014033 -0.2879825137933949 15680000
1731679059713 -0.28703612291719766 15728640
1731679096119 -0.28888508990057743 15761408
1731679131582 -0.28750995798327494 15794176
1731679167399 -0.2862705647625262 15826944
1731679196691 -0.2883252431871369 15840000
1731679248352 -0.2888160399947083 15892480
1731679292690 -0.29267888036265505 15925248
1731679327651 -0.2904498086165404 15958016
1731679364403 -0.2912642190116458 15990784
1731679392255 -0.28272957717999814 16000000
1731679437650 -0.28807516499364283 16056320
1731679481046 -0.288378816601471 16089088
1731679516462 -0.28720931212883444 16121856
1731679553876 -0.2829633655404905 16154624
1731679589217 -0.2848997712455457 16160000
1731679636598 -0.2879875606158748 16220160
1731679682959 -0.28721315728325864 16252928
1731679728064 -0.2839944616018329 16285696
1731679771849 -0.2825257397693349 16318464
1731679806923 -0.2819999971863581 16320000
1731679862099 -0.28468337457161397 16384000
1731679897689 -0.2843184110766742 16416768
1731679933346 -0.28931529345281887 16449536
1731679976412 -0.28740506975736935 16480000
1731680021573 -0.28602748912235254 16515072
1731680057278 -0.2819932257873006 16547840
1731680093431 -0.2860818660876248 16580608
1731680136835 -0.2793437134154374 16613376
1731680177490 -0.2772491025942145 16640000
1731680224406 -0.2806818417884642 16678912
1731680268820 -0.2800630525511224 16711680
1731680304227 -0.278517548830132 16744448
1731680348881 -0.284577330306638 16777216
1731680389680 -0.2779454798466759 16800000
1731680430338 -0.2838565887854202 16842752
1731680465499 -0.2807819940469926 16875520
1731680501847 -0.28296468461921903 16908288
1731680537696 -0.28266311838815456 16941056
1731680569503 -0.2838287752994802 16960000
1731680610193 -0.28516913669591304 17006592
1731680654188 -0.2851174939976772 17039360
1731680690455 -0.2824250589401345 17072128
1731680735024 -0.27891076465602965 17104896
1731680772900 -0.2801650809167768 17120000
1731680815569 -0.27879219280730466 17170432
1731680859756 -0.27752028407121543 17203200
1731680895570 -0.2757916459988337 17235968
1731680932317 -0.27913272127043454 17268736
1731680960178 -0.2825803655810887 17280000
1731681005820 -0.2816246232920093 17334272
1731681044437 -0.27809949347138174 17367040
1731681080093 -0.28091326472931544 17399808
1731681116605 -0.2754947793233441 17432576
1731681144477 -0.27307240118680054 17440000
1731681188941 -0.2743084938789252 17498112
1731681232954 -0.2728903125214856 17530880
1731681277488 -0.276150713689276 17563648
1731681321802 -0.27488340207492 17596416
1731681356334 -0.270042130969523 17600000
1731681403937 -0.2746998564194655 17661952
1731681448511 -0.2777937925973674 17694720
1731681492731 -0.27710675876878665 17727488
1731681538021 -0.28227012902498244 17760000
1731681584316 -0.27723073298693635 17793024
1731681621055 -0.2783206338295713 17825792
1731681656061 -0.27537233655602905 17858560
1731681692384 -0.2752551598881837 17891328
1731681734739 -0.2779997061355971 17920000
1731681772856 -0.2755739529413404 17956864
1731681808169 -0.2820042928738985 17989632
1731681843470 -0.2808087385230465 18022400
1731681887093 -0.28135049277043434 18055168
1731681920413 -0.28264163703424855 18080000
1731681959395 -0.2830882317764917 18120704
1731681995911 -0.2875488991237944 18153472
1731682031426 -0.2810990199621301 18186240
1731682068997 -0.28431550079549195 18219008
1731682101389 -0.28700895490765105 18240000
1731682141165 -0.28418197424034586 18284544
1731682184927 -0.28595535455679055 18317312
1731682221030 -0.2849635037680855 18350080
1731682256734 -0.2833834088014555 18382848
1731682288236 -0.2863105107360752 18400000
1731682329363 -0.28204500817810185 18448384
1731682373487 -0.28179262240591924 18481152
1731682419995 -0.278831271402305 18513920
1731682455781 -0.27784367872809523 18546688
1731682484207 -0.27950856905954424 18560000
1731682525809 -0.27988136389903956 18612224
1731682562638 -0.27876713826262856 18644992
1731682598467 -0.27822184149117674 18677760
1731682641648 -0.2779150741873309 18710528
1731682670880 -0.28123787450313104 18720000
1731682716055 -0.28245142284431496 18776064
1731682751991 -0.2793378525675507 18808832
1731682795988 -0.2781257765949704 18841600
1731682832467 -0.27927044439129534 18874368
1731682868046 -0.28019644428568424 18880000
1731682922371 -0.27575506865396165 18939904
1731682958669 -0.2791338003851706 18972672
1731683003541 -0.2806423540692776 19005440
1731683047915 -0.27976846965029833 19038208
1731683073002 -0.2775071482785279 19040000
1731683119381 -0.27832479491626144 19103744
1731683155028 -0.27944165683875327 19136512
1731683199129 -0.27994720020215025 19169280
1731683243667 -0.2801602253050078 19200000
1731683290529 -0.27901579221943396 19234816
1731683327069 -0.2791001567529747 19267584
1731683363751 -0.27785839915450194 19300352
1731683399380 -0.27524979611334854 19333120
1731683442217 -0.275785605533747 19360000
1731683480217 -0.27611898102331905 19398656
1731683515167 -0.27638745573640333 19431424
1731683549991 -0.27622660946508404 19464192
1731683585052 -0.2715458597464021 19496960
1731683616608 -0.27525500277406534 19520000
1731683663919 -0.27271391029353254 19562496
1731683699608 -0.26955453475238755 19595264
1731683743195 -0.27235890937154184 19628032
1731683780459 -0.2691083318146411 19660800
1731683819864 -0.2722972007730277 19680000
1731683861243 -0.2730092050449457 19726336
1731683905397 -0.2745668634030153 19759104
1731683949801 -0.27392315510078336 19791872
1731683985766 -0.2740662960743066 19824640
1731684024790 -0.28129746816703116 19840000
1731684068402 -0.27531946847739164 19890176
1731684104001 -0.28003221776889403 19922944
1731684140233 -0.2817288086662302 19955712
1731684175547 -0.27333372019347735 19988480
1731684204226 -0.2767140085430583 20000000
1731684255127 -0.2760630823118845 20054016
1731684290850 -0.27788945780484936 20086784
1731684334979 -0.2797055553732207 20119552
1731684371085 -0.2768828256841516 20152320
1731684406517 -0.2776994062209269 20160000
1731684459427 -0.28296283375821074 20217856
1731684496300 -0.2802940139270504 20250624
1731684532882 -0.2774179196829209 20283392
1731684569334 -0.276080251505482 20316160
1731684595090 -0.2744310651440173 20320000
1731684641293 -0.27444334481842814 20381696
1731684685464 -0.281657934183022 20414464
1731684721600 -0.2758695401775185 20447232
1731684766518 -0.27459841859235895 20480000
1731684810663 -0.2787283485784428 20512768
1731684854393 -0.2804287185688736 20545536
1731684888925 -0.27815146295470183 20578304
1731684925270 -0.2830231789383106 20611072
1731684968078 -0.28120089942822235 20640000
1731685005539 -0.277307466356433 20676608
1731685049602 -0.2800469137262553 20709376
1731685094113 -0.281002893083496 20742144
1731685129661 -0.2778699606889859 20774912
1731685163062 -0.28285585725388956 20800000
1731685201297 -0.2834589168502134 20840448
1731685245063 -0.28022291707166 20873216
1731685280992 -0.27868726004089694 20905984
1731685316106 -0.27706255967204924 20938752
1731685347973 -0.2736611513770185 20960000
1731685387818 -0.2764573805645341 21004288
1731685424520 -0.27870311512961055 21037056
1731685468622 -0.27345655933895613 21069824
1731685503629 -0.27867545029730534 21102592
1731685541873 -0.2754814096260816 21120000
1731685581519 -0.27856359318539037 21168128
1731685624690 -0.27930594625358934 21200896
1731685660120 -0.2791543194325641 21233664
1731685704030 -0.2785072012193268 21266432
1731685742209 -0.27858264954411427 21280000
1731685794894 -0.28089019053149966 21331968
1731685831332 -0.28668339580181057 21364736
1731685868270 -0.28426514495222366 21397504
1731685905186 -0.2823781944942311 21430272
1731685942100 -0.28146599744213746 21440000
1731685987842 -0.281189858779544 21495808
1731686022655 -0.27885055540828035 21528576
1731686057660 -0.2795797210768797 21561344
1731686102232 -0.2795562871848233 21594112
1731686137297 -0.2753278103511548 21600000
1731686191443 -0.27704528269241563 21659648
1731686228077 -0.2730034802138107 21692416
1731686263382 -0.27574118683405685 21725184
1731686300076 -0.27736972621059974 21757952
1731686325253 -0.27410444818378893 21760000
1731686372173 -0.277861513820244 21823488
1731686417244 -0.2738489156967262 21856256
1731686462542 -0.27438844965945464 21889024
1731686497080 -0.2709747745771892 21920000
1731686533462 -0.276508119518985 21954560
1731686569086 -0.2730408382980386 21987328
1731686604009 -0.27893723371380474 22020096
1731686639358 -0.2764676871127449 22052864
1731686672823 -0.27756875201885123 22080000
1731686712286 -0.2765738596848678 22118400
1731686748190 -0.2735542089154478 22151168
1731686791165 -0.2717546170708374 22183936
1731686826334 -0.2722871072590351 22216704
1731686867106 -0.27447862406552304 22240000
1731686907145 -0.2757600445562275 22282240
1731686944700 -0.27379852237354496 22315008
1731686988399 -0.2711448385816766 22347776
1731687031832 -0.28146233045554253 22380544
1731687062827 -0.277034231289872 22400000
1731687103779 -0.2790751568594715 22446080
1731687139609 -0.28081679524912034 22478848
1731687175793 -0.2798896536551183 22511616
1731687220472 -0.277161984166014 22544384
1731687258924 -0.2799229190946789 22560000
1731687309922 -0.2832763220387278 22609920
1731687344916 -0.2822024800756481 22642688
1731687381848 -0.2797413149441127 22675456
1731687417295 -0.2816095595044317 22708224
1731687448700 -0.2862449444277445 22720000
1731687500944 -0.28859210285299924 22773760
1731687536659 -0.2865804539731471 22806528
1731687572157 -0.2811245035205502 22839296
1731687615537 -0.2812010419089347 22872064
1731687643730 -0.2820450702361995 22880000
1731687690158 -0.2788980130659183 22937600
1731687729977 -0.28304186213063076 22970368
1731687766330 -0.2759248334012227 23003136
1731687810370 -0.27892783136921934 23035904
1731687837501 -0.2742038800002774 23040000
1731687887384 -0.27682776607689447 23101440
1731687932662 -0.27346345491532703 23134208
1731687968864 -0.27702742412511727 23166976
1731688004779 -0.2791532106406521 23199744
1731688029198 -0.2796129851049045 23200000
1731688076523 -0.27941456911794377 23265280
1731688121399 -0.2804468414047733 23298048
1731688165832 -0.2780373511632206 23330816
1731688208706 -0.2774407038494246 23360000
1731688246350 -0.27794136143056675 23396352
1731688293877 -0.2780598562443629 23429120
1731688337747 -0.275560749793658 23461888
1731688373170 -0.2779593509389088 23494656
1731688406569 -0.2748073074413696 23520000
1731688452980 -0.2779139609396225 23560192
1731688488521 -0.2773412532405928 23592960
1731688524926 -0.2816533301054733 23625728
1731688560865 -0.2786485128599452 23658496
1731688592666 -0.28403628591331653 23680000
1731688640148 -0.28187939368363 23724032
1731688675061 -0.27876588272629305 23756800
1731688710380 -0.2809716336807469 23789568
1731688746968 -0.2742063454148592 23822336
1731688778442 -0.28209326321666595 23840000
1731688819147 -0.2788068735797424 23887872
1731688854729 -0.283136252197437 23920640
1731688891417 -0.2825378599169198 23953408
1731688926635 -0.28598211917560545 23986176
1731688964689 -0.28407645256957037 24000000
1731689007462 -0.2830423689068994 24051712
1731689043006 -0.2848047924489947 24084480
1731689079070 -0.284977006400004 24117248
1731689115647 -0.28225346823455766 24150016
1731689151489 -0.2792575639556162 24160000
1731689194951 -0.2814871723356191 24215552
1731689229949 -0.28146722218953074 24248320
1731689265589 -0.28039244962856175 24281088
1731689301721 -0.28171462429163513 24313856
1731689328448 -0.280910629304708 24320000
1731689374076 -0.28592340016330126 24379392
1731689409625 -0.28102886615670286 24412160
1731689444840 -0.2826300811662804 24444928
1731689488127 -0.27834949163370765 24477696
1731689514002 -0.28253400230314585 24480000
1731689568639 -0.27777413417352365 24543232
1731689612278 -0.277689483560971 24576000
1731689649301 -0.27744690907129554 24608768
1731689692964 -0.27460203574155456 24640000
1731689738038 -0.2791407307173358 24674304
1731689774882 -0.2829911015141988 24707072
1731689818411 -0.2796648775896756 24739840
1731689862864 -0.2769269013777375 24772608
1731689898108 -0.2790945968823507 24800000
1731689936454 -0.273023389588343 24838144
1731689973460 -0.27112751905515325 24870912
1731690017398 -0.2710173930419842 24903680
1731690054106 -0.2738282026373781 24936448
1731690092071 -0.27345088887086605 24960000
1731690138734 -0.274103270782507 25001984
1731690173598 -0.2738478492567083 25034752
1731690218676 -0.2744612081820378 25067520
1731690262924 -0.27734640979324465 25100288
1731690302475 -0.27586569825944024 25120000
1731690342791 -0.27501432214339727 25165824
1731690379106 -0.2724160828918684 25198592
1731690418259 -0.28007896117051134 25231360
1731690454748 -0.27915538153029046 25264128
1731690493270 -0.2751483194035245 25280000
1731690543546 -0.2789507354289526 25329664
1731690579467 -0.280909961333964 25362432
1731690616783 -0.28010505083220777 25395200
1731690652339 -0.27791437062551266 25427968
1731690680682 -0.2728500902390806 25440000
1731690724752 -0.2757423383940477 25493504
1731690761000 -0.2731836914696032 25526272
1731690804227 -0.2789368638477754 25559040
1731690840065 -0.2722137393808225 25591808
1731690870516 -0.2711802031903062 25600000
1731690916696 -0.2746809417032637 25657344
1731690953265 -0.2722593795711873 25690112
1731690988992 -0.27529953062476126 25722880
1731691033552 -0.27490478319814426 25755648
1731691060240 -0.27328391453484074 25760000
1731691115426 -0.2689873869268922 25821184
1731691159937 -0.27533376285718986 25853952
1731691197089 -0.27569210959773044 25886720
1731691241665 -0.275039908286999 25919488
1731691266923 -0.2724658076942433 25920000
1731691314667 -0.2729723537369864 25985024
1731691349832 -0.27617582842649424 26017792
1731691386132 -0.2739889191667316 26050560
1731691422799 -0.27623152639716864 26080000
1731691460180 -0.2783756484161131 26116096
1731691495563 -0.2756856723339297 26148864
1731691541171 -0.27752158025978135 26181632
1731691585729 -0.27513938741467425 26214400
1731691621060 -0.27662807517917826 26240000
1731691661129 -0.2707223850360606 26279936
1731691698836 -0.27159790410369167 26312704
1731691735166 -0.27145024394267236 26345472
1731691780818 -0.26881131262343844 26378240
1731691813326 -0.27158998997765593 26400000
1731691861842 -0.27067366073606536 26443776
1731691898293 -0.2672613887465559 26476544
1731691944026 -0.27036560762498996 26509312
1731691980916 -0.2699436418217374 26542080
1731692020435 -0.26937300771824085 26560000
1731692070221 -0.2708932666108012 26607616
1731692105659 -0.269060662764241 26640384
1731692149763 -0.2710238130443031 26673152
1731692186290 -0.26676653921895194 26705920
1731692216165 -0.2691235202117241 26720000
1731692268392 -0.2701757632486988 26771456
1731692304867 -0.2699734869180247 26804224
1731692349373 -0.27159187654760897 26836992
1731692394235 -0.2709391542710364 26869760
1731692422344 -0.2713419752952177 26880000
1731692465621 -0.27210773355327544 26935296
1731692501150 -0.27259554354823196 26968064
1731692537164 -0.26990693775005636 27000832
1731692572845 -0.2712698464631103 27033600
1731692601079 -0.2721403881063452 27040000
1731692654143 -0.26960961969161873 27099136
1731692697368 -0.27436144046951083 27131904
1731692734013 -0.2751973474689294 27164672
1731692769285 -0.2713674916449236 27197440
1731692794898 -0.2664854832721176 27200000
1731692842070 -0.26823883105826096 27262976
1731692886659 -0.27297719962662087 27295744
1731692923166 -0.2774380434624618 27328512
1731692959735 -0.2731603589549195 27360000
1731692997133 -0.2687112972256728 27394048
1731693042354 -0.27131359944760336 27426816
1731693087293 -0.2690541114890948 27459584
1731693131601 -0.2726855875196634 27492352
1731693165512 -0.27369990175939163 27520000
1731693213914 -0.2735569688171381 27557888
1731693257566 -0.2754092848626897 27590656
1731693294411 -0.27513124454708304 27623424
1731693331290 -0.27274286406463943 27656192
1731693364882 -0.273638183058938 27680000
1731693404035 -0.2753466951311566 27721728
1731693440042 -0.27448335076333025 27754496
1731693483710 -0.27325054629618534 27787264
1731693520783 -0.2671641661581816 27820032
1731693552353 -0.2756501002208097 27840000
1731693598573 -0.27219492522417565 27885568
1731693640897 -0.2724796361668268 27918336
1731693685459 -0.27454628006089477 27951104
1731693727128 -0.2751652784354519 27983872
1731693758122 -0.2732115976716159 28000000
1731693800667 -0.2756246439326787 28049408
1731693845038 -0.27608436336449815 28082176
1731693880557 -0.27755581800302026 28114944
1731693924375 -0.27965112100355327 28147712
1731693961390 -0.27431635309476404 28160000
1731694004049 -0.27549721328832677 28213248
1731694040023 -0.2739167054678546 28246016
1731694075469 -0.275392201327486 28278784
1731694120054 -0.27243645273847505 28311552
1731694155927 -0.2723538630991243 28320000
1731694199749 -0.2747240182827227 28377088
1731694236088 -0.2732392045756569 28409856
1731694271472 -0.27530937135452405 28442624
1731694309452 -0.27803515768900977 28475392
1731694343652 -0.2822793103638105 28480000
1731694397091 -0.2781248021667125 28540928
1731694432026 -0.27607995333964935 28573696
1731694476805 -0.2767175696382765 28606464
1731694512465 -0.27031328875455074 28639232
1731694537633 -0.27050293269276154 28640000
1731694584202 -0.26978337713808287 28704768
1731694628490 -0.26907135656656467 28737536
1731694663392 -0.2718790879967855 28770304
1731694706134 -0.268546938005602 28800000
1731694751169 -0.2681429669173667 28835840
1731694795726 -0.2693727473000763 28868608
1731694832632 -0.2732036803266965 28901376
1731694876836 -0.2718664362473646 28934144
1731694918050 -0.2735111671529012 28960000
1731694956098 -0.27198138936946636 28999680
1731694991355 -0.2701770492392825 29032448
1731695027741 -0.2689931787812384 29065216
1731695073007 -0.267932175603346 29097984
1731695105081 -0.26891322613810187 29120000
1731695152260 -0.2684837288543349 29163520
1731695186994 -0.26984313246794045 29196288
1731695223149 -0.26767146261117886 29229056
1731695258448 -0.26567065655835903 29261824
1731695297437 -0.2617950454732636 29280000
1731695338329 -0.25882147806260036 29327360
1731695373961 -0.263650063239038 29360128
1731695410566 -0.2624385853530839 29392896
1731695446432 -0.2613033056288259 29425664
1731695478162 -0.2592467786322231 29440000
1731695520107 -0.2637761952879373 29491200
1731695554826 -0.2644064641499426 29523968
1731695599778 -0.2712012874457287 29556736
1731695643982 -0.27013078663585477 29589504
1731695672425 -0.26891256055096163 29600000
1731695716604 -0.26508494626032186 29655040
1731695749067 -0.266017716130591 29687808
1731695792725 -0.269429528657929 29720576
1731695828773 -0.26701970570429695 29753344
1731695856793 -0.2685851755712065 29760000
1731695902536 -0.26831066465529146 29818880
1731695937818 -0.2693283670640085 29851648
1731695972984 -0.2667689906258602 29884416
1731696008873 -0.2697513630613685 29917184
1731696043248 -0.26461770257155875 29920000
1731696087699 -0.26368813309527467 29982720
1731696124486 -0.266442521387944 30015488
1731696160139 -0.27272346811951137 30048256
1731696195139 -0.26781921085203064 30080000
1731696240276 -0.26770844958082307 30113792
1731696283842 -0.26855112133198417 30146560
1731696328521 -0.26630588817351963 30179328
1731696372889 -0.27039947489101906 30212096
1731696407775 -0.26696535653318276 30240000
1731696444787 -0.267165469363681 30277632
1731696480226 -0.2665448207204463 30310400
1731696524796 -0.2645168830858893 30343168
1731696560005 -0.2623689524829388 30375936
1731696592687 -0.2616424980078591 30400000
1731696631243 -0.2649659668968525 30441472
1731696666075 -0.26427961654553656 30474240
1731696710379 -0.2639809697051533 30507008
1731696745574 -0.263601539953379 30539776
1731696777502 -0.25721295151452067 30560000
1731696817272 -0.2602615992174833 30605312
1731696853940 -0.26119829071394635 30638080
1731696897546 -0.2616601010115119 30670848
1731696932095 -0.2621430494255037 30703616
1731696961759 -0.2573571643471951 30720000
1731697004904 -0.2572123239791836 30769152
1731697042021 -0.25922602554783225 30801920
1731697078469 -0.2519204642056138 30834688
1731697122832 -0.2541649582301034 30867456
1731697160233 -0.25308571152272635 30880000
1731697202085 -0.25208943419274876 30932992
1731697237306 -0.2526821630919585 30965760
1731697273192 -0.25222270370140903 30998528
1731697309239 -0.2601691035495605 31031296
1731697345196 -0.2591553766484139 31040000
1731697390166 -0.2613943993157591 31096832
1731697435895 -0.26034476300119425 31129600
1731697472014 -0.2614391103212256 31162368
1731697508760 -0.2652724171464797 31195136
1731697534765 -0.2639422709384235 31200000
1731697588866 -0.2620750076835975 31260672
1731697624838 -0.25954532126779667 31293440
1731697661308 -0.25994885647087357 31326208
1731697704789 -0.2672903311395203 31358976
1731697730241 -0.2676048955618171 31360000
1731697785532 -0.2655802272929577 31424512
1731697821997 -0.2677374019229319 31457280
1731697856393 -0.26570637631812133 31490048
1731697899258 -0.2639858194743283 31520000
1731697943884 -0.26913996250659694 31555584
1731697988017 -0.26243373223987876 31588352
1731698031323 -0.26299321680417054 31621120
1731698066680 -0.2606434890112723 31653888
1731698099723 -0.2601898591063218 31680000
1731698146995 -0.2683491571311606 31719424
1731698190988 -0.2671588561730459 31752192
1731698235475 -0.26188199636235365 31784960
1731698271980 -0.2608955869800411 31817728
1731698304354 -0.26253305179125164 31840000
1731698352312 -0.2608347033688915 31883264
1731698387548 -0.2626290154381422 31916032
1731698431855 -0.2633853025414282 31948800
1731698468477 -0.26372681306966117 31981568
1731698499750 -0.2658858620619867 32000000
1731698540814 -0.2583423221978592 32047104
1731698576446 -0.25711510529217774 32079872
1731698612988 -0.26662308638333343 32112640
1731698649135 -0.2613655044493498 32145408
1731698678169 -0.26117765850794966 32160000
1731698728713 -0.2659222569083795 32210944
1731698760603 -0.25874356674903537 32243712
1731698797768 -0.26397633663436865 32276480
1731698833900 -0.267317439665203 32309248
1731698870865 -0.26076815017440824 32320000
1731698922700 -0.26306291924411196 32374784
1731698959556 -0.2633744144870434 32407552
1731699004669 -0.25840770418726605 32440320
1731699047997 -0.2577411660720827 32473088
1731699083157 -0.26296065327187534 32480000
1731699136325 -0.2623750799451955 32538624
1731699171674 -0.2630435521277832 32571392
1731699208796 -0.2665187207516283 32604160
1731699243264 -0.26560455703001934 32636928
1731699269179 -0.26522603966877795 32640000
1731699316725 -0.26862744907848535 32702464
1731699360238 -0.2674786874296842 32735232
1731699395286 -0.26616663997701834 32768000
1731699439153 -0.26611303238314576 32800000
1731699476625 -0.2669922307453817 32833536
1731699513674 -0.26733526374446226 32866304
1731699548962 -0.2678175259148702 32899072
1731699585311 -0.26840440221712925 32931840
1731699619008 -0.2656558872928144 32960000
1731699656031 -0.26612349366769195 32997376
1731699692470 -0.2673978386432282 33030144
1731699735892 -0.26701613201003055 33062912
1731699771341 -0.26949637817742766 33095680
1731699803970 -0.26762593023013326 33120000
1731699842364 -0.26984501705737785 33161216
1731699887179 -0.2715671503450722 33193984
1731699925318 -0.2728833008441143 33226752
1731699961223 -0.26868177340656985 33259520
1731699992821 -0.26940390787785873 33280000
1731700043735 -0.26921520959440387 33325056
1731700079693 -0.2654516023787437 33357824
1731700124152 -0.2651103571872227 33390592
1731700159808 -0.2666241792816436 33423360
1731700189016 -0.2676481621863786 33440000
1731700239011 -0.2617607578315074 33488896
1731700274392 -0.26713945096125824 33521664
1731700310414 -0.2673531251959503 33554432
1731700354129 -0.2683635790803237 33587200
1731700382990 -0.26558765895897524 33600000
1731700425920 -0.2655369881656952 33652736
1731700462042 -0.2630184256384382 33685504
1731700498981 -0.2659625579894055 33718272
1731700543585 -0.26905836762744 33751040
1731700572060 -0.2632044894518913 33760000
1731700625183 -0.2625084221595898 33816576
1731700669492 -0.2633268322562799 33849344
1731700704745 -0.26787975268089215 33882112
1731700739797 -0.26255520415434147 33914880
1731700765632 -0.26172703379415907 33920000
1731700818687 -0.2643889418599429 33980416
1731700853469 -0.2632333504006965 34013184
1731700897830 -0.26390160956943876 34045952
1731700933994 -0.2611228360241512 34078720
1731700967276 -0.2671041183872148 34080000
1731701021328 -0.26045624980470167 34144256
1731701058285 -0.26460058182710783 34177024
1731701093724 -0.2644213338004192 34209792
1731701128498 -0.2673160743463086 34240000
1731701173824 -0.2660911944549298 34275328
1731701208572 -0.2685840870661195 34308096
1731701252409 -0.2660175650700694 34340864
1731701297771 -0.2656543853401672 34373632
1731701339475 -0.26498651103756854 34400000
1731701385736 -0.2641342918475857 34439168
1731701429263 -0.2629932659008773 34471936
1731701472876 -0.2666885955928592 34504704
1731701516941 -0.2664070560858818 34537472
1731701549465 -0.2613372846288257 34560000
1731701597857 -0.26187945469573604 34603008
1731701632941 -0.2639117484970484 34635776
1731701669174 -0.2650306554103736 34668544
1731701705863 -0.2616685740358662 34701312
1731701740257 -0.2622716942219995 34720000
1731701789908 -0.2644954928837251 34766848
1731701825000 -0.26473883717262653 34799616
1731701862712 -0.2674285365763353 34832384
1731701898510 -0.2620523758014315 34865152
1731701927831 -0.26304230679525065 34880000
1731701969447 -0.2643290742271347 34930688
1731702007314 -0.2629062582273036 34963456
1731702051085 -0.2630159295804333 34996224
1731702087300 -0.2600277227335027 35028992
1731702124900 -0.25996027170622255 35040000
1731702176811 -0.26126151758362537 35094528
1731702212259 -0.2546909514552681 35127296
1731702248230 -0.2580762712954311 35160064
1731702284245 -0.2575721905042883 35192832
1731702310830 -0.2584526458362234 35200000
1731702363883 -0.2594132500933483 35258368
1731702398670 -0.2598061504482757 35291136
1731702435418 -0.26138356783485506 35323904
1731702478697 -0.25767403482022927 35356672
1731702505239 -0.2586408511037007 35360000
1731702559890 -0.2597610726879793 35422208
1731702596821 -0.2599113694974221 35454976
1731702634367 -0.26801709218416364 35487744
1731702670565 -0.26290992241702044 35520000
1731702715865 -0.26424944913451326 35553280
1731702760064 -0.2645386174583109 35586048
1731702804359 -0.26071625015174504 35618816
1731702841008 -0.2640975008311216 35651584
1731702875726 -0.26092405609379055 35680000
1731702921485 -0.26214162006508557 35717120
1731702957272 -0.2595657658530399 35749888
1731702993213 -0.26164109310047934 35782656
1731703029767 -0.25878999335109254 35815424
1731703061896 -0.2615267878340092 35840000
1731703108303 -0.2621926037158119 35880960
1731703143914 -0.2564988360143616 35913728
1731703179515 -0.2571024106931873 35946496
1731703215696 -0.2573414251150098 35979264
1731703246756 -0.2589817489817506 36000000
1731703286109 -0.2608690269800718 36044800
1731703330055 -0.2575084170239279 36077568
1731703375072 -0.2579063083889196 36110336
1731703419152 -0.2610136080853408 36143104
1731703449645 -0.2613195170881227 36160000
1731703500783 -0.2592025529651437 36208640
1731703537501 -0.257577287426102 36241408
1731703581784 -0.25940623499482174 36274176
1731703616910 -0.2583781697321683 36306944
1731703645994 -0.26355625853175296 36320000
1731703696637 -0.256200697098393 36372480
1731703740484 -0.25651206195616394 36405248
1731703776405 -0.26121047988708596 36438016
1731703812813 -0.26245678378036247 36470784
1731703849587 -0.26104282806336415 36480000
1731703902789 -0.26222396040393503 36536320
1731703938092 -0.2659282940527191 36569088
1731703974047 -0.2650097018107772 36601856
1731704009136 -0.26587873143726026 36634624
1731704043918 -0.2633475373702822 36640000
1731704097802 -0.2614181240176549 36700160
1731704134483 -0.25987549755082 36732928
1731704170131 -0.26104365838109517 36765696
1731704206620 -0.25731749277329075 36798464
1731704240012 -0.26245024759846275 36800000
1731704287346 -0.2631167158077005 36864000
1731704322853 -0.2632732512021903 36896768
1731704358477 -0.26630724275746614 36929536
1731704394053 -0.26474113427539125 36960000
1731704439293 -0.2617536254052538 36995072
1731704474931 -0.26442893971543524 37027840
1731704511254 -0.26429081125243103 37060608
1731704555211 -0.2667145415209234 37093376
1731704587882 -0.25993915752042085 37120000
1731704634238 -0.2613451685610926 37158912
1731704678393 -0.25999876080895773 37191680
1731704713198 -0.2589588458708022 37224448
1731704757449 -0.25979393140005413 37257216
1731704797974 -0.26031242115132047 37280000
