1731660353157 0.05158630758523941 65536
1731660391481 -0.0037902984768152237 98304
1731660429709 -0.004223658703267574 131072
1731660474589 -0.019462043419480324 160000
1731660521935 -0.025889772921800613 196608
1731660566475 -0.0015729559818282723 229376
1731660602896 -8.443283149972558e-05 262144
1731660639151 -0.013709836639463902 294912
1731660672296 -0.03306693956255913 320000
1731660711740 -0.019443999975919724 360448
1731660756206 -0.014944843016564846 393216
1731660792426 -0.04188824072480202 425984
1731660838305 -0.019507674500346184 458752
1731660871968 -0.010932979173958302 480000
1731660912577 -0.022840801626443863 524288
1731660957025 -0.0160842128098011 557056
1731660993731 -0.0245506651699543 589824
1731661031486 -0.015982940793037415 622592
1731661072399 -0.029612302780151367 640000
1731661114019 -0.046158138662576675 688128
1731661150539 -0.03611864522099495 720896
1731661187125 -0.02736576460301876 753664
1731661225351 -0.03216451779007912 786432
1731661255551 -0.03068823181092739 800000
1731661300270 0.00896513182669878 851968
1731661346241 -0.03605710342526436 884736
1731661382759 -0.04673714190721512 917504
1731661418038 -0.04360339045524597 950272
1731661445958 -0.015888279303908348 960000
1731661493130 -0.032722268253564835 1015808
1731661529023 -0.03668155148625374 1048576
1731661564586 -0.0157304760068655 1081344
1731661600058 -0.040488630533218384 1114112
1731661635010 -0.001305317273363471 1120000
1731661679577 -0.028025057166814804 1179648
1731661715562 -0.037620529532432556 1212416
1731661751927 -0.0035918147768825293 1245184
1731661795974 0.018220456317067146 1277952
1731661821511 -0.025787321850657463 1280000
1731661867732 0.0015622647479176521 1343488
1731661911861 -0.015849022194743156 1376256
1731661956716 -0.01980418898165226 1409024
1731661995103 -0.009504002518951893 1440000
1731662040893 0.006545145995914936 1474560
1731662077376 0.0054924157448112965 1507328
1731662114725 -0.033491745591163635 1540096
1731662159313 -0.04209117963910103 1572864
1731662202796 0.009263587184250355 1600000
1731662250505 -0.023189939558506012 1638400
1731662286864 0.00968429446220398 1671168
1731662321855 -0.01002358365803957 1703936
1731662357891 -0.01406300999224186 1736704
1731662390751 -0.01799662970006466 1760000
1731662429666 -0.009528032504022121 1802240
1731662474515 -0.014429084025323391 1835008
1731662520084 -0.01773928478360176 1867776
1731662557373 -0.018367957323789597 1900544
1731662590189 -0.006667730864137411 1920000
1731662633126 0.002276443876326084 1966080
1731662669281 -0.027861516922712326 1998848
1731662707172 0.006062989588826895 2031616
1731662744767 -0.03586152568459511 2064384
1731662775049 -0.023396175354719162 2080000
1731662827734 -0.03487609699368477 2129920
1731662865508 -0.023735258728265762 2162688
1731662901775 -0.007625576574355364 2195456
1731662947788 -0.028705503791570663 2228224
1731662977896 -0.04075784608721733 2240000
1731663030132 -0.03170526400208473 2293760
1731663067409 -0.021054742857813835 2326528
1731663104489 -0.04103831574320793 2359296
1731663150056 -0.04056622460484505 2392064
1731663178363 -0.03303253650665283 2400000
1731663224638 -0.03194361552596092 2457600
1731663261673 -0.03801359608769417 2490368
1731663298119 -0.0336814820766449 2523136
1731663336285 -0.03478375822305679 2555904
1731663371949 0.005481193773448467 2560000
1731663419497 0.0003388025797903538 2621440
1731663456758 -0.003693938022479415 2654208
1731663503150 -0.022064149379730225 2686976
1731663541196 -0.03981549292802811 2719744
1731663567244 -0.014663608744740486 2720000
1731663618374 -0.04155290126800537 2785280
1731663656146 -0.022384298965334892 2818048
1731663693613 -0.0037872008979320526 2850816
1731663732306 -0.007850442081689835 2880000
1731663779647 0.008301357738673687 2916352
1731663816759 -0.02172785997390747 2949120
1731663853912 -0.032660894095897675 2981888
1731663890642 -0.02186908759176731 3014656
1731663929617 0.012114159762859344 3040000
1731663969983 -0.028596581891179085 3080192
1731664007481 -0.001321160001680255 3112960
1731664044360 -0.02040437050163746 3145728
1731664084927 -0.028496837243437767 3178496
1731664119553 -0.02021094039082527 3200000
1731664163326 -0.022320376709103584 3244032
1731664200393 -0.0440559983253479 3276800
1731664240314 -0.02319079451262951 3309568
1731664282755 0.002667078748345375 3342336
1731664314211 -0.03738630935549736 3360000
1731664358417 -0.01615993306040764 3407872
1731664395687 -0.010965622961521149 3440640
1731664440033 -0.0013445683289319277 3473408
1731664480430 -0.01485436037182808 3506176
1731664512207 0.0024472095537930727 3520000
1731664556437 -0.009420519694685936 3571712
1731664594684 -0.003930659499019384 3604480
1731664631817 -0.026995977386832237 3637248
1731664670555 -0.03269485384225845 3670016
1731664701255 -0.036270707845687866 3680000
1731664747413 -0.024063188582658768 3735552
1731664786331 -0.011776026338338852 3768320
1731664827333 -0.02316376380622387 3801088
1731664868149 -0.03050186298787594 3833856
1731664897234 -0.02444932982325554 3840000
1731664945158 -0.0378955714404583 3899392
1731664981841 -0.003524934407323599 3932160
1731665019202 -0.04578461870551109 3964928
1731665065664 -0.01738657057285309 3997696
1731665092845 -0.016763998195528984 4000000
1731665140417 -0.012738816440105438 4063232
1731665180975 -0.014945830218493938 4096000
1731665219680 -0.050949275493621826 4128768
1731665261506 -0.013520310632884502 4160000
1731665300178 -0.039470162242650986 4194304
1731665339477 -0.03766297549009323 4227072
1731665377723 -0.03829038143157959 4259840
1731665414421 -0.021437939256429672 4292608
1731665454748 -0.02103320322930813 4320000
1731665495079 -0.01764855906367302 4358144
1731665534676 -0.030389774590730667 4390912
1731665572284 -0.0445706807076931 4423680
1731665609639 -0.02456662803888321 4456448
1731665644289 -0.020468570291996002 4480000
1731665684698 -0.003859345568343997 4521984
1731665723393 -0.011452761478722095 4554752
1731665762602 -0.006172457244247198 4587520
1731665800726 -0.03349423035979271 4620288
1731665833701 -0.025474514812231064 4640000
1731665875615 -0.011167599819600582 4685824
1731665912948 -0.03677177056670189 4718592
1731665949244 -0.01576145924627781 4751360
1731665986234 2.2540236386703327e-05 4784128
1731666019412 -0.0023706292267888784 4800000
1731666061997 0.002932787174358964 4849664
1731666098853 -0.04284508153796196 4882432
1731666136269 -0.04764900729060173 4915200
1731666174616 0.004473465960472822 4947968
1731666204921 -0.023361802101135254 4960000
1731666252047 -0.02574709989130497 5013504
1731666289373 -0.013275761157274246 5046272
1731666326676 -0.028723713010549545 5079040
1731666362586 -0.023957014083862305 5111808
1731666394409 -0.01617131382226944 5120000
1731666444377 0.006904106121510267 5177344
1731666482074 -0.004358453210443258 5210112
1731666522310 -0.03402882069349289 5242880
1731666560541 0.040111735463142395 5275648
1731666590358 -0.007184698712080717 5280000
1731666639338 -0.04597092419862747 5341184
1731666678475 -0.01948295719921589 5373952
1731666716729 -0.014341404661536217 5406720
1731666754384 -0.008845207281410694 5439488
1731666781618 -0.024089723825454712 5440000
1731666831995 -0.03886263817548752 5505024
1731666869842 -0.03153792768716812 5537792
1731666909116 -0.0020076751243323088 5570560
1731666947293 -0.048895034939050674 5600000
1731666985573 -0.026507776230573654 5636096
1731667023654 -0.017615383490920067 5668864
1731667061043 -0.010713640600442886 5701632
1731667099928 -0.009213067591190338 5734400
1731667139052 -0.007678401656448841 5760000
1731667181077 -0.03645754233002663 5799936
1731667217378 -0.031150730326771736 5832704
1731667255708 -0.02130330726504326 5865472
1731667299330 -0.008302181027829647 5898240
1731667333552 -0.018797727301716805 5920000
1731667377204 -0.004305383190512657 5963776
1731667413696 -0.02691098116338253 5996544
1731667450884 -0.021577579900622368 6029312
1731667487016 -0.003274493617936969 6062080
1731667523454 -0.024964092299342155 6080000
1731667568078 -0.04573224112391472 6127616
1731667605908 -0.019202159717679024 6160384
1731667642873 -0.03427924960851669 6193152
1731667678755 -0.024922125041484833 6225920
1731667708645 -0.015058102086186409 6240000
1731667752377 -0.023340754210948944 6291456
1731667790082 0.009676164016127586 6324224
1731667831148 -0.039983976632356644 6356992
1731667869358 -0.032509371638298035 6389760
1731667900260 -0.0410940945148468 6400000
1731667945887 -0.02000906690955162 6455296
1731667984981 -0.002657684963196516 6488064
1731668024946 -0.0170934796333313 6520832
1731668064645 -0.03324578329920769 6553600
1731668094181 -0.032314468175172806 6560000
1731668143205 -0.021457264199852943 6619136
1731668181265 -0.04585478827357292 6651904
1731668218608 0.012972353957593441 6684672
1731668257024 -0.013911640271544456 6717440
1731668288720 -0.043633222579956055 6720000
1731668335892 -0.028846632689237595 6782976
1731668373520 -0.03183894231915474 6815744
1731668415849 -0.04024996981024742 6848512
1731668453377 -0.027411537244915962 6880000
1731668498062 -0.019236238673329353 6914048
1731668538871 -0.02018575929105282 6946816
1731668576132 -0.016324443742632866 6979584
1731668613636 -0.026677455753087997 7012352
1731668653842 -0.02848873846232891 7040000
1731668697145 -0.027620362117886543 7077888
1731668738685 0.0030847699381411076 7110656
1731668778011 -0.013097072020173073 7143424
1731668817007 -0.010954100638628006 7176192
1731668852624 -0.014261164702475071 7200000
1731668894524 -0.003880271455273032 7241728
1731668932900 -0.011600080877542496 7274496
1731668970699 -0.044137682765722275 7307264
1731669008726 -0.03971010819077492 7340032
1731669041051 -0.028116364032030106 7360000
1731669085515 -0.005902787670493126 7405568
1731669123782 -0.0015478550922125578 7438336
1731669163217 0.003971658181399107 7471104
1731669201953 0.8314427137374878 7503872
1731669234809 -0.044525302946567535 7520000
1731669279536 0.01850796677172184 7569408
1731669317112 -0.009289886802434921 7602176
1731669362936 -0.02643461897969246 7634944
1731669401125 0.003530540270730853 7667712
1731669431676 -0.006295406725257635 7680000
1731669477380 -0.035448312759399414 7733248
1731669515685 -0.02536606602370739 7766016
1731669552953 -0.01713079772889614 7798784
1731669589676 -0.014855236746370792 7831552
1731669618700 -0.017127322033047676 7840000
1731669667457 -0.008888721466064453 7897088
1731669712887 0.009525817818939686 7929856
1731669749976 -0.030391063541173935 7962624
1731669786750 -0.0250984039157629 7995392
1731669813971 -0.02404693514108658 8000000
1731669863759 -0.019858742132782936 8060928
1731669902004 0.01841118559241295 8093696
1731669940169 -0.028400694951415062 8126464
1731669976859 -0.01742859184741974 8159232
1731670002213 -0.05808764323592186 8160000
1731670050386 -0.029786204919219017 8224768
1731670095110 -0.04093705117702484 8257536
1731670132197 -0.0395912267267704 8290304
1731670175524 -0.015236979350447655 8320000
1731670221453 -0.022508563473820686 8355840
1731670258917 -0.005334502551704645 8388608
1731670305041 -0.04500682279467583 8421376
1731670350665 -0.02167346142232418 8454144
1731670387195 -0.030039450153708458 8480000
1731670431195 -0.047564007341861725 8519680
1731670465176 -0.020054858177900314 8552448
1731670502081 -0.017450224608182907 8585216
1731670547657 0.007577975280582905 8617984
1731670579762 -0.01894393190741539 8640000
1731670619858 -0.022902928292751312 8683520
1731670663983 -0.033015452325344086 8716288
1731670701362 -0.02732323855161667 8749056
1731670734057 -0.030085856094956398 8781824
1731670773630 -0.03340483829379082 8800000
1731670814231 -0.034820377826690674 8847360
1731670849621 -0.034191545099020004 8880128
1731670885375 0.005217682104557753 8912896
1731670922136 -0.009566718712449074 8945664
1731670960515 -0.04171236976981163 8960000
1731671003430 -0.04458976164460182 9011200
1731671048110 -0.02460036240518093 9043968
1731671086010 -0.008749846369028091 9076736
1731671130428 -0.0016417087754234672 9109504
1731671158921 -0.007149688433855772 9120000
1731671202912 -0.023151900619268417 9175040
1731671241263 0.01391366496682167 9207808
1731671278180 -0.04713235795497894 9240576
1731671326371 -0.0028547486290335655 9273344
1731671353199 -0.02550988644361496 9280000
1731671406793 -0.044599730521440506 9338880
1731671442082 0.012052888050675392 9371648
1731671477684 -0.031157542020082474 9404416
1731671512909 -0.031637851148843765 9437184
1731671546605 -0.00472643505781889 9440000
1731671602097 0.015363050624728203 9502720
1731671638427 -0.035169582813978195 9535488
1731671673877 -0.03523752838373184 9568256
1731671717996 -0.014174648560583591 9600000
1731671754794 -0.002151996362954378 9633792
1731671799292 -0.0008792848675511777 9666560
1731671843170 -0.041644077748060226 9699328
1731671887049 -0.021252883598208427 9732096
1731671929951 -0.023947156965732574 9760000
1731671975404 -0.015262779779732227 9797632
1731672019039 -0.027888400480151176 9830400
1731672055434 -0.008140292949974537 9863168
1731672100715 -0.039967797696590424 9895936
1731672133708 -0.045688122510910034 9920000
1731672172211 0.008724824525415897 9961472
1731672215516 0.00636863661929965 9994240
1731672251055 -0.041697703301906586 10027008
1731672286258 -0.02142586000263691 10059776
1731672317883 -0.024858374148607254 10080000
1731672358624 -0.025357253849506378 10125312
1731672395569 -0.04173703491687775 10158080
1731672440187 -0.02212139032781124 10190848
1731672484459 -0.005418023094534874 10223616
1731672516629 -0.027839748188853264 10240000
1731672567138 -0.021828142926096916 10289152
1731672611558 -0.03212534636259079 10321920
1731672647563 -0.0117797227576375 10354688
1731672683527 -0.02490449696779251 10387456
1731672713439 -0.0009545150096528232 10400000
1731672765054 -0.019936757162213326 10452992
1731672808818 -0.020160814747214317 10485760
1731672844022 -0.005439956206828356 10518528
1731672879289 -0.016550563275814056 10551296
1731672910206 -0.02262280508875847 10560000
1731672955341 -0.02084764465689659 10616832
1731672991089 -0.020134739577770233 10649600
1731673030377 -0.02527003176510334 10682368
1731673066308 -0.02101079933345318 10715136
1731673092931 -0.03039802983403206 10720000
1731673146569 -0.0290240291506052 10780672
1731673182984 -0.028834644705057144 10813440
1731673228268 -0.0325414277613163 10846208
1731673264871 0.004639475140720606 10878976
1731673290777 -0.014737109653651714 10880000
1731673337787 -0.024904383346438408 10944512
1731673373917 -0.040889281779527664 10977280
1731673410042 -0.038072433322668076 11010048
1731673445146 -0.022385291755199432 11040000
1731673482246 -0.00986500084400177 11075584
1731673527628 0.004367369692772627 11108352
1731673571814 -0.0019894971046596766 11141120
1731673609720 -0.0006023210007697344 11173888
1731673653243 -0.01539644319564104 11200000
1731673699595 -0.01488388143479824 11239424
1731673736941 -0.0043075173161923885 11272192
1731673781823 -0.006043098866939545 11304960
1731673817886 -0.0024941698648035526 11337728
1731673850636 0.01657409593462944 11360000
1731673898673 0.024402035400271416 11403264
1731673935146 -0.01683196984231472 11436032
1731673978870 0.002587708877399564 11468800
1731674014575 -0.03527921438217163 11501568
1731674045777 -0.0010500575881451368 11520000
1731674086553 -0.036456894129514694 11567104
1731674122922 -0.04294927790760994 11599872
1731674158252 -0.009482510387897491 11632640
1731674194586 -0.05122573301196098 11665408
1731674233001 -0.0018515606643632054 11680000
1731674275092 -0.0010464690858498216 11730944
1731674310231 -0.017542975023388863 11763712
1731674354381 -0.03203008696436882 11796480
1731674392359 -0.013082766905426979 11829248
1731674429318 -0.032256271690130234 11840000
1731674480952 -0.016254490241408348 11894784
1731674517137 -0.03242281824350357 11927552
1731674562094 -0.03081659972667694 11960320
1731674606917 0.038510799407958984 11993088
1731674635079 -0.045913707464933395 12000000
1731674689839 -0.02050693891942501 12058624
1731674725619 -0.030546894297003746 12091392
1731674761254 -0.020056715235114098 12124160
1731674796369 -0.028138121590018272 12156928
1731674821857 -0.007402017712593079 12160000
1731674868252 -0.012580526992678642 12222464
1731674903101 -0.003521612146869302 12255232
1731674939573 -0.03558482974767685 12288000
1731674974945 -0.0038165529258549213 12320000
1731675020177 -0.04053609445691109 12353536
1731675056092 -0.02383183315396309 12386304
1731675092376 -0.04514061659574509 12419072
1731675128047 -0.0103237209841609 12451840
1731675161907 -0.04617410525679588 12480000
1731675209007 -0.046086691319942474 12517376
1731675252262 -0.03207971155643463 12550144
1731675287097 -0.03193429857492447 12582912
1731675324097 -0.003504818072542548 12615680
1731675356816 -0.039290934801101685 12640000
1731675394993 0.01616569422185421 12681216
1731675430000 -0.010479743592441082 12713984
1731675473796 -0.022493641823530197 12746752
1731675517913 -0.03349638357758522 12779520
1731675557572 0.0021324155386537313 12800000
1731675606293 -0.010393137112259865 12845056
1731675642753 -0.043940961360931396 12877824
1731675678704 -0.0008726587984710932 12910592
1731675716816 -0.020454617217183113 12943360
1731675757355 -0.026544399559497833 12960000
1731675798648 -0.024339571595191956 13008896
1731675847958 -0.028466306626796722 13041664
1731675892072 -0.028473753482103348 13074432
1731675936224 0.0042340741492807865 13107200
1731675973419 -0.016185320913791656 13120000
1731676016858 -0.028932981193065643 13172736
1731676053277 -0.02255864441394806 13205504
1731676088278 -0.004065485205501318 13238272
1731676125663 -0.018307115882635117 13271040
1731676154995 -0.03226860612630844 13280000
1731676206738 -0.023885808885097504 13336576
1731676245505 -0.02945505827665329 13369344
1731676281009 -0.007832878269255161 13402112
1731676321385 -0.024927757680416107 13434880
1731676347381 -0.03437252342700958 13440000
1731676394095 -0.026067202910780907 13500416
1731676437574 -0.03735002130270004 13533184
1731676481736 -0.017753195017576218 13565952
1731676522883 -0.024897422641515732 13598720
1731676549173 -0.025355884805321693 13600000
1731676596183 -0.007561501115560532 13664256
1731676640142 -0.04886002093553543 13697024
1731676684241 -0.038886625319719315 13729792
1731676727344 -0.02240126207470894 13760000
1731676764111 -0.022274380549788475 13795328
1731676801216 -0.018099287524819374 13828096
1731676845941 -0.023153156042099 13860864
1731676889740 9.753523045219481e-05 13893632
1731676931561 -0.01793774403631687 13920000
1731676978115 -0.023543706163764 13959168
1731677014007 0.007117082830518484 13991936
1731677058684 -0.014339778572320938 14024704
1731677094174 -0.03287849575281143 14057472
1731677134015 -0.01952255144715309 14080000
1731677182579 0.007999400608241558 14123008
1731677218547 -0.009325975552201271 14155776
1731677261980 -0.022736096754670143 14188544
1731677298498 -0.018736084923148155 14221312
1731677338014 -0.029526008293032646 14240000
1731677387588 -0.024155300110578537 14286848
1731677422894 -0.017244448885321617 14319616
1731677458490 -0.016245108097791672 14352384
1731677493866 -0.01928904466331005 14385152
1731677523138 -0.023582085967063904 14400000
1731677565450 -0.029268162325024605 14450688
1731677601000 -0.029260341078042984 14483456
1731677636492 -0.03139166906476021 14516224
1731677673775 -0.006242166738957167 14548992
1731677704291 -0.0035053894389420748 14560000
1731677748343 -0.008053871802985668 14614528
1731677784965 -0.02801235392689705 14647296
1731677828611 -0.021214665845036507 14680064
1731677866811 -0.02128170244395733 14712832
1731677895028 -0.048630241304636 14720000
1731677945354 -0.010050429031252861 14778368
1731677982117 -0.029403770342469215 14811136
1731678017591 -0.04285871237516403 14843904
1731678053035 -0.014437372796237469 14876672
1731678078372 -0.03337249159812927 14880000
1731678133382 -0.0083722323179245 14942208
1731678176918 -0.04568277671933174 14974976
1731678213521 -0.01429489441215992 15007744
1731678257842 -0.03442075103521347 15040000
1731678293957 -0.02610579878091812 15073280
1731678329870 -0.01112997904419899 15106048
1731678365191 -0.039855074137449265 15138816
1731678400847 -0.030616482719779015 15171584
1731678439958 0.00625717593356967 15200000
1731678486378 -0.027510665357112885 15237120
1731678522851 -0.033789463341236115 15269888
1731678558173 -0.025006132200360298 15302656
1731678593502 -0.01904948614537716 15335424
1731678627635 -0.02651818096637726 15360000
1731678667418 -0.03893090784549713 15400960
1731678703453 -0.022323627024888992 15433728
1731678739517 0.0033960018772631884 15466496
1731678784099 0.0018633471336215734 15499264
1731678823284 -0.001963796326890588 15520000
1731678864982 -0.027705060318112373 15564800
1731678902475 -0.021265797317028046 15597568
1731678938654 -0.028975702822208405 15630336
1731678975516 -0.009618696756660938 15663104
1731679014106 -0.022188805043697357 15680000
1731679059803 -0.03567707911133766 15728640
1731679096231 -0.028814051300287247 15761408
1731679131632 -0.016621191054582596 15794176
1731679167451 -0.01402261108160019 15826944
1731679196781 -0.04055989533662796 15840000
1731679248416 -0.017792975530028343 15892480
1731679292781 0.000513646169565618 15925248
1731679327736 0.002901496132835746 15958016
1731679364500 -0.04422886297106743 15990784
1731679392317 0.002773358253762126 16000000
1731679437777 -0.032819781452417374 16056320
1731679481094 -0.027608036994934082 16089088
1731679516517 -0.028888804838061333 16121856
1731679553938 -0.03683285042643547 16154624
1731679589304 -0.0328829362988472 16160000
1731679636749 -0.028813472017645836 16220160
1731679683361 -0.033216867595911026 16252928
1731679728115 0.01935412362217903 16285696
1731679771944 0.008119889535009861 16318464
1731679807047 -0.030780619010329247 16320000
1731679862195 -0.013779951259493828 16384000
1731679897810 -0.00717584416270256 16416768
1731679933421 -0.020799878984689713 16449536
1731679976488 0.00014334578008856624 16480000
1731680021725 -0.0009341228869743645 16515072
1731680057347 0.011849266476929188 16547840
1731680093486 -0.014388344250619411 16580608
1731680136911 -0.0296541228890419 16613376
1731680177540 -0.03411927446722984 16640000
1731680224495 -0.029792670160531998 16678912
1731680268858 -0.020530791953206062 16711680
1731680304264 -0.04429493471980095 16744448
1731680348926 -0.04296160861849785 16777216
1731680389785 -0.0284968800842762 16800000
1731680430391 -0.01375519298017025 16842752
1731680465549 0.07859167456626892 16875520
1731680501973 -0.029731810092926025 16908288
1731680537820 -0.02732468955218792 16941056
1731680569566 -0.018179351463913918 16960000
1731680610240 -0.026618801057338715 17006592
1731680654234 -0.018653692677617073 17039360
1731680690509 -0.021626228466629982 17072128
1731680735069 -0.01888803206384182 17104896
1731680773031 -0.0332033671438694 17120000
1731680815630 -0.035530831664800644 17170432
1731680859857 -0.02194802835583687 17203200
1731680895624 -0.016194719821214676 17235968
1731680932355 0.012452416121959686 17268736
1731680960284 -0.007523110136389732 17280000
1731681006260 -0.013718131929636002 17334272
1731681044649 -0.028526751324534416 17367040
1731681080257 -0.03191234916448593 17399808
1731681116664 -0.0188613124191761 17432576
1731681144602 -0.03211802989244461 17440000
1731681189050 -0.0321170873939991 17498112
1731681233080 -0.028328800573945045 17530880
1731681277564 -0.012177838943898678 17563648
1731681321967 -0.006843012757599354 17596416
1731681356566 -0.028264643624424934 17600000
1731681404124 -0.023235665634274483 17661952
1731681448607 -0.03575335443019867 17694720
1731681492808 -0.04671525955200195 17727488
1731681538063 -0.0525517463684082 17760000
1731681584802 -0.029277516528964043 17793024
1731681621122 0.009577779099345207 17825792
1731681656115 -0.024386711418628693 17858560
1731681692442 0.006004041526466608 17891328
1731681734783 -0.023058710619807243 17920000
1731681772928 0.003606667509302497 17956864
1731681808213 -0.024387702345848083 17989632
1731681843519 -0.03706347569823265 18022400
1731681887123 -0.024662286043167114 18055168
1731681920439 -0.030540844425559044 18080000
1731681959436 -0.049071356654167175 18120704
1731681996170 -0.030709678307175636 18153472
1731682031500 -0.018771599978208542 18186240
1731682069094 -0.040950410068035126 18219008
1731682101642 -0.03327805548906326 18240000
1731682141210 0.006262723356485367 18284544
1731682184975 -0.011063863523304462 18317312
1731682221136 -0.017917752265930176 18350080
1731682256860 -0.0024017540272325277 18382848
1731682288354 -0.03232526779174805 18400000
1731682329400 -0.01346361730247736 18448384
1731682373550 -0.018718773499131203 18481152
1731682420051 -0.036568183451890945 18513920
1731682455870 0.011672068387269974 18546688
1731682484257 -0.019517578184604645 18560000
1731682525874 -0.026912624016404152 18612224
1731682562707 -0.02321922779083252 18644992
1731682598530 -0.049335770308971405 18677760
1731682641750 -0.021230874583125114 18710528
1731682670940 -0.03139539435505867 18720000
1731682716151 -0.03245072439312935 18776064
1731682752032 -0.004465493839234114 18808832
1731682796045 0.00850738026201725 18841600
1731682832523 -0.01133117638528347 18874368
1731682868154 -0.01827101781964302 18880000
1731682922405 -0.029364513233304024 18939904
1731682958735 -0.038014739751815796 18972672
1731683003709 -0.020608659833669662 19005440
1731683048001 -0.025702599436044693 19038208
1731683073034 -0.03099760040640831 19040000
1731683119430 -0.0039077200926840305 19103744
1731683155078 -0.006177965551614761 19136512
1731683199175 -0.025326808914542198 19169280
1731683243720 -0.03784940764307976 19200000
1731683290599 0.03348555415868759 19234816
1731683327122 -0.02891290932893753 19267584
1731683363797 -0.03480421379208565 19300352
1731683399474 -0.032848816365003586 19333120
1731683442295 -0.03290875256061554 19360000
1731683480278 -0.02909649908542633 19398656
1731683515223 -0.014554129913449287 19431424
1731683550096 -0.020310716703534126 19464192
1731683585133 -0.046924591064453125 19496960
1731683616672 -0.0370037816464901 19520000
1731683663991 -0.020881908014416695 19562496
1731683699730 -0.0253728199750185 19595264
1731683743242 -0.024366112425923347 19628032
1731683780544 -0.039808180183172226 19660800
1731683819922 -0.016598142683506012 19680000
1731683861416 -0.015848388895392418 19726336
1731683905445 -0.0036117127165198326 19759104
1731683949872 -0.012802081182599068 19791872
1731683985841 0.029256198555231094 19824640
1731684024853 -0.03640012443065643 19840000
1731684068471 -0.006960570812225342 19890176
1731684104043 -0.02867898903787136 19922944
1731684140273 -0.031890857964754105 19955712
1731684175677 -0.005083004478365183 19988480
1731684204270 -0.004253359977155924 20000000
1731684255223 -0.02050601877272129 20054016
1731684290905 -0.03292800858616829 20086784
1731684335027 -0.0070237950421869755 20119552
1731684371123 -0.044034261256456375 20152320
1731684406568 -0.001373876933939755 20160000
1731684459511 -0.018262138590216637 20217856
1731684496372 -0.02731313370168209 20250624
1731684532939 -0.010651023127138615 20283392
1731684569378 -0.049223583191633224 20316160
1731684595137 -0.03602359816431999 20320000
1731684641338 -0.01679314859211445 20381696
1731684685510 -0.026196889579296112 20414464
1731684721701 -0.00020830373978242278 20447232
1731684766558 -0.036258481442928314 20480000
1731684810743 -0.026765897870063782 20512768
1731684854440 -0.02446945570409298 20545536
1731684888974 -0.024900315329432487 20578304
1731684925361 -0.04282335564494133 20611072
1731684968124 -0.037486232817173004 20640000
1731685005581 -0.025424083694815636 20676608
1731685049659 -0.015802539885044098 20709376
1731685094211 -0.000641325197648257 20742144
1731685129716 -0.029810836538672447 20774912
1731685163102 -0.010829404927790165 20800000
1731685201388 -0.007204623427242041 20840448
1731685245132 -0.006954828277230263 20873216
1731685281040 -0.030536357313394547 20905984
1731685316151 -0.0015221911016851664 20938752
1731685348034 -0.021435901522636414 20960000
1731685387870 -0.03318129852414131 21004288
1731685424617 -0.010358573868870735 21037056
1731685468684 -0.028982017189264297 21069824
1731685503692 -0.02687174268066883 21102592
1731685541922 -0.042111389338970184 21120000
1731685581575 0.009217452257871628 21168128
1731685624744 -0.018005182966589928 21200896
1731685660176 -0.04898640885949135 21233664
1731685704121 -0.01671444997191429 21266432
1731685742372 -0.015567914582788944 21280000
1731685794986 0.011424398981034756 21331968
1731685831417 -0.03065977431833744 21364736
1731685868306 -0.022917810827493668 21397504
1731685905356 -0.004975672345608473 21430272
1731685942158 -0.021876603364944458 21440000
1731685988129 -0.006705714855343103 21495808
1731686022709 -0.03949238359928131 21528576
1731686057732 -0.02880951017141342 21561344
1731686102316 -0.01449042372405529 21594112
1731686137333 -0.02937612496316433 21600000
1731686191767 -0.028254050761461258 21659648
1731686228131 -0.006155203562229872 21692416
1731686263446 -0.0162250567227602 21725184
1731686300125 -0.018707193434238434 21757952
1731686325328 -0.021385593339800835 21760000
1731686372229 -0.021019993349909782 21823488
1731686417647 -0.022108137607574463 21856256
1731686462591 0.0023665032349526882 21889024
1731686497120 -0.0132752051576972 21920000
1731686533621 -0.02857150323688984 21954560
1731686569137 -0.03373723477125168 21987328
1731686604077 -0.03750056400895119 22020096
1731686639400 -0.029203137382864952 22052864
1731686672941 -0.017091596499085426 22080000
1731686712327 0.0014092379715293646 22118400
1731686748278 -0.022955073043704033 22151168
1731686791229 -0.014423273503780365 22183936
1731686826387 -0.031879786401987076 22216704
1731686867161 -0.03403569012880325 22240000
1731686907192 -0.025765182450413704 22282240
1731686944758 -0.026642806828022003 22315008
1731686988444 -0.02285991981625557 22347776
1731687031884 -0.04109381139278412 22380544
1731687062874 -0.032848406583070755 22400000
1731687103820 -0.022764429450035095 22446080
1731687139652 -0.029857225716114044 22478848
1731687175926 -0.021126551553606987 22511616
1731687220571 -0.022027838975191116 22544384
1731687259265 -0.014230780303478241 22560000
1731687309966 -0.03602372109889984 22609920
1731687345004 -0.0196368508040905 22642688
1731687381927 -0.0016908830730244517 22675456
1731687417394 -0.024140000343322754 22708224
1731687449281 -0.02730090171098709 22720000
1731687501043 -0.0034286011941730976 22773760
1731687536733 -0.03789495676755905 22806528
1731687572198 -0.04758505895733833 22839296
1731687615607 -0.03451607748866081 22872064
1731687644033 -0.0007581802201457322 22880000
1731687691827 -0.018789522349834442 22937600
1731687730016 -0.010106323286890984 22970368
1731687766376 -0.004327268339693546 23003136
1731687810415 -0.0173956286162138 23035904
1731687837607 -0.010564068332314491 23040000
1731687887876 -0.00922897644340992 23101440
1731687932757 -0.050594281405210495 23134208
1731687968913 -0.025934750214219093 23166976
1731688004885 -0.005966775119304657 23199744
1731688029300 -0.009608183056116104 23200000
1731688076644 -0.01562070194631815 23265280
1731688121456 -0.03171013295650482 23298048
1731688165891 -0.03785161301493645 23330816
1731688208746 -0.033612750470638275 23360000
1731688246408 -0.01054962445050478 23396352
1731688293923 -0.016327068209648132 23429120
1731688337785 -0.02208844944834709 23461888
1731688373217 -0.015011805109679699 23494656
1731688406612 -0.005928159225732088 23520000
1731688453037 -0.028272302821278572 23560192
1731688488589 -0.029002469033002853 23592960
1731688524969 0.01181914284825325 23625728
1731688560982 -0.02219008468091488 23658496
1731688592706 -0.038047343492507935 23680000
1731688640193 -0.015765447169542313 23724032
1731688675145 -0.017173320055007935 23756800
1731688710480 -0.024086546152830124 23789568
1731688747009 -0.019572937861084938 23822336
1731688778488 -0.024115972220897675 23840000
1731688819275 -0.024945996701717377 23887872
1731688854797 -0.030683310702443123 23920640
1731688891465 -0.033735185861587524 23953408
1731688926775 -0.045067861676216125 23986176
1731688965061 -0.028492290526628494 24000000
1731689007532 -0.031476374715566635 24051712
1731689043053 -0.018310286104679108 24084480
1731689079163 -0.03144050016999245 24117248
1731689115686 -0.029701413586735725 24150016
1731689151564 0.004768612794578075 24160000
1731689195001 -0.015488334000110626 24215552
1731689230012 -0.0007361237658187747 24248320
1731689265644 -0.021419372409582138 24281088
1731689301765 -0.04129759594798088 24313856
1731689328510 -0.02352251298725605 24320000
1731689374127 -0.036741260439157486 24379392
1731689409712 -0.015478012152016163 24412160
1731689444914 -0.03708212450146675 24444928
1731689488345 -0.026005078107118607 24477696
1731689514058 -0.023889804258942604 24480000
1731689568689 -0.021228663623332977 24543232
1731689612474 -0.035850293934345245 24576000
1731689649414 -0.030986828729510307 24608768
1731689693017 -0.04324597120285034 24640000
1731689738173 -0.005638834089040756 24674304
1731689775030 -0.030330166220664978 24707072
1731689818574 -0.03885713592171669 24739840
1731689862949 -0.03061082772910595 24772608
1731689898168 -0.020276032388210297 24800000
1731689936520 -0.01833067461848259 24838144
1731689973583 -0.03134668245911598 24870912
1731690017452 -0.019352562725543976 24903680
1731690054233 -0.02159084379673004 24936448
1731690092138 -0.00598140200600028 24960000
1731690138995 0.0036442093551158905 25001984
1731690173715 -0.019168712198734283 25034752
1731690218789 0.008706249296665192 25067520
1731690263007 -0.014647319912910461 25100288
1731690302665 -0.020433582365512848 25120000
1731690342892 -0.029999589547514915 25165824
1731690379197 -0.0282256118953228 25198592
1731690418366 -0.04645610228180885 25231360
1731690454876 -0.026984093710780144 25264128
1731690493366 -0.03142630681395531 25280000
1731690543682 -0.03469954431056976 25329664
1731690579737 -0.025993548333644867 25362432
1731690616855 -0.025670848786830902 25395200
1731690652402 -0.0318150520324707 25427968
1731690680741 -0.030589772388339043 25440000
1731690724816 -0.015408522449433804 25493504
1731690761098 0.009733225218951702 25526272
1731690804292 -0.03971390798687935 25559040
1731690840367 -0.0034662196412682533 25591808
1731690870580 0.0034300859551876783 25600000
1731690916788 -0.029465073719620705 25657344
1731690953347 -0.01596699096262455 25690112
1731690989091 -0.023230576887726784 25722880
1731691033655 -0.02035965584218502 25755648
1731691060343 -0.014928813092410564 25760000
1731691115683 -0.03382183238863945 25821184
1731691160141 0.00940052792429924 25853952
1731691197206 0.021225832402706146 25886720
1731691241832 -0.02817194163799286 25919488
1731691267024 -0.0293846745043993 25920000
1731691314740 -0.03406556323170662 25985024
1731691349922 -0.01799158751964569 26017792
1731691386220 -0.021836744621396065 26050560
1731691422957 -0.018485061824321747 26080000
1731691460298 -0.008862794376909733 26116096
1731691495762 -0.024703165516257286 26148864
1731691541320 -0.009574761614203453 26181632
1731691585895 -0.025562524795532227 26214400
1731691621249 0.05515923723578453 26240000
1731691661520 -0.028603091835975647 26279936
1731691698883 -0.025116007775068283 26312704
1731691735280 -0.045116715133190155 26345472
1731691781012 -0.007030045613646507 26378240
1731691813558 -0.020329363644123077 26400000
1731691862042 0.0073180533945560455 26443776
1731691898513 -0.03781699016690254 26476544
1731691944196 -0.040745899081230164 26509312
1731691981130 0.01959105394780636 26542080
1731692020556 -0.008131817914545536 26560000
1731692070268 -0.010085991583764553 26607616
1731692105727 -0.009327136911451817 26640384
1731692150141 -0.02494237944483757 26673152
1731692186379 -0.03286490589380264 26705920
1731692216228 -0.016033394262194633 26720000
1731692268508 -0.027493512257933617 26771456
1731692304956 -0.01551766600459814 26804224
1731692349437 -0.03145380690693855 26836992
1731692394305 -0.0315810963511467 26869760
1731692422416 -0.014264528639614582 26880000
1731692465761 -0.02324666455388069 26935296
1731692501216 -0.026826029643416405 26968064
1731692537375 -0.012266281992197037 27000832
1731692572948 -0.04343178868293762 27033600
1731692601147 -0.028233079239726067 27040000
1731692654209 -0.021028436720371246 27099136
1731692697455 -0.01713421195745468 27131904
1731692734157 -0.02809186652302742 27164672
1731692769374 -0.012283403426408768 27197440
1731692795053 -0.025272268801927567 27200000
1731692842219 -0.007837845012545586 27262976
1731692886825 -0.02633412927389145 27295744
1731692923281 -0.013152317143976688 27328512
1731692959827 -0.03312402591109276 27360000
1731692997580 0.0018953944090753794 27394048
1731693042596 -0.003228302113711834 27426816
1731693087451 -0.04139098525047302 27459584
1731693131709 -0.037774909287691116 27492352
1731693165598 -0.009080278687179089 27520000
1731693214076 -0.0025895037688314915 27557888
1731693257686 -0.0375453382730484 27590656
1731693294507 -0.037193723022937775 27623424
1731693331443 -0.032511696219444275 27656192
1731693365052 0.004481644835323095 27680000
1731693404107 -0.023041442036628723 27721728
1731693440126 -0.036347683519124985 27754496
1731693483825 -0.01000745315104723 27787264
1731693520976 -0.041715770959854126 27820032
1731693552426 0.005034706089645624 27840000
1731693598629 -0.015429477207362652 27885568
1731693640993 -0.018278593197464943 27918336
1731693685523 -0.02199730835855007 27951104
1731693727176 -0.008649596013128757 27983872
1731693758176 0.006001178175210953 28000000
1731693800730 -0.013889939524233341 28049408
1731693845076 -0.018506035208702087 28082176
1731693880632 -0.009822306223213673 28114944
1731693924454 -0.02186223305761814 28147712
1731693961454 -0.034492600709199905 28160000
1731694004108 -0.009135730564594269 28213248
1731694040064 -0.045825738459825516 28246016
1731694075512 -0.004498168360441923 28278784
1731694120100 -0.025735173374414444 28311552
1731694156004 -0.013615678995847702 28320000
1731694199791 -0.033072296530008316 28377088
1731694236126 -0.029920125380158424 28409856
1731694272637 -0.009074629284441471 28442624
1731694309542 -0.015181508846580982 28475392
1731694343703 0.0056711421348154545 28480000
1731694397147 -0.02110699936747551 28540928
1731694432095 -0.019483134150505066 28573696
1731694476897 0.024770241230726242 28606464
1731694512775 -0.022716904059052467 28639232
1731694537684 -0.030032142996788025 28640000
1731694584311 -0.03703842684626579 28704768
1731694628571 0.011198319494724274 28737536
1731694663457 -0.003453847486525774 28770304
1731694706383 0.009912635199725628 28800000
1731694751242 0.00943046249449253 28835840
1731694795880 0.012350678443908691 28868608
1731694832685 -0.01781601645052433 28901376
1731694876889 -0.02983393333852291 28934144
1731694918094 -0.02458389848470688 28960000
1731694956159 -0.02388209104537964 28999680
1731694991403 -0.032951004803180695 29032448
1731695027790 -0.044528983533382416 29065216
1731695073054 -0.026168763637542725 29097984
1731695105149 -0.025784946978092194 29120000
1731695152306 0.03175879269838333 29163520
1731695187081 -0.0001918651396408677 29196288
1731695223209 -0.022681519389152527 29229056
1731695258584 -0.023778552189469337 29261824
1731695297480 -0.025436652824282646 29280000
1731695338408 -0.005175998900085688 29327360
1731695374034 -0.025538578629493713 29360128
1731695410673 0.004284896422177553 29392896
1731695446484 -0.022522103041410446 29425664
1731695478285 -0.0403808057308197 29440000
1731695520162 -0.009832114912569523 29491200
1731695554885 -0.012648921459913254 29523968
1731695599852 -0.024778258055448532 29556736
1731695644048 -0.021611470729112625 29589504
1731695672485 -0.02896731346845627 29600000
1731695716647 -0.03026912733912468 29655040
1731695749104 -0.003949489910155535 29687808
1731695792772 -0.025144236162304878 29720576
1731695828849 -0.02831583470106125 29753344
1731695856836 -0.03715262934565544 29760000
1731695902581 -0.02246602438390255 29818880
1731695937862 -0.035550281405448914 29851648
1731695973026 -0.0190273430198431 29884416
1731696008915 -0.00864665862172842 29917184
1731696043605 -0.023500856012105942 29920000
1731696087822 -0.029625896364450455 29982720
1731696124605 -0.01965009979903698 30015488
1731696160194 -0.02040722966194153 30048256
1731696195184 -0.012031825259327888 30080000
1731696240371 -0.021836208179593086 30113792
1731696283908 -0.0181858092546463 30146560
1731696328612 -0.014627275057137012 30179328
1731696372935 -0.0015166486846283078 30212096
1731696407857 -0.021829137578606606 30240000
1731696444854 -0.01742033287882805 30277632
1731696480285 -0.013571836985647678 30310400
1731696524983 -0.018936198204755783 30343168
1731696560117 -0.016590354964137077 30375936
1731696592735 -0.02631746232509613 30400000
1731696631301 -0.03126203641295433 30441472
1731696666165 -0.031378988176584244 30474240
1731696710479 -0.028008943423628807 30507008
1731696745647 -0.010944517329335213 30539776
1731696777537 -0.022900598123669624 30560000
1731696817657 -0.0085440156981349 30605312
1731696853997 0.005362411495298147 30638080
1731696897605 -0.029679005965590477 30670848
1731696932205 -0.00412073265761137 30703616
1731696961817 0.006122040096670389 30720000
1731697004994 -0.008016671985387802 30769152
1731697042081 -0.034885525703430176 30801920
1731697078514 -0.041530754417181015 30834688
1731697122966 -0.04063954949378967 30867456
1731697160329 -0.015706177800893784 30880000
1731697202133 -0.03436896950006485 30932992
1731697237357 -0.019521860405802727 30965760
1731697273241 -0.024390866979956627 30998528
1731697309334 -0.03835154324769974 31031296
1731697345261 -0.024400988593697548 31040000
1731697390222 -0.016673048958182335 31096832
1731697435948 -0.011251687072217464 31129600
1731697472183 -0.021851954981684685 31162368
1731697508864 -0.015025936998426914 31195136
1731697534819 -0.013862737454473972 31200000
1731697588967 0.013953978195786476 31260672
1731697624936 -0.01144543569535017 31293440
1731697661414 -0.025324618443846703 31326208
1731697704835 -0.023081429302692413 31358976
1731697730295 -0.013787143863737583 31360000
1731697785583 -0.030301721766591072 31424512
1731697822073 0.010955573059618473 31457280
1731697856453 -0.02676774561405182 31490048
1731697899299 -0.04201577603816986 31520000
1731697943939 -0.03193894028663635 31555584
1731697988073 -0.03661376237869263 31588352
1731698031381 -0.014297651126980782 31621120
1731698066741 -0.01418224349617958 31653888
1731698099808 -0.011079931631684303 31680000
1731698147152 -0.03465713560581207 31719424
1731698191054 -0.03451438993215561 31752192
1731698235532 -0.02435208298265934 31784960
1731698272040 -0.005524161271750927 31817728
1731698304394 -0.0005232184194028378 31840000
1731698352374 -0.010112849064171314 31883264
1731698387603 -0.03008437529206276 31916032
1731698431918 -0.011954755522310734 31948800
1731698468699 -0.02613164484500885 31981568
1731698499807 0.0038202914875000715 32000000
1731698540865 -0.03427045792341232 32047104
1731698576544 -0.02857031673192978 32079872
1731698613040 -0.020441796630620956 32112640
1731698649184 -0.020697180181741714 32145408
1731698678212 -0.022347478196024895 32160000
1731698728797 0.002134581096470356 32210944
1731698760708 -0.01776116155087948 32243712
1731698797814 -0.03316139802336693 32276480
1731698833961 -0.03620795160531998 32309248
1731698871044 -0.02705412358045578 32320000
1731698922764 -0.025964759290218353 32374784
1731698959631 -0.03220352530479431 32407552
1731699004723 -0.025568773970007896 32440320
1731699048053 -0.031247051432728767 32473088
1731699083203 -0.007147150579839945 32480000
1731699136426 -0.03428363427519798 32538624
1731699171732 -0.030410710722208023 32571392
1731699208849 -0.03658999130129814 32604160
1731699243365 -0.028262902051210403 32636928
1731699269216 -0.01852947100996971 32640000
1731699316778 -0.016776185482740402 32702464
1731699360286 0.019535616040229797 32735232
1731699395353 -0.014304389245808125 32768000
1731699439196 -0.03862204775214195 32800000
1731699476793 -0.021107608452439308 32833536
1731699513715 -0.032089632004499435 32866304
1731699549038 -0.017888737842440605 32899072
1731699585353 -0.023301713168621063 32931840
1731699619052 -0.008506602607667446 32960000
1731699656137 -0.010602234862744808 32997376
1731699692520 -0.014489377848803997 33030144
1731699735940 -0.0358651764690876 33062912
1731699771402 -0.030591551214456558 33095680
1731699804039 -0.017234019935131073 33120000
1731699842433 -0.022742860019207 33161216
1731699888303 -0.04166030511260033 33193984
1731699925368 -0.024963971227407455 33226752
1731699961273 -0.00940349418669939 33259520
1731699992892 -0.044110726565122604 33280000
1731700043833 0.014573642052710056 33325056
1731700079740 -0.018161697313189507 33357824
1731700124242 -0.01899733580648899 33390592
1731700159860 -0.016989171504974365 33423360
1731700189063 -0.010372226126492023 33440000
1731700239066 -0.011491500772535801 33488896
1731700274763 -0.03360173851251602 33521664
1731700310476 -0.02409426122903824 33554432
1731700354189 -0.03385906666517258 33587200
1731700383039 -0.0397367849946022 33600000
1731700425960 -0.013423047959804535 33652736
1731700462099 -0.0034609190188348293 33685504
1731700499040 -0.01922152191400528 33718272
1731700543645 0.016853781417012215 33751040
1731700572112 0.03228408843278885 33760000
1731700625247 -0.03489485755562782 33816576
1731700669563 -0.021756883710622787 33849344
1731700704792 -0.030290914699435234 33882112
1731700739924 0.011649072170257568 33914880
1731700765682 -0.003952387720346451 33920000
1731700818743 -0.035481810569763184 33980416
1731700853725 -0.019151845946907997 34013184
1731700897887 -0.014543497934937477 34045952
1731700934068 0.008420905098319054 34078720
1731700967321 -0.029634913429617882 34080000
1731701021374 -0.03299286961555481 34144256
1731701058328 0.004205105360597372 34177024
1731701093792 -0.03113282285630703 34209792
1731701128573 -0.008956133387982845 34240000
1731701173877 -0.04098557308316231 34275328
1731701208626 -0.03133527189493179 34308096
1731701252455 0.007846876978874207 34340864
1731701297848 -0.03152838349342346 34373632
1731701339562 -0.03123069368302822 34400000
1731701385804 -0.02651342935860157 34439168
1731701429333 -0.03332662209868431 34471936
1731701472951 -0.011675968766212463 34504704
1731701517026 -0.023304931819438934 34537472
1731701549524 -0.03661835566163063 34560000
1731701597901 -0.006998940370976925 34603008
1731701633007 -0.016806302592158318 34635776
1731701669206 -0.011861217208206654 34668544
1731701705904 -0.04119878634810448 34701312
1731701740316 0.024836089462041855 34720000
1731701789958 -0.0136567996814847 34766848
1731701825440 -0.021764084696769714 34799616
1731701862879 -0.018473302945494652 34832384
1731701898809 -0.01627945527434349 34865152
1731701927884 -0.026208996772766113 34880000
1731701969524 -0.025969211012125015 34930688
1731702007383 -0.008372491225600243 34963456
1731702051161 -0.03440152853727341 34996224
1731702087348 0.023384030908346176 35028992
1731702125089 -0.012117376551032066 35040000
1731702176863 -0.03736457601189613 35094528
1731702212413 -0.01594630815088749 35127296
1731702248404 -0.03731561452150345 35160064
1731702284327 -0.01675042323768139 35192832
1731702310940 -0.022752592340111732 35200000
1731702363971 -0.012342732399702072 35258368
1731702398744 -0.022521166130900383 35291136
1731702435459 -0.029478413984179497 35323904
1731702478751 -0.020003899931907654 35356672
1731702505290 -0.03378015011548996 35360000
1731702559949 -0.046450983732938766 35422208
1731702596908 -0.013263269327580929 35454976
1731702634451 -0.012040024623274803 35487744
1731702670635 -0.03611689433455467 35520000
1731702715939 0.043395016342401505 35553280
1731702760143 -0.01353601086884737 35586048
1731702804406 -0.005882628727704287 35618816
1731702841079 -0.03923420235514641 35651584
1731702875770 -0.033243726938962936 35680000
1731702921533 -0.04090355709195137 35717120
1731702957415 -0.030177263543009758 35749888
1731702993273 -0.016064658761024475 35782656
1731703029831 -0.04303576424717903 35815424
1731703061944 -0.05495315045118332 35840000
1731703108450 -0.00574610335752368 35880960
1731703144012 -0.01546669751405716 35913728
1731703179552 -0.007545641157776117 35946496
1731703215765 -0.019641879945993423 35979264
1731703246885 -0.0254131518304348 36000000
1731703286156 -0.02317824214696884 36044800
1731703330139 -0.04121185839176178 36077568
1731703375125 -0.027340741828083992 36110336
1731703419229 -0.026888879016041756 36143104
1731703449694 -0.025092897936701775 36160000
1731703500862 -0.02613317407667637 36208640
1731703537544 -0.009469031356275082 36241408
1731703581890 -0.001003634068183601 36274176
1731703616962 -0.03859588876366615 36306944
1731703646038 -0.025000927969813347 36320000
1731703696691 -0.049338020384311676 36372480
1731703740538 -0.027653781697154045 36405248
1731703776463 -0.040005896240472794 36438016
1731703812861 -0.02775922603905201 36470784
1731703849655 -0.028206823393702507 36480000
1731703902842 -0.025493955239653587 36536320
1731703938132 -0.025337956845760345 36569088
1731703974154 -0.025932181626558304 36601856
1731704009196 -0.036721788346767426 36634624
1731704043964 -0.028574896976351738 36640000
1731704097850 -0.03543786332011223 36700160
1731704134549 -0.005131672136485577 36732928
1731704170180 -0.04622482880949974 36765696
1731704206732 -0.035449374467134476 36798464
1731704240164 -0.009826808236539364 36800000
1731704287392 -0.00357000227086246 36864000
1731704322908 -0.013656952418386936 36896768
1731704358615 -0.025676295161247253 36929536
1731704394097 -0.021351616829633713 36960000
1731704439389 -0.011367673054337502 36995072
1731704475054 0.01806643046438694 37027840
1731704511360 -0.009288452565670013 37060608
1731704555286 -0.02828839235007763 37093376
1731704587970 -0.03808717429637909 37120000
1731704634306 0.02603841945528984 37158912
1731704678460 -0.009638175368309021 37191680
1731704713266 -0.02677222155034542 37224448
1731704757501 -0.025995522737503052 37257216
1731704798018 0.00408687349408865 37280000
