1731660353293 -0.010773718506197839 65536
1731660391732 -0.009997279510480439 98304
1731660429974 -0.010135585686111882 131072
1731660474893 -0.010241684483708014 160000
1731660521974 -0.011626071471755494 196608
1731660566746 -0.01222232440031803 229376
1731660602937 -0.013108957529311738 262144
1731660639433 -0.013012350398366835 294912
1731660672372 -0.01345974452738119 320000
1731660711989 -0.015287327663463657 360448
1731660756243 -0.016528749621875248 393216
1731660792715 -0.01786184922884786 425984
1731660838568 -0.022094507598558265 458752
1731660872130 -0.026011652010856777 480000
1731660912893 -0.028119819124822244 524288
1731660957294 -0.026709191865438697 557056
1731660994047 -0.024847031124272688 589824
1731661031868 -0.02334788024363661 622592
1731661072662 -0.021326887809436812 640000
1731661114093 -0.021667747768606204 688128
1731661150887 -0.02328457340136083 720896
1731661187247 -0.02414375967500746 753664
1731661225674 -0.025499293268308066 786432
1731661255682 -0.02423942021696348 800000
1731661300580 -0.02347224914669823 851968
1731661346529 -0.023515304559191465 884736
1731661382818 -0.022189514806450462 917504
1731661418154 -0.02207108658631114 950272
1731661446023 -0.01997394852994603 960000
1731661493228 -0.01905742455469408 1015808
1731661529082 -0.019408529166867083 1048576
1731661564829 -0.018732820966715736 1081344
1731661600153 -0.015377687851696464 1114112
1731661635062 -0.015362507248119073 1120000
1731661679621 -0.01676299078426382 1179648
1731661715687 -0.016057365873894013 1212416
1731661751978 -0.01715436558665715 1245184
1731661796016 -0.015536999996947997 1277952
1731661821577 -0.015428890566317932 1280000
1731661867799 -0.015530414254271818 1343488
1731661911891 -0.014287766548795844 1376256
1731661956970 -0.015815968305514617 1409024
1731661995204 -0.015374857719962165 1440000
1731662040971 -0.013339809842148043 1474560
1731662077466 -0.014645836820091063 1507328
1731662115020 -0.015356077848673521 1540096
1731662159482 -0.013591404377348227 1572864
1731662203380 -0.015448842473870173 1600000
1731662250657 -0.013656000372247946 1638400
1731662286942 -0.013572029016222587 1671168
1731662321907 -0.013433994088620694 1703936
1731662357969 -0.015380953502744887 1736704
1731662390824 -0.014871305914948608 1760000
1731662429721 -0.014774733307967835 1802240
1731662474583 -0.013441816244176152 1835008
1731662520360 -0.01332076649755436 1867776
1731662557425 -0.013147074317839725 1900544
1731662590231 -0.01432344658906004 1920000
1731662633395 -0.014686816667381208 1966080
1731662669398 -0.013600990996428664 1998848
1731662707200 -0.014136320159400384 2031616
1731662744806 -0.014320597823416392 2064384
1731662775113 -0.014123056870630535 2080000
1731662827990 -0.013086362937542617 2129920
1731662865572 -0.015049678833111101 2162688
1731662901831 -0.012841700455828687 2195456
1731662947871 -0.013640219245462503 2228224
1731662977949 -0.014111939395684203 2240000
1731663030172 -0.012139256872842452 2293760
1731663067452 -0.013827949159758646 2326528
1731663104749 -0.012959805393916213 2359296
1731663150094 -0.011826899304423932 2392064
1731663178463 -0.012991628102224696 2400000
1731663224715 -0.013823424599354438 2457600
1731663261712 -0.013853601215350864 2490368
1731663298159 -0.01265942903200994 2523136
1731663336361 -0.01328009678604758 2555904
1731663372152 -0.013304279739122649 2560000
1731663419541 -0.012955776855869771 2621440
1731663456815 -0.013259824025271882 2654208
1731663503220 -0.013281904324458083 2686976
1731663541239 -0.011682046578130212 2719744
1731663567323 -0.011753288607337709 2720000
1731663618627 -0.012883987883287772 2785280
1731663656214 -0.013654480285526915 2818048
1731663693661 -0.013459144811861279 2850816
1731663732562 -0.014318708993255314 2880000
1731663779919 -0.011885944578602902 2916352
1731663816804 -0.013983576679038379 2949120
1731663853964 -0.011629476354869439 2981888
1731663890692 -0.013211294940037987 3014656
1731663929890 -0.013177917187431377 3040000
1731663970048 -0.012182431097676272 3080192
1731664007527 -0.01482094849047826 3112960
1731664044415 -0.013922440272131098 3145728
1731664085179 -0.013540681760650842 3178496
1731664119637 -0.013935477912764328 3200000
1731664163599 -0.014018710984737481 3244032
1731664200439 -0.012721751049753038 3276800
1731664240343 -0.012841507893881499 3309568
1731664283015 -0.013029921682391431 3342336
1731664314263 -0.013983905273471464 3360000
1731664358459 -0.012840141975721054 3407872
1731664395758 -0.013118764071396071 3440640
1731664440105 -0.01275096360468524 3473408
1731664480501 -0.012821298153562566 3506176
1731664512252 -0.01236038807217028 3520000
1731664556476 -0.013633472195351715 3571712
1731664594727 -0.014104094982258175 3604480
1731664631850 -0.013266273131785055 3637248
1731664670758 -0.012170275894482075 3670016
1731664701314 -0.012978776151817329 3680000
1731664747467 -0.013732875025038994 3735552
1731664786380 -0.012443950433043938 3768320
1731664827633 -0.010922304028485996 3801088
1731664868200 -0.01353806642177915 3833856
1731664897339 -0.012462493778480166 3840000
1731664945640 -0.013088011057379844 3899392
1731664981911 -0.012913488157801111 3932160
1731665019274 -0.014035179604661607 3964928
1731665065928 -0.012659145803536376 3997696
1731665092897 -0.013573392676789808 4000000
1731665140457 -0.012548206343603851 4063232
1731665181070 -0.012741586265156002 4096000
1731665219709 -0.01471168941977794 4128768
1731665261769 -0.013318761341315622 4160000
1731665300218 -0.012830709951435893 4194304
1731665339534 -0.013844987708284861 4227072
1731665377762 -0.01387778463936229 4259840
1731665414460 -0.01288403497796935 4292608
1731665454779 -0.013916923703072825 4320000
1731665495136 -0.013205096973729269 4358144
1731665534741 -0.013137644652897507 4390912
1731665572354 -0.013375676323403241 4423680
1731665609674 -0.012671619318348348 4456448
1731665644367 -0.013845044458912525 4480000
1731665684730 -0.01348670335969473 4521984
1731665723461 -0.014040082379506203 4554752
1731665762650 -0.013357206034993397 4587520
1731665800755 -0.011289692416858088 4620288
1731665833800 -0.01272793208809162 4640000
1731665875658 -0.012055167424841784 4685824
1731665913043 -0.012760281225951076 4718592
1731665949301 -0.01322973756959982 4751360
1731665986266 -0.012670306056406844 4784128
1731666019550 -0.01219738983290881 4800000
1731666062037 -0.013749039227695903 4849664
1731666098903 -0.01360249552251389 4882432
1731666136343 -0.010821164953449624 4915200
1731666174649 -0.01267541961999541 4947968
1731666204993 -0.013631325617325274 4960000
1731666252116 -0.013062745279762566 5013504
1731666289413 -0.013348694356136549 5046272
1731666326714 -0.012488038460378447 5079040
1731666362612 -0.011149879098366 5111808
1731666394470 -0.013168302186750224 5120000
1731666444431 -0.012008413635180659 5177344
1731666482098 -0.012728550846486542 5210112
1731666522334 -0.013799897970579877 5242880
1731666560584 -0.011902318237093822 5275648
1731666590409 -0.011429105678189444 5280000
1731666639420 -0.01397861313539579 5341184
1731666678530 -0.014261058280726501 5373952
1731666716874 -0.012916556839491023 5406720
1731666754428 -0.012704612211564381 5439488
1731666781677 -0.012137013594792734 5440000
1731666832055 -0.013414970820031158 5505024
1731666869902 -0.012812029531460212 5537792
1731666909168 -0.013094807852348822 5570560
1731666947331 -0.01350800480131511 5600000
1731666985620 -0.012091940388540934 5636096
1731667023699 -0.011946826692519608 5668864
1731667061104 -0.01297687927167317 5701632
1731667100204 -0.01246786509470894 5734400
1731667139123 -0.014192780420307827 5760000
1731667181161 -0.012963833246226386 5799936
1731667217434 -0.01253842964181331 5832704
1731667255750 -0.013598400933142329 5865472
1731667299366 -0.013552781777707423 5898240
1731667333589 -0.013688202844878105 5920000
1731667377328 -0.011346966319251806 5963776
1731667413720 -0.0125517413572652 5996544
1731667450949 -0.012521161700260564 6029312
1731667487072 -0.011686919219528136 6062080
1731667523575 -0.01202490069020996 6080000
1731667568221 -0.011722811730169268 6127616
1731667605954 -0.012766593882997768 6160384
1731667642927 -0.012102028888375572 6193152
1731667678833 -0.013734440982830165 6225920
1731667708749 -0.012610446638927898 6240000
1731667752396 -0.013164569063656017 6291456
1731667790110 -0.013382266418716426 6324224
1731667831287 -0.013251665660709478 6356992
1731667869419 -0.013731759051142944 6389760
1731667900288 -0.012435099773347247 6400000
1731667945916 -0.013475736154191509 6455296
1731667985019 -0.012629919405799227 6488064
1731668024984 -0.013928021934930257 6520832
1731668064679 -0.01177514468067784 6553600
1731668094228 -0.013414311480687502 6560000
1731668143247 -0.013152936745996158 6619136
1731668181292 -0.012571575378660781 6651904
1731668218665 -0.013104154438588011 6684672
1731668257363 -0.013555063120679733 6717440
1731668288846 -0.013708530950862042 6720000
1731668335931 -0.01199635482728354 6782976
1731668373547 -0.011669796870137361 6815744
1731668415893 -0.013630058174771875 6848512
1731668453457 -0.013546304459055136 6880000
1731668498156 -0.012525454762999289 6914048
1731668538958 -0.013356197002212866 6946816
1731668576214 -0.013299240416563407 6979584
1731668613678 -0.011611512503463928 7012352
1731668653901 -0.01306148337198465 7040000
1731668697197 -0.014210401198670296 7077888
1731668738733 -0.013363857724880291 7110656
1731668778089 -0.013086897090101957 7143424
1731668817275 -0.012094603661535076 7176192
1731668852692 -0.011199422725530895 7200000
1731668894646 -0.014656509128394645 7241728
1731668933018 -0.012820845247119905 7274496
1731668970781 -0.01360448055611414 7307264
1731669008785 -0.012762093816263587 7340032
1731669041211 -0.01465012679720985 7360000
1731669085782 -0.012297310475537416 7405568
1731669123931 -0.012721614274096283 7438336
1731669163661 -0.013230215999647044 7471104
1731669202260 -0.012851647301249613 7503872
1731669234944 -0.013268051568570628 7520000
1731669279674 -0.013445949101969746 7569408
1731669317194 -0.012658584212022105 7602176
1731669363059 -0.011974727782649098 7634944
1731669401210 -0.014336588056994514 7667712
1731669431812 -0.01176935506391601 7680000
1731669477500 -0.011478671864233547 7733248
1731669515902 -0.013423950087053526 7766016
1731669553090 -0.014330068047456734 7798784
1731669589806 -0.012923031118089057 7831552
1731669618795 -0.013078568717719462 7840000
1731669667583 -0.01384828074901634 7897088
1731669712995 -0.011518677532330912 7929856
1731669750140 -0.01309819583650551 7962624
1731669786907 -0.013824016937587658 7995392
1731669814149 -0.014666437402206611 8000000
1731669864367 -0.012219223486340525 8060928
1731669902120 -0.01180689978468763 8093696
1731669940249 -0.013767200876509378 8126464
1731669976986 -0.013286459314895183 8159232
1731670002320 -0.013069508337866863 8160000
1731670050484 -0.012748487925478003 8224768
1731670095241 -0.01223003133554812 8257536
1731670132328 -0.01294589183385142 8290304
1731670175610 -0.012273845246431847 8320000
1731670221525 -0.01274635406211928 8355840
1731670259049 -0.012912030037296063 8388608
1731670305112 -0.012301646943478772 8421376
1731670350759 -0.0131099312655806 8454144
1731670387234 -0.012996827075312467 8480000
1731670431263 -0.014645480733452131 8519680
1731670465272 -0.013502809570979935 8552448
1731670502177 -0.013517043250294592 8585216
1731670547758 -0.011848178477976035 8617984
1731670579829 -0.013700620728468494 8640000
1731670619970 -0.01183063400235369 8683520
1731670664086 -0.014171447157241345 8716288
1731670701512 -0.01349660319983741 8749056
1731670734137 -0.013480249848316816 8781824
1731670773683 -0.01314428374992076 8800000
1731670814317 -0.014101780994178626 8847360
1731670849658 -0.011934090301065226 8880128
1731670885423 -0.013965848631210065 8912896
1731670922254 -0.013255286140019962 8945664
1731670960556 -0.013676557037274505 8960000
1731671003463 -0.01213299212279253 9011200
1731671048185 -0.012933309161189755 9043968
1731671086098 -0.013174956713760367 9076736
1731671130477 -0.013062249665836134 9109504
1731671158970 -0.013172209212075358 9120000
1731671202963 -0.013273232270012158 9175040
1731671241387 -0.013383791198702966 9207808
1731671278229 -0.01180799508488235 9240576
1731671326429 -0.012800729055015836 9273344
1731671353240 -0.013614301241113935 9280000
1731671406834 -0.0146953146897431 9338880
1731671442135 -0.013530227300589105 9371648
1731671477737 -0.012696917340053914 9404416
1731671512957 -0.012070837861847395 9437184
1731671546680 -0.01282831149537742 9440000
1731671602155 -0.012784375137789539 9502720
1731671638512 -0.012735513432380685 9535488
1731671673926 -0.011878632628759078 9568256
1731671718063 -0.013891901937358852 9600000
1731671754821 -0.013707502998522613 9633792
1731671799368 -0.012171454794133752 9666560
1731671843202 -0.01177339882610795 9699328
1731671887145 -0.014556151846772992 9732096
1731671929993 -0.012967906354015213 9760000
1731671975462 -0.013359932489947823 9797632
1731672019077 -0.01223677325231165 9830400
1731672055531 -0.014031188736407785 9863168
1731672100738 -0.013494176266090108 9895936
1731672133753 -0.01276658392785066 9920000
1731672172281 -0.012746428790455866 9961472
1731672215547 -0.012104858148541097 9994240
1731672251099 -0.01309885809203024 10027008
1731672286289 -0.01302769029148294 10059776
1731672317910 -0.011912100568270034 10080000
1731672358660 -0.012369077685752928 10125312
1731672395641 -0.014254201085486784 10158080
1731672440233 -0.013174378908820472 10190848
1731672484523 -0.013219318624510378 10223616
1731672516739 -0.011816521402806757 10240000
1731672567183 -0.01295591536036227 10289152
1731672611627 -0.013277368187254978 10321920
1731672647626 -0.012662268796293574 10354688
1731672683593 -0.013941852860466498 10387456
1731672713490 -0.013182455657033642 10400000
1731672765143 -0.013814709428334026 10452992
1731672808846 -0.014406767954733368 10485760
1731672844064 -0.013259976372728488 10518528
1731672879335 -0.014103567925985772 10551296
1731672910241 -0.01334356609374936 10560000
1731672955386 -0.013407555004641835 10616832
1731672991120 -0.013252806823356878 10649600
1731673030417 -0.012784654631263947 10682368
1731673066345 -0.013372686914522092 10715136
1731673092966 -0.013772570548326257 10720000
1731673146605 -0.01331959830449705 10780672
1731673183016 -0.013803521246018136 10813440
1731673228289 -0.012136548242642676 10846208
1731673264912 -0.014128616793959737 10878976
1731673290855 -0.012753377066337635 10880000
1731673337814 -0.012578810225045345 10944512
1731673373962 -0.014256749978835614 10977280
1731673410078 -0.013649111819700011 11010048
1731673445175 -0.01478630185674774 11040000
1731673482274 -0.013749040323955342 11075584
1731673527669 -0.013196892379778547 11108352
1731673571863 -0.011939039260050776 11141120
1731673609978 -0.012331436441263577 11173888
1731673653282 -0.012109487788939078 11200000
1731673699654 -0.014088285385696508 11239424
1731673737193 -0.011733379815359513 11272192
1731673781853 -0.011092157375560418 11304960
1731673817918 -0.01398486140069508 11337728
1731673850667 -0.012714746495430519 11360000
1731673898715 -0.013391485172610374 11403264
1731673935204 -0.013356428430779489 11436032
1731673978900 -0.013245991612029684 11468800
1731674014681 -0.011577750594483405 11501568
1731674045818 -0.012033234781711144 11520000
1731674086620 -0.011912333836062317 11567104
1731674122971 -0.012701158300342286 11599872
1731674158355 -0.012423972371152558 11632640
1731674194702 -0.012098231857225982 11665408
1731674233064 -0.013790681857130949 11680000
1731674275126 -0.011175101356684536 11730944
1731674310303 -0.0130261841024776 11763712
1731674354475 -0.011975428062783067 11796480
1731674392401 -0.012543486503386703 11829248
1731674429406 -0.013354892190727696 11840000
1731674480984 -0.012864569756720812 11894784
1731674517165 -0.012947557687061817 11927552
1731674562244 -0.013634757332329172 11960320
1731674606948 -0.01231600379549036 11993088
1731674635332 -0.013112837621338257 12000000
1731674689889 -0.012548400879677502 12058624
1731674725673 -0.013247969391568405 12091392
1731674761335 -0.013892880336220515 12124160
1731674796440 -0.013398422523346198 12156928
1731674821883 -0.013029816194057275 12160000
1731674868278 -0.013896099955945828 12222464
1731674903126 -0.013233387787113315 12255232
1731674939604 -0.013299036953776521 12288000
1731674974972 -0.012896795806386762 12320000
1731675020232 -0.014530487199499476 12353536
1731675056148 -0.013527686902307323 12386304
1731675092446 -0.012813841484717158 12419072
1731675128084 -0.009534665541468711 12451840
1731675162064 -0.013086358937516706 12480000
1731675209037 -0.013699860706469735 12517376
1731675252301 -0.01102173236104136 12550144
1731675287169 -0.012876356642709651 12582912
1731675324258 -0.012595846046019687 12615680
1731675356880 -0.013336200400044618 12640000
1731675395058 -0.012853864166640961 12681216
1731675430094 -0.012608633834656758 12713984
1731675473861 -0.012716537937490103 12746752
1731675517983 -0.012986406970117059 12779520
1731675557679 -0.012097774724861666 12800000
1731675606333 -0.014567575995533844 12845056
1731675642781 -0.013882272614159774 12877824
1731675678759 -0.013460017011766467 12910592
1731675716856 -0.012503768532997128 12943360
1731675757417 -0.012776960661653902 12960000
1731675798698 -0.013658682464233607 13008896
1731675847991 -0.013689241683050569 13041664
1731675892105 -0.012990209305394273 13074432
1731675936250 -0.012507672806691517 13107200
1731675973479 -0.016129471957356145 13120000
1731676016926 -0.014128395223315238 13172736
1731676053316 -0.014391624687777948 13205504
1731676088314 -0.013635548050297075 13238272
1731676125711 -0.013458084030344254 13271040
1731676155020 -0.011031335188499724 13280000
1731676206764 -0.013993797545754205 13336576
1731676245536 -0.01315270439131382 13369344
1731676281143 -0.013468382238988852 13402112
1731676321423 -0.013446449324965215 13434880
1731676347421 -0.012555463015632994 13440000
1731676394133 -0.013327385311345096 13500416
1731676437612 -0.01343545719132635 13533184
1731676481795 -0.013698078458651253 13565952
1731676522967 -0.01304834648783526 13598720
1731676549208 -0.01371274272789833 13600000
1731676596221 -0.013500229939518249 13664256
1731676640170 -0.01299013211660167 13697024
1731676684274 -0.012172228616555003 13729792
1731676727399 -0.011972880916437134 13760000
1731676764157 -0.014247772374676514 13795328
1731676801240 -0.012849270413153136 13828096
1731676846028 -0.014147498350803289 13860864
1731676889773 -0.013441265889264286 13893632
1731676931585 -0.013374404315300126 13920000
1731676978155 -0.013540966856089654 13959168
1731677014087 -0.01452122442790369 13991936
1731677058715 -0.011881651198973487 14024704
1731677094222 -0.013749159972803682 14057472
1731677134150 -0.012136561471061213 14080000
1731677182621 -0.013844301701965378 14123008
1731677218596 -0.014375589301744185 14155776
1731677262096 -0.012770110771134569 14188544
1731677298545 -0.01308796226933282 14221312
1731677338053 -0.013781726869228805 14240000
1731677387618 -0.012556643035259185 14286848
1731677422950 -0.015545445596353602 14319616
1731677458532 -0.014259214446451552 14352384
1731677493901 -0.012355168773228797 14385152
1731677523179 -0.013275112440896918 14400000
1731677565534 -0.01205952137981967 14450688
1731677601040 -0.012558573432102094 14483456
1731677636532 -0.012536073267779103 14516224
1731677673810 -0.014316765477292392 14548992
1731677704351 -0.013817551620854828 14560000
1731677748388 -0.014857878205793896 14614528
1731677784994 -0.013429745902635659 14647296
1731677828649 -0.01242979432854554 14680064
1731677867055 -0.012623948004079465 14712832
1731677895063 -0.013762411562697707 14720000
1731677945449 -0.01307565412025724 14778368
1731677982163 -0.013094979213838088 14811136
1731678017628 -0.013004994772973077 14843904
1731678053118 -0.012877690302730116 14876672
1731678078438 -0.014644567356253902 14880000
1731678133421 -0.012640756655605401 14942208
1731678176950 -0.0135743212698344 14974976
1731678213557 -0.01359607801466609 15007744
1731678258019 -0.014267891860231429 15040000
1731678294042 -0.013488956164906085 15073280
1731678329915 -0.013810419529511364 15106048
1731678365256 -0.014085808035088122 15138816
1731678400873 -0.013319105560594836 15171584
1731678439985 -0.013457218671328519 15200000
1731678486465 -0.014769509718416885 15237120
1731678522879 -0.013807095192214546 15269888
1731678558225 -0.013249166164223425 15302656
1731678593559 -0.01383417108697813 15335424
1731678627692 -0.012520385295511005 15360000
1731678667454 -0.01338202605643346 15400960
1731678703506 -0.0139163570719802 15433728
1731678739558 -0.013672779654007173 15466496
1731678784146 -0.014380553549835895 15499264
1731678823328 -0.010567458097011696 15520000
1731678865081 -0.013816603603436306 15564800
1731678902740 -0.014724937503979163 15597568
1731678938774 -0.012434989903022142 15630336
1731678975654 -0.013470139944456606 15663104
1731679014223 -0.013002890391362598 15680000
1731679059840 -0.014068569888513594 15728640
1731679096271 -0.01492100097839284 15761408
1731679131656 -0.013244572430994594 15794176
1731679167483 -0.014059249444767375 15826944
1731679196850 -0.01180478209107605 15840000
1731679248448 -0.014261250371623646 15892480
1731679292913 -0.013302410670939934 15925248
1731679327828 -0.013693540288659278 15958016
1731679364595 -0.012725594776338767 15990784
1731679392389 -0.013584573054140492 16000000
1731679437846 -0.014114096790581242 16056320
1731679481145 -0.013256777652213714 16089088
1731679516557 -0.014092918957567235 16121856
1731679553964 -0.01421389388751777 16154624
1731679589390 -0.012662201394869043 16160000
1731679636789 -0.013265035601261844 16220160
1731679683607 -0.0144261981884938 16252928
1731679728138 -0.014089634474316881 16285696
1731679771976 -0.013122296942265166 16318464
1731679807130 -0.014131794402078412 16320000
1731679862222 -0.014392125411313827 16384000
1731679897876 -0.011813588226368665 16416768
1731679933468 -0.013485411803549141 16449536
1731679976568 -0.012048927156911304 16480000
1731680021759 -0.013647279324914052 16515072
1731680057391 -0.013512409817121807 16547840
1731680093530 -0.014100634712372084 16580608
1731680136951 -0.014062728192197938 16613376
1731680177570 -0.012905073707656811 16640000
1731680224546 -0.013942623907587404 16678912
1731680268898 -0.014267217020051248 16711680
1731680304285 -0.013228121421070682 16744448
1731680348955 -0.014464207526339123 16777216
1731680389877 -0.014259059652817995 16800000
1731680430424 -0.014332060285073566 16842752
1731680465581 -0.012886090613528722 16875520
1731680502012 -0.012525075476855819 16908288
1731680537879 -0.013185328132158248 16941056
1731680569601 -0.013808405541885805 16960000
1731680610280 -0.013969643774555607 17006592
1731680654261 -0.014550827974835557 17039360
1731680690551 -0.013490311808095613 17072128
1731680735128 -0.013785188104702684 17104896
1731680773082 -0.014084790773767963 17120000
1731680815665 -0.013255176345637665 17170432
1731680859945 -0.01351837100874036 17203200
1731680895701 -0.013119663428801687 17235968
1731680932394 -0.01322478613237763 17268736
1731680960325 -0.013126367528502669 17280000
1731681006672 -0.01428992058104086 17334272
1731681044765 -0.014227787475056175 17367040
1731681080299 -0.013640649436456442 17399808
1731681116705 -0.014908632862079685 17432576
1731681144640 -0.014217058124268078 17440000
1731681189112 -0.01350250634159238 17498112
1731681233173 -0.01363916561381302 17530880
1731681277642 -0.015193939262962886 17563648
1731681322091 -0.014308683240915342 17596416
1731681356623 -0.014617313453936732 17600000
1731681404329 -0.012964177029425627 17661952
1731681448670 -0.014115019855125865 17694720
1731681492833 -0.013353376033910536 17727488
1731681538117 -0.014426331931917957 17760000
1731681585059 -0.014567288373882548 17793024
1731681621151 -0.013796662904701407 17825792
1731681656156 -0.014626520381716546 17858560
1731681692476 -0.014196243640685679 17891328
1731681734814 -0.01351899354390298 17920000
1731681772971 -0.013694056089934747 17956864
1731681808247 -0.014297303611783718 17989632
1731681843553 -0.013401087021202329 18022400
1731681887223 -0.014328430794012092 18055168
1731681920484 -0.013475879306179194 18080000
1731681959470 -0.013201272114656604 18120704
1731681996417 -0.01344007011764461 18153472
1731682031981 -0.012102114029448784 18186240
1731682069231 -0.01364435010411853 18219008
1731682101678 -0.015019732866721824 18240000
1731682141242 -0.01458659076472486 18284544
1731682185012 -0.012551227326980552 18317312
1731682221475 -0.012584075615268375 18350080
1731682256915 -0.012721863745468909 18382848
1731682288451 -0.014722787273240102 18400000
1731682329428 -0.015030152776489558 18448384
1731682373639 -0.013897132030047032 18481152
1731682420096 -0.014921649620237076 18513920
1731682455900 -0.014954719256456884 18546688
1731682484766 -0.013330117271789278 18560000
1731682525904 -0.014286500518983303 18612224
1731682562760 -0.01511032051453185 18644992
1731682598572 -0.013818183431180842 18677760
1731682641787 -0.014249265038665726 18710528
1731682670984 -0.013781577892768838 18720000
1731682716190 -0.01429331037902557 18776064
1731682752061 -0.01446291455786195 18808832
1731682796075 -0.013089676236791092 18841600
1731682832557 -0.013685324914035846 18874368
1731682868204 -0.013796809317454972 18880000
1731682922430 -0.014222902744086241 18939904
1731682958787 -0.01348313996363686 18972672
1731683003757 -0.014753117567488516 19005440
1731683048060 -0.014478575683006057 19038208
1731683073062 -0.01446081179990415 19040000
1731683119458 -0.01377731562417921 19103744
1731683155106 -0.014233912552299444 19136512
1731683199208 -0.012096627048777009 19169280
1731683243756 -0.014577010494735986 19200000
1731683290632 -0.013287382417456684 19234816
1731683327158 -0.013654606688101012 19267584
1731683363827 -0.013537549788020442 19300352
1731683399526 -0.013162782647032144 19333120
1731683442337 -0.014510991256429406 19360000
1731683480306 -0.014710112444936385 19398656
1731683515255 -0.013623118082932706 19431424
1731683550128 -0.014600560512053561 19464192
1731683585177 -0.014078842548633475 19496960
1731683616737 -0.014156969314194611 19520000
1731683664022 -0.014480209441808256 19562496
1731683699769 -0.014505886043275495 19595264
1731683743266 -0.014124878111783801 19628032
1731683780598 -0.014106134759776979 19660800
1731683819977 -0.013450558244062449 19680000
1731683861489 -0.015087964036547418 19726336
1731683905497 -0.013736150578597516 19759104
1731683949903 -0.013902529435335964 19791872
1731683985906 -0.012055836995477876 19824640
1731684024932 -0.01316315648091404 19840000
1731684068521 -0.01347420895394862 19890176
1731684104072 -0.015003976123398387 19922944
1731684140300 -0.013734670758731226 19955712
1731684175707 -0.01335205067523475 19988480
1731684204322 -0.013161152210977889 20000000
1731684255242 -0.013340100222330875 20054016
1731684290940 -0.013834439702964118 20086784
1731684335060 -0.013718682534795334 20119552
1731684371150 -0.013796312611020767 20152320
1731684406659 -0.014806922857155768 20160000
1731684459541 -0.013482933370323736 20217856
1731684496407 -0.014462444906894235 20250624
1731684533034 -0.01389914228075213 20283392
1731684569408 -0.014037916442907772 20316160
1731684595159 -0.013140999258894226 20320000
1731684641410 -0.013278158540788353 20381696
1731684685571 -0.014125966501296716 20414464
1731684721756 -0.014180807352477131 20447232
1731684766615 -0.013646887126310504 20480000
1731684810781 -0.01378628930292507 20512768
1731684854477 -0.013905723364496225 20545536
1731684889009 -0.013142167662726934 20578304
1731684925430 -0.013657108715938194 20611072
1731684968187 -0.013387547223965157 20640000
1731685005607 -0.01340886150442202 20676608
1731685049698 -0.013879444909252924 20709376
1731685094254 -0.013820117305340319 20742144
1731685129754 -0.014031565396317091 20774912
1731685163132 -0.013031854134760578 20800000
1731685201663 -0.014518335724233111 20840448
1731685245162 -0.014482114931865908 20873216
1731685281077 -0.012838730042176394 20905984
1731685316183 -0.014389212757623681 20938752
1731685348065 -0.015036718417195515 20960000
1731685387929 -0.014480697551152843 21004288
1731685424659 -0.013201531219192476 21037056
1731685468722 -0.01464746653145994 21069824
1731685503728 -0.014783754218342438 21102592
1731685541961 -0.013714972352454424 21120000
1731685581614 -0.013366429225720821 21168128
1731685624785 -0.013883807819865979 21200896
1731685660209 -0.013999177788355155 21233664
1731685704155 -0.012445797245754875 21266432
1731685742472 -0.014742702733974511 21280000
1731685795012 -0.011726968509628932 21331968
1731685831477 -0.015743646188275305 21364736
1731685868342 -0.013597993091843818 21397504
1731685905437 -0.012173463548924702 21430272
1731685942199 -0.013483539285653023 21440000
1731685988158 -0.013050634166665987 21495808
1731686022748 -0.01265800071821559 21528576
1731686057990 -0.014018162475440476 21561344
1731686102359 -0.013212178940932517 21594112
1731686137368 -0.013730779901561619 21600000
1731686191943 -0.01463423137843165 21659648
1731686228175 -0.01363576347007438 21692416
1731686263473 -0.013871274205985173 21725184
1731686300162 -0.013977200824911051 21757952
1731686325369 -0.013844244617939695 21760000
1731686372291 -0.013075607394739563 21823488
1731686417904 -0.013889808453359364 21856256
1731686462652 -0.013302700618896778 21889024
1731686497155 -0.014215066779843254 21920000
1731686533662 -0.01415937014685369 21954560
1731686569161 -0.0143238172276142 21987328
1731686604129 -0.01550403038213517 22020096
1731686639425 -0.014065775308449702 22052864
1731686673640 -0.014575630974741216 22080000
1731686712367 -0.013587011470917787 22118400
1731686748344 -0.014261205286516088 22151168
1731686791328 -0.013549906366642972 22183936
1731686826421 -0.01383647519223814 22216704
1731686867188 -0.013043957321133347 22240000
1731686907236 -0.014246424463090079 22282240
1731686944800 -0.013719889866570157 22315008
1731686988493 -0.013188796150666348 22347776
1731687031990 -0.014389282454976638 22380544
1731687062905 -0.013841955323778165 22400000
1731687103845 -0.012323331585821506 22446080
1731687139684 -0.013977881919618084 22478848
1731687176057 -0.014518312467134819 22511616
1731687220611 -0.015260737192807027 22544384
1731687259416 -0.013104757822543434 22560000
1731687310018 -0.014234296118502243 22609920
1731687345042 -0.014273875799835878 22642688
1731687381965 -0.013346590450191797 22675456
1731687417556 -0.012100194458389524 22708224
1731687449537 -0.013726633226065132 22720000
1731687501073 -0.014711648751836037 22773760
1731687536780 -0.01329024763444977 22806528
1731687572228 -0.015129423368534844 22839296
1731687615641 -0.013375753034438276 22872064
1731687644090 -0.01483240814511646 22880000
1731687693448 -0.012645176929618173 22937600
1731687730045 -0.01472048101954897 22970368
1731687766402 -0.012708992578382095 23003136
1731687810461 -0.015696919982656255 23035904
1731687837739 -0.013488317784685932 23040000
1731687888035 -0.012698586962460467 23101440
1731687932847 -0.014593297847977738 23134208
1731687968956 -0.013904710570704993 23166976
1731688004949 -0.014143117664912098 23199744
1731688029333 -0.014286277382916523 23200000
1731688076678 -0.013521533316770728 23265280
1731688121498 -0.013928631314865925 23298048
1731688166177 -0.013228411063255407 23330816
1731688208774 -0.013294043621044693 23360000
1731688246438 -0.0132730097609965 23396352
1731688293958 -0.015734194564947755 23429120
1731688337812 -0.013269688721175043 23461888
1731688373252 -0.013530659844082037 23494656
1731688406644 -0.013270944166811205 23520000
1731688453097 -0.013807437200739514 23560192
1731688488635 -0.012919339024483634 23592960
1731688524997 -0.013437178500748815 23625728
1731688561054 -0.013265538824225587 23658496
1731688592732 -0.014634147818537713 23680000
1731688640222 -0.01388750109490502 23724032
1731688675176 -0.014051851962585715 23756800
1731688710583 -0.01540192308702899 23789568
1731688747041 -0.012781611373748092 23822336
1731688778515 -0.01328855481165192 23840000
1731688819303 -0.011902997825927741 23887872
1731688855042 -0.012456666053094523 23920640
1731688891490 -0.014328394824269708 23953408
1731688926847 -0.014053534468473572 23986176
1731688965319 -0.01072797253475528 24000000
1731689007565 -0.014192582395799036 24051712
1731689043089 -0.013551280290857903 24084480
1731689079262 -0.013010504813973967 24117248
1731689115727 -0.014043628723220536 24150016
1731689151609 -0.01384683513915661 24160000
1731689195038 -0.013916239267223319 24215552
1731689230062 -0.014782565539917414 24248320
1731689265711 -0.01343128546927801 24281088
1731689301808 -0.014112689702483295 24313856
1731689328550 -0.013664619722317185 24320000
1731689374166 -0.013671050146854213 24379392
1731689409751 -0.013928957177722624 24412160
1731689444995 -0.014612907714581524 24444928
1731689488493 -0.014173485763103599 24477696
1731689514090 -0.013171125200460664 24480000
1731689568729 -0.015264061302264053 24543232
1731689612540 -0.014947586528774082 24576000
1731689649451 -0.014988220625787108 24608768
1731689693075 -0.013819286424927668 24640000
1731689738272 -0.014089303906712303 24674304
1731689775083 -0.013396836469860318 24707072
1731689818697 -0.015171737629907511 24739840
1731689862999 -0.014135225418749542 24772608
1731689898239 -0.014454508052995151 24800000
1731689936563 -0.013602757305261549 24838144
1731689973658 -0.015461905649226537 24870912
1731690017506 -0.013934991705059473 24903680
1731690054293 -0.013163229400151976 24936448
1731690092194 -0.012690122088156387 24960000
1731690139078 -0.013491596718614574 25001984
1731690173798 -0.01445136332263246 25034752
1731690218838 -0.012767458090456785 25067520
1731690263076 -0.013573626355309898 25100288
1731690302740 -0.013480571359377792 25120000
1731690342982 -0.014207299159602371 25165824
1731690379254 -0.01355192610899394 25198592
1731690418431 -0.013222576371754257 25231360
1731690454927 -0.01208736906592094 25264128
1731690493478 -0.013706356471470827 25280000
1731690543741 -0.013861995050172026 25329664
1731690579879 -0.01540761250205378 25362432
1731690616941 -0.013647397595377697 25395200
1731690652502 -0.014491775829139898 25427968
1731690680820 -0.01304388280866533 25440000
1731690724848 -0.014733449637787999 25493504
1731690761139 -0.012134092803785279 25526272
1731690804372 -0.014822041495267512 25559040
1731690840424 -0.013911740943194672 25591808
1731690870622 -0.01404404588406578 25600000
1731690916828 -0.013818332655660015 25657344
1731690953381 -0.013602448917299625 25690112
1731690989132 -0.01262691594847638 25722880
1731691033707 -0.014235367403512101 25755648
1731691060533 -0.01603047729570335 25760000
1731691115848 -0.012683422648024134 25821184
1731691160236 -0.013497007742535061 25853952
1731691197321 -0.01500179243303137 25886720
1731691241950 -0.01441815840739764 25919488
1731691267132 -0.01306199343530352 25920000
1731691314805 -0.013528043126189004 25985024
1731691349985 -0.01590733349025868 26017792
1731691386280 -0.014235675302506934 26050560
1731691423071 -0.01353998664089886 26080000
1731691460385 -0.013260996511144185 26116096
1731691495837 -0.014168680705324732 26148864
1731691541395 -0.012873515064188722 26181632
1731691585960 -0.014302205342733031 26214400
1731691621353 -0.015335757849970832 26240000
1731691661686 -0.013374211616701359 26279936
1731691699004 -0.014145340511640824 26312704
1731691735356 -0.01501443988563551 26345472
1731691781114 -0.014803059136147568 26378240
1731691813738 -0.01373230105057246 26400000
1731691862120 -0.01380255008180029 26443776
1731691898618 -0.013707013566477144 26476544
1731691944305 -0.014755032140419644 26509312
1731691981238 -0.014787900061128312 26542080
1731692020688 -0.01373113222257416 26560000
1731692070338 -0.013947471321580451 26607616
1731692105820 -0.015184769256575237 26640384
1731692150251 -0.015129139582995776 26673152
1731692186519 -0.013408646828384007 26705920
1731692216317 -0.0130897540296246 26720000
1731692268887 -0.014691545779533044 26771456
1731692305017 -0.013435787694697865 26804224
1731692349477 -0.01413260642084424 26836992
1731692394426 -0.0139156485724925 26869760
1731692422487 -0.012719776626636304 26880000
1731692465834 -0.0141287877286004 26935296
1731692501299 -0.013896805271406265 26968064
1731692537471 -0.012752398287238976 27000832
1731692573017 -0.013974490674195294 27033600
1731692601191 -0.013530629276374384 27040000
1731692654255 -0.014142067083412257 27099136
1731692697510 -0.012765845422700295 27131904
1731692734195 -0.014119220336351646 27164672
1731692769439 -0.014544562962163355 27197440
1731692795158 -0.014305003511708492 27200000
1731692842332 -0.012993209913338433 27262976
1731692886912 -0.01281190585530112 27295744
1731692923349 -0.015438357761763655 27328512
1731692959908 -0.014912254410910463 27360000
1731692997696 -0.014654279411661263 27394048
1731693042752 -0.014550471062966608 27426816
1731693088118 -0.015289566035198732 27459584
1731693131753 -0.0129288081285722 27492352
1731693165652 -0.014038698368358382 27520000
1731693214167 -0.012543524071838874 27557888
1731693257771 -0.01493885355173461 27590656
1731693294639 -0.014611936035043982 27623424
1731693331546 -0.013989804556058517 27656192
1731693365119 -0.013389208895159755 27680000
1731693404141 -0.014091338929824814 27721728
1731693440183 -0.013692062828613415 27754496
1731693483884 -0.014231720001816939 27787264
1731693521148 -0.014780227630080845 27820032
1731693552476 -0.013940022806946218 27840000
1731693598698 -0.01421087306375739 27885568
1731693641047 -0.013132796575678184 27918336
1731693685555 -0.013576445221247013 27951104
1731693727210 -0.014430349165786538 27983872
1731693758211 -0.013381156952709717 28000000
1731693800765 -0.013345311162674988 28049408
1731693845104 -0.015246758796479298 28082176
1731693880753 -0.014062429710520519 28114944
1731693924505 -0.015176694333877094 28147712
1731693961478 -0.013391664070127263 28160000
1731694004166 -0.012976103195796895 28213248
1731694040089 -0.014669863054996313 28246016
1731694075537 -0.012417819527217943 28278784
1731694120141 -0.013467926972361965 28311552
1731694156031 -0.012694530098997348 28320000
1731694199909 -0.012919037176015991 28377088
1731694236157 -0.013481864171171764 28409856
1731694272690 -0.014501741941012369 28442624
1731694309571 -0.012473556160819044 28475392
1731694343753 -0.013101144737856885 28480000
1731694397172 -0.013541974216559538 28540928
1731694432129 -0.014574178051452691 28573696
1731694476949 -0.015092840731449541 28606464
1731694512839 -0.013824093144467042 28639232
1731694537730 -0.015404368906843047 28640000
1731694584355 -0.01357936553165473 28704768
1731694628609 -0.014569266359728772 28737536
1731694663499 -0.013544052264660423 28770304
1731694706435 -0.012505558551015383 28800000
1731694751265 -0.012323222394161348 28835840
1731694795969 -0.015440988393947919 28868608
1731694832708 -0.013170958205955685 28901376
1731694876920 -0.014212908168929062 28934144
1731694918125 -0.013088908605323014 28960000
1731694956222 -0.012764477537939457 28999680
1731694991429 -0.014581871196151041 29032448
1731695027868 -0.013922701058356779 29065216
1731695073081 -0.013418557724571656 29097984
1731695105181 -0.013526903534921076 29120000
1731695152358 -0.014950100445685167 29163520
1731695187129 -0.013626037043195538 29196288
1731695223236 -0.013880549622581385 29229056
1731695258642 -0.014940374754769437 29261824
1731695297505 -0.013654430461883749 29280000
1731695338452 -0.013415050436810816 29327360
1731695374067 -0.014378612811037783 29360128
1731695410711 -0.014878079264599364 29392896
1731695446518 -0.014786355164187626 29425664
1731695478334 -0.012630138548797732 29440000
1731695520208 -0.014203954883532788 29491200
1731695554949 -0.014022598233373174 29523968
1731695599909 -0.014139790065974012 29556736
1731695644079 -0.013664229040068676 29589504
1731695672513 -0.012621120826406696 29600000
1731695716717 -0.013748145985960036 29655040
1731695749132 -0.014026876581010584 29687808
1731695792804 -0.015110482948898607 29720576
1731695828918 -0.01355731405858478 29753344
1731695856860 -0.01444481196324432 29760000
1731695902606 -0.013716455487337954 29818880
1731695937888 -0.013845172281207851 29851648
1731695973052 -0.013178745816026094 29884416
1731696008951 -0.01412422198686727 29917184
1731696043818 -0.013645167980848782 29920000
1731696087858 -0.014202768799577825 29982720
1731696124631 -0.014186833566191126 30015488
1731696160228 -0.012810135990366688 30048256
1731696195222 -0.01428832151309507 30080000
1731696240431 -0.012685170350550834 30113792
1731696283935 -0.014490268236932025 30146560
1731696328647 -0.012224716837886262 30179328
1731696372973 -0.013502509549084607 30212096
1731696407898 -0.01377167752243622 30240000
1731696444917 -0.013826209567923797 30277632
1731696480328 -0.01415541834603573 30310400
1731696525079 -0.013257303364298423 30343168
1731696560171 -0.013792585887790665 30375936
1731696592770 -0.013884357532378998 30400000
1731696631334 -0.013031744351997077 30441472
1731696666229 -0.014962924841620406 30474240
1731696710520 -0.014729494728271675 30507008
1731696745683 -0.01407516393237529 30539776
1731696777559 -0.015193704654393514 30560000
1731696817690 -0.013448475076165778 30605312
1731696854027 -0.014413808018986174 30638080
1731696897642 -0.014137257331412911 30670848
1731696932246 -0.01441759482740963 30703616
1731696961946 -0.014065203426798688 30720000
1731697005064 -0.014620551182633789 30769152
1731697042127 -0.015372124351870298 30801920
1731697078553 -0.012712686555732943 30834688
1731697122998 -0.013117293217783299 30867456
1731697160374 -0.014244347929479772 30880000
1731697202158 -0.014371421062787704 30932992
1731697237382 -0.01515542510733212 30965760
1731697273271 -0.013057623977124422 30998528
1731697309369 -0.014550548441366117 31031296
1731697345509 -0.012958483982947655 31040000
1731697390257 -0.013517511476834443 31096832
1731697435989 -0.013726538136506861 31129600
1731697472246 -0.013757486445410905 31162368
1731697508929 -0.013766502156704519 31195136
1731697534862 -0.013302341680355313 31200000
1731697588996 -0.012840792944234635 31260672
1731697624979 -0.013368357861781987 31293440
1731697661444 -0.012980098438902132 31326208
1731697704862 -0.01489934298440403 31358976
1731697730330 -0.013217558456335609 31360000
1731697785625 -0.014921615444791314 31424512
1731697822112 -0.01359201803227279 31457280
1731697856497 -0.013675606143419828 31490048
1731697899326 -0.013185134884952276 31520000
1731697943976 -0.014833397951520055 31555584
1731697988101 -0.01431860227166908 31588352
1731698031414 -0.014798118094904566 31621120
1731698066780 -0.014874811832169144 31653888
1731698099864 -0.013351269518602748 31680000
1731698147216 -0.015208984971695826 31719424
1731698191094 -0.014609441163293014 31752192
1731698235566 -0.01443712886107278 31784960
1731698272080 -0.013686501482106905 31817728
1731698304420 -0.013342055886164416 31840000
1731698352399 -0.013399269020737847 31883264
1731698387626 -0.013927510704479572 31916032
1731698431979 -0.014512872383738796 31948800
1731698468772 -0.013743684029896031 31981568
1731698499882 -0.013803800737832717 32000000
1731698540907 -0.014441773072985598 32047104
1731698576800 -0.011832522762665576 32079872
1731698613067 -0.01477662915590372 32112640
1731698649216 -0.014945006825973906 32145408
1731698678263 -0.014643293170001926 32160000
1731698728908 -0.014998780166297365 32210944
1731698760737 -0.012789191497904539 32243712
1731698797848 -0.014617816323107036 32276480
1731698833991 -0.014249326182971344 32309248
1731698871091 -0.012977016963577625 32320000
1731698922799 -0.014239689744499628 32374784
1731698959679 -0.014205255182196197 32407552
1731699004779 -0.013917685470266861 32440320
1731699048088 -0.014261340443817971 32473088
1731699083227 -0.012936534161292456 32480000
1731699136461 -0.013305671365151284 32538624
1731699171771 -0.012798197040069681 32571392
1731699208882 -0.015172222159685589 32604160
1731699243397 -0.014544257188890696 32636928
1731699269240 -0.014408321106202493 32640000
1731699316811 -0.013424662577062919 32702464
1731699360325 -0.014245148910481476 32735232
1731699395455 -0.01479429769892704 32768000
1731699439223 -0.014390301398248085 32800000
1731699476849 -0.014410639363813971 32833536
1731699513738 -0.013069431507551599 32866304
1731699549075 -0.014993156064542745 32899072
1731699585381 -0.012079064943372941 32931840
1731699619079 -0.013079334406393172 32960000
1731699656168 -0.013332671478565317 32997376
1731699692549 -0.012787925102429654 33030144
1731699735976 -0.01410372443920096 33062912
1731699771432 -0.013582064092679503 33095680
1731699804100 -0.013362260963162953 33120000
1731699842464 -0.014100736124646573 33161216
1731699888351 -0.013186132373948566 33193984
1731699925660 -0.01521129112250037 33226752
1731699961296 -0.013089794273219013 33259520
1731699993606 -0.013202184887995827 33280000
1731700043881 -0.013042084105063623 33325056
1731700079770 -0.014427877502907905 33357824
1731700124266 -0.0140665157757212 33390592
1731700159898 -0.014565250990858657 33423360
1731700189141 -0.014122660330122017 33440000
1731700239101 -0.012682193729733626 33488896
1731700274806 -0.013759553890213282 33521664
1731700310536 -0.014503777123218242 33554432
1731700354231 -0.014074571333094355 33587200
1731700383068 -0.013185875291264892 33600000
1731700425985 -0.014549062637070165 33652736
1731700462142 -0.014174909098210264 33685504
1731700499072 -0.013366804865677295 33718272
1731700543699 -0.013369783865164209 33751040
1731700572195 -0.01481198707213025 33760000
1731700625286 -0.014809323528243112 33816576
1731700669598 -0.01334141838094638 33849344
1731700704812 -0.01569692697330538 33882112
1731700739994 -0.012762092177763407 33914880
1731700765710 -0.015539940714415935 33920000
1731700818770 -0.01442972505265061 33980416
1731700853769 -0.012983072804854601 34013184
1731700897940 -0.01481279287545476 34045952
1731700934105 -0.014372516282446669 34078720
1731700967353 -0.014154616882569826 34080000
1731701021413 -0.014526557021190456 34144256
1731701058353 -0.009602978560837982 34177024
1731701093834 -0.01436584579105329 34209792
1731701128635 -0.01396295977515365 34240000
1731701173960 -0.015261823353785075 34275328
1731701208657 -0.014976878476795718 34308096
1731701252481 -0.013786259638095544 34340864
1731701297886 -0.01300513091364337 34373632
1731701339636 -0.015118347602629001 34400000
1731701385839 -0.014961662766063455 34439168
1731701429360 -0.012862576821817129 34471936
1731701472995 -0.013953523436475735 34504704
1731701517068 -0.014811045004148583 34537472
1731701549556 -0.01307198108479497 34560000
1731701597959 -0.01264439979645431 34603008
1731701633033 -0.014799738989449907 34635776
1731701669231 -0.014222209637841843 34668544
1731701705929 -0.015336769602299682 34701312
1731701740352 -0.014333261396450326 34720000
1731701789980 -0.014553309748839638 34766848
1731701825471 -0.01550329003459865 34799616
1731701862951 -0.01477929073382711 34832384
1731701898849 -0.013559043939130789 34865152
1731701927943 -0.013801909686253565 34880000
1731701969604 -0.014240403379699274 34930688
1731702007416 -0.0145887103826567 34963456
1731702051199 -0.013904544433626143 34996224
1731702087379 -0.013419666466143098 35028992
1731702125127 -0.013674581335044423 35040000
1731702176900 -0.014388338825347092 35094528
1731702212473 -0.014314389071932965 35127296
1731702248446 -0.01343108345863584 35160064
1731702284357 -0.014663122455021948 35192832
1731702310969 -0.013991019071681876 35200000
1731702364029 -0.015404215124976871 35258368
1731702398777 -0.014314363771381977 35291136
1731702435483 -0.012861354657570701 35323904
1731702478778 -0.014779879828529375 35356672
1731702505321 -0.014194211389167322 35360000
1731702559980 -0.015664905822632136 35422208
1731702596961 -0.013470404553390835 35454976
1731702634484 -0.012908315868389763 35487744
1731702670706 -0.014591611508967617 35520000
1731702715961 -0.014697620574816028 35553280
1731702760208 -0.013421577211784098 35586048
1731702804433 -0.014109630769553405 35618816
1731702841109 -0.014701615987451077 35651584
1731702875796 -0.01372916784332574 35680000
1731702921569 -0.013589459461468324 35717120
1731702957459 -0.013642300816263742 35749888
1731702993325 -0.013218746981328878 35782656
1731703029859 -0.015288585026473811 35815424
1731703061971 -0.013579278517136117 35840000
1731703108495 -0.013224501886065809 35880960
1731703144043 -0.014709208352792302 35913728
1731703179580 -0.013345864428856657 35946496
1731703215814 -0.013394554744854759 35979264
1731703246913 -0.013110764167095112 36000000
1731703286185 -0.013706100909985253 36044800
1731703330189 -0.014037414301787976 36077568
1731703375159 -0.015143488661192351 36110336
1731703419254 -0.014248745432769282 36143104
1731703449720 -0.011680493067797216 36160000
1731703500899 -0.01446650966481684 36208640
1731703537571 -0.013331547449843129 36241408
1731703581923 -0.013778902479430144 36274176
1731703616990 -0.015015971025422913 36306944
1731703646080 -0.01311693032837411 36320000
1731703696723 -0.013541824667208857 36372480
1731703740569 -0.015005450739636217 36405248
1731703776503 -0.01363707861507919 36438016
1731703812885 -0.015066467477163314 36470784
1731703849687 -0.013892180121456477 36480000
1731703902868 -0.012600605829175038 36536320
1731703938161 -0.0136238457407444 36569088
1731703974190 -0.012724879727079497 36601856
1731704009249 -0.0145532890980121 36634624
1731704044040 -0.014060688341373861 36640000
1731704097881 -0.01362238989997877 36700160
1731704134586 -0.014105965579165058 36732928
1731704170219 -0.013655006070166564 36765696
1731704206766 -0.012591847905036957 36798464
1731704240257 -0.013993240710783538 36800000
1731704287455 -0.013110082800415057 36864000
1731704322933 -0.012912275392136508 36896768
1731704358648 -0.013515890031567324 36929536
1731704394129 -0.013064446178668731 36960000
1731704439425 -0.012807770412700847 36995072
1731704475081 -0.013873299843362474 37027840
1731704511394 -0.013673715176946644 37060608
1731704555323 -0.014337287737521364 37093376
1731704588025 -0.014565299452237923 37120000
1731704634367 -0.014173675538290808 37158912
1731704678487 -0.014761505118349305 37191680
1731704713312 -0.013470722250258405 37224448
1731704757564 -0.013362231868177333 37257216
1731704798044 -0.014114911891397242 37280000
