1733223232459 1.0 32768
1733223265833 2.0 65536
1733223300150 3.0 98304
1733223335040 4.0 131072
1733223373817 5.0 163840
1733223407294 6.0 196608
1733223441130 7.0 229376
1733223474671 8.0 262144
1733223508577 9.0 294912
1733223548224 10.0 327680
1733223581072 11.0 360448
1733223614220 12.0 393216
1733223647376 13.0 425984
1733223681434 14.0 458752
1733223721538 15.0 491520
1733223754954 16.0 524288
1733223788730 17.0 557056
1733223822292 18.0 589824
1733223855407 19.0 622592
1733223895928 20.0 655360
1733223929649 21.0 688128
1733223963272 22.0 720896
1733223997149 23.0 753664
1733224030880 24.0 786432
1733224071198 25.0 819200
1733224104116 26.0 851968
1733224136918 27.0 884736
1733224169647 28.0 917504
1733224202695 29.0 950272
1733224243091 30.0 983040
1733224275488 31.0 1015808
1733224308630 32.0 1048576
1733224341545 33.0 1081344
1733224374604 34.0 1114112
1733224415290 35.0 1146880
1733224447806 36.0 1179648
1733224479928 37.0 1212416
1733224513295 38.0 1245184
1733224546326 39.0 1277952
1733224586805 40.0 1310720
1733224619780 41.0 1343488
1733224653010 42.0 1376256
1733224685702 43.0 1409024
1733224726022 44.0 1441792
1733224758947 45.0 1474560
1733224791970 46.0 1507328
1733224825160 47.0 1540096
1733224858339 48.0 1572864
1733224898263 49.0 1605632
1733224931174 50.0 1638400
1733224963985 51.0 1671168
1733224997101 52.0 1703936
1733225030507 53.0 1736704
1733225071187 54.0 1769472
1733225104109 55.0 1802240
1733225137317 56.0 1835008
1733225170641 57.0 1867776
1733225203906 58.0 1900544
1733225244044 59.0 1933312
1733225276641 60.0 1966080
1733225309549 61.0 1998848
1733225343206 62.0 2031616
1733225378087 63.0 2064384
1733225418825 64.0 2097152
1733225451707 65.0 2129920
1733225485022 66.0 2162688
1733225518212 67.0 2195456
1733225551344 68.0 2228224
1733225591715 69.0 2260992
1733225624897 70.0 2293760
1733225658453 71.0 2326528
1733225691544 72.0 2359296
1733225724501 73.0 2392064
1733225765986 74.0 2424832
1733225798829 75.0 2457600
1733225832419 76.0 2490368
1733225865584 77.0 2523136
1733225898782 78.0 2555904
1733225939562 79.0 2588672
1733225972855 80.0 2621440
1733226006299 81.0 2654208
1733226039265 82.0 2686976
1733226072597 83.0 2719744
1733226113725 84.0 2752512
1733226146926 85.0 2785280
1733226180472 86.0 2818048
1733226214205 87.0 2850816
1733226255202 88.0 2883584
1733226288166 89.0 2916352
1733226321406 90.0 2949120
1733226355030 91.0 2981888
1733226388511 92.0 3014656
1733226429316 93.0 3047424
1733226462398 94.0 3080192
1733226496113 95.0 3112960
1733226529495 96.0 3145728
1733226562877 97.0 3178496
1733226603415 98.0 3211264
1733226636941 99.0 3244032
1733226670421 100.0 3276800
1733226703885 101.0 3309568
1733226738024 102.0 3342336
1733226778612 103.0 3375104
1733226811951 104.0 3407872
1733226845765 105.0 3440640
1733226879551 106.0 3473408
1733226912752 107.0 3506176
1733226954435 108.0 3538944
1733226988221 109.0 3571712
1733227021590 110.0 3604480
1733227055071 111.0 3637248
1733227088120 112.0 3670016
1733227129408 113.0 3702784
1733227163098 114.0 3735552
1733227196521 115.0 3768320
1733227229836 116.0 3801088
1733227263593 117.0 3833856
1733227304272 118.0 3866624
1733227338029 119.0 3899392
1733227371636 120.0 3932160
1733227405459 121.0 3964928
1733227439191 122.0 3997696
1733227479487 123.0 4030464
1733227512750 124.0 4063232
1733227546300 125.0 4096000
1733227579979 126.0 4128768
1733227620911 127.0 4161536
1733227654501 128.0 4194304
1733227687933 129.0 4227072
1733227721490 130.0 4259840
1733227755021 131.0 4292608
1733227795853 132.0 4325376
1733227829294 133.0 4358144
1733227863181 134.0 4390912
1733227896721 135.0 4423680
1733227930097 136.0 4456448
1733227970865 137.0 4489216
1733228003739 138.0 4521984
1733228037813 139.0 4554752
1733228071775 140.0 4587520
1733228105286 141.0 4620288
1733228146297 142.0 4653056
1733228179342 143.0 4685824
1733228213049 144.0 4718592
1733228246700 145.0 4751360
1733228279884 146.0 4784128
1733228321361 147.0 4816896
1733228354651 148.0 4849664
1733228388015 149.0 4882432
1733228421441 150.0 4915200
1733228455121 151.0 4947968
1733228495909 152.0 4980736
1733228529335 153.0 5013504
1733228563009 154.0 5046272
1733228596616 155.0 5079040
1733228630304 156.0 5111808
1733228671670 157.0 5144576
1733228705383 158.0 5177344
1733228738658 159.0 5210112
1733228771994 160.0 5242880
1733228805528 161.0 5275648
1733228846127 162.0 5308416
1733228879301 163.0 5341184
1733228912375 164.0 5373952
1733228945916 165.0 5406720
1733228979816 166.0 5439488
1733229020958 167.0 5472256
1733229054532 168.0 5505024
1733229088677 169.0 5537792
1733229122091 170.0 5570560
1733229164746 171.0 5603328
1733229197829 172.0 5636096
1733229231597 173.0 5668864
1733229264802 174.0 5701632
1733229298661 175.0 5734400
1733229339635 176.0 5767168
1733229373696 177.0 5799936
1733229408424 178.0 5832704
1733229441937 179.0 5865472
1733229475470 180.0 5898240
1733229516559 181.0 5931008
1733229549556 182.0 5963776
1733229583774 183.0 5996544
1733229618461 184.0 6029312
1733229651654 185.0 6062080
1733229692592 186.0 6094848
1733229725649 187.0 6127616
1733229759173 188.0 6160384
1733229792809 189.0 6193152
1733229825960 190.0 6225920
1733229867077 191.0 6258688
1733229900527 192.0 6291456
1733229934264 193.0 6324224
1733229967494 194.0 6356992
1733230000799 195.0 6389760
1733230041499 196.0 6422528
1733230075353 197.0 6455296
1733230108583 198.0 6488064
1733230142398 199.0 6520832
1733230176326 200.0 6553600
1733230217556 201.0 6586368
1733230251541 202.0 6619136
1733230285222 203.0 6651904
1733230320504 204.0 6684672
1733230354773 205.0 6717440
1733230396236 206.0 6750208
1733230429738 207.0 6782976
1733230464760 208.0 6815744
1733230498783 209.0 6848512
1733230540493 210.0 6881280
1733230573814 211.0 6914048
1733230606872 212.0 6946816
1733230640950 213.0 6979584
1733230676554 214.0 7012352
1733230718304 215.0 7045120
1733230751319 216.0 7077888
1733230785560 217.0 7110656
1733230819826 218.0 7143424
1733230853256 219.0 7176192
1733230894713 220.0 7208960
1733230928580 221.0 7241728
1733230962456 222.0 7274496
1733230996216 223.0 7307264
1733231029605 224.0 7340032
1733231070080 225.0 7372800
1733231103205 226.0 7405568
1733231137299 227.0 7438336
1733231171421 228.0 7471104
1733231205468 229.0 7503872
1733231247932 230.0 7536640
1733231283805 231.0 7569408
1733231317910 232.0 7602176
1733231353335 233.0 7634944
1733231387451 234.0 7667712
1733231432445 235.0 7700480
1733231467409 236.0 7733248
1733231501563 237.0 7766016
1733231536860 238.0 7798784
1733231570896 239.0 7831552
1733231613500 240.0 7864320
1733231647753 241.0 7897088
1733231682054 242.0 7929856
1733231717835 243.0 7962624
1733231752247 244.0 7995392
1733231794503 245.0 8028160
1733231828362 246.0 8060928
1733231864202 247.0 8093696
1733231898919 248.0 8126464
1733231932573 249.0 8159232
1733231976535 250.0 8192000
1733232010207 251.0 8224768
1733232045047 252.0 8257536
1733232079285 253.0 8290304
1733232122013 254.0 8323072
1733232156007 255.0 8355840
1733232190269 256.0 8388608
1733232226310 257.0 8421376
1733232260552 258.0 8454144
1733232303974 259.0 8486912
1733232337386 260.0 8519680
1733232371323 261.0 8552448
1733232407273 262.0 8585216
1733232441437 263.0 8617984
1733232485032 264.0 8650752
1733232518464 265.0 8683520
1733232551896 266.0 8716288
1733232588208 267.0 8749056
1733232623269 268.0 8781824
1733232669587 269.0 8814592
1733232704109 270.0 8847360
1733232740575 271.0 8880128
1733232775113 272.0 8912896
1733232811876 273.0 8945664
1733232854446 274.0 8978432
1733232890798 275.0 9011200
1733232925056 276.0 9043968
1733232961790 277.0 9076736
1733232995980 278.0 9109504
1733233039659 279.0 9142272
1733233074658 280.0 9175040
1733233110656 281.0 9207808
1733233146071 282.0 9240576
1733233181894 283.0 9273344
1733233226157 284.0 9306112
1733233260181 285.0 9338880
1733233295917 286.0 9371648
1733233330572 287.0 9404416
1733233366369 288.0 9437184
1733233410264 289.0 9469952
1733233446080 290.0 9502720
1733233480357 291.0 9535488
1733233516487 292.0 9568256
1733233558890 293.0 9601024
1733233595438 294.0 9633792
1733233629918 295.0 9666560
1733233667578 296.0 9699328
1733233702494 297.0 9732096
1733233747772 298.0 9764864
1733233783112 299.0 9797632
1733233818717 300.0 9830400
1733233853816 301.0 9863168
1733233889857 302.0 9895936
1733233933534 303.0 9928704
1733233968028 304.0 9961472
1733234003879 305.0 9994240
1733234038570 306.0 10027008
1733234074141 307.0 10059776
1733234117475 308.0 10092544
1733234152948 309.0 10125312
1733234187450 310.0 10158080
1733234223981 311.0 10190848
1733234258177 312.0 10223616
1733234302316 313.0 10256384
1733234336905 314.0 10289152
1733234375774 315.0 10321920
1733234410784 316.0 10354688
1733234448077 317.0 10387456
1733234494675 318.0 10420224
1733234528775 319.0 10452992
1733234563372 320.0 10485760
1733234598272 321.0 10518528
1733234632726 322.0 10551296
1733234675504 323.0 10584064
1733234710956 324.0 10616832
1733234746342 325.0 10649600
1733234780927 326.0 10682368
1733234817438 327.0 10715136
1733234861166 328.0 10747904
1733234895906 329.0 10780672
1733234932301 330.0 10813440
1733234965894 331.0 10846208
1733235000042 332.0 10878976
1733235043082 333.0 10911744
1733235077376 334.0 10944512
1733235112593 335.0 10977280
1733235149067 336.0 11010048
1733235192831 337.0 11042816
1733235227874 338.0 11075584
1733235265025 339.0 11108352
1733235302093 340.0 11141120
1733235341757 341.0 11173888
1733235385102 342.0 11206656
1733235419909 343.0 11239424
1733235454032 344.0 11272192
1733235488181 345.0 11304960
1733235522809 346.0 11337728
1733235566815 347.0 11370496
1733235603788 348.0 11403264
1733235642429 349.0 11436032
1733235679260 350.0 11468800
1733235714613 351.0 11501568
1733235756938 352.0 11534336
1733235791690 353.0 11567104
1733235825472 354.0 11599872
1733235860962 355.0 11632640
1733235895477 356.0 11665408
1733235937832 357.0 11698176
1733235973009 358.0 11730944
1733236006993 359.0 11763712
1733236043283 360.0 11796480
1733236077707 361.0 11829248
1733236119808 362.0 11862016
1733236154808 363.0 11894784
1733236188432 364.0 11927552
1733236224257 365.0 11960320
1733236261813 366.0 11993088
1733236306969 367.0 12025856
1733236341269 368.0 12058624
1733236375809 369.0 12091392
1733236411913 370.0 12124160
1733236445763 371.0 12156928
1733236488558 372.0 12189696
1733236522838 373.0 12222464
1733236557172 374.0 12255232
1733236592369 375.0 12288000
1733236634942 376.0 12320768
1733236670138 377.0 12353536
1733236704114 378.0 12386304
1733236738584 379.0 12419072
1733236773845 380.0 12451840
1733236815802 381.0 12484608
1733236851223 382.0 12517376
1733236885617 383.0 12550144
1733236920961 384.0 12582912
1733236955993 385.0 12615680
1733236997661 386.0 12648448
1733237033538 387.0 12681216
1733237067187 388.0 12713984
1733237102711 389.0 12746752
1733237137292 390.0 12779520
1733237181278 391.0 12812288
1733237216553 392.0 12845056
1733237250666 393.0 12877824
1733237286081 394.0 12910592
1733237320461 395.0 12943360
1733237365811 396.0 12976128
1733237401884 397.0 13008896
1733237436900 398.0 13041664
1733237471781 399.0 13074432
1733237506436 400.0 13107200
1733237548003 401.0 13139968
1733237583059 402.0 13172736
1733237616908 403.0 13205504
1733237652514 404.0 13238272
1733237686967 405.0 13271040
1733237729448 406.0 13303808
1733237764120 407.0 13336576
1733237798215 408.0 13369344
1733237833801 409.0 13402112
1733237868550 410.0 13434880
1733237911672 411.0 13467648
1733237946914 412.0 13500416
1733237981533 413.0 13533184
1733238017724 414.0 13565952
1733238053701 415.0 13598720
1733238097673 416.0 13631488
1733238133189 417.0 13664256
1733238168362 418.0 13697024
1733238204201 419.0 13729792
1733238246189 420.0 13762560
1733238280168 421.0 13795328
1733238316402 422.0 13828096
1733238350360 423.0 13860864
1733238387321 424.0 13893632
1733238431433 425.0 13926400
1733238465852 426.0 13959168
1733238502713 427.0 13991936
1733238537031 428.0 14024704
1733238574082 429.0 14057472
1733238618849 430.0 14090240
1733238652617 431.0 14123008
1733238688521 432.0 14155776
1733238723182 433.0 14188544
1733238758202 434.0 14221312
1733238803115 435.0 14254080
1733238837027 436.0 14286848
1733238873013 437.0 14319616
1733238907001 438.0 14352384
1733238941881 439.0 14385152
1733238984432 440.0 14417920
1733239018561 441.0 14450688
1733239055538 442.0 14483456
1733239089119 443.0 14516224
1733239124018 444.0 14548992
1733239168475 445.0 14581760
1733239202743 446.0 14614528
1733239238807 447.0 14647296
1733239273558 448.0 14680064
1733239308383 449.0 14712832
1733239351706 450.0 14745600
1733239385604 451.0 14778368
1733239421662 452.0 14811136
1733239455563 453.0 14843904
1733239490159 454.0 14876672
1733239533301 455.0 14909440
1733239566734 456.0 14942208
1733239602374 457.0 14974976
1733239635820 458.0 15007744
1733239678152 459.0 15040512
1733239712559 460.0 15073280
1733239747214 461.0 15106048
1733239782912 462.0 15138816
1733239817416 463.0 15171584
1733239859390 464.0 15204352
1733239894643 465.0 15237120
1733239928766 466.0 15269888
1733239964278 467.0 15302656
1733239998613 468.0 15335424
1733240042016 469.0 15368192
1733240076592 470.0 15400960
1733240110415 471.0 15433728
1733240145738 472.0 15466496
1733240180344 473.0 15499264
1733240223615 474.0 15532032
1733240258714 475.0 15564800
1733240292862 476.0 15597568
1733240328048 477.0 15630336
1733240362050 478.0 15663104
1733240404529 479.0 15695872
1733240438985 480.0 15728640
1733240472862 481.0 15761408
1733240508187 482.0 15794176
1733240542379 483.0 15826944
1733240585225 484.0 15859712
1733240620263 485.0 15892480
1733240654670 486.0 15925248
1733240689414 487.0 15958016
1733240723500 488.0 15990784
1733240765324 489.0 16023552
1733240799438 490.0 16056320
1733240834499 491.0 16089088
1733240869666 492.0 16121856
1733240903822 493.0 16154624
1733240948251 494.0 16187392
1733240982960 495.0 16220160
1733241017324 496.0 16252928
1733241051920 497.0 16285696
1733241086376 498.0 16318464
1733241130263 499.0 16351232
1733241165210 500.0 16384000
1733241199935 501.0 16416768
1733241234677 502.0 16449536
1733241276531 503.0 16482304
1733241311469 504.0 16515072
1733241346337 505.0 16547840
1733241380711 506.0 16580608
1733241415480 507.0 16613376
1733241457350 508.0 16646144
1733241492616 509.0 16678912
1733241527422 510.0 16711680
1733241561459 511.0 16744448
1733241596572 512.0 16777216
1733241638570 513.0 16809984
1733241673705 514.0 16842752
1733241708427 515.0 16875520
1733241742900 516.0 16908288
1733241777626 517.0 16941056
1733241819985 518.0 16973824
1733241855221 519.0 17006592
1733241889823 520.0 17039360
1733241924796 521.0 17072128
1733241958582 522.0 17104896
1733242000556 523.0 17137664
1733242036620 524.0 17170432
1733242071653 525.0 17203200
1733242106656 526.0 17235968
1733242143452 527.0 17268736
1733242185248 528.0 17301504
1733242220661 529.0 17334272
1733242255514 530.0 17367040
1733242290149 531.0 17399808
1733242326621 532.0 17432576
1733242368748 533.0 17465344
1733242403926 534.0 17498112
1733242440026 535.0 17530880
1733242473867 536.0 17563648
1733242510090 537.0 17596416
1733242551893 538.0 17629184
1733242586519 539.0 17661952
1733242623358 540.0 17694720
1733242657066 541.0 17727488
1733242700542 542.0 17760256
1733242735498 543.0 17793024
1733242770821 544.0 17825792
1733242807521 545.0 17858560
1733242842250 546.0 17891328
1733242885087 547.0 17924096
1733242921060 548.0 17956864
1733242955284 549.0 17989632
1733242991707 550.0 18022400
1733243026114 551.0 18055168
1733243068713 552.0 18087936
1733243105481 553.0 18120704
1733243139408 554.0 18153472
1733243174777 555.0 18186240
1733243210230 556.0 18219008
1733243253004 557.0 18251776
1733243289224 558.0 18284544
1733243323755 559.0 18317312
1733243358937 560.0 18350080
1733243395730 561.0 18382848
1733243437575 562.0 18415616
1733243473737 563.0 18448384
1733243508431 564.0 18481152
1733243543430 565.0 18513920
1733243579741 566.0 18546688
1733243621207 567.0 18579456
1733243656257 568.0 18612224
1733243690972 569.0 18644992
1733243725375 570.0 18677760
1733243761288 571.0 18710528
1733243802900 572.0 18743296
1733243837978 573.0 18776064
1733243874838 574.0 18808832
1733243907962 575.0 18841600
1733243943458 576.0 18874368
1733243985992 577.0 18907136
1733244020556 578.0 18939904
1733244057372 579.0 18972672
1733244091609 580.0 19005440
1733244126487 581.0 19038208
1733244170341 582.0 19070976
1733244204373 583.0 19103744
1733244240538 584.0 19136512
1733244276299 585.0 19169280
1733244319315 586.0 19202048
1733244354847 587.0 19234816
1733244389071 588.0 19267584
1733244424641 589.0 19300352
1733244459229 590.0 19333120
1733244501718 591.0 19365888
1733244538513 592.0 19398656
1733244572353 593.0 19431424
1733244608823 594.0 19464192
1733244645022 595.0 19496960
1733244687713 596.0 19529728
1733244723583 597.0 19562496
1733244758266 598.0 19595264
1733244793701 599.0 19628032
1733244830307 600.0 19660800
1733244872354 601.0 19693568
1733244907936 602.0 19726336
1733244942455 603.0 19759104
1733244977311 604.0 19791872
1733245014250 605.0 19824640
1733245057796 606.0 19857408
1733245093577 607.0 19890176
1733245128819 608.0 19922944
1733245162657 609.0 19955712
1733245198964 610.0 19988480
1733245240781 611.0 20021248
1733245275664 612.0 20054016
1733245311946 613.0 20086784
1733245346386 614.0 20119552
1733245382461 615.0 20152320
1733245424303 616.0 20185088
1733245458425 617.0 20217856
1733245495769 618.0 20250624
1733245529682 619.0 20283392
1733245565283 620.0 20316160
1733245608137 621.0 20348928
1733245642349 622.0 20381696
1733245679080 623.0 20414464
1733245714470 624.0 20447232
1733245757405 625.0 20480000
1733245793052 626.0 20512768
1733245827535 627.0 20545536
1733245864214 628.0 20578304
1733245898871 629.0 20611072
1733245941883 630.0 20643840
1733245978849 631.0 20676608
1733246012614 632.0 20709376
1733246048376 633.0 20742144
1733246083165 634.0 20774912
1733246125700 635.0 20807680
1733246161420 636.0 20840448
1733246195885 637.0 20873216
1733246231437 638.0 20905984
1733246267217 639.0 20938752
1733246309693 640.0 20971520
1733246345932 641.0 21004288
1733246380355 642.0 21037056
1733246415694 643.0 21069824
1733246452359 644.0 21102592
1733246493490 645.0 21135360
1733246528904 646.0 21168128
1733246563644 647.0 21200896
1733246598191 648.0 21233664
1733246634725 649.0 21266432
1733246675560 650.0 21299200
1733246710937 651.0 21331968
1733246747396 652.0 21364736
1733246781750 653.0 21397504
1733246819043 654.0 21430272
1733246861272 655.0 21463040
1733246896120 656.0 21495808
1733246932986 657.0 21528576
1733246967031 658.0 21561344
1733247003181 659.0 21594112
1733247045761 660.0 21626880
1733247080149 661.0 21659648
1733247116288 662.0 21692416
1733247150974 663.0 21725184
1733247186506 664.0 21757952
1733247229805 665.0 21790720
1733247263753 666.0 21823488
1733247300039 667.0 21856256
1733247334490 668.0 21889024
1733247377736 669.0 21921792
1733247413154 670.0 21954560
1733247447117 671.0 21987328
1733247484048 672.0 22020096
1733247518564 673.0 22052864
1733247560898 674.0 22085632
1733247598096 675.0 22118400
1733247632019 676.0 22151168
1733247667930 677.0 22183936
1733247703872 678.0 22216704
1733247747836 679.0 22249472
1733247783895 680.0 22282240
1733247818200 681.0 22315008
1733247853936 682.0 22347776
1733247889974 683.0 22380544
1733247932766 684.0 22413312
1733247969338 685.0 22446080
1733248003463 686.0 22478848
1733248038831 687.0 22511616
1733248076019 688.0 22544384
1733248117698 689.0 22577152
1733248154205 690.0 22609920
1733248188688 691.0 22642688
1733248223872 692.0 22675456
1733248260173 693.0 22708224
1733248302174 694.0 22740992
1733248337934 695.0 22773760
1733248372540 696.0 22806528
1733248407480 697.0 22839296
1733248443721 698.0 22872064
1733248486059 699.0 22904832
1733248521782 700.0 22937600
1733248557563 701.0 22970368
1733248592236 702.0 23003136
1733248628567 703.0 23035904
1733248670127 704.0 23068672
1733248705278 705.0 23101440
1733248741797 706.0 23134208
1733248775337 707.0 23166976
1733248811800 708.0 23199744
1733248854635 709.0 23232512
1733248889406 710.0 23265280
1733248925965 711.0 23298048
1733248960010 712.0 23330816
1733249003993 713.0 23363584
1733249037911 714.0 23396352
1733249072787 715.0 23429120
1733249109199 716.0 23461888
1733249143405 717.0 23494656
1733249186697 718.0 23527424
1733249221476 719.0 23560192
1733249255933 720.0 23592960
1733249291928 721.0 23625728
1733249326793 722.0 23658496
1733249370299 723.0 23691264
1733249406152 724.0 23724032
1733249440299 725.0 23756800
1733249476081 726.0 23789568
1733249510555 727.0 23822336
1733249552745 728.0 23855104
1733249589760 729.0 23887872
1733249623898 730.0 23920640
1733249659420 731.0 23953408
1733249695838 732.0 23986176
1733249737666 733.0 24018944
1733249773899 734.0 24051712
1733249808414 735.0 24084480
1733249843378 736.0 24117248
1733249879991 737.0 24150016
1733249922481 738.0 24182784
1733249958625 739.0 24215552
1733249993376 740.0 24248320
1733250028341 741.0 24281088
1733250065009 742.0 24313856
1733250106806 743.0 24346624
1733250142751 744.0 24379392
1733250177277 745.0 24412160
1733250212492 746.0 24444928
1733250249318 747.0 24477696
1733250291098 748.0 24510464
1733250326190 749.0 24543232
1733250361301 750.0 24576000
1733250396254 751.0 24608768
1733250442407 752.0 24641536
1733250476380 753.0 24674304
1733250512645 754.0 24707072
1733250548322 755.0 24739840
1733250582953 756.0 24772608
1733250628949 757.0 24805376
1733250663167 758.0 24838144
1733250699119 759.0 24870912
1733250734709 760.0 24903680
1733250769133 761.0 24936448
1733250814415 762.0 24969216
1733250848712 763.0 25001984
1733250883978 764.0 25034752
1733250920778 765.0 25067520
1733250954855 766.0 25100288
1733250999875 767.0 25133056
1733251034295 768.0 25165824
1733251069273 769.0 25198592
1733251106570 770.0 25231360
1733251140495 771.0 25264128
1733251186196 772.0 25296896
1733251220427 773.0 25329664
1733251255203 774.0 25362432
1733251292009 775.0 25395200
1733251327480 776.0 25427968
1733251372267 777.0 25460736
1733251406489 778.0 25493504
1733251441662 779.0 25526272
1733251478567 780.0 25559040
1733251513751 781.0 25591808
1733251557489 782.0 25624576
1733251591903 783.0 25657344
1733251628165 784.0 25690112
1733251662487 785.0 25722880
1733251698400 786.0 25755648
1733251740919 787.0 25788416
1733251775727 788.0 25821184
1733251810345 789.0 25853952
1733251845513 790.0 25886720
1733251880655 791.0 25919488
1733251923361 792.0 25952256
1733251958370 793.0 25985024
1733251992601 794.0 26017792
1733252028011 795.0 26050560
1733252070809 796.0 26083328
1733252106534 797.0 26116096
1733252141063 798.0 26148864
1733252176611 799.0 26181632
1733252210609 800.0 26214400
1733252255313 801.0 26247168
1733252289364 802.0 26279936
1733252325743 803.0 26312704
1733252359656 804.0 26345472
1733252395970 805.0 26378240
1733252437995 806.0 26411008
1733252473697 807.0 26443776
1733252508361 808.0 26476544
1733252543727 809.0 26509312
1733252578402 810.0 26542080
1733252621248 811.0 26574848
1733252655759 812.0 26607616
1733252690675 813.0 26640384
1733252725796 814.0 26673152
1733252760541 815.0 26705920
1733252803638 816.0 26738688
1733252837665 817.0 26771456
1733252873168 818.0 26804224
1733252907722 819.0 26836992
1733252942820 820.0 26869760
1733252984708 821.0 26902528
1733253020363 822.0 26935296
1733253054602 823.0 26968064
1733253090112 824.0 27000832
1733253124811 825.0 27033600
1733253168583 826.0 27066368
1733253202720 827.0 27099136
1733253238380 828.0 27131904
1733253272952 829.0 27164672
1733253309085 830.0 27197440
1733253350153 831.0 27230208
1733253385970 832.0 27262976
1733253420543 833.0 27295744
1733253456647 834.0 27328512
1733253498965 835.0 27361280
1733253534085 836.0 27394048
1733253568625 837.0 27426816
1733253603765 838.0 27459584
1733253638364 839.0 27492352
1733253681749 840.0 27525120
1733253716065 841.0 27557888
1733253750666 842.0 27590656
1733253786019 843.0 27623424
1733253820750 844.0 27656192
1733253864036 845.0 27688960
1733253898044 846.0 27721728
1733253933292 847.0 27754496
1733253967701 848.0 27787264
1733254003155 849.0 27820032
1733254044862 850.0 27852800
1733254080170 851.0 27885568
1733254114755 852.0 27918336
1733254150715 853.0 27951104
1733254185178 854.0 27983872
1733254229483 855.0 28016640
1733254263174 856.0 28049408
1733254299396 857.0 28082176
1733254334038 858.0 28114944
1733254371037 859.0 28147712
1733254413546 860.0 28180480
1733254448590 861.0 28213248
1733254483523 862.0 28246016
1733254519237 863.0 28278784
1733254554009 864.0 28311552
1733254597510 865.0 28344320
1733254632738 866.0 28377088
1733254667927 867.0 28409856
1733254703224 868.0 28442624
1733254737724 869.0 28475392
1733254782395 870.0 28508160
1733254816378 871.0 28540928
1733254852428 872.0 28573696
1733254887035 873.0 28606464
1733254922808 874.0 28639232
1733254964848 875.0 28672000
1733255000662 876.0 28704768
1733255034931 877.0 28737536
1733255071547 878.0 28770304
1733255114118 879.0 28803072
1733255149648 880.0 28835840
1733255184345 881.0 28868608
1733255220335 882.0 28901376
1733255254736 883.0 28934144
1733255298431 884.0 28966912
1733255333045 885.0 28999680
1733255367504 886.0 29032448
1733255402363 887.0 29065216
1733255436932 888.0 29097984
1733255480145 889.0 29130752
1733255513884 890.0 29163520
1733255549780 891.0 29196288
1733255584162 892.0 29229056
1733255619854 893.0 29261824
1733255662246 894.0 29294592
1733255698175 895.0 29327360
1733255732445 896.0 29360128
1733255768441 897.0 29392896
1733255802980 898.0 29425664
1733255847357 899.0 29458432
1733255881153 900.0 29491200
1733255917233 901.0 29523968
1733255951904 902.0 29556736
1733255987278 903.0 29589504
1733256031099 904.0 29622272
1733256065519 905.0 29655040
1733256101079 906.0 29687808
1733256135460 907.0 29720576
1733256171078 908.0 29753344
1733256213919 909.0 29786112
1733256249813 910.0 29818880
1733256284147 911.0 29851648
1733256320536 912.0 29884416
1733256354471 913.0 29917184
1733256398434 914.0 29949952
1733256433290 915.0 29982720
1733256469010 916.0 30015488
1733256503668 917.0 30048256
1733256546963 918.0 30081024
1733256581789 919.0 30113792
1733256616923 920.0 30146560
1733256652358 921.0 30179328
1733256686949 922.0 30212096
1733256731626 923.0 30244864
1733256765736 924.0 30277632
1733256803362 925.0 30310400
1733256837346 926.0 30343168
1733256873203 927.0 30375936
1733256914762 928.0 30408704
1733256950218 929.0 30441472
1733256985092 930.0 30474240
1733257020431 931.0 30507008
1733257054944 932.0 30539776
1733257097895 933.0 30572544
1733257133381 934.0 30605312
1733257167722 935.0 30638080
1733257203005 936.0 30670848
1733257237503 937.0 30703616
1733257282668 938.0 30736384
1733257316763 939.0 30769152
1733257352428 940.0 30801920
1733257386819 941.0 30834688
1733257423424 942.0 30867456
1733257466430 943.0 30900224
1733257501047 944.0 30932992
1733257535830 945.0 30965760
1733257570445 946.0 30998528
1733257605632 947.0 31031296
1733257647853 948.0 31064064
1733257683343 949.0 31096832
1733257717144 950.0 31129600
1733257752634 951.0 31162368
1733257786841 952.0 31195136
1733257831637 953.0 31227904
1733257865548 954.0 31260672
1733257901587 955.0 31293440
1733257935852 956.0 31326208
1733257971789 957.0 31358976
1733258013850 958.0 31391744
1733258048003 959.0 31424512
1733258083042 960.0 31457280
1733258117766 961.0 31490048
1733258161038 962.0 31522816
1733258195009 963.0 31555584
1733258230040 964.0 31588352
1733258265833 965.0 31621120
1733258299625 966.0 31653888
1733258344256 967.0 31686656
1733258378230 968.0 31719424
1733258414293 969.0 31752192
1733258448801 970.0 31784960
1733258484172 971.0 31817728
1733258525666 972.0 31850496
1733258559957 973.0 31883264
1733258594868 974.0 31916032
1733258629042 975.0 31948800
1733258664580 976.0 31981568
1733258706037 977.0 32014336
1733258741589 978.0 32047104
1733258775419 979.0 32079872
1733258810288 980.0 32112640
1733258844651 981.0 32145408
