1733223232582 32768.0 32768
1733223266076 65536.0 65536
1733223300407 98304.0 98304
1733223335213 131072.0 131072
1733223372167 160000.0 160000
1733223373868 163840.0 163840
1733223407434 196608.0 196608
1733223441223 229376.0 229376
1733223474755 262144.0 262144
1733223508929 294912.0 294912
1733223545512 320000.0 320000
1733223548266 327680.0 327680
1733223581173 360448.0 360448
1733223614340 393216.0 393216
1733223647506 425984.0 425984
1733223681527 458752.0 458752
1733223717320 480000.0 480000
1733223721581 491520.0 491520
1733223755055 524288.0 524288
1733223788786 557056.0 557056
1733223822363 589824.0 589824
1733223855515 622592.0 622592
1733223890257 640000.0 640000
1733223895949 655360.0 655360
1733223929672 688128.0 688128
1733223963343 720896.0 720896
1733223997241 753664.0 753664
1733224031023 786432.0 786432
1733224064538 800000.0 800000
1733224071244 819200.0 819200
1733224104181 851968.0 851968
1733224136991 884736.0 884736
1733224169672 917504.0 917504
1733224202736 950272.0 950272
1733224234716 960000.0 960000
1733224243146 983040.0 983040
1733224275646 1015808.0 1015808
1733224308740 1048576.0 1048576
1733224341638 1081344.0 1081344
1733224374751 1114112.0 1114112
1733224405785 1120000.0 1120000
1733224415350 1146880.0 1146880
1733224447857 1179648.0 1179648
1733224480030 1212416.0 1212416
1733224513387 1245184.0 1245184
1733224546419 1277952.0 1277952
1733224575896 1280000.0 1280000
1733224586874 1310720.0 1310720
1733224619862 1343488.0 1343488
1733224653079 1376256.0 1376256
1733224685794 1409024.0 1409024
1733224725035 1440000.0 1440000
1733224726079 1441792.0 1441792
1733224759009 1474560.0 1474560
1733224792079 1507328.0 1507328
1733224825253 1540096.0 1540096
1733224858427 1572864.0 1572864
1733224896253 1600000.0 1600000
1733224898323 1605632.0 1605632
1733224931255 1638400.0 1638400
1733224964078 1671168.0 1671168
1733224997193 1703936.0 1703936
1733225030600 1736704.0 1736704
1733225067591 1760000.0 1760000
1733225071238 1769472.0 1769472
1733225104141 1802240.0 1802240
1733225137418 1835008.0 1835008
1733225170771 1867776.0 1867776
1733225204076 1900544.0 1900544
1733225239026 1920000.0 1920000
1733225244091 1933312.0 1933312
1733225276736 1966080.0 1966080
1733225309625 1998848.0 1998848
1733225343457 2031616.0 2031616
1733225378180 2064384.0 2064384
1733225412669 2080000.0 2080000
1733225418893 2097152.0 2097152
1733225451800 2129920.0 2129920
1733225485123 2162688.0 2162688
1733225518305 2195456.0 2195456
1733225551445 2228224.0 2228224
1733225583880 2240000.0 2240000
1733225591808 2260992.0 2260992
1733225624990 2293760.0 2293760
1733225658538 2326528.0 2326528
1733225691660 2359296.0 2359296
1733225724594 2392064.0 2392064
1733225756623 2400000.0 2400000
1733225766048 2424832.0 2424832
1733225798930 2457600.0 2457600
1733225832520 2490368.0 2490368
1733225865677 2523136.0 2523136
1733225898844 2555904.0 2555904
1733225928894 2560000.0 2560000
1733225939675 2588672.0 2588672
1733225972945 2621440.0 2621440
1733226006333 2654208.0 2654208
1733226039283 2686976.0 2686976
1733226072702 2719744.0 2719744
1733226101617 2720000.0 2720000
1733226113794 2752512.0 2752512
1733226147035 2785280.0 2785280
1733226180590 2818048.0 2818048
1733226214298 2850816.0 2850816
1733226253742 2880000.0 2880000
1733226255253 2883584.0 2883584
1733226288267 2916352.0 2916352
1733226321499 2949120.0 2949120
1733226355122 2981888.0 2981888
1733226388604 3014656.0 3014656
1733226426351 3040000.0 3040000
1733226429367 3047424.0 3047424
1733226462504 3080192.0 3080192
1733226496172 3112960.0 3112960
1733226529546 3145728.0 3145728
1733226562983 3178496.0 3178496
1733226598957 3200000.0 3200000
1733226603447 3211264.0 3211264
1733226636980 3244032.0 3244032
1733226670504 3276800.0 3276800
1733226703977 3309568.0 3309568
1733226738100 3342336.0 3342336
1733226772696 3360000.0 3360000
1733226778671 3375104.0 3375104
1733226812089 3407872.0 3407872
1733226845972 3440640.0 3440640
1733226879590 3473408.0 3473408
1733226912903 3506176.0 3506176
1733226947096 3520000.0 3520000
1733226954486 3538944.0 3538944
1733226988292 3571712.0 3571712
1733227021691 3604480.0 3604480
1733227055172 3637248.0 3637248
1733227088169 3670016.0 3670016
1733227120839 3680000.0 3680000
1733227129475 3702784.0 3702784
1733227163193 3735552.0 3735552
1733227196576 3768320.0 3768320
1733227229929 3801088.0 3801088
1733227263942 3833856.0 3833856
1733227294616 3840000.0 3840000
1733227304365 3866624.0 3866624
1733227338122 3899392.0 3899392
1733227371752 3932160.0 3932160
1733227405610 3964928.0 3964928
1733227439272 3997696.0 3997696
1733227468508 4000000.0 4000000
1733227479538 4030464.0 4030464
1733227512853 4063232.0 4063232
1733227546393 4096000.0 4096000
1733227580050 4128768.0 4128768
1733227620107 4160000.0 4160000
1733227620962 4161536.0 4161536
1733227654561 4194304.0 4194304
1733227688026 4227072.0 4227072
1733227721544 4259840.0 4259840
1733227755097 4292608.0 4292608
1733227793301 4320000.0 4320000
1733227795902 4325376.0 4325376
1733227829426 4358144.0 4358144
1733227863279 4390912.0 4390912
1733227896825 4423680.0 4423680
1733227930128 4456448.0 4456448
1733227967146 4480000.0 4480000
1733227970925 4489216.0 4489216
1733228003832 4521984.0 4521984
1733228037889 4554752.0 4554752
1733228071887 4587520.0 4587520
1733228105410 4620288.0 4620288
1733228141503 4640000.0 4640000
1733228146352 4653056.0 4653056
1733228179431 4685824.0 4685824
1733228213163 4718592.0 4718592
1733228246809 4751360.0 4751360
1733228279996 4784128.0 4784128
1733228315054 4800000.0 4800000
1733228321412 4816896.0 4816896
1733228354752 4849664.0 4849664
1733228388101 4882432.0 4882432
1733228421554 4915200.0 4915200
1733228455181 4947968.0 4947968
1733228488251 4960000.0 4960000
1733228495966 4980736.0 4980736
1733228529449 5013504.0 5013504
1733228563123 5046272.0 5046272
1733228596723 5079040.0 5079040
1733228630396 5111808.0 5111808
1733228662531 5120000.0 5120000
1733228671768 5144576.0 5144576
1733228705474 5177344.0 5177344
1733228738740 5210112.0 5210112
1733228772064 5242880.0 5242880
1733228805597 5275648.0 5275648
1733228835641 5280000.0 5280000
1733228846234 5308416.0 5308416
1733228879375 5341184.0 5341184
1733228912466 5373952.0 5373952
1733228946028 5406720.0 5406720
1733228979927 5439488.0 5439488
1733229008872 5440000.0 5440000
1733229021061 5472256.0 5472256
1733229054651 5505024.0 5505024
1733229088770 5537792.0 5537792
1733229122266 5570560.0 5570560
1733229161761 5600000.0 5600000
1733229165004 5603328.0 5603328
1733229197904 5636096.0 5636096
1733229231661 5668864.0 5668864
1733229264901 5701632.0 5701632
1733229298741 5734400.0 5734400
1733229336711 5760000.0 5760000
1733229339696 5767168.0 5767168
1733229373968 5799936.0 5799936
1733229408531 5832704.0 5832704
1733229442059 5865472.0 5865472
1733229475533 5898240.0 5898240
1733229512284 5920000.0 5920000
1733229516613 5931008.0 5931008
1733229549634 5963776.0 5963776
1733229584037 5996544.0 5996544
1733229618539 6029312.0 6029312
1733229651746 6062080.0 6062080
1733229686865 6080000.0 6080000
1733229692667 6094848.0 6094848
1733229725718 6127616.0 6127616
1733229759256 6160384.0 6160384
1733229792919 6193152.0 6193152
1733229826009 6225920.0 6225920
1733229859914 6240000.0 6240000
1733229867124 6258688.0 6258688
1733229900606 6291456.0 6291456
1733229934363 6324224.0 6324224
1733229967561 6356992.0 6356992
1733230000916 6389760.0 6389760
1733230033399 6400000.0 6400000
1733230041591 6422528.0 6422528
1733230075448 6455296.0 6455296
1733230108742 6488064.0 6488064
1733230142550 6520832.0 6520832
1733230176432 6553600.0 6553600
1733230207794 6560000.0 6560000
1733230217642 6586368.0 6586368
1733230251649 6619136.0 6619136
1733230285559 6651904.0 6651904
1733230320927 6684672.0 6684672
1733230354853 6717440.0 6717440
1733230384601 6720000.0 6720000
1733230396365 6750208.0 6750208
1733230430042 6782976.0 6782976
1733230464965 6815744.0 6815744
1733230498881 6848512.0 6848512
1733230539231 6880000.0 6880000
1733230540583 6881280.0 6881280
1733230573910 6914048.0 6914048
1733230606976 6946816.0 6946816
1733230641307 6979584.0 6979584
1733230676661 7012352.0 7012352
1733230715573 7040000.0 7040000
1733230718427 7045120.0 7045120
1733230751438 7077888.0 7077888
1733230785635 7110656.0 7110656
1733230819879 7143424.0 7143424
1733230853356 7176192.0 7176192
1733230890884 7200000.0 7200000
1733230894872 7208960.0 7208960
1733230928741 7241728.0 7241728
1733230962575 7274496.0 7274496
1733230996297 7307264.0 7307264
1733231029910 7340032.0 7340032
1733231065289 7360000.0 7360000
1733231070229 7372800.0 7372800
1733231103252 7405568.0 7405568
1733231137548 7438336.0 7438336
1733231171534 7471104.0 7471104
1733231205547 7503872.0 7503872
1733231240765 7520000.0 7520000
1733231248015 7536640.0 7536640
1733231283922 7569408.0 7569408
1733231318099 7602176.0 7602176
1733231353460 7634944.0 7634944
1733231387569 7667712.0 7667712
1733231422244 7680000.0 7680000
1733231432838 7700480.0 7700480
1733231467502 7733248.0 7733248
1733231501668 7766016.0 7766016
1733231536945 7798784.0 7798784
1733231570959 7831552.0 7831552
1733231603286 7840000.0 7840000
1733231613694 7864320.0 7864320
1733231647852 7897088.0 7897088
1733231682282 7929856.0 7929856
1733231717897 7962624.0 7962624
1733231752288 7995392.0 7995392
1733231783541 8000000.0 8000000
1733231794590 8028160.0 8028160
1733231828670 8060928.0 8060928
1733231864304 8093696.0 8093696
1733231898961 8126464.0 8126464
1733231932660 8159232.0 8159232
1733231963581 8160000.0 8160000
1733231976643 8192000.0 8192000
1733232010296 8224768.0 8224768
1733232045125 8257536.0 8257536
1733232079327 8290304.0 8290304
1733232120277 8320000.0 8320000
1733232122097 8323072.0 8323072
1733232156169 8355840.0 8355840
1733232190554 8388608.0 8388608
1733232226427 8421376.0 8421376
1733232260643 8454144.0 8454144
1733232300494 8480000.0 8480000
1733232304016 8486912.0 8486912
1733232337527 8519680.0 8519680
1733232371421 8552448.0 8552448
1733232407596 8585216.0 8585216
1733232441483 8617984.0 8617984
1733232480259 8640000.0 8640000
1733232485088 8650752.0 8650752
1733232518511 8683520.0 8683520
1733232552052 8716288.0 8716288
1733232588322 8749056.0 8749056
1733232623515 8781824.0 8781824
1733232663308 8800000.0 8800000
1733232669669 8814592.0 8814592
1733232704173 8847360.0 8847360
1733232740678 8880128.0 8880128
1733232775223 8912896.0 8912896
1733232811954 8945664.0 8945664
1733232847098 8960000.0 8960000
1733232854545 8978432.0 8978432
1733232890876 9011200.0 9011200
1733232925082 9043968.0 9043968
1733232961880 9076736.0 9076736
1733232996086 9109504.0 9109504
1733233031571 9120000.0 9120000
1733233039715 9142272.0 9142272
1733233074755 9175040.0 9175040
1733233110720 9207808.0 9207808
1733233146169 9240576.0 9240576
1733233181992 9273344.0 9273344
1733233214809 9280000.0 9280000
1733233226213 9306112.0 9306112
1733233260340 9338880.0 9338880
1733233295982 9371648.0 9371648
1733233330667 9404416.0 9404416
1733233366649 9437184.0 9437184
1733233398709 9440000.0 9440000
1733233410415 9469952.0 9469952
1733233446146 9502720.0 9502720
1733233480452 9535488.0 9535488
1733233516666 9568256.0 9568256
1733233557782 9600000.0 9600000
1733233558963 9601024.0 9601024
1733233595511 9633792.0 9633792
1733233630017 9666560.0 9666560
1733233667697 9699328.0 9699328
1733233702755 9732096.0 9732096
1733233745545 9760000.0 9760000
1733233747824 9764864.0 9764864
1733233783190 9797632.0 9797632
1733233818805 9830400.0 9830400
1733233853923 9863168.0 9863168
1733233889924 9895936.0 9895936
1733233929194 9920000.0 9920000
1733233933621 9928704.0 9928704
1733233968135 9961472.0 9961472
1733234003959 9994240.0 9994240
1733234038599 10027008.0 10027008
1733234074325 10059776.0 10059776
1733234111651 10080000.0 10080000
1733234117548 10092544.0 10092544
1733234153030 10125312.0 10125312
1733234187484 10158080.0 10158080
1733234224076 10190848.0 10190848
1733234258275 10223616.0 10223616
1733234295426 10240000.0 10240000
1733234302633 10256384.0 10256384
1733234336946 10289152.0 10289152
1733234375882 10321920.0 10321920
1733234410923 10354688.0 10354688
1733234448239 10387456.0 10387456
1733234485565 10400000.0 10400000
1733234494773 10420224.0 10420224
1733234528872 10452992.0 10452992
1733234563467 10485760.0 10485760
1733234598341 10518528.0 10518528
1733234632813 10551296.0 10551296
1733234666712 10560000.0 10560000
1733234675592 10584064.0 10584064
1733234711059 10616832.0 10616832
1733234746436 10649600.0 10649600
1733234780995 10682368.0 10682368
1733234817534 10715136.0 10715136
1733234849613 10720000.0 10720000
1733234861230 10747904.0 10747904
1733234895983 10780672.0 10780672
1733234932426 10813440.0 10813440
1733234966033 10846208.0 10846208
1733235000096 10878976.0 10878976
1733235030918 10880000.0 10880000
1733235043169 10911744.0 10911744
1733235077518 10944512.0 10944512
1733235112906 10977280.0 10977280
1733235149156 11010048.0 11010048
1733235191354 11040000.0 11040000
1733235192886 11042816.0 11042816
1733235228172 11075584.0 11075584
1733235265107 11108352.0 11108352
1733235302164 11141120.0 11141120
1733235341852 11173888.0 11173888
1733235380615 11200000.0 11200000
1733235385394 11206656.0 11206656
1733235419974 11239424.0 11239424
1733235454130 11272192.0 11272192
1733235488278 11304960.0 11304960
1733235522902 11337728.0 11337728
1733235561765 11360000.0 11360000
1733235566855 11370496.0 11370496
1733235603895 11403264.0 11403264
1733235642518 11436032.0 11436032
1733235679357 11468800.0 11468800
1733235714714 11501568.0 11501568
1733235751482 11520000.0 11520000
1733235756994 11534336.0 11534336
1733235791784 11567104.0 11567104
1733235825579 11599872.0 11599872
1733235861053 11632640.0 11632640
1733235895549 11665408.0 11665408
1733235930162 11680000.0 11680000
1733235937921 11698176.0 11698176
1733235973103 11730944.0 11730944
1733236007506 11763712.0 11763712
1733236043382 11796480.0 11796480
1733236077812 11829248.0 11829248
1733236111816 11840000.0 11840000
1733236119917 11862016.0 11862016
1733236154902 11894784.0 11894784
1733236188506 11927552.0 11927552
1733236224504 11960320.0 11960320
1733236261872 11993088.0 11993088
1733236296976 12000000.0 12000000
1733236307064 12025856.0 12025856
1733236341354 12058624.0 12058624
1733236375920 12091392.0 12091392
1733236411976 12124160.0 12124160
1733236445800 12156928.0 12156928
1733236477587 12160000.0 12160000
1733236488659 12189696.0 12189696
1733236522953 12222464.0 12222464
1733236557269 12255232.0 12255232
1733236592437 12288000.0 12288000
1733236634428 12320000.0 12320000
1733236635000 12320768.0 12320768
1733236670223 12353536.0 12353536
1733236704253 12386304.0 12386304
1733236738695 12419072.0 12419072
1733236773984 12451840.0 12451840
1733236813823 12480000.0 12480000
1733236815838 12484608.0 12484608
1733236851320 12517376.0 12517376
1733236885697 12550144.0 12550144
1733236921049 12582912.0 12582912
1733236956127 12615680.0 12615680
1733236993924 12640000.0 12640000
1733236997803 12648448.0 12648448
1733237033608 12681216.0 12681216
1733237067284 12713984.0 12713984
1733237102926 12746752.0 12746752
1733237137360 12779520.0 12779520
1733237174924 12800000.0 12800000
1733237181569 12812288.0 12812288
1733237216666 12845056.0 12845056
1733237250719 12877824.0 12877824
1733237286106 12910592.0 12910592
1733237320657 12943360.0 12943360
1733237357325 12960000.0 12960000
1733237366100 12976128.0 12976128
1733237402124 13008896.0 13008896
1733237436931 13041664.0 13041664
1733237471917 13074432.0 13074432
1733237506495 13107200.0 13107200
1733237540580 13120000.0 13120000
1733237548091 13139968.0 13139968
1733237583163 13172736.0 13172736
1733237616997 13205504.0 13205504
1733237652612 13238272.0 13238272
1733237687103 13271040.0 13271040
1733237720428 13280000.0 13280000
1733237729606 13303808.0 13303808
1733237764257 13336576.0 13336576
1733237798304 13369344.0 13369344
1733237833889 13402112.0 13402112
1733237868711 13434880.0 13434880
1733237901068 13440000.0 13440000
1733237911816 13467648.0 13467648
1733237947014 13500416.0 13500416
1733237981627 13533184.0 13533184
1733238017985 13565952.0 13565952
1733238053783 13598720.0 13598720
1733238084769 13600000.0 13600000
1733238097920 13631488.0 13631488
1733238133260 13664256.0 13664256
1733238168624 13697024.0 13697024
1733238204273 13729792.0 13729792
1733238244899 13760000.0 13760000
1733238246251 13762560.0 13762560
1733238280446 13795328.0 13795328
1733238316505 13828096.0 13828096
1733238350649 13860864.0 13860864
1733238387418 13893632.0 13893632
1733238427014 13920000.0 13920000
1733238431710 13926400.0 13926400
1733238465995 13959168.0 13959168
1733238502784 13991936.0 13991936
1733238537307 14024704.0 14024704
1733238574213 14057472.0 14057472
1733238612823 14080000.0 14080000
1733238619016 14090240.0 14090240
1733238652723 14123008.0 14123008
1733238688580 14155776.0 14155776
1733238723286 14188544.0 14188544
1733238758276 14221312.0 14221312
1733238795486 14240000.0 14240000
1733238803379 14254080.0 14254080
1733238837127 14286848.0 14286848
1733238873091 14319616.0 14319616
1733238907084 14352384.0 14352384
1733238941983 14385152.0 14385152
1733238977264 14400000.0 14400000
1733238984500 14417920.0 14417920
1733239018813 14450688.0 14450688
1733239055629 14483456.0 14483456
1733239089181 14516224.0 14516224
1733239124136 14548992.0 14548992
1733239157988 14560000.0 14560000
1733239168951 14581760.0 14581760
1733239202853 14614528.0 14614528
1733239238886 14647296.0 14647296
1733239273720 14680064.0 14680064
1733239308511 14712832.0 14712832
1733239341474 14720000.0 14720000
1733239351826 14745600.0 14745600
1733239385735 14778368.0 14778368
1733239421748 14811136.0 14811136
1733239455656 14843904.0 14843904
1733239490262 14876672.0 14876672
1733239521532 14880000.0 14880000
1733239533418 14909440.0 14909440
1733239566841 14942208.0 14942208
1733239602402 14974976.0 14974976
1733239635922 15007744.0 15007744
1733239677496 15040000.0 15040000
1733239678193 15040512.0 15040512
1733239712653 15073280.0 15073280
1733239747306 15106048.0 15106048
1733239782962 15138816.0 15138816
1733239817506 15171584.0 15171584
1733239857512 15200000.0 15200000
1733239859510 15204352.0 15204352
1733239894716 15237120.0 15237120
1733239928848 15269888.0 15269888
1733239964312 15302656.0 15302656
1733239998695 15335424.0 15335424
1733240038603 15360000.0 15360000
1733240042066 15368192.0 15368192
1733240076706 15400960.0 15400960
1733240110513 15433728.0 15433728
1733240145895 15466496.0 15466496
1733240180435 15499264.0 15499264
1733240218836 15520000.0 15520000
1733240223665 15532032.0 15532032
1733240258824 15564800.0 15564800
1733240292924 15597568.0 15597568
1733240328144 15630336.0 15630336
1733240362146 15663104.0 15663104
1733240398385 15680000.0 15680000
1733240404566 15695872.0 15695872
1733240439081 15728640.0 15728640
1733240472951 15761408.0 15761408
1733240508285 15794176.0 15794176
1733240542504 15826944.0 15826944
1733240577943 15840000.0 15840000
1733240585346 15859712.0 15859712
1733240620336 15892480.0 15892480
1733240654710 15925248.0 15925248
1733240689500 15958016.0 15958016
1733240723591 15990784.0 15990784
1733240757268 16000000.0 16000000
1733240765379 16023552.0 16023552
1733240799552 16056320.0 16056320
1733240834591 16089088.0 16089088
1733240869763 16121856.0 16121856
1733240903911 16154624.0 16154624
1733240937623 16160000.0 16160000
1733240948383 16187392.0 16187392
1733240983030 16220160.0 16220160
1733241017353 16252928.0 16252928
1733241052017 16285696.0 16285696
1733241086474 16318464.0 16318464
1733241117794 16320000.0 16320000
1733241130336 16351232.0 16351232
1733241165364 16384000.0 16384000
1733241199971 16416768.0 16416768
1733241234820 16449536.0 16449536
1733241275256 16480000.0 16480000
1733241276581 16482304.0 16482304
1733241311581 16515072.0 16515072
1733241346383 16547840.0 16547840
1733241380814 16580608.0 16580608
1733241415577 16613376.0 16613376
1733241454364 16640000.0 16640000
1733241457463 16646144.0 16646144
1733241492721 16678912.0 16678912
1733241527448 16711680.0 16711680
1733241561534 16744448.0 16744448
1733241596677 16777216.0 16777216
1733241634217 16800000.0 16800000
1733241638635 16809984.0 16809984
1733241673830 16842752.0 16842752
1733241708449 16875520.0 16875520
1733241742987 16908288.0 16908288
1733241777720 16941056.0 16941056
1733241814146 16960000.0 16960000
1733241820059 16973824.0 16973824
1733241855345 17006592.0 17006592
1733241889847 17039360.0 17039360
1733241924895 17072128.0 17072128
1733241958755 17104896.0 17104896
1733241993687 17120000.0 17120000
1733242000607 17137664.0 17137664
1733242036738 17170432.0 17170432
1733242071751 17203200.0 17203200
1733242106744 17235968.0 17235968
1733242143525 17268736.0 17268736
1733242176652 17280000.0 17280000
1733242185382 17301504.0 17301504
1733242220698 17334272.0 17334272
1733242255594 17367040.0 17367040
1733242290228 17399808.0 17399808
1733242326684 17432576.0 17432576
1733242359359 17440000.0 17440000
1733242368805 17465344.0 17465344
1733242404003 17498112.0 17498112
1733242440117 17530880.0 17530880
1733242473966 17563648.0 17563648
1733242510197 17596416.0 17596416
1733242541318 17600000.0 17600000
1733242551968 17629184.0 17629184
1733242586631 17661952.0 17661952
1733242623474 17694720.0 17694720
1733242657154 17727488.0 17727488
1733242700080 17760000.0 17760000
1733242700594 17760256.0 17760256
1733242735600 17793024.0 17793024
1733242770991 17825792.0 17825792
1733242807610 17858560.0 17858560
1733242842354 17891328.0 17891328
1733242883304 17920000.0 17920000
1733242885150 17924096.0 17924096
1733242921176 17956864.0 17956864
1733242955374 17989632.0 17989632
1733242991821 18022400.0 18022400
1733243026237 18055168.0 18055168
1733243065328 18080000.0 18080000
1733243068751 18087936.0 18087936
1733243105580 18120704.0 18120704
1733243139505 18153472.0 18153472
1733243174879 18186240.0 18186240
1733243210336 18219008.0 18219008
1733243248064 18240000.0 18240000
1733243253063 18251776.0 18251776
1733243289336 18284544.0 18284544
1733243323826 18317312.0 18317312
1733243359008 18350080.0 18350080
1733243395797 18382848.0 18382848
1733243431292 18400000.0 18400000
1733243437627 18415616.0 18415616
1733243473809 18448384.0 18448384
1733243508526 18481152.0 18481152
1733243543480 18513920.0 18513920
1733243579819 18546688.0 18546688
1733243613599 18560000.0 18560000
1733243621245 18579456.0 18579456
1733243656356 18612224.0 18612224
1733243691067 18644992.0 18644992
1733243725465 18677760.0 18677760
1733243761392 18710528.0 18710528
1733243794283 18720000.0 18720000
1733243803005 18743296.0 18743296
1733243838084 18776064.0 18776064
1733243874873 18808832.0 18808832
1733243908050 18841600.0 18841600
1733243943557 18874368.0 18874368
1733243976097 18880000.0 18880000
1733243986101 18907136.0 18907136
1733244020659 18939904.0 18939904
1733244057476 18972672.0 18972672
1733244091681 19005440.0 19005440
1733244126579 19038208.0 19038208
1733244158745 19040000.0 19040000
1733244170398 19070976.0 19070976
1733244204398 19103744.0 19103744
1733244240838 19136512.0 19136512
1733244276394 19169280.0 19169280
1733244318383 19200000.0 19200000
1733244319381 19202048.0 19202048
1733244354888 19234816.0 19234816
1733244389170 19267584.0 19267584
1733244424735 19300352.0 19300352
1733244459326 19333120.0 19333120
1733244499133 19360000.0 19360000
1733244501764 19365888.0 19365888
1733244538553 19398656.0 19398656
1733244572434 19431424.0 19431424
1733244608917 19464192.0 19464192
1733244645106 19496960.0 19496960
1733244683840 19520000.0 19520000
1733244687787 19529728.0 19529728
1733244723712 19562496.0 19562496
1733244758358 19595264.0 19595264
1733244793815 19628032.0 19628032
1733244830641 19660800.0 19660800
1733244866738 19680000.0 19680000
1733244872401 19693568.0 19693568
1733244908038 19726336.0 19726336
1733244942553 19759104.0 19759104
1733244977410 19791872.0 19791872
1733245014517 19824640.0 19824640
1733245050924 19840000.0 19840000
1733245057854 19857408.0 19857408
1733245093680 19890176.0 19890176
1733245128908 19922944.0 19922944
1733245162771 19955712.0 19955712
1733245199013 19988480.0 19988480
1733245232753 20000000.0 20000000
1733245240876 20021248.0 20021248
1733245275758 20054016.0 20054016
1733245312039 20086784.0 20086784
1733245346421 20119552.0 20119552
1733245382552 20152320.0 20152320
1733245415234 20160000.0 20160000
1733245424374 20185088.0 20185088
1733245458522 20217856.0 20217856
1733245495853 20250624.0 20250624
1733245529777 20283392.0 20283392
1733245565359 20316160.0 20316160
1733245597452 20320000.0 20320000
1733245608221 20348928.0 20348928
1733245642453 20381696.0 20381696
1733245679392 20414464.0 20414464
1733245714572 20447232.0 20447232
1733245757105 20480000.0 20480000
1733245757444 20480000.0 20480000
1733245793318 20512768.0 20512768
1733245827574 20545536.0 20545536
1733245864281 20578304.0 20578304
1733245898985 20611072.0 20611072
1733245940187 20640000.0 20640000
1733245941942 20643840.0 20643840
1733245978923 20676608.0 20676608
1733246012705 20709376.0 20709376
1733246048453 20742144.0 20742144
1733246083243 20774912.0 20774912
1733246122507 20800000.0 20800000
1733246125765 20807680.0 20807680
1733246161455 20840448.0 20840448
1733246195986 20873216.0 20873216
1733246231527 20905984.0 20905984
1733246267317 20938752.0 20938752
1733246305127 20960000.0 20960000
1733246309746 20971520.0 20971520
1733246346026 21004288.0 21004288
1733246380473 21037056.0 21037056
1733246415773 21069824.0 21069824
1733246452454 21102592.0 21102592
1733246487634 21120000.0 21120000
1733246493553 21135360.0 21135360
1733246529001 21168128.0 21168128
1733246563763 21200896.0 21200896
1733246598349 21233664.0 21233664
1733246634813 21266432.0 21266432
1733246668574 21280000.0 21280000
1733246675618 21299200.0 21299200
1733246711055 21331968.0 21331968
1733246747486 21364736.0 21364736
1733246782040 21397504.0 21397504
1733246819136 21430272.0 21430272
1733246852156 21440000.0 21440000
1733246861324 21463040.0 21463040
1733246896218 21495808.0 21495808
1733246933066 21528576.0 21528576
1733246967123 21561344.0 21561344
1733247003226 21594112.0 21594112
1733247035852 21600000.0 21600000
1733247045867 21626880.0 21626880
1733247080257 21659648.0 21659648
1733247116388 21692416.0 21692416
1733247151062 21725184.0 21725184
1733247186601 21757952.0 21757952
1733247218777 21760000.0 21760000
1733247229906 21790720.0 21790720
1733247263879 21823488.0 21823488
1733247300127 21856256.0 21856256
1733247334524 21889024.0 21889024
1733247376692 21920000.0 21920000
1733247377802 21921792.0 21921792
1733247413278 21954560.0 21954560
1733247447218 21987328.0 21987328
1733247484166 22020096.0 22020096
1733247518664 22052864.0 22052864
1733247558324 22080000.0 22080000
1733247560961 22085632.0 22085632
1733247598233 22118400.0 22118400
1733247632057 22151168.0 22151168
1733247668023 22183936.0 22183936
1733247704171 22216704.0 22216704
1733247743706 22240000.0 22240000
1733247747897 22249472.0 22249472
1733247783940 22282240.0 22282240
1733247818296 22315008.0 22315008
1733247854035 22347776.0 22347776
1733247890076 22380544.0 22380544
1733247927323 22400000.0 22400000
1733247932858 22413312.0 22413312
1733247969428 22446080.0 22446080
1733248003564 22478848.0 22478848
1733248038919 22511616.0 22511616
1733248076110 22544384.0 22544384
1733248110986 22560000.0 22560000
1733248117803 22577152.0 22577152
1733248154284 22609920.0 22609920
1733248188802 22642688.0 22642688
1733248223973 22675456.0 22675456
1733248260285 22708224.0 22708224
1733248293985 22720000.0 22720000
1733248302274 22740992.0 22740992
1733248338025 22773760.0 22773760
1733248372614 22806528.0 22806528
1733248407571 22839296.0 22839296
1733248443762 22872064.0 22872064
1733248476689 22880000.0 22880000
1733248486214 22904832.0 22904832
1733248521892 22937600.0 22937600
1733248557680 22970368.0 22970368
1733248592331 23003136.0 23003136
1733248628669 23035904.0 23035904
1733248660040 23040000.0 23040000
1733248670236 23068672.0 23068672
1733248705363 23101440.0 23101440
1733248741898 23134208.0 23134208
1733248775370 23166976.0 23166976
1733248811891 23199744.0 23199744
1733248842614 23200000.0 23200000
1733248854721 23232512.0 23232512
1733248889503 23265280.0 23265280
1733248926080 23298048.0 23298048
1733248960112 23330816.0 23330816
1733249001979 23360000.0 23360000
1733249004024 23363584.0 23363584
1733249038032 23396352.0 23396352
1733249072837 23429120.0 23429120
1733249109385 23461888.0 23461888
1733249143531 23494656.0 23494656
1733249183060 23520000.0 23520000
1733249186745 23527424.0 23527424
1733249221567 23560192.0 23560192
1733249256024 23592960.0 23592960
1733249292015 23625728.0 23625728
1733249326888 23658496.0 23658496
1733249365370 23680000.0 23680000
1733249370341 23691264.0 23691264
1733249406207 23724032.0 23724032
1733249440403 23756800.0 23756800
1733249476176 23789568.0 23789568
1733249510645 23822336.0 23822336
1733249546383 23840000.0 23840000
1733249552791 23855104.0 23855104
1733249589876 23887872.0 23887872
1733249624019 23920640.0 23920640
1733249659522 23953408.0 23953408
1733249695952 23986176.0 23986176
1733249729873 24000000.0 24000000
1733249737735 24018944.0 24018944
1733249774012 24051712.0 24051712
1733249808511 24084480.0 24084480
1733249843466 24117248.0 24117248
1733249880116 24150016.0 24150016
1733249913381 24160000.0 24160000
1733249922595 24182784.0 24182784
1733249958741 24215552.0 24215552
1733249993476 24248320.0 24248320
1733250028438 24281088.0 24281088
1733250065064 24313856.0 24313856
1733250096531 24320000.0 24320000
1733250107067 24346624.0 24346624
1733250142836 24379392.0 24379392
1733250177402 24412160.0 24412160
1733250212622 24444928.0 24444928
1733250249508 24477696.0 24477696
1733250279592 24480000.0 24480000
1733250291190 24510464.0 24510464
1733250326332 24543232.0 24543232
1733250361381 24576000.0 24576000
1733250396346 24608768.0 24608768
1733250441399 24640000.0 24640000
1733250442481 24641536.0 24641536
1733250476528 24674304.0 24674304
1733250512747 24707072.0 24707072
1733250548366 24739840.0 24739840
1733250583052 24772608.0 24772608
1733250625850 24800000.0 24800000
1733250629049 24805376.0 24805376
1733250663334 24838144.0 24838144
1733250699170 24870912.0 24870912
1733250734860 24903680.0 24903680
1733250769184 24936448.0 24936448
1733250809794 24960000.0 24960000
1733250814520 24969216.0 24969216
1733250848819 25001984.0 25001984
1733250884049 25034752.0 25034752
1733250920886 25067520.0 25067520
1733250954947 25100288.0 25100288
1733250993853 25120000.0 25120000
1733251000008 25133056.0 25133056
1733251034371 25165824.0 25165824
1733251069389 25198592.0 25198592
1733251106703 25231360.0 25231360
1733251140606 25264128.0 25264128
1733251178301 25280000.0 25280000
1733251186245 25296896.0 25296896
1733251220592 25329664.0 25329664
1733251255362 25362432.0 25362432
1733251292149 25395200.0 25395200
1733251327594 25427968.0 25427968
1733251362772 25440000.0 25440000
1733251372441 25460736.0 25460736
1733251406721 25493504.0 25493504
1733251441771 25526272.0 25526272
1733251478734 25559040.0 25559040
1733251513858 25591808.0 25591808
1733251547427 25600000.0 25600000
1733251557581 25624576.0 25624576
1733251592031 25657344.0 25657344
1733251628356 25690112.0 25690112
1733251662557 25722880.0 25722880
1733251698432 25755648.0 25755648
1733251729591 25760000.0 25760000
1733251741034 25788416.0 25788416
1733251775869 25821184.0 25821184
1733251810457 25853952.0 25853952
1733251845563 25886720.0 25886720
1733251880755 25919488.0 25919488
1733251911644 25920000.0 25920000
1733251923512 25952256.0 25952256
1733251958465 25985024.0 25985024
1733251992724 26017792.0 26017792
1733252028158 26050560.0 26050560
1733252068933 26080000.0 26080000
1733252070866 26083328.0 26083328
1733252106723 26116096.0 26116096
1733252141188 26148864.0 26148864
1733252176645 26181632.0 26181632
1733252210706 26214400.0 26214400
1733252252050 26240000.0 26240000
1733252255359 26247168.0 26247168
1733252289424 26279936.0 26279936
1733252325897 26312704.0 26312704
1733252359830 26345472.0 26345472
1733252396060 26378240.0 26378240
1733252433465 26400000.0 26400000
1733252438085 26411008.0 26411008
1733252473778 26443776.0 26443776
1733252508442 26476544.0 26476544
1733252543850 26509312.0 26509312
1733252578507 26542080.0 26542080
1733252615738 26560000.0 26560000
1733252621334 26574848.0 26574848
1733252655852 26607616.0 26607616
1733252690776 26640384.0 26640384
1733252725901 26673152.0 26673152
1733252760631 26705920.0 26705920
1733252795771 26720000.0 26720000
1733252803706 26738688.0 26738688
1733252837730 26771456.0 26771456
1733252873287 26804224.0 26804224
1733252907783 26836992.0 26836992
1733252942930 26869760.0 26869760
1733252976226 26880000.0 26880000
1733252984760 26902528.0 26902528
1733253020475 26935296.0 26935296
1733253054715 26968064.0 26968064
1733253090187 27000832.0 27000832
1733253124910 27033600.0 27033600
1733253157649 27040000.0 27040000
1733253168638 27066368.0 27066368
1733253202803 27099136.0 27099136
1733253238512 27131904.0 27131904
1733253273083 27164672.0 27164672
1733253309198 27197440.0 27197440
1733253339226 27200000.0 27200000
1733253350193 27230208.0 27230208
1733253386072 27262976.0 27262976
1733253420630 27295744.0 27295744
1733253456808 27328512.0 27328512
1733253497940 27360000.0 27360000
1733253499007 27361280.0 27361280
1733253534180 27394048.0 27394048
1733253568728 27426816.0 27426816
1733253603852 27459584.0 27459584
1733253638452 27492352.0 27492352
1733253679364 27520000.0 27520000
1733253681797 27525120.0 27525120
1733253716160 27557888.0 27557888
1733253750761 27590656.0 27590656
1733253786155 27623424.0 27623424
1733253820849 27656192.0 27656192
1733253859656 27680000.0 27680000
1733253864115 27688960.0 27688960
1733253898144 27721728.0 27721728
1733253933386 27754496.0 27754496
1733253967867 27787264.0 27787264
1733254003274 27820032.0 27820032
1733254040113 27840000.0 27840000
1733254044920 27852800.0 27852800
1733254080268 27885568.0 27885568
1733254114842 27918336.0 27918336
1733254150873 27951104.0 27951104
1733254185255 27983872.0 27983872
1733254222221 28000000.0 28000000
1733254229643 28016640.0 28016640
1733254263230 28049408.0 28049408
1733254299544 28082176.0 28082176
1733254334147 28114944.0 28114944
1733254371107 28147712.0 28147712
1733254405219 28160000.0 28160000
1733254413658 28180480.0 28180480
1733254448700 28213248.0 28213248
1733254483622 28246016.0 28246016
1733254519337 28278784.0 28278784
1733254554114 28311552.0 28311552
1733254588634 28320000.0 28320000
1733254597556 28344320.0 28344320
1733254632955 28377088.0 28377088
1733254668057 28409856.0 28409856
1733254703268 28442624.0 28442624
1733254737825 28475392.0 28475392
1733254769850 28480000.0 28480000
1733254782496 28508160.0 28508160
1733254816474 28540928.0 28540928
1733254852503 28573696.0 28573696
1733254887136 28606464.0 28606464
1733254922925 28639232.0 28639232
1733254952595 28640000.0 28640000
1733254964955 28672000.0 28672000
1733255000770 28704768.0 28704768
1733255035084 28737536.0 28737536
1733255071679 28770304.0 28770304
1733255112419 28800000.0 28800000
1733255114161 28803072.0 28803072
1733255149755 28835840.0 28835840
1733255184433 28868608.0 28868608
1733255220439 28901376.0 28901376
1733255254822 28934144.0 28934144
1733255295667 28960000.0 28960000
1733255298482 28966912.0 28966912
1733255333191 28999680.0 28999680
1733255367569 29032448.0 29032448
1733255402481 29065216.0 29065216
1733255437032 29097984.0 29097984
1733255475245 29120000.0 29120000
1733255480194 29130752.0 29130752
1733255514032 29163520.0 29163520
1733255549849 29196288.0 29196288
1733255584256 29229056.0 29229056
1733255619936 29261824.0 29261824
1733255656168 29280000.0 29280000
1733255662290 29294592.0 29294592
1733255698269 29327360.0 29327360
1733255732537 29360128.0 29360128
1733255768555 29392896.0 29392896
1733255803059 29425664.0 29425664
1733255839658 29440000.0 29440000
1733255847405 29458432.0 29458432
1733255881267 29491200.0 29491200
1733255917332 29523968.0 29523968
1733255952009 29556736.0 29556736
1733255987360 29589504.0 29589504
1733256020567 29600000.0 29600000
1733256031339 29622272.0 29622272
1733256065604 29655040.0 29655040
1733256101211 29687808.0 29687808
1733256135550 29720576.0 29720576
1733256171148 29753344.0 29753344
1733256203856 29760000.0 29760000
1733256214018 29786112.0 29786112
1733256249934 29818880.0 29818880
1733256284232 29851648.0 29851648
1733256320637 29884416.0 29884416
1733256354571 29917184.0 29917184
1733256386229 29920000.0 29920000
1733256398538 29949952.0 29949952
1733256433434 29982720.0 29982720
1733256469149 30015488.0 30015488
1733256503766 30048256.0 30048256
1733256546210 30080000.0 30080000
1733256547003 30081024.0 30081024
1733256581885 30113792.0 30113792
1733256617032 30146560.0 30146560
1733256652454 30179328.0 30179328
1733256687061 30212096.0 30212096
1733256728933 30240000.0 30240000
1733256731724 30244864.0 30244864
1733256765918 30277632.0 30277632
1733256803453 30310400.0 30310400
1733256837375 30343168.0 30343168
1733256873331 30375936.0 30375936
1733256911141 30400000.0 30400000
1733256914822 30408704.0 30408704
1733256950316 30441472.0 30441472
1733256985169 30474240.0 30474240
1733257020479 30507008.0 30507008
1733257055032 30539776.0 30539776
1733257092415 30560000.0 30560000
1733257097950 30572544.0 30572544
1733257133470 30605312.0 30605312
1733257167827 30638080.0 30638080
1733257203101 30670848.0 30670848
1733257237573 30703616.0 30703616
1733257275155 30720000.0 30720000
1733257282777 30736384.0 30736384
1733257316825 30769152.0 30769152
1733257352523 30801920.0 30801920
1733257386947 30834688.0 30834688
1733257423544 30867456.0 30867456
1733257458246 30880000.0 30880000
1733257466480 30900224.0 30900224
1733257501090 30932992.0 30932992
1733257535922 30965760.0 30965760
1733257570537 30998528.0 30998528
1733257605791 31031296.0 31031296
1733257638952 31040000.0 31040000
1733257647907 31064064.0 31064064
1733257683388 31096832.0 31096832
1733257717239 31129600.0 31129600
1733257752720 31162368.0 31162368
1733257786954 31195136.0 31195136
1733257819622 31200000.0 31200000
1733257831688 31227904.0 31227904
1733257865587 31260672.0 31260672
1733257901685 31293440.0 31293440
1733257935970 31326208.0 31326208
1733257971913 31358976.0 31358976
1733258000918 31360000.0 31360000
1733258013946 31391744.0 31391744
1733258048077 31424512.0 31424512
1733258083173 31457280.0 31457280
1733258117862 31490048.0 31490048
1733258159016 31520000.0 31520000
1733258161096 31522816.0 31522816
1733258195103 31555584.0 31555584
1733258230145 31588352.0 31588352
1733258265901 31621120.0 31621120
1733258299761 31653888.0 31653888
1733258341064 31680000.0 31680000
1733258344295 31686656.0 31686656
1733258378376 31719424.0 31719424
1733258414374 31752192.0 31752192
1733258448881 31784960.0 31784960
1733258484255 31817728.0 31817728
1733258521644 31840000.0 31840000
1733258525710 31850496.0 31850496
1733258560115 31883264.0 31883264
1733258594966 31916032.0 31916032
1733258629148 31948800.0 31948800
1733258664658 31981568.0 31981568
1733258700121 32000000.0 32000000
1733258706134 32014336.0 32014336
1733258741691 32047104.0 32047104
1733258775515 32079872.0 32079872
1733258810373 32112640.0 32112640
1733258844749 32145408.0 32145408
1733258879506 32160000.0 32160000
