1731660390943 0.2 65536
1731660412171 0.2 98304
1731660433700 0.2 131072
1731660455480 0.2 160000
1731660479175 0.2 196608
1731660500849 0.2 229376
1731660522597 0.2 262144
1731660544568 0.2 294912
1731660564718 0.2 320000
1731660587934 0.2 360448
1731660609239 0.2 393216
1731660632375 0.2 425984
1731660654633 0.2 458752
1731660674814 0.2 480000
1731660701123 0.2 524288
1731660722750 0.2 557056
1731660744814 0.2 589824
1731660766818 0.2 622592
1731660786227 0.2 640000
1731660812258 0.2 688128
1731660835224 0.2 720896
1731660857764 0.2 753664
1731660879034 0.2 786432
1731660897570 0.2 800000
1731660925738 0.2 851968
1731660947987 0.2 884736
1731660971187 0.2 917504
1731660994482 0.2 950272
1731661013211 0.2 960000
1731661041278 0.2 1015808
1731661064136 0.2 1048576
1731661087112 0.2 1081344
1731661109517 0.2 1114112
1731661126575 0.2 1120000
1731661156159 0.2 1179648
1731661177870 0.2 1212416
1731661199462 0.2 1245184
1731661224732 0.2 1277952
1731661241713 0.2 1280000
1731661270849 0.2 1343488
1731661294516 0.2 1376256
1731661317682 0.2 1409024
1731661340623 0.2 1440000
1731661365030 0.2 1474560
1731661387270 0.2 1507328
1731661409069 0.2 1540096
1731661430703 0.2 1572864
1731661451704 0.2 1600000
1731661474874 0.2 1638400
1731661496693 0.2 1671168
1731661517744 0.2 1703936
1731661538518 0.2 1736704
1731661558390 0.2 1760000
1731661583149 0.2 1802240
1731661606756 0.2 1835008
1731661629010 0.2 1867776
1731661651365 0.2 1900544
1731661670308 0.2 1920000
1731661695897 0.2 1966080
1731661718570 0.2 1998848
1731661740369 0.2 2031616
1731661762427 0.2 2064384
1731661780935 0.2 2080000
1731661807077 0.2 2129920
1731661828340 0.2 2162688
1731661850144 0.2 2195456
1731661872196 0.2 2228224
1731661889657 0.2 2240000
1731661917606 0.2 2293760
1731661941243 0.2 2326528
1731661964236 0.2 2359296
1731661986533 0.2 2392064
1731662003834 0.2 2400000
1731662032561 0.2 2457600
1731662055289 0.2 2490368
1731662077552 0.2 2523136
1731662100892 0.2 2555904
1731662118134 0.2 2560000
1731662147594 0.2 2621440
1731662170153 0.2 2654208
1731662193123 0.2 2686976
1731662215844 0.2 2719744
1731662231368 0.2 2720000
1731662262354 0.2 2785280
1731662285256 0.2 2818048
1731662308163 0.2 2850816
1731662330645 0.2 2880000
1731662354143 0.2 2916352
1731662376158 0.2 2949120
1731662398271 0.2 2981888
1731662420149 0.2 3014656
1731662440949 0.2 3040000
1731662465550 0.2 3080192
1731662487679 0.2 3112960
1731662511347 0.2 3145728
1731662534505 0.2 3178496
1731662555008 0.2 3200000
1731662580380 0.2 3244032
1731662602926 0.2 3276800
1731662626092 0.2 3309568
1731662647639 0.2 3342336
1731662666551 0.2 3360000
1731662692360 0.2 3407872
1731662714484 0.2 3440640
1731662734781 0.2 3473408
1731662755566 0.2 3506176
1731662773223 0.2 3520000
1731662800683 0.2 3571712
1731662825466 0.2 3604480
1731662847986 0.2 3637248
1731662870346 0.2 3670016
1731662887742 0.2 3680000
1731662914908 0.2 3735552
1731662937102 0.2 3768320
1731662958350 0.2 3801088
1731662980811 0.2 3833856
1731662997668 0.2 3840000
1731663026065 0.2 3899392
1731663047705 0.2 3932160
1731663068855 0.2 3964928
1731663091466 0.2 3997696
1731663107079 0.2 4000000
1731663135457 0.2 4063232
1731663158400 0.2 4096000
1731663179854 0.2 4128768
1731663201627 0.2 4160000
1731663224436 0.2 4194304
1731663246915 0.2 4227072
1731663268438 0.2 4259840
1731663290486 0.2 4292608
1731663311365 0.2 4320000
1731663335571 0.2 4358144
1731663357644 0.2 4390912
1731663379588 0.2 4423680
1731663401537 0.2 4456448
1731663420855 0.2 4480000
1731663445216 0.2 4521984
1731663467743 0.2 4554752
1731663490206 0.2 4587520
1731663512546 0.2 4620288
1731663531497 0.2 4640000
1731663557376 0.2 4685824
1731663579274 0.2 4718592
1731663601740 0.2 4751360
1731663625045 0.2 4784128
1731663644489 0.2 4800000
1731663672317 0.2 4849664
1731663694980 0.2 4882432
1731663717797 0.2 4915200
1731663740553 0.2 4947968
1731663759683 0.2 4960000
1731663787990 0.2 5013504
1731663811235 0.2 5046272
1731663833512 0.2 5079040
1731663855840 0.2 5111808
1731663872876 0.2 5120000
1731663902159 0.2 5177344
1731663925226 0.2 5210112
1731663948397 0.2 5242880
1731663970820 0.2 5275648
1731663986843 0.2 5280000
1731664015339 0.2 5341184
1731664037837 0.2 5373952
1731664060227 0.2 5406720
1731664082646 0.2 5439488
1731664097763 0.2 5440000
1731664127518 0.2 5505024
1731664149141 0.2 5537792
1731664171353 0.2 5570560
1731664193802 0.2 5600000
1731664217272 0.2 5636096
1731664238922 0.2 5668864
1731664261189 0.2 5701632
1731664284054 0.2 5734400
1731664305998 0.2 5760000
1731664329842 0.2 5799936
1731664351080 0.2 5832704
1731664373829 0.2 5865472
1731664395294 0.2 5898240
1731664414465 0.2 5920000
1731664438098 0.2 5963776
1731664459648 0.2 5996544
1731664481727 0.2 6029312
1731664503898 0.2 6062080
1731664522897 0.2 6080000
1731664548213 0.2 6127616
1731664569779 0.2 6160384
1731664591595 0.2 6193152
1731664613900 0.2 6225920
1731664631760 0.2 6240000
1731664658510 0.2 6291456
1731664681587 0.2 6324224
1731664703466 0.2 6356992
1731664725614 0.2 6389760
1731664742921 0.2 6400000
1731664771268 0.2 6455296
1731664793682 0.2 6488064
1731664817579 0.2 6520832
1731664840344 0.2 6553600
1731664857479 0.2 6560000
1731664886919 0.2 6619136
1731664909736 0.2 6651904
1731664933044 0.2 6684672
1731664956258 0.2 6717440
1731664972130 0.2 6720000
1731665001152 0.2 6782976
1731665023885 0.2 6815744
1731665047623 0.2 6848512
1731665069769 0.2 6880000
1731665092463 0.2 6914048
1731665114446 0.2 6946816
1731665137086 0.2 6979584
1731665159432 0.2 7012352
1731665180373 0.2 7040000
1731665203942 0.2 7077888
1731665225312 0.2 7110656
1731665247782 0.2 7143424
1731665271450 0.2 7176192
1731665293336 0.2 7200000
1731665317947 0.2 7241728
1731665339865 0.2 7274496
1731665361507 0.2 7307264
1731665383746 0.2 7340032
1731665402972 0.2 7360000
1731665428442 0.2 7405568
1731665451164 0.2 7438336
1731665472018 0.2 7471104
1731665493501 0.2 7503872
1731665511266 0.2 7520000
1731665534862 0.2 7569408
1731665556970 0.2 7602176
1731665579464 0.2 7634944
1731665601882 0.2 7667712
1731665619989 0.2 7680000
1731665646546 0.2 7733248
1731665669567 0.2 7766016
1731665692699 0.2 7798784
1731665714838 0.2 7831552
1731665731876 0.2 7840000
1731665759476 0.2 7897088
1731665780962 0.2 7929856
1731665801421 0.2 7962624
1731665821835 0.2 7995392
1731665837533 0.2 8000000
1731665867470 0.2 8060928
1731665890113 0.2 8093696
1731665912339 0.2 8126464
1731665934922 0.2 8159232
1731665949633 0.2 8160000
1731665979724 0.2 8224768
1731666001568 0.2 8257536
1731666023974 0.2 8290304
1731666045936 0.2 8320000
1731666068562 0.2 8355840
1731666090826 0.2 8388608
1731666113583 0.2 8421376
1731666136394 0.2 8454144
1731666157755 0.2 8480000
1731666181564 0.2 8519680
1731666204124 0.2 8552448
1731666225551 0.2 8585216
1731666247168 0.2 8617984
1731666266514 0.2 8640000
1731666290522 0.2 8683520
1731666312481 0.2 8716288
1731666335263 0.2 8749056
1731666357818 0.2 8781824
1731666376994 0.2 8800000
1731666402438 0.2 8847360
1731666425376 0.2 8880128
1731666447666 0.2 8912896
1731666469736 0.2 8945664
1731666488106 0.2 8960000
1731666515197 0.2 9011200
1731666537672 0.2 9043968
1731666560688 0.2 9076736
1731666583147 0.2 9109504
1731666600390 0.2 9120000
1731666629043 0.2 9175040
1731666651061 0.2 9207808
1731666672841 0.2 9240576
1731666695901 0.2 9273344
1731666711578 0.2 9280000
1731666740196 0.2 9338880
1731666762076 0.2 9371648
1731666783588 0.2 9404416
1731666806505 0.2 9437184
1731666821962 0.2 9440000
1731666851556 0.2 9502720
1731666874673 0.2 9535488
1731666896913 0.2 9568256
1731666918151 0.2 9600000
1731666940094 0.2 9633792
1731666961754 0.2 9666560
1731666982557 0.2 9699328
1731667002578 0.2 9732096
1731667024075 0.2 9760000
1731667048707 0.2 9797632
1731667070048 0.2 9830400
1731667093083 0.2 9863168
1731667116677 0.2 9895936
1731667137302 0.2 9920000
1731667162261 0.2 9961472
1731667184902 0.2 9994240
1731667207006 0.2 10027008
1731667229283 0.2 10059776
1731667248826 0.2 10080000
1731667272748 0.2 10125312
1731667293417 0.2 10158080
1731667314322 0.2 10190848
1731667336272 0.2 10223616
1731667355613 0.2 10240000
1731667383208 0.2 10289152
1731667406658 0.2 10321920
1731667429555 0.2 10354688
1731667451585 0.2 10387456
1731667469306 0.2 10400000
1731667497721 0.2 10452992
1731667520665 0.2 10485760
1731667542635 0.2 10518528
1731667564853 0.2 10551296
1731667581668 0.2 10560000
1731667610251 0.2 10616832
1731667632325 0.2 10649600
1731667654499 0.2 10682368
1731667675786 0.2 10715136
1731667691761 0.2 10720000
1731667720365 0.2 10780672
1731667741895 0.2 10813440
1731667764024 0.2 10846208
1731667786156 0.2 10878976
1731667801280 0.2 10880000
1731667831293 0.2 10944512
1731667853505 0.2 10977280
1731667875700 0.2 11010048
1731667897253 0.2 11040000
1731667919109 0.2 11075584
1731667941703 0.2 11108352
1731667963475 0.2 11141120
1731667986423 0.2 11173888
1731668007011 0.2 11200000
1731668031008 0.2 11239424
1731668053702 0.2 11272192
1731668076571 0.2 11304960
1731668099147 0.2 11337728
1731668118988 0.2 11360000
1731668144380 0.2 11403264
1731668166702 0.2 11436032
1731668188781 0.2 11468800
1731668210923 0.2 11501568
1731668229836 0.2 11520000
1731668256661 0.2 11567104
1731668279687 0.2 11599872
1731668302779 0.2 11632640
1731668326606 0.2 11665408
1731668345176 0.2 11680000
1731668372305 0.2 11730944
1731668395014 0.2 11763712
1731668416929 0.2 11796480
1731668438039 0.2 11829248
1731668454880 0.2 11840000
1731668481393 0.2 11894784
1731668504849 0.2 11927552
1731668525612 0.2 11960320
1731668547951 0.2 11993088
1731668564960 0.2 12000000
1731668595166 0.2 12058624
1731668618076 0.2 12091392
1731668640887 0.2 12124160
1731668665045 0.2 12156928
1731668681197 0.2 12160000
1731668710161 0.2 12222464
1731668732137 0.2 12255232
1731668754148 0.2 12288000
1731668775438 0.2 12320000
1731668797744 0.2 12353536
1731668820417 0.2 12386304
1731668841945 0.2 12419072
1731668865006 0.2 12451840
1731668886210 0.2 12480000
1731668910218 0.2 12517376
1731668933304 0.2 12550144
1731668955808 0.2 12582912
1731668978330 0.2 12615680
1731668999188 0.2 12640000
1731669026370 0.2 12681216
1731669049116 0.2 12713984
1731669072229 0.2 12746752
1731669098122 0.2 12779520
1731669118030 0.2 12800000
1731669144433 0.2 12845056
1731669168340 0.2 12877824
1731669192389 0.2 12910592
1731669216218 0.2 12943360
1731669235801 0.2 12960000
1731669263404 0.2 13008896
1731669286158 0.2 13041664
1731669309481 0.2 13074432
1731669333496 0.2 13107200
1731669351390 0.2 13120000
1731669381268 0.2 13172736
1731669404686 0.2 13205504
1731669426808 0.2 13238272
1731669449246 0.2 13271040
1731669467111 0.2 13280000
1731669496093 0.2 13336576
1731669520435 0.2 13369344
1731669543179 0.2 13402112
1731669565518 0.2 13434880
1731669582293 0.2 13440000
1731669613929 0.2 13500416
1731669637278 0.2 13533184
1731669660069 0.2 13565952
1731669683331 0.2 13598720
1731669699421 0.2 13600000
1731669730468 0.2 13664256
1731669753407 0.2 13697024
1731669779102 0.2 13729792
1731669801574 0.2 13760000
1731669826036 0.2 13795328
1731669849172 0.2 13828096
1731669872324 0.2 13860864
1731669894108 0.2 13893632
1731669913556 0.2 13920000
1731669936145 0.2 13959168
1731669956989 0.2 13991936
1731669977603 0.2 14024704
1731669998326 0.2 14057472
1731670017172 0.2 14080000
1731670041322 0.2 14123008
1731670062677 0.2 14155776
1731670083565 0.2 14188544
1731670104528 0.2 14221312
1731670122556 0.2 14240000
1731670146440 0.2 14286848
1731670167603 0.2 14319616
1731670189075 0.2 14352384
1731670210405 0.2 14385152
1731670227810 0.2 14400000
1731670252367 0.2 14450688
1731670273415 0.2 14483456
1731670294556 0.2 14516224
1731670315415 0.2 14548992
1731670331833 0.2 14560000
1731670358072 0.2 14614528
1731670378805 0.2 14647296
1731670399463 0.2 14680064
1731670420348 0.2 14712832
1731670436484 0.2 14720000
1731670463455 0.2 14778368
1731670484246 0.2 14811136
1731670505223 0.2 14843904
1731670525951 0.2 14876672
1731670540815 0.2 14880000
1731670568130 0.2 14942208
1731670589138 0.2 14974976
1731670610776 0.2 15007744
1731670631424 0.2 15040000
1731670653256 0.2 15073280
1731670673901 0.2 15106048
1731670695221 0.2 15138816
1731670716622 0.2 15171584
1731670736676 0.2 15200000
1731670758683 0.2 15237120
1731670779234 0.2 15269888
1731670800033 0.2 15302656
1731670820456 0.2 15335424
1731670839349 0.2 15360000
1731670861714 0.2 15400960
1731670881446 0.2 15433728
1731670902058 0.2 15466496
1731670922460 0.2 15499264
1731670940497 0.2 15520000
1731670962971 0.2 15564800
1731670982965 0.2 15597568
1731671002854 0.2 15630336
1731671023186 0.2 15663104
1731671040531 0.2 15680000
1731671064506 0.2 15728640
1731671084738 0.2 15761408
1731671104970 0.2 15794176
1731671124794 0.2 15826944
1731671141297 0.2 15840000
1731671165449 0.2 15892480
1731671185947 0.2 15925248
1731671206166 0.2 15958016
1731671226606 0.2 15990784
1731671242036 0.2 16000000
1731671266948 0.2 16056320
1731671287936 0.2 16089088
1731671309030 0.2 16121856
1731671330035 0.2 16154624
1731671345420 0.2 16160000
1731671372207 0.2 16220160
1731671393192 0.2 16252928
1731671413275 0.2 16285696
1731671433540 0.2 16318464
1731671447872 0.2 16320000
1731671475262 0.2 16384000
1731671495898 0.2 16416768
1731671516665 0.2 16449536
1731671536925 0.2 16480000
1731671558313 0.2 16515072
1731671578625 0.2 16547840
1731671599071 0.2 16580608
1731671619795 0.2 16613376
1731671639788 0.2 16640000
1731671662272 0.2 16678912
1731671683114 0.2 16711680
1731671702909 0.2 16744448
1731671723166 0.2 16777216
1731671741898 0.2 16800000
1731671764608 0.2 16842752
1731671785008 0.2 16875520
1731671805543 0.2 16908288
1731671825349 0.2 16941056
1731671842594 0.2 16960000
1731671866677 0.2 17006592
1731671887108 0.2 17039360
1731671907338 0.2 17072128
1731671927824 0.2 17104896
1731671944807 0.2 17120000
1731671968984 0.2 17170432
1731671989448 0.2 17203200
1731672010009 0.2 17235968
1731672030603 0.2 17268736
1731672046903 0.2 17280000
1731672071558 0.2 17334272
1731672091647 0.2 17367040
1731672111723 0.2 17399808
1731672132223 0.2 17432576
1731672147836 0.2 17440000
1731672173243 0.2 17498112
1731672192990 0.2 17530880
1731672212988 0.2 17563648
1731672232902 0.2 17596416
1731672247499 0.2 17600000
1731672273807 0.2 17661952
1731672294597 0.2 17694720
1731672314991 0.2 17727488
1731672335533 0.2 17760000
1731672356003 0.2 17793024
1731672376337 0.2 17825792
1731672396772 0.2 17858560
1731672417993 0.2 17891328
1731672438243 0.2 17920000
1731672459789 0.2 17956864
1731672480323 0.2 17989632
1731672500696 0.2 18022400
1731672521062 0.2 18055168
1731672540515 0.2 18080000
1731672563195 0.2 18120704
1731672583885 0.2 18153472
1731672604473 0.2 18186240
1731672625448 0.2 18219008
1731672643755 0.2 18240000
1731672667177 0.2 18284544
1731672687517 0.2 18317312
1731672708488 0.2 18350080
1731672729097 0.2 18382848
1731672746790 0.2 18400000
1731672770967 0.2 18448384
1731672791169 0.2 18481152
1731672811613 0.2 18513920
1731672832025 0.2 18546688
1731672848578 0.2 18560000
1731672872329 0.2 18612224
1731672893113 0.2 18644992
1731672913709 0.2 18677760
1731672933767 0.2 18710528
1731672949725 0.2 18720000
1731672974601 0.2 18776064
1731672994648 0.2 18808832
1731673015749 0.2 18841600
1731673036822 0.2 18874368
1731673052481 0.2 18880000
1731673078931 0.2 18939904
1731673099640 0.2 18972672
1731673119997 0.2 19005440
1731673140243 0.2 19038208
1731673154633 0.2 19040000
1731673182372 0.2 19103744
1731673202741 0.2 19136512
1731673223303 0.2 19169280
1731673243154 0.2 19200000
1731673264036 0.2 19234816
1731673284671 0.2 19267584
1731673304787 0.2 19300352
1731673325241 0.2 19333120
1731673345179 0.2 19360000
1731673367365 0.2 19398656
1731673387466 0.2 19431424
1731673407138 0.2 19464192
1731673427236 0.2 19496960
1731673446081 0.2 19520000
1731673468501 0.2 19562496
1731673489763 0.2 19595264
1731673510346 0.2 19628032
1731673530451 0.2 19660800
1731673548244 0.2 19680000
1731673571398 0.2 19726336
1731673592790 0.2 19759104
1731673614051 0.2 19791872
1731673634051 0.2 19824640
1731673651237 0.2 19840000
1731673675749 0.2 19890176
1731673696681 0.2 19922944
1731673718054 0.2 19955712
1731673739416 0.2 19988480
1731673755945 0.2 20000000
1731673781112 0.2 20054016
1731673801668 0.2 20086784
1731673821589 0.2 20119552
1731673841743 0.2 20152320
1731673857221 0.2 20160000
1731673882106 0.2 20217856
1731673902794 0.2 20250624
1731673923425 0.2 20283392
1731673943563 0.2 20316160
1731673958464 0.2 20320000
1731673985606 0.2 20381696
1731674006169 0.2 20414464
1731674026906 0.2 20447232
1731674047385 0.2 20480000
1731674067543 0.2 20512768
1731674087629 0.2 20545536
1731674107657 0.2 20578304
1731674128322 0.2 20611072
1731674148578 0.2 20640000
1731674169768 0.2 20676608
1731674189725 0.2 20709376
1731674209689 0.2 20742144
1731674229772 0.2 20774912
1731674248706 0.2 20800000
1731674270510 0.2 20840448
1731674290780 0.2 20873216
1731674310598 0.2 20905984
1731674330858 0.2 20938752
1731674348817 0.2 20960000
1731674371163 0.2 21004288
1731674391294 0.2 21037056
1731674411846 0.2 21069824
1731674432473 0.2 21102592
1731674449909 0.2 21120000
1731674473360 0.2 21168128
1731674493328 0.2 21200896
1731674513739 0.2 21233664
1731674534169 0.2 21266432
1731674550717 0.2 21280000
1731674574351 0.2 21331968
1731674594632 0.2 21364736
1731674615202 0.2 21397504
1731674636310 0.2 21430272
1731674653134 0.2 21440000
1731674677843 0.2 21495808
1731674698262 0.2 21528576
1731674718558 0.2 21561344
1731674738542 0.2 21594112
1731674753996 0.2 21600000
1731674780293 0.2 21659648
1731674800436 0.2 21692416
1731674820565 0.2 21725184
1731674841251 0.2 21757952
1731674855454 0.2 21760000
1731674882093 0.2 21823488
1731674902592 0.2 21856256
1731674923073 0.2 21889024
1731674943456 0.2 21920000
1731674964036 0.2 21954560
1731674984506 0.2 21987328
1731675004753 0.2 22020096
1731675024478 0.2 22052864
1731675044592 0.2 22080000
1731675066928 0.2 22118400
1731675087563 0.2 22151168
1731675107728 0.2 22183936
1731675128172 0.2 22216704
1731675146510 0.2 22240000
1731675168961 0.2 22282240
1731675189568 0.2 22315008
1731675209750 0.2 22347776
1731675229877 0.2 22380544
1731675248014 0.2 22400000
1731675271347 0.2 22446080
1731675291571 0.2 22478848
1731675311598 0.2 22511616
1731675332453 0.2 22544384
1731675349788 0.2 22560000
1731675373726 0.2 22609920
1731675394668 0.2 22642688
1731675415411 0.2 22675456
1731675436056 0.2 22708224
1731675452349 0.2 22720000
1731675476797 0.2 22773760
1731675496737 0.2 22806528
1731675517051 0.2 22839296
1731675537321 0.2 22872064
1731675552594 0.2 22880000
1731675577506 0.2 22937600
1731675598369 0.2 22970368
1731675619557 0.2 23003136
1731675640001 0.2 23035904
1731675654770 0.2 23040000
1731675680921 0.2 23101440
1731675701428 0.2 23134208
1731675721785 0.2 23166976
1731675742260 0.2 23199744
1731675756876 0.2 23200000
1731675784646 0.2 23265280
1731675804795 0.2 23298048
1731675824964 0.2 23330816
1731675844992 0.2 23360000
1731675866208 0.2 23396352
1731675886340 0.2 23429120
1731675906494 0.2 23461888
1731675926501 0.2 23494656
1731675945432 0.2 23520000
1731675967032 0.2 23560192
1731675987178 0.2 23592960
1731676007599 0.2 23625728
1731676028373 0.2 23658496
1731676046594 0.2 23680000
1731676068886 0.2 23724032
1731676088999 0.2 23756800
1731676109609 0.2 23789568
1731676130161 0.2 23822336
1731676147732 0.2 23840000
1731676171140 0.2 23887872
1731676191303 0.2 23920640
1731676211555 0.2 23953408
1731676233928 0.2 23986176
1731676250744 0.2 24000000
1731676274623 0.2 24051712
1731676295309 0.2 24084480
1731676315664 0.2 24117248
1731676335998 0.2 24150016
1731676351964 0.2 24160000
1731676377300 0.2 24215552
1731676397630 0.2 24248320
1731676418269 0.2 24281088
1731676438969 0.2 24313856
1731676454235 0.2 24320000
1731676480385 0.2 24379392
1731676501390 0.2 24412160
1731676522447 0.2 24444928
1731676543685 0.2 24477696
1731676558805 0.2 24480000
1731676586703 0.2 24543232
1731676607744 0.2 24576000
1731676627971 0.2 24608768
1731676648540 0.2 24640000
1731676669211 0.2 24674304
1731676690146 0.2 24707072
1731676710210 0.2 24739840
1731676730778 0.2 24772608
1731676750658 0.2 24800000
1731676772704 0.2 24838144
1731676793191 0.2 24870912
1731676812961 0.2 24903680
1731676833375 0.2 24936448
1731676852467 0.2 24960000
1731676874993 0.2 25001984
1731676895175 0.2 25034752
1731676915744 0.2 25067520
1731676935971 0.2 25100288
1731676954265 0.2 25120000
1731676977717 0.2 25165824
1731676998500 0.2 25198592
1731677019126 0.2 25231360
1731677039277 0.2 25264128
1731677056442 0.2 25280000
1731677080906 0.2 25329664
1731677101196 0.2 25362432
1731677121616 0.2 25395200
1731677143577 0.2 25427968
1731677159961 0.2 25440000
1731677184676 0.2 25493504
1731677205319 0.2 25526272
1731677225493 0.2 25559040
1731677245507 0.2 25591808
1731677261306 0.2 25600000
1731677286894 0.2 25657344
1731677307530 0.2 25690112
1731677327790 0.2 25722880
1731677348112 0.2 25755648
1731677363218 0.2 25760000
1731677389932 0.2 25821184
1731677410613 0.2 25853952
1731677430690 0.2 25886720
1731677450525 0.2 25919488
1731677464652 0.2 25920000
1731677491762 0.2 25985024
1731677512230 0.2 26017792
1731677532728 0.2 26050560
1731677552904 0.2 26080000
1731677574395 0.2 26116096
1731677595213 0.2 26148864
1731677615420 0.2 26181632
1731677636509 0.2 26214400
1731677655806 0.2 26240000
1731677677835 0.2 26279936
1731677698552 0.2 26312704
1731677719481 0.2 26345472
1731677739853 0.2 26378240
1731677758177 0.2 26400000
1731677780672 0.2 26443776
1731677800748 0.2 26476544
1731677821252 0.2 26509312
1731677842466 0.2 26542080
1731677861168 0.2 26560000
1731677885265 0.2 26607616
1731677905243 0.2 26640384
1731677925510 0.2 26673152
1731677946300 0.2 26705920
1731677963244 0.2 26720000
1731677988213 0.2 26771456
1731678008774 0.2 26804224
1731678028952 0.2 26836992
1731678049879 0.2 26869760
1731678065939 0.2 26880000
1731678090984 0.2 26935296
1731678110737 0.2 26968064
1731678131458 0.2 27000832
1731678151629 0.2 27033600
1731678166965 0.2 27040000
1731678193065 0.2 27099136
1731678213430 0.2 27131904
1731678233820 0.2 27164672
1731678254597 0.2 27197440
1731678269689 0.2 27200000
1731678297690 0.2 27262976
1731678318095 0.2 27295744
1731678338448 0.2 27328512
1731678359111 0.2 27360000
1731678380126 0.2 27394048
1731678400300 0.2 27426816
1731678420772 0.2 27459584
1731678442377 0.2 27492352
1731678462210 0.2 27520000
1731678485773 0.2 27557888
1731678506600 0.2 27590656
1731678527694 0.2 27623424
1731678548073 0.2 27656192
1731678567035 0.2 27680000
1731678590235 0.2 27721728
1731678609919 0.2 27754496
1731678630267 0.2 27787264
1731678650585 0.2 27820032
1731678668452 0.2 27840000
1731678691745 0.2 27885568
1731678711788 0.2 27918336
1731678731758 0.2 27951104
1731678752278 0.2 27983872
1731678769726 0.2 28000000
1731678794194 0.2 28049408
1731678814376 0.2 28082176
1731678834512 0.2 28114944
1731678855184 0.2 28147712
1731678871762 0.2 28160000
1731678897615 0.2 28213248
1731678919356 0.2 28246016
1731678941009 0.2 28278784
1731678962427 0.2 28311552
1731678979759 0.2 28320000
1731679007155 0.2 28377088
1731679028050 0.2 28409856
1731679048970 0.2 28442624
1731679072097 0.2 28475392
1731679087192 0.2 28480000
1731679114622 0.2 28540928
1731679135910 0.2 28573696
1731679156414 0.2 28606464
1731679176654 0.2 28639232
1731679190792 0.2 28640000
1731679217341 0.2 28704768
1731679238354 0.2 28737536
1731679258844 0.2 28770304
1731679278291 0.2 28800000
1731679300768 0.2 28835840
1731679321028 0.2 28868608
1731679342166 0.2 28901376
1731679363565 0.2 28934144
1731679382829 0.2 28960000
1731679404568 0.2 28999680
1731679424875 0.2 29032448
1731679445152 0.2 29065216
1731679465728 0.2 29097984
1731679484722 0.2 29120000
1731679507799 0.2 29163520
1731679528424 0.2 29196288
1731679549065 0.2 29229056
1731679569393 0.2 29261824
1731679587142 0.2 29280000
1731679611291 0.2 29327360
1731679631925 0.2 29360128
1731679652423 0.2 29392896
1731679673547 0.2 29425664
1731679691491 0.2 29440000
1731679715821 0.2 29491200
1731679735752 0.2 29523968
1731679756207 0.2 29556736
1731679776406 0.2 29589504
1731679792382 0.2 29600000
1731679817036 0.2 29655040
1731679837418 0.2 29687808
1731679858278 0.2 29720576
1731679879133 0.2 29753344
1731679894721 0.2 29760000
1731679920550 0.2 29818880
1731679940873 0.2 29851648
1731679960906 0.2 29884416
1731679981158 0.2 29917184
1731679995691 0.2 29920000
1731680021717 0.2 29982720
1731680042113 0.2 30015488
1731680062470 0.2 30048256
1731680083105 0.2 30080000
1731680104571 0.2 30113792
1731680124333 0.2 30146560
1731680144992 0.2 30179328
1731680165386 0.2 30212096
1731680185444 0.2 30240000
1731680208141 0.2 30277632
1731680228698 0.2 30310400
1731680248924 0.2 30343168
1731680269554 0.2 30375936
1731680288360 0.2 30400000
1731680311346 0.2 30441472
1731680331476 0.2 30474240
1731680351901 0.2 30507008
1731680372077 0.2 30539776
1731680389855 0.2 30560000
1731680413031 0.2 30605312
1731680433425 0.2 30638080
1731680454002 0.2 30670848
1731680474339 0.2 30703616
1731680491470 0.2 30720000
1731680515471 0.2 30769152
1731680535787 0.2 30801920
1731680555997 0.2 30834688
1731680576536 0.2 30867456
1731680593272 0.2 30880000
1731680618256 0.2 30932992
1731680638903 0.2 30965760
1731680659647 0.2 30998528
1731680680511 0.2 31031296
1731680697209 0.2 31040000
1731680723180 0.2 31096832
1731680743357 0.2 31129600
1731680764389 0.2 31162368
1731680785831 0.2 31195136
1731680800771 0.2 31200000
1731680826617 0.2 31260672
1731680847137 0.2 31293440
1731680869663 0.2 31326208
1731680890400 0.2 31358976
1731680904418 0.2 31360000
1731680931167 0.2 31424512
1731680951870 0.2 31457280
1731680972488 0.2 31490048
1731680992750 0.2 31520000
1731681015850 0.2 31555584
1731681036041 0.2 31588352
1731681056147 0.2 31621120
1731681076202 0.2 31653888
1731681095725 0.2 31680000
1731681117868 0.2 31719424
1731681138757 0.2 31752192
1731681159047 0.2 31784960
1731681179514 0.2 31817728
1731681198073 0.2 31840000
1731681220791 0.2 31883264
1731681241008 0.2 31916032
1731681261705 0.2 31948800
1731681282474 0.2 31981568
1731681300182 0.2 32000000
1731681324003 0.2 32047104
1731681345039 0.2 32079872
1731681365967 0.2 32112640
1731681387815 0.2 32145408
1731681404521 0.2 32160000
