1731660390996 -3.392440086370334 65536
1731660412196 -3.3768529324326666 98304
1731660433876 -3.3636627234052865 131072
1731660455509 -3.350657799560577 160000
1731660479353 -3.3365104880183933 196608
1731660500863 -3.3191356129013 229376
1731660522734 -3.298382684914395 262144
1731660544595 -3.276393128512427 294912
1731660564773 -3.2520139412488787 320000
1731660588121 -3.2239767438266425 360448
1731660609269 -3.18656311519444 393216
1731660632529 -3.1579899353906513 425984
1731660654742 -3.1239457025192676 458752
1731660675000 -3.0862737402319906 480000
1731660701155 -3.04526124172844 524288
1731660722867 -2.9985904940404 557056
1731660744831 -2.9629542729351668 589824
1731660766964 -2.921217245608568 622592
1731660786283 -2.862765160249546 640000
1731660812430 -2.8064720429945735 688128
1731660835374 -2.740682932641357 720896
1731660857805 -2.679750845814124 753664
1731660879103 -2.606029004883021 786432
1731660897700 -2.5285807151347397 800000
1731660925815 -2.4565474688541142 851968
1731660948165 -2.4026595114264637 884736
1731660971287 -2.3392096882220357 917504
1731660994672 -2.260958353523165 950272
1731661013309 -2.2096117748413233 960000
1731661041440 -2.130654278723523 1015808
1731661064218 -2.0810272871749476 1048576
1731661087272 -2.0324412021785974 1081344
1731661109555 -1.943338373466395 1114112
1731661126769 -1.8839168338803574 1120000
1731661156268 -1.812786651425995 1179648
1731661177888 -1.7378527923487126 1212416
1731661199611 -1.6628806763561443 1245184
1731661224910 -1.5981627850560471 1277952
1731661241797 -1.5254109907895326 1280000
1731661270889 -1.4709707141621038 1343488
1731661294707 -1.4070011512842029 1376256
1731661317726 -1.3665438785217703 1409024
1731661340776 -1.314547931146808 1440000
1731661365104 -1.2755787706235424 1474560
1731661387359 -1.2191565302200615 1507328
1731661409165 -1.1858895544311963 1540096
1731661430760 -1.1552256850991398 1572864
1731661451761 -1.1168340827338397 1600000
1731661474896 -1.0880179107305594 1638400
1731661496739 -1.0570790756843054 1671168
1731661517766 -1.0297230984200723 1703936
1731661538542 -0.9998457741341553 1736704
1731661558438 -0.9834910426288843 1760000
1731661583237 -0.9686999436584302 1802240
1731661606816 -0.9516375477891416 1835008
1731661629100 -0.9382285305298865 1867776
1731661651436 -0.9088211372611112 1900544
1731661670350 -0.9015155974426307 1920000
1731661695959 -0.8840139006148092 1966080
1731661718625 -0.8658459375146776 1998848
1731661740467 -0.8459940954577178 2031616
1731661762477 -0.8331245170440524 2064384
1731661780969 -0.8219716978725046 2080000
1731661807104 -0.8179734130506404 2129920
1731661828375 -0.7956624684738927 2162688
1731661850186 -0.7903147052507847 2195456
1731661872244 -0.7809565621777438 2228224
1731661889733 -0.7725578418117948 2240000
1731661917645 -0.7591087851440534 2293760
1731661941373 -0.7479251633398235 2326528
1731661964267 -0.7411494858330115 2359296
1731661986581 -0.7334100987645797 2392064
1731662003912 -0.7246532568649855 2400000
1731662032629 -0.71959362156922 2457600
1731662055339 -0.7094814750365913 2490368
1731662077583 -0.7087140569579787 2523136
1731662101066 -0.6991956961282995 2555904
1731662118181 -0.6927914803440217 2560000
1731662147715 -0.6763142033829354 2621440
1731662170337 -0.6752067380351946 2654208
1731662193147 -0.6601003571122419 2686976
1731662215983 -0.6647496954130474 2719744
1731662231403 -0.6580650401476305 2720000
1731662262449 -0.6506179618707393 2785280
1731662285319 -0.6429531419998966 2818048
1731662308215 -0.641775223845616 2850816
1731662330749 -0.6384249108203222 2880000
1731662354204 -0.6286028408969286 2916352
1731662376179 -0.6233187721576542 2949120
1731662398317 -0.6040988904191181 2981888
1731662420182 -0.6080133031238801 3014656
1731662441005 -0.6048645201663021 3040000
1731662465589 -0.6085646752268076 3080192
1731662487772 -0.6020667592936662 3112960
1731662511500 -0.5935102328192443 3145728
1731662534546 -0.5836214875336736 3178496
1731662555070 -0.5769147642829922 3200000
1731662580421 -0.5746717633563094 3244032
1731662603085 -0.5668641700700391 3276800
1731662626178 -0.5649368303071242 3309568
1731662647686 -0.5534978762618266 3342336
1731662666606 -0.551883314846782 3360000
1731662692444 -0.5479604598658625 3407872
1731662714506 -0.5439201418892481 3440640
1731662734799 -0.5392089715460315 3473408
1731662755595 -0.5321494921983685 3506176
1731662773274 -0.5353749376779888 3520000
1731662800767 -0.5311260965128894 3571712
1731662825689 -0.5286523870425299 3604480
1731662848025 -0.5162100378714968 3637248
1731662870409 -0.5174145822646097 3670016
1731662887779 -0.5148822529881727 3680000
1731662915012 -0.5156800050812308 3735552
1731662937146 -0.506757907330757 3768320
1731662958393 -0.4950976642605383 3801088
1731662980858 -0.5013824539142661 3833856
1731662997702 -0.500084409234114 3840000
1731663026093 -0.4968913625460118 3899392
1731663047737 -0.49177450583083554 3932160
1731663068893 -0.48913240361143834 3964928
1731663091515 -0.4856663647282403 3997696
1731663107141 -0.47791339737013916 4000000
1731663135504 -0.47743043128284623 4063232
1731663158459 -0.48116011695819905 4096000
1731663179902 -0.4725289246707689 4128768
1731663201661 -0.4766340534144547 4160000
1731663224512 -0.47770334903616457 4194304
1731663246963 -0.4785091271565761 4227072
1731663268476 -0.46764845626312307 4259840
1731663290538 -0.47237103364313954 4292608
1731663311425 -0.4592553238675464 4320000
1731663335600 -0.46461724970722573 4358144
1731663357687 -0.46556483314489017 4390912
1731663379620 -0.45566096995025873 4423680
1731663401557 -0.4548685672460124 4456448
1731663420926 -0.4583898286568001 4480000
1731663445321 -0.4519388532935409 4521984
1731663467793 -0.4465034715947695 4554752
1731663490265 -0.44698513399926015 4587520
1731663512580 -0.4472517867747229 4620288
1731663531566 -0.4480773285409668 4640000
1731663557412 -0.4419256396300625 4685824
1731663579378 -0.4362536837987136 4718592
1731663601811 -0.4339330087066628 4751360
1731663625177 -0.4346927354519721 4784128
1731663644573 -0.4308442391222343 4800000
1731663672345 -0.42674263269291257 4849664
1731663695005 -0.4257260873913765 4882432
1731663717824 -0.42509334399946963 4915200
1731663740690 -0.42198053384781814 4947968
1731663759713 -0.4173657555395039 4960000
1731663788151 -0.415369882187224 5013504
1731663811268 -0.4230531174194766 5046272
1731663833618 -0.42332568107522095 5079040
1731663855867 -0.4232460604456719 5111808
1731663872936 -0.42066918399359565 5120000
1731663902182 -0.4175130352959968 5177344
1731663925376 -0.42000709170824846 5210112
1731663948474 -0.42083316506177654 5242880
1731663970850 -0.41198306137521284 5275648
1731663986883 -0.4117090523766819 5280000
1731664015403 -0.40517840219836215 5341184
1731664037887 -0.4082135604170617 5373952
1731664060356 -0.4081752730824519 5406720
1731664082696 -0.40373492299986535 5439488
1731664097810 -0.3974531331943581 5440000
1731664127540 -0.39901944616867696 5505024
1731664149389 -0.4027582496870309 5537792
1731664171666 -0.39968282233458013 5570560
1731664193869 -0.400950800528517 5600000
1731664217309 -0.4041302635218017 5636096
1731664238955 -0.4007113375235349 5668864
1731664261223 -0.3996900972269941 5701632
1731664284305 -0.4015924547216855 5734400
1731664306025 -0.39281654833757784 5760000
1731664329864 -0.398537016811315 5799936
1731664351120 -0.3972831007151399 5832704
1731664373855 -0.39489980987855233 5865472
1731664395375 -0.3942546839971328 5898240
1731664414510 -0.3938600340596167 5920000
1731664438133 -0.3914040523202857 5963776
1731664459679 -0.38994569992646577 5996544
1731664481783 -0.3866084157343721 6029312
1731664503924 -0.38255011684086637 6062080
1731664522975 -0.3840745792258531 6080000
1731664548270 -0.3809533750056289 6127616
1731664569812 -0.38265196383872535 6160384
1731664591643 -0.3844010620348854 6193152
1731664613945 -0.380043575464515 6225920
1731664631824 -0.3834727058419958 6240000
1731664658550 -0.37767996885522737 6291456
1731664681619 -0.37885697873716706 6324224
1731664703493 -0.373805141102639 6356992
1731664725649 -0.37551877022197006 6389760
1731664743027 -0.3753478259546682 6400000
1731664771278 -0.37470865754876287 6455296
1731664793711 -0.37990223490050995 6488064
1731664817726 -0.37664463808760046 6520832
1731664840379 -0.36922971701133067 6553600
1731664857512 -0.37184463738813067 6560000
1731664886967 -0.36868479171535 6619136
1731664909794 -0.3688794646441238 6651904
1731664933181 -0.36738128621364013 6684672
1731664956363 -0.3621326610009419 6717440
1731664972179 -0.36987031566386575 6720000
1731665001194 -0.3617311921843793 6782976
1731665024126 -0.3654980734747369 6815744
1731665047674 -0.3590820166602498 6848512
1731665069809 -0.35695985398779156 6880000
1731665092581 -0.36435358512680976 6914048
1731665114472 -0.3577476766717155 6946816
1731665137142 -0.352797918554279 6979584
1731665159452 -0.35671222232631405 7012352
1731665180424 -0.36232588708517144 7040000
1731665203975 -0.35961934725637545 7077888
1731665225344 -0.3601696718396852 7110656
1731665247814 -0.3556664884206839 7143424
1731665271599 -0.35807812910934445 7176192
1731665293363 -0.35508016107487494 7200000
1731665317982 -0.35200390554673505 7241728
1731665339890 -0.36122158367361407 7274496
1731665361585 -0.35478196206677237 7307264
1731665383764 -0.34879891541495456 7340032
1731665402998 -0.35666998254309873 7360000
1731665428538 -0.349677103877184 7405568
1731665451200 -0.3475421512062894 7438336
1731665472038 -0.3498034699441632 7471104
1731665493522 -0.3475113372434862 7503872
1731665511279 -0.34869212938647254 7520000
1731665534878 -0.35172836779092903 7569408
1731665556997 -0.35221122958464546 7602176
1731665579498 -0.3448035553650698 7634944
1731665601934 -0.345236768462928 7667712
1731665620017 -0.34312534516502635 7680000
1731665646563 -0.3434549316938501 7733248
1731665669589 -0.33828464465623254 7766016
1731665692723 -0.33981755787099244 7798784
1731665714868 -0.3384331457142252 7831552
1731665731908 -0.33780436926463153 7840000
1731665759491 -0.3449195212160703 7897088
1731665780978 -0.3415552178485086 7929856
1731665801439 -0.3408487926819362 7962624
1731665821870 -0.3375350638205418 7995392
1731665837579 -0.33686527505342384 8000000
1731665867503 -0.3366573378472822 8060928
1731665890174 -0.3374573448789306 8093696
1731665912489 -0.33925562863005326 8126464
1731665934954 -0.33614520575210916 8159232
1731665949672 -0.3367833228519885 8160000
1731665979754 -0.3367564105981728 8224768
1731666001588 -0.3329125981777906 8257536
1731666023997 -0.3335880059952615 8290304
1731666046024 -0.33833840643346774 8320000
1731666068597 -0.33672455672349316 8355840
1731666090861 -0.3365060216456186 8388608
1731666113647 -0.33770409294229464 8421376
1731666136442 -0.33507250585244036 8454144
1731666157816 -0.33487958753539715 8480000
1731666181613 -0.332232816866599 8519680
1731666204145 -0.3323884994053515 8552448
1731666225583 -0.3273034677666146 8585216
1731666247223 -0.32589357713295614 8617984
1731666266526 -0.32545702636707574 8640000
1731666290575 -0.32879717015312054 8683520
1731666312527 -0.32334650062257425 8716288
1731666335315 -0.3274432960693957 8749056
1731666357867 -0.3305697875679471 8781824
1731666377002 -0.33211070878314786 8800000
1731666402463 -0.32843461705197113 8847360
1731666425428 -0.3257129808858735 8880128
1731666447700 -0.3219821321516065 8912896
1731666469775 -0.32697115436021706 8945664
1731666488169 -0.32831465709314217 8960000
1731666515246 -0.3245612027239986 9011200
1731666537708 -0.32387043560738676 9043968
1731666560713 -0.3217294604372 9076736
1731666583181 -0.32222731883521194 9109504
1731666600426 -0.31973030329972973 9120000
1731666629072 -0.3222360867599491 9175040
1731666651070 -0.315008453433984 9207808
1731666672872 -0.3160349610436242 9240576
1731666695934 -0.315717021850287 9273344
1731666711598 -0.3136180640285602 9280000
1731666740211 -0.31621335237286985 9338880
1731666762087 -0.31652374552795665 9371648
1731666783616 -0.31519073239178397 9404416
1731666806537 -0.316484335574205 9437184
1731666822007 -0.3229913007788127 9440000
1731666851615 -0.3222583349182969 9502720
1731666874748 -0.31507756511564367 9535488
1731666896929 -0.3213803598744562 9568256
1731666918173 -0.32169626294635234 9600000
1731666940135 -0.3140434848843142 9633792
1731666961787 -0.3161785928503377 9666560
1731666982582 -0.312840130191762 9699328
1731667002615 -0.3195755312859546 9732096
1731667024130 -0.3151083789678523 9760000
1731667048727 -0.3204112282663118 9797632
1731667070078 -0.31518165945308285 9830400
1731667093223 -0.30980073657119644 9863168
1731667116701 -0.311088187477435 9895936
1731667137339 -0.3127353015122935 9920000
1731667162288 -0.31099789965956004 9961472
1731667184942 -0.3090651774255093 9994240
1731667207033 -0.30777715440199244 10027008
1731667229319 -0.3127719794632867 10059776
1731667248859 -0.31330296052037737 10080000
1731667272835 -0.31215565630991476 10125312
1731667293438 -0.3100429369369522 10158080
1731667314397 -0.30695219195331447 10190848
1731667336301 -0.3136289035814116 10223616
1731667355785 -0.3127405554521829 10240000
1731667383283 -0.3117126500612358 10289152
1731667406715 -0.3069393436424434 10321920
1731667429587 -0.3058564965467667 10354688
1731667451606 -0.3088048886274919 10387456
1731667469435 -0.3032193410443142 10400000
1731667497810 -0.30525626860326155 10452992
1731667520705 -0.30858564074733297 10485760
1731667542668 -0.306933486397611 10518528
1731667564895 -0.31237395062635187 10551296
1731667581728 -0.3079851537186187 10560000
1731667610268 -0.30778923731995744 10616832
1731667632361 -0.3125721729331417 10649600
1731667654560 -0.3074789662612602 10682368
1731667675825 -0.3112632987555116 10715136
1731667691810 -0.30607501506456175 10720000
1731667720406 -0.30452700939786154 10780672
1731667741947 -0.31179803795239425 10813440
1731667764082 -0.3049998763279291 10846208
1731667786208 -0.30416413516213653 10878976
1731667801347 -0.30282222819223537 10880000
1731667831327 -0.3126958162029041 10944512
1731667853526 -0.30757081671326886 10977280
1731667875794 -0.3050492049922468 11010048
1731667897291 -0.30742798817227596 11040000
1731667919143 -0.30802119842846876 11075584
1731667941746 -0.30589974944596177 11108352
1731667963538 -0.3069658425025409 11141120
1731667986439 -0.3015652951406082 11173888
1731668007039 -0.30536708111467303 11200000
1731668031037 -0.3001280856464291 11239424
1731668053789 -0.31129938043886796 11272192
1731668076587 -0.30404564730997663 11304960
1731668099187 -0.306512377562467 11337728
1731668119032 -0.3086281933065038 11360000
1731668144417 -0.3018696427112445 11403264
1731668166716 -0.30592750513460487 11436032
1731668188817 -0.30537190818286036 11468800
1731668210948 -0.3048763593251351 11501568
1731668229915 -0.3001700527500361 11520000
1731668256799 -0.29731176726636477 11567104
1731668279762 -0.3034050964197377 11599872
1731668302797 -0.3030687030986883 11632640
1731668326682 -0.30047163961280604 11665408
1731668345221 -0.2975253457989311 11680000
1731668372323 -0.2986487109243171 11730944
1731668395073 -0.30195286020461937 11763712
1731668416984 -0.30364071249496194 11796480
1731668438073 -0.30223882455029527 11829248
1731668454915 -0.30463241539837327 11840000
1731668481414 -0.3037387001415482 11894784
1731668504900 -0.2964927306398749 11927552
1731668525633 -0.2946669525044854 11960320
1731668547987 -0.2966893721400993 11993088
1731668565067 -0.2977061030222103 12000000
1731668595205 -0.30004101899685337 12058624
1731668618097 -0.302696001593722 12091392
1731668640919 -0.2993219223368214 12124160
1731668665115 -0.3009454508777708 12156928
1731668681295 -0.29634985881857573 12160000
1731668710199 -0.2999007498059655 12222464
1731668732349 -0.30317223861347886 12255232
1731668754175 -0.2938590848498279 12288000
1731668775493 -0.2957599347515497 12320000
1731668797912 -0.2917352572258096 12353536
1731668820476 -0.29387055687839164 12386304
1731668842095 -0.29296004937205 12419072
1731668865095 -0.29640204802853987 12451840
1731668886371 -0.29779782804253047 12480000
1731668910300 -0.2984946500218939 12517376
1731668933361 -0.29387417957768774 12550144
1731668955870 -0.29697789169440514 12582912
1731668978361 -0.2949549771117745 12615680
1731668999235 -0.29293632621120197 12640000
1731669026467 -0.28940209141292145 12681216
1731669049159 -0.2910108935262542 12713984
1731669072312 -0.2974240273993928 12746752
1731669098375 -0.2950741179374745 12779520
1731669118161 -0.293222277003224 12800000
1731669144579 -0.28683090923877896 12845056
1731669168487 -0.29167493600107264 12877824
1731669192450 -0.2958606384956511 12910592
1731669216324 -0.29474134150659664 12943360
1731669235879 -0.2907094627909828 12960000
1731669263491 -0.2981815397914033 13008896
1731669286192 -0.2911305525631178 13041664
1731669309548 -0.2908091834920924 13074432
1731669333548 -0.2972058837302029 13107200
1731669351457 -0.2971860840480076 13120000
1731669381389 -0.2963531456247438 13172736
1731669404742 -0.2938683196232887 13205504
1731669426842 -0.2912576102360617 13238272
1731669449352 -0.29087213572347537 13271040
1731669467214 -0.29595735112088734 13280000
1731669496173 -0.29338811401394194 13336576
1731669520475 -0.2946277685608948 13369344
1731669543272 -0.29241403306659774 13402112
1731669565593 -0.29262927047675474 13434880
1731669582386 -0.2933122471964452 13440000
1731669614068 -0.29194134409190153 13500416
1731669637414 -0.2906437019119039 13533184
1731669660138 -0.2897532470728038 13565952
1731669683651 -0.2917711511749076 13598720
1731669699507 -0.2896843351831194 13600000
1731669730552 -0.2945020619867137 13664256
1731669753636 -0.2919077678088797 13697024
1731669779183 -0.2924716922163498 13729792
1731669801654 -0.293882429835503 13760000
1731669826139 -0.29066643462865616 13795328
1731669849274 -0.29495164498512166 13828096
1731669872424 -0.29059035487734947 13860864
1731669894134 -0.28966608851915226 13893632
1731669913584 -0.2932836030086037 13920000
1731669936184 -0.2919990619615419 13959168
1731669957036 -0.29169409006717617 13991936
1731669977640 -0.29055171271029395 14024704
1731669998379 -0.2930967504478758 14057472
1731670017238 -0.29699260276393036 14080000
1731670041387 -0.2978562600328587 14123008
1731670062778 -0.2965585070865927 14155776
1731670083613 -0.2911710792250233 14188544
1731670104559 -0.2916260394413257 14221312
1731670122589 -0.2868794999085367 14240000
1731670146492 -0.28960001494560855 14286848
1731670167713 -0.2865543728359626 14319616
1731670189118 -0.28753266677376815 14352384
1731670210451 -0.2878446841641562 14385152
1731670227855 -0.2885665400972357 14400000
1731670252439 -0.2820117805356858 14450688
1731670273443 -0.2812106754805427 14483456
1731670294582 -0.2789624723576708 14516224
1731670315464 -0.2822039875201881 14548992
1731670331912 -0.27441407760343284 14560000
1731670358092 -0.28385845471930227 14614528
1731670378850 -0.2833941086602863 14647296
1731670399529 -0.2787669535115128 14680064
1731670420396 -0.2845407451677602 14712832
1731670436534 -0.28601294172985947 14720000
1731670463511 -0.28498597201542 14778368
1731670484291 -0.28254636090132407 14811136
1731670505292 -0.2816519785352284 14843904
1731670525976 -0.2847741214820417 14876672
1731670540874 -0.2862681885802886 14880000
1731670568224 -0.2855547477520304 14942208
1731670589150 -0.2903939602576429 14974976
1731670610809 -0.2860282549750991 15007744
1731670631516 -0.2839091308240313 15040000
1731670653303 -0.28622645309369543 15073280
1731670673926 -0.2830451578774955 15106048
1731670695249 -0.28762226347316755 15138816
1731670716702 -0.2811702876759227 15171584
1731670736746 -0.28029275677690746 15200000
1731670758719 -0.2795448937220499 15237120
1731670779252 -0.27844707658223344 15269888
1731670800061 -0.27757568735687527 15302656
1731670820473 -0.273757313171518 15335424
1731670839367 -0.2817612576065585 15360000
1731670861745 -0.27182841106841804 15400960
1731670881464 -0.2791862561687594 15433728
1731670902106 -0.27770533569564576 15466496
1731670922476 -0.27460341193364 15499264
1731670940528 -0.27360443913785276 15520000
1731670962996 -0.2731091471869149 15564800
1731670982982 -0.27418639933748634 15597568
1731671002895 -0.27768723061890344 15630336
1731671023231 -0.273627545076306 15663104
1731671040614 -0.27280122856609523 15680000
1731671064524 -0.2745770628011087 15728640
1731671084783 -0.2675525229627965 15761408
1731671104983 -0.27652124610031026 15794176
1731671124826 -0.2736553776805522 15826944
1731671141313 -0.27286734599911144 15840000
1731671165483 -0.2745748121989891 15892480
1731671185963 -0.27587734698900024 15925248
1731671206190 -0.2643278924602782 15958016
1731671226622 -0.27164536819036583 15990784
1731671242052 -0.2713667502539465 16000000
1731671266964 -0.26988218693295496 16056320
1731671287952 -0.26426062327518596 16089088
1731671309327 -0.26394072627590504 16121856
1731671330087 -0.2681151829630835 16154624
1731671345458 -0.2700568909815047 16160000
1731671372252 -0.27095649817347295 16220160
1731671393210 -0.26967452102107925 16252928
1731671413296 -0.27175460429280063 16285696
1731671433560 -0.26744839890452565 16318464
1731671447896 -0.27114872427191583 16320000
1731671475284 -0.28032169757934755 16384000
1731671495930 -0.27210595846700014 16416768
1731671516684 -0.26882801090250724 16449536
1731671536969 -0.27395157766441114 16480000
1731671558330 -0.27452009328408167 16515072
1731671578649 -0.2753229544818169 16547840
1731671599100 -0.2747734981850954 16580608
1731671619828 -0.27399481015163474 16613376
1731671639800 -0.27937409640289845 16640000
1731671662320 -0.2763065368388197 16678912
1731671683161 -0.2813719339610543 16711680
1731671702923 -0.2752539105102187 16744448
1731671723178 -0.27752995607443154 16777216
1731671741914 -0.27436344675370494 16800000
1731671764615 -0.2732731121010147 16842752
1731671785053 -0.28005708669079465 16875520
1731671805562 -0.27188254553766456 16908288
1731671825356 -0.27313251965970264 16941056
1731671842617 -0.2773215092893224 16960000
1731671866702 -0.2737544185947627 17006592
1731671887130 -0.26557050211413297 17039360
1731671907359 -0.2683943520692992 17072128
1731671927842 -0.27101630432589446 17104896
1731671944813 -0.26891739953134675 17120000
1731671968998 -0.2717356844979804 17170432
1731671989468 -0.2775746267812792 17203200
1731672010063 -0.27416237703873775 17235968
1731672030674 -0.27496431925101206 17268736
1731672046915 -0.27366224671714007 17280000
1731672071583 -0.27574200582894265 17334272
1731672091664 -0.2730249272077344 17367040
1731672111764 -0.27714163615892173 17399808
1731672132258 -0.27077757642691724 17432576
1731672147866 -0.2713417237304384 17440000
1731672173272 -0.2779101557971444 17498112
1731672193026 -0.27794340912951154 17530880
1731672212999 -0.2730934775288915 17563648
1731672232931 -0.2725189739372581 17596416
1731672247517 -0.2709303198789712 17600000
1731672273814 -0.27469331910833716 17661952
1731672294630 -0.2694549205771182 17694720
1731672315016 -0.2726765872241231 17727488
1731672335548 -0.2706550186645472 17760000
1731672356031 -0.26682303033594507 17793024
1731672376359 -0.2715701982146129 17825792
1731672396848 -0.26084063503803917 17858560
1731672418047 -0.2643171533141867 17891328
1731672438290 -0.2664762025233358 17920000
1731672459818 -0.267285818097298 17956864
1731672480347 -0.26780199907661884 17989632
1731672500722 -0.27133872971171513 18022400
1731672521082 -0.2709932541140006 18055168
1731672540535 -0.26846935446665154 18080000
1731672563256 -0.2692706777044805 18120704
1731672583903 -0.27082252759719266 18153472
1731672604580 -0.2692071643890813 18186240
1731672625482 -0.2679908835358219 18219008
1731672643788 -0.2628209431801224 18240000
1731672667225 -0.2691024002677295 18284544
1731672687575 -0.26553624262014636 18317312
1731672708513 -0.27092847377061846 18350080
1731672729166 -0.27140839595813304 18382848
1731672746821 -0.27267896787816426 18400000
1731672770991 -0.26782790835713965 18448384
1731672791206 -0.2677863851786242 18481152
1731672811629 -0.26882852050475775 18513920
1731672832041 -0.266799679165706 18546688
1731672848591 -0.2670141493261326 18560000
1731672872346 -0.2689827680820599 18612224
1731672893139 -0.2719950007623993 18644992
1731672913758 -0.2700832945323782 18677760
1731672933788 -0.26692560873925686 18710528
1731672949744 -0.27737730640074004 18720000
1731672974627 -0.274927965720417 18776064
1731672994662 -0.27775520260620395 18808832
1731673015780 -0.2757621436874615 18841600
1731673036850 -0.27610546517680634 18874368
1731673052499 -0.2735645255714189 18880000
1731673078975 -0.272663556371117 18939904
1731673099664 -0.2739123715087771 18972672
1731673120012 -0.27597705367952585 19005440
1731673140281 -0.2734526245185407 19038208
1731673154661 -0.2801423502445687 19040000
1731673182393 -0.27268847375526095 19103744
1731673202796 -0.27611065039527605 19136512
1731673223329 -0.27331213299476076 19169280
1731673243172 -0.2745008688129019 19200000
1731673264062 -0.2675262695469428 19234816
1731673284706 -0.27237458185700236 19267584
1731673304860 -0.2688277715991717 19300352
1731673325261 -0.2687431750760879 19333120
1731673345188 -0.26995037860178855 19360000
1731673367380 -0.26500209330115465 19398656
1731673387478 -0.27728750722890255 19431424
1731673407154 -0.2707258292735787 19464192
1731673427255 -0.27090986332914324 19496960
1731673446105 -0.26678663640050215 19520000
1731673468521 -0.26663923129963224 19562496
1731673489782 -0.26854901779734064 19595264
1731673510388 -0.26912365983007475 19628032
1731673530478 -0.2666311769266031 19660800
1731673548260 -0.2702723568858346 19680000
1731673571461 -0.27146982845151796 19726336
1731673592913 -0.2679441849293653 19759104
1731673614147 -0.26747345675394174 19791872
1731673634076 -0.27213785849744454 19824640
1731673651254 -0.2696532073430717 19840000
1731673675776 -0.27108103907085024 19890176
1731673696725 -0.27393003596371274 19922944
1731673718210 -0.2696288073260803 19955712
1731673739457 -0.2699241537105991 19988480
1731673755966 -0.2669429232526454 20000000
1731673781133 -0.26309432612906675 20054016
1731673801686 -0.27235133486101404 20086784
1731673821631 -0.2660023108619498 20119552
1731673841769 -0.2656440463120816 20152320
1731673857246 -0.26628337867441587 20160000
1731673882127 -0.2668806628091261 20217856
1731673902819 -0.2654771438392345 20250624
1731673923444 -0.2670699654059717 20283392
1731673943611 -0.2643488931149477 20316160
1731673958481 -0.26256160124903544 20320000
1731673985638 -0.26627275272330736 20381696
1731674006190 -0.268223887856584 20414464
1731674026950 -0.26112891556404066 20447232
1731674047398 -0.2615727801152389 20480000
1731674067553 -0.25741536387940867 20512768
1731674087637 -0.2620901606162079 20545536
1731674107670 -0.2671063653717283 20578304
1731674128349 -0.26097980690537953 20611072
1731674148603 -0.2574839980065008 20640000
1731674169789 -0.2585291553783463 20676608
1731674189739 -0.2626927603065269 20709376
1731674209711 -0.2610568672404042 20742144
1731674229789 -0.25846367277408716 20774912
1731674248717 -0.2587214638362639 20800000
1731674270531 -0.2558357877511298 20840448
1731674290796 -0.2644070182359428 20873216
1731674310607 -0.256712604999484 20905984
1731674330869 -0.2537853587491554 20938752
1731674348830 -0.2547477426225669 20960000
1731674371186 -0.25362435114802795 21004288
1731674391376 -0.26086904245894404 21037056
1731674411903 -0.2559538969639107 21069824
1731674432490 -0.25951138669915963 21102592
1731674449921 -0.2603937426843913 21120000
1731674473397 -0.2539708706230158 21168128
1731674493345 -0.25628119842731395 21200896
1731674513754 -0.25414863097539636 21233664
1731674534185 -0.25370755658077543 21266432
1731674550726 -0.2524342330361833 21280000
1731674574383 -0.25345708589738936 21331968
1731674594682 -0.2504690689078416 21364736
1731674615274 -0.2543572335533099 21397504
1731674636435 -0.25614805484947284 21430272
1731674653150 -0.25411846734932625 21440000
1731674677856 -0.2530681055126479 21495808
1731674698301 -0.2558849469583947 21528576
1731674718570 -0.2548648196010618 21561344
1731674738599 -0.25051799557550114 21594112
1731674754013 -0.25440528417238967 21600000
1731674780320 -0.25798681615124225 21659648
1731674800449 -0.2572727435210254 21692416
1731674820616 -0.2561086349902325 21725184
1731674841266 -0.2558576536961482 21757952
1731674855463 -0.2528727865428664 21760000
1731674882105 -0.2572542912850622 21823488
1731674902676 -0.2533619812427787 21856256
1731674923089 -0.2530999334165244 21889024
1731674943477 -0.2499240784018184 21920000
1731674964073 -0.24408465845626778 21954560
1731674984551 -0.24500116441922729 21987328
1731675004762 -0.24732575549569447 22020096
1731675024490 -0.24420630365930265 22052864
1731675044617 -0.25008629372459834 22080000
1731675066945 -0.2486777456375421 22118400
1731675087582 -0.2514523319157888 22151168
1731675107766 -0.24987496487738098 22183936
1731675128186 -0.2509987008088501 22216704
1731675146530 -0.2502492015264579 22240000
1731675168985 -0.2516327812365489 22282240
1731675189617 -0.25391370113211453 22315008
1731675209779 -0.2532579888706096 22347776
1731675229890 -0.2535191040398786 22380544
1731675248042 -0.2545028893626295 22400000
1731675271382 -0.2575859446704271 22446080
1731675291591 -0.25539301058743147 22478848
1731675311609 -0.25581306100211804 22511616
1731675332506 -0.25256848925928355 22544384
1731675349811 -0.2535026714889682 22560000
1731675373737 -0.2548962797707645 22609920
1731675394698 -0.2518851471380913 22642688
1731675415429 -0.2539326961894403 22675456
1731675436083 -0.2546078555926215 22708224
1731675452370 -0.2506944722525077 22720000
1731675476812 -0.25195593243988695 22773760
1731675496761 -0.25201313564029987 22806528
1731675517068 -0.25715598017995944 22839296
1731675537332 -0.2540959306323202 22872064
1731675552638 -0.26262910871446365 22880000
1731675577519 -0.259926010586787 22937600
1731675598442 -0.26242927128914745 22970368
1731675619583 -0.25629104389372515 23003136
1731675640013 -0.2563749945606105 23035904
1731675654787 -0.2519354570918949 23040000
1731675680954 -0.2560368056889274 23101440
1731675701445 -0.25846890951361273 23134208
1731675721938 -0.25579758461972235 23166976
1731675742303 -0.25822159038070824 23199744
1731675756895 -0.2561615444472409 23200000
1731675784659 -0.25374529385589994 23265280
1731675804831 -0.25338663601432926 23298048
1731675824972 -0.2564177980646491 23330816
1731675845000 -0.2521629163005855 23360000
1731675866235 -0.26124313069449273 23396352
1731675886371 -0.2594564676110167 23429120
1731675906510 -0.2629451885266462 23461888
1731675926527 -0.25439358486037233 23494656
1731675945446 -0.2564574998032185 23520000
1731675967047 -0.25761519329826116 23560192
1731675987216 -0.2559708557877457 23592960
1731676007645 -0.2614115996053442 23625728
1731676028411 -0.2587903257488506 23658496
1731676046607 -0.25414741253480316 23680000
1731676068929 -0.2569981735214242 23724032
1731676089037 -0.2592612277279841 23756800
1731676109639 -0.2616173459304264 23789568
1731676130178 -0.26296682514075653 23822336
1731676147744 -0.2616443880600855 23840000
1731676171158 -0.26192780379205943 23887872
1731676191323 -0.25581703381758414 23920640
1731676211568 -0.25711205722473096 23953408
1731676233971 -0.25649754066253083 23986176
1731676250756 -0.25188189586915544 24000000
1731676274728 -0.2564750928257126 24051712
1731676295373 -0.25719608152576257 24084480
1731676315701 -0.2548584182135528 24117248
1731676336012 -0.26125776541302914 24150016
1731676351990 -0.2544924632195034 24160000
1731676377320 -0.25432426119514273 24215552
1731676397692 -0.259735330240801 24248320
1731676418282 -0.2568923522310797 24281088
1731676438995 -0.25671899528679204 24313856
1731676454270 -0.25704797715734456 24320000
1731676480419 -0.2595059131854214 24379392
1731676501420 -0.2543507482361747 24412160
1731676522488 -0.2566713507985696 24444928
1731676543714 -0.2571109637850896 24477696
1731676558835 -0.2533143007676699 24480000
1731676586833 -0.2550081364766811 24543232
1731676607777 -0.254587380393059 24576000
1731676627998 -0.25505715730396333 24608768
1731676648585 -0.25935745154856704 24640000
1731676669254 -0.26055774652340913 24674304
1731676690167 -0.25821469949296444 24707072
1731676710223 -0.2551436463923892 24739840
1731676730820 -0.25747858829272446 24772608
1731676750711 -0.25329352163680596 24800000
1731676772729 -0.25028202246612635 24838144
1731676793266 -0.25659237804211443 24870912
1731676812989 -0.25388408803846685 24903680
1731676833409 -0.25988364648073914 24936448
1731676852498 -0.25403468230651927 24960000
1731676875018 -0.256590344524011 25001984
1731676895221 -0.2557608333081589 25034752
1731676915772 -0.251109026564518 25067520
1731676936004 -0.25271553542115727 25100288
1731676954279 -0.258027252201282 25120000
1731676977758 -0.25423627992131514 25165824
1731676998522 -0.25330342967790787 25198592
1731677019153 -0.25722899325337495 25231360
1731677039305 -0.2565910363366129 25264128
1731677056486 -0.2554835975694004 25280000
1731677080944 -0.25709425275563264 25329664
1731677101251 -0.2573385630341363 25362432
1731677121632 -0.2612628225193475 25395200
1731677143590 -0.2603569503466133 25427968
1731677159981 -0.25425780810182913 25440000
1731677184734 -0.25378101470560066 25493504
1731677205344 -0.2563566200522473 25526272
1731677225511 -0.25298182046535655 25559040
1731677245531 -0.25200195004435955 25591808
1731677261341 -0.25538444967969554 25600000
1731677286912 -0.25369985692959746 25657344
1731677307546 -0.2505922199357883 25690112
1731677327801 -0.25289921033399876 25722880
1731677348127 -0.25126231907779584 25755648
1731677363281 -0.2501579780611792 25760000
1731677389949 -0.2520553404450766 25821184
1731677410634 -0.2547866330394754 25853952
1731677430720 -0.25634444058232475 25886720
1731677450572 -0.25093640780978604 25919488
1731677464660 -0.2500252212557825 25920000
1731677491787 -0.254390149723622 25985024
1731677512277 -0.2549333480623318 26017792
1731677532741 -0.2551860603969544 26050560
1731677552925 -0.2520786458102521 26080000
1731677574423 -0.25006615064194193 26116096
1731677595237 -0.25642565081070645 26148864
1731677615449 -0.2473261236649705 26181632
1731677636526 -0.24729406944243237 26214400
1731677655831 -0.24856376916723094 26240000
1731677677851 -0.2550591867606272 26279936
1731677698592 -0.2539625630117371 26312704
1731677719535 -0.24594879407377448 26345472
1731677739866 -0.25360432504676284 26378240
1731677758192 -0.25314480713859666 26400000
1731677780718 -0.25742787777562626 26443776
1731677800758 -0.2595294255414046 26476544
1731677821285 -0.2548665151727619 26509312
1731677842610 -0.25054679642780686 26542080
1731677861182 -0.25226954228564863 26560000
1731677885276 -0.25302601067669456 26607616
1731677905261 -0.25656127190741246 26640384
1731677925525 -0.25086720623367 26673152
1731677946330 -0.25087879231432453 26705920
1731677963273 -0.24889795536582823 26720000
1731677988225 -0.2505199146908126 26771456
1731678008785 -0.2470884479364031 26804224
1731678028971 -0.2542155653049122 26836992
1731678049898 -0.25582486861676446 26869760
1731678065951 -0.2489613687430392 26880000
1731678090997 -0.2508423447739915 26935296
1731678110748 -0.24520840525219684 26968064
1731678131472 -0.24431596901849845 27000832
1731678151654 -0.2503217628342099 27033600
1731678166978 -0.2418073396998807 27040000
1731678193082 -0.25143061450362436 27099136
1731678213458 -0.24099644156667638 27131904
1731678233838 -0.24587474891595776 27164672
1731678254647 -0.24490463695547077 27197440
1731678269774 -0.2486477388680214 27200000
1731678297726 -0.2430512875842396 27262976
1731678318120 -0.24818246832001023 27295744
1731678338457 -0.2445433316199342 27328512
1731678359133 -0.2524969603822683 27360000
1731678380197 -0.24854028046538587 27394048
1731678400325 -0.24930000048916554 27426816
1731678420811 -0.2492800955864368 27459584
1731678442424 -0.2565742829290684 27492352
1731678462231 -0.25223766684503063 27520000
1731678485791 -0.2504553249615128 27557888
1731678506630 -0.24970488472754368 27590656
1731678527730 -0.25420890307141236 27623424
1731678548109 -0.25276004938350527 27656192
1731678567070 -0.25671896637941244 27680000
1731678590249 -0.25229735528700986 27721728
1731678609935 -0.2491681319384952 27754496
1731678630295 -0.24801256087812362 27787264
1731678650598 -0.2502773332496872 27820032
1731678668475 -0.2512027044562274 27840000
1731678691756 -0.2576001365305274 27885568
1731678711803 -0.25161146454920524 27918336
1731678731783 -0.251062057694071 27951104
1731678752340 -0.25150074973789743 27983872
1731678769738 -0.2513421097886749 28000000
1731678794223 -0.2483660988145857 28049408
1731678814419 -0.2502317105361726 28082176
1731678834571 -0.24793589386099485 28114944
1731678855209 -0.2502931689959951 28147712
1731678871795 -0.2547789273186936 28160000
1731678897749 -0.25103714117867637 28213248
1731678919436 -0.24932572490070015 28246016
1731678941064 -0.2531140353181399 28278784
1731678962564 -0.24954970763646997 28311552
1731678979874 -0.2524145796865923 28320000
1731679007179 -0.25185120001406175 28377088
1731679028121 -0.2506464485210017 28409856
1731679049012 -0.25167711014219096 28442624
1731679072172 -0.2519778932954068 28475392
1731679087332 -0.25021181278134463 28480000
1731679114640 -0.25283685520407745 28540928
1731679135934 -0.245743290738028 28573696
1731679156426 -0.24544105171225966 28606464
1731679176671 -0.24942372014338615 28639232
1731679190803 -0.24832358939020197 28640000
1731679217366 -0.24449863034533337 28704768
1731679238386 -0.2480264472120325 28737536
1731679258863 -0.24391366017807742 28770304
1731679278303 -0.24424375194939785 28800000
1731679300795 -0.2505122611328261 28835840
1731679321216 -0.24552556409034879 28868608
1731679342190 -0.24867739264736882 28901376
1731679363575 -0.25045059636759104 28934144
1731679382836 -0.24628445295675191 28960000
1731679404684 -0.24950564442260656 28999680
1731679424892 -0.24742173032573192 29032448
1731679445169 -0.2473466546245618 29065216
1731679466029 -0.24602160438807913 29097984
1731679484750 -0.2501970987737877 29120000
1731679507824 -0.24703174362221034 29163520
1731679528437 -0.2469083615404088 29196288
1731679549087 -0.24617761488043471 29229056
1731679569411 -0.24452221690880832 29261824
1731679587167 -0.24830534993379844 29280000
1731679611314 -0.24031849152961512 29327360
1731679631958 -0.24206860031554242 29360128
1731679652436 -0.24604428733873646 29392896
1731679673675 -0.24290305303875356 29425664
1731679691508 -0.24531441238505067 29440000
1731679715846 -0.24094679808767977 29491200
1731679735779 -0.24416524322441546 29523968
1731679756232 -0.24085804836795432 29556736
1731679776426 -0.24566755523264874 29589504
1731679792393 -0.2469614782865392 29600000
1731679817050 -0.2474513215915067 29655040
1731679837498 -0.24619244221685221 29687808
1731679858294 -0.2468893175231642 29720576
1731679879156 -0.24708085849997588 29753344
1731679894737 -0.2516811402223539 29760000
1731679920576 -0.25002901678381023 29818880
1731679940888 -0.24927534412272506 29851648
1731679960933 -0.24828200701595052 29884416
1731679981182 -0.2457669751936919 29917184
1731679995721 -0.2490040910168318 29920000
1731680021740 -0.2506436583673349 29982720
1731680042129 -0.2509042044170201 30015488
1731680062486 -0.2484374830746674 30048256
1731680083127 -0.24903262369916773 30080000
1731680104611 -0.25245556869049324 30113792
1731680124410 -0.24725031878770096 30146560
1731680145020 -0.24731358466378878 30179328
1731680165489 -0.24801056652213446 30212096
1731680185493 -0.24914564040664117 30240000
1731680208208 -0.24790807518002111 30277632
1731680228737 -0.24908484293409855 30310400
1731680248960 -0.24984318747592624 30343168
1731680269579 -0.24863212356722214 30375936
1731680288378 -0.24948709812742892 30400000
1731680311367 -0.24851097809441852 30441472
1731680331486 -0.2488717408821685 30474240
1731680351922 -0.24774310144857736 30507008
1731680372093 -0.24866083526430885 30539776
1731680389899 -0.2461246476508677 30560000
1731680413053 -0.24797696813184303 30605312
1731680433464 -0.24830868865974481 30638080
1731680454108 -0.24444180736900306 30670848
1731680474350 -0.24849801917152944 30703616
1731680491488 -0.244933116955508 30720000
1731680515492 -0.247056526056258 30769152
1731680535807 -0.24625595022080232 30801920
1731680556200 -0.2504272327088984 30834688
1731680576571 -0.24903439361369237 30867456
1731680593304 -0.2508159626275301 30880000
1731680618272 -0.24841111890709727 30932992
1731680638940 -0.2459721599559998 30965760
1731680659666 -0.24899530171533116 30998528
1731680680531 -0.25171885498275515 31031296
1731680697272 -0.2545071666885633 31040000
1731680723226 -0.24506991930393268 31096832
1731680743406 -0.24927311024803203 31129600
1731680764516 -0.2536008761890116 31162368
1731680785865 -0.2569551637338009 31195136
1731680800810 -0.2518726695489022 31200000
1731680826647 -0.254141561553115 31260672
1731680847204 -0.25130435565952214 31293440
1731680869694 -0.2550618966080947 31326208
1731680890429 -0.25184153994196096 31358976
1731680904452 -0.25022415863350034 31360000
1731680931176 -0.25464235653635114 31424512
1731680951904 -0.24970811376115307 31457280
1731680972516 -0.24660907843499444 31490048
1731680992874 -0.2506660747283604 31520000
1731681015872 -0.25188850818376524 31555584
1731681036064 -0.25006771720945836 31588352
1731681056159 -0.25753496917604934 31621120
1731681076237 -0.2579159252316458 31653888
1731681095742 -0.2544487332663266 31680000
1731681117902 -0.25309995358111337 31719424
1731681138796 -0.2549885109096067 31752192
1731681159106 -0.25246158632799054 31784960
1731681179551 -0.25165840434783604 31817728
1731681198097 -0.2553892768759397 31840000
1731681220807 -0.24700384698517155 31883264
1731681241030 -0.25281571872765196 31916032
1731681261784 -0.25188859762856736 31948800
1731681282515 -0.24923411277268315 31981568
1731681300201 -0.256649214704521 32000000
1731681324049 -0.2522392908053007 32047104
1731681345139 -0.2514393410616321 32079872
1731681366154 -0.2512399541112245 32112640
1731681387839 -0.24988381945731816 32145408
1731681404573 -0.24810666024422973 32160000
