1731660391037 -1.9919517040252686 65536
1731660412221 -1.6019372940063477 98304
1731660434030 -0.07392096519470215 131072
1731660455567 0.327567458152771 160000
1731660479528 0.3615502715110779 196608
1731660500887 0.34764009714126587 229376
1731660522871 0.3955259919166565 262144
1731660544619 0.3289758563041687 294912
1731660564809 0.3833398222923279 320000
1731660588287 0.347736656665802 360448
1731660609300 0.35920166969299316 393216
1731660632663 0.3717770576477051 425984
1731660654810 0.3969228267669678 458752
1731660675154 0.3101688027381897 480000
1731660701194 0.36636883020401 524288
1731660723002 0.3666747212409973 557056
1731660744866 0.3835832476615906 589824
1731660767113 0.16489028930664062 622592
1731660786342 0.07121413946151733 640000
1731660812599 0.037122488021850586 688128
1731660835507 0.0576135516166687 720896
1731660857865 0.1038176417350769 753664
1731660879210 0.1594405174255371 786432
1731660897873 0.24615830183029175 800000
1731660925874 0.32390981912612915 851968
1731660948427 0.41938745975494385 884736
1731660971398 0.509777694940567 917504
1731660994834 0.5212574601173401 950272
1731661013424 0.505608081817627 960000
1731661041609 0.49362754821777344 1015808
1731661064278 0.48589473962783813 1048576
1731661087432 0.4408107399940491 1081344
1731661109598 0.4481600522994995 1114112
1731661126929 0.40853768587112427 1120000
1731661156324 0.38622844219207764 1179648
1731661177919 0.40390878915786743 1212416
1731661199658 0.383574903011322 1245184
1731661225105 0.4112789034843445 1277952
1731661241856 0.37505489587783813 1280000
1731661270984 0.39892691373825073 1343488
1731661294854 0.4287044405937195 1376256
1731661317790 0.4248902201652527 1409024
1731661340917 0.4874114990234375 1440000
1731661365145 0.5048742294311523 1474560
1731661387402 0.5098530650138855 1507328
1731661409207 0.5620882511138916 1540096
1731661430819 0.5743321776390076 1572864
1731661451808 0.5848663151264191 1600000
1731661474921 0.6363896131515503 1638400
1731661496772 0.6562716662883759 1671168
1731661517788 0.619158148765564 1703936
1731661538588 0.6742285490036011 1736704
1731661558484 0.6877362430095673 1760000
1731661583305 0.6682634055614471 1802240
1731661606889 0.6855835616588593 1835008
1731661629263 0.686955988407135 1867776
1731661651517 0.6978128552436829 1900544
1731661670375 0.7051674127578735 1920000
1731661696044 0.712239682674408 1966080
1731661718664 0.7105833292007446 1998848
1731661740521 0.7265065014362335 2031616
1731661762507 0.7257769405841827 2064384
1731661781007 0.7410085201263428 2080000
1731661807129 0.7264055609703064 2129920
1731661828422 0.7516760677099228 2162688
1731661850218 0.7596742808818817 2195456
1731661872309 0.7243712246417999 2228224
1731661889775 0.7408318519592285 2240000
1731661917692 0.7496285140514374 2293760
1731661941500 0.7888562232255936 2326528
1731661964312 0.7430142760276794 2359296
1731661986634 0.7499127686023712 2392064
1731662003958 0.7493574023246765 2400000
1731662032736 0.7692083865404129 2457600
1731662055383 0.7262949049472809 2490368
1731662077630 0.7822179794311523 2523136
1731662101232 0.7554420977830887 2555904
1731662118225 0.7681311666965485 2560000
1731662147793 0.7656994014978409 2621440
1731662170502 0.7820562571287155 2654208
1731662193214 0.7942176461219788 2686976
1731662216018 0.8005379885435104 2719744
1731662231456 0.7961154133081436 2720000
1731662262499 0.7921254932880402 2785280
1731662285386 0.7715881019830704 2818048
1731662308285 0.7638742029666901 2850816
1731662330821 0.734056144952774 2880000
1731662354273 0.7815199643373489 2916352
1731662376193 0.7605434954166412 2949120
1731662398362 0.7837738394737244 2981888
1731662420210 0.7865851074457169 3014656
1731662441065 0.7394641041755676 3040000
1731662465638 0.7807098031044006 3080192
1731662487817 0.8020176142454147 3112960
1731662511663 0.8135422617197037 3145728
1731662534593 0.7893396019935608 3178496
1731662555124 0.8089927732944489 3200000
1731662580687 0.7573307156562805 3244032
1731662603250 0.8045851588249207 3276800
1731662626237 0.7695938348770142 3309568
1731662647710 0.8072586804628372 3342336
1731662666668 0.793494239449501 3360000
1731662692544 0.759397566318512 3407872
1731662714531 0.7607940137386322 3440640
1731662734824 0.7852383255958557 3473408
1731662755636 0.8061859607696533 3506176
1731662773319 0.8180031627416611 3520000
1731662800857 0.771631047129631 3571712
1731662825846 0.749504417181015 3604480
1731662848062 0.7990789413452148 3637248
1731662870456 0.7625774145126343 3670016
1731662887831 0.8109070062637329 3680000
1731662915074 0.766645535826683 3735552
1731662937203 0.7850730717182159 3768320
1731662958456 0.8173718005418777 3801088
1731662980883 0.806422084569931 3833856
1731662997752 0.7789242416620255 3840000
1731663026123 0.8153455406427383 3899392
1731663047775 0.8139010369777679 3932160
1731663068939 0.8090481907129288 3964928
1731663091550 0.8146755397319794 3997696
1731663107186 0.7994634062051773 4000000
1731663135530 0.8022989183664322 4063232
1731663158530 0.8168647289276123 4096000
1731663179949 0.8128983825445175 4128768
1731663201686 0.8193774074316025 4160000
1731663224565 0.77707439661026 4194304
1731663246995 0.8017780482769012 4227072
1731663268507 0.848698228597641 4259840
1731663290569 0.7897324413061142 4292608
1731663311486 0.8192853182554245 4320000
1731663335637 0.795336976647377 4358144
1731663357725 0.8138562589883804 4390912
1731663379656 0.8338280618190765 4423680
1731663401586 0.8425660133361816 4456448
1731663421004 0.8491447269916534 4480000
1731663445388 0.854177936911583 4521984
1731663467830 0.8088976293802261 4554752
1731663490359 0.8125153481960297 4587520
1731663512609 0.8435610085725784 4620288
1731663531608 0.8215999752283096 4640000
1731663557440 0.8325340300798416 4685824
1731663579428 0.8500212728977203 4718592
1731663601877 0.825048178434372 4751360
1731663625294 0.8157190084457397 4784128
1731663644635 0.7829064875841141 4800000
1731663672412 0.8168913573026657 4849664
1731663695036 0.8746656179428101 4882432
1731663717841 0.8129759877920151 4915200
1731663740827 0.8486142605543137 4947968
1731663759735 0.8518305122852325 4960000
1731663788308 0.8680909723043442 5013504
1731663811315 0.8393296003341675 5046272
1731663833676 0.810614749789238 5079040
1731663855904 0.804347425699234 5111808
1731663872978 0.8002320379018784 5120000
1731663902207 0.8097937256097794 5177344
1731663925570 0.8574372082948685 5210112
1731663948500 0.8287943452596664 5242880
1731663970875 0.8666546940803528 5275648
1731663986920 0.8441867828369141 5280000
1731664015467 0.8203715682029724 5341184
1731664037918 0.8361463844776154 5373952
1731664060509 0.8414949476718903 5406720
1731664082758 0.8448379337787628 5439488
1731664097845 0.8547542095184326 5440000
1731664127557 0.848242461681366 5505024
1731664149442 0.8450715392827988 5537792
1731664171799 0.8636074215173721 5570560
1731664193941 0.8408785909414291 5600000
1731664217341 0.8464826941490173 5636096
1731664238984 0.8383472561836243 5668864
1731664261275 0.8734717071056366 5701632
1731664284469 0.8283047527074814 5734400
1731664306072 0.8134062588214874 5760000
1731664329893 0.8658486157655716 5799936
1731664351150 0.8715043663978577 5832704
1731664373889 0.8653177171945572 5865472
1731664395424 0.8631867468357086 5898240
1731664414577 0.8591692745685577 5920000
1731664438152 0.8589510768651962 5963776
1731664459695 0.8236626386642456 5996544
1731664481852 0.8311499506235123 6029312
1731664503945 0.835299476981163 6062080
1731664523001 0.8501923978328705 6080000
1731664548317 0.8674498796463013 6127616
1731664569879 0.8728949874639511 6160384
1731664591675 0.8378901928663254 6193152
1731664614001 0.8413283824920654 6225920
1731664631879 0.8808924704790115 6240000
1731664658676 0.8678765445947647 6291456
1731664681643 0.8730880916118622 6324224
1731664703573 0.8555199801921844 6356992
1731664725676 0.8563925176858902 6389760
1731664743165 0.8468827903270721 6400000
1731664771292 0.8418555706739426 6455296
1731664793768 0.843384250998497 6488064
1731664817861 0.8585993498563766 6520832
1731664840470 0.8412719666957855 6553600
1731664857551 0.8498252183198929 6560000
1731664886998 0.8658744245767593 6619136
1731664909858 0.8415335565805435 6651904
1731664933348 0.8438662141561508 6684672
1731664956397 0.8772230446338654 6717440
1731664972208 0.8458132445812225 6720000
1731665001229 0.839227944612503 6782976
1731665024257 0.8536175191402435 6815744
1731665047730 0.8456933796405792 6848512
1731665069860 0.8680803924798965 6880000
1731665092628 0.822973296046257 6914048
1731665114499 0.8677198588848114 6946816
1731665137176 0.8742971420288086 6979584
1731665159471 0.8414336144924164 7012352
1731665180470 0.8713047057390213 7040000
1731665204014 0.8635097146034241 7077888
1731665225385 0.8720075935125351 7110656
1731665247861 0.8730515986680984 7143424
1731665271771 0.8161999732255936 7176192
1731665293394 0.8575830906629562 7200000
1731665318005 0.8388023227453232 7241728
1731665339917 0.8615697175264359 7274496
1731665361604 0.834201380610466 7307264
1731665383787 0.8904569074511528 7340032
1731665403019 0.8678822666406631 7360000
1731665428601 0.8676251024007797 7405568
1731665451229 0.8555387258529663 7438336
1731665472071 0.8455500602722168 7471104
1731665493552 0.8807386681437492 7503872
1731665511312 0.8403455764055252 7520000
1731665534896 0.8503033220767975 7569408
1731665557015 0.8285368829965591 7602176
1731665579542 0.8556123822927475 7634944
1731665601954 0.8383302241563797 7667712
1731665620055 0.8698227852582932 7680000
1731665646591 0.8644678890705109 7733248
1731665669610 0.8854321837425232 7766016
1731665692789 0.875607393682003 7798784
1731665714892 0.8871238678693771 7831552
1731665731975 0.8743184208869934 7840000
1731665759515 0.8201760649681091 7897088
1731665780995 0.8803676143288612 7929856
1731665801457 0.8483698666095734 7962624
1731665821905 0.8451976478099823 7995392
1731665837649 0.8732810914516449 8000000
1731665867531 0.8500250279903412 8060928
1731665890222 0.8788264244794846 8093696
1731665912560 0.875305749475956 8126464
1731665934979 0.836622804403305 8159232
1731665949698 0.8765279948711395 8160000
1731665979794 0.8482200056314468 8224768
1731666001607 0.8695584535598755 8257536
1731666024025 0.880512423813343 8290304
1731666046054 0.8544390648603439 8320000
1731666068615 0.842827558517456 8355840
1731666090897 0.8607015460729599 8388608
1731666113694 0.8535174578428268 8421376
1731666136502 0.8620335310697556 8454144
1731666157894 0.8564502447843552 8480000
1731666181662 0.886681854724884 8519680
1731666204159 0.8693697452545166 8552448
1731666225617 0.8974883854389191 8585216
1731666247253 0.8755410462617874 8617984
1731666266544 0.8435080498456955 8640000
1731666290618 0.8695468306541443 8683520
1731666312572 0.8693342059850693 8716288
1731666335347 0.8900949209928513 8749056
1731666357907 0.8521437495946884 8781824
1731666377010 0.857799157500267 8800000
1731666402517 0.8695403188467026 8847360
1731666425475 0.9090802446007729 8880128
1731666447726 0.8710201233625412 8912896
1731666469798 0.8510007560253143 8945664
1731666488228 0.8715391904115677 8960000
1731666515291 0.8617559373378754 9011200
1731666537773 0.8689868599176407 9043968
1731666560742 0.9149057269096375 9076736
1731666583210 0.8638249635696411 9109504
1731666600469 0.8719964772462845 9120000
1731666629120 0.840430349111557 9175040
1731666651077 0.8341395258903503 9207808
1731666672910 0.8726108372211456 9240576
1731666695948 0.8537366837263107 9273344
1731666711630 0.8577393442392349 9280000
1731666740257 0.8871296420693398 9338880
1731666762107 0.8527691066265106 9371648
1731666783653 0.8933908939361572 9404416
1731666806618 0.8812624141573906 9437184
1731666822040 0.8927442729473114 9440000
1731666851812 0.8487537503242493 9502720
1731666874809 0.8912184536457062 9535488
1731666896940 0.8697312474250793 9568256
1731666918195 0.8741661608219147 9600000
1731666940175 0.8780238851904869 9633792
1731666961825 0.8323019295930862 9666560
1731666982600 0.8801918029785156 9699328
1731667002632 0.8783727064728737 9732096
1731667024165 0.8868112862110138 9760000
1731667048757 0.8525997251272202 9797632
1731667070121 0.8917245790362358 9830400
1731667093364 0.9134143441915512 9863168
1731667116763 0.8947672918438911 9895936
1731667137406 0.8838700652122498 9920000
1731667162330 0.8640942275524139 9961472
1731667185015 0.8888380900025368 9994240
1731667207056 0.9093267917633057 10027008
1731667229392 0.8814792484045029 10059776
1731667248902 0.8796242251992226 10080000
1731667272878 0.8606187999248505 10125312
1731667293450 0.8730060309171677 10158080
1731667314431 0.8683170527219772 10190848
1731667336335 0.8901789411902428 10223616
1731667355915 0.8944005146622658 10240000
1731667383367 0.8923827260732651 10289152
1731667406748 0.890678383409977 10321920
1731667429633 0.9135836064815521 10354688
1731667451630 0.8794263154268265 10387456
1731667469702 0.8772089630365372 10400000
1731667497916 0.8711369335651398 10452992
1731667520741 0.8940799608826637 10485760
1731667542712 0.91422950476408 10518528
1731667564952 0.8746487945318222 10551296
1731667581804 0.8976339772343636 10560000
1731667610286 0.9027083441615105 10616832
1731667632430 0.8608607053756714 10649600
1731667654600 0.8800332695245743 10682368
1731667675868 0.8894428014755249 10715136
1731667691861 0.9110919684171677 10720000
1731667720454 0.8957132250070572 10780672
1731667741963 0.8344474881887436 10813440
1731667764111 0.8640935570001602 10846208
1731667786248 0.9028333574533463 10878976
1731667801377 0.9191220551729202 10880000
1731667831365 0.8924688175320625 10944512
1731667853553 0.8868545964360237 10977280
1731667875830 0.9116650745272636 11010048
1731667897317 0.901172399520874 11040000
1731667919188 0.8908678367733955 11075584
1731667941774 0.883179597556591 11108352
1731667963577 0.8811379298567772 11141120
1731667986465 0.8968708738684654 11173888
1731668007088 0.8831356093287468 11200000
1731668031062 0.8895818814635277 11239424
1731668053876 0.9089186266064644 11272192
1731668076605 0.8952547237277031 11304960
1731668099227 0.892941877245903 11337728
1731668119065 0.8957800194621086 11360000
1731668144442 0.8833900988101959 11403264
1731668166729 0.9216601103544235 11436032
1731668188856 0.910566434264183 11468800
1731668210983 0.9126898348331451 11501568
1731668230000 0.9038293659687042 11520000
1731668256843 0.9079192355275154 11567104
1731668279825 0.8781952932476997 11599872
1731668302814 0.8992993831634521 11632640
1731668326724 0.8967948034405708 11665408
1731668345269 0.9162272438406944 11680000
1731668372351 0.8928909152746201 11730944
1731668395236 0.9099403396248817 11763712
1731668417039 0.882340207695961 11796480
1731668438096 0.8913249596953392 11829248
1731668454937 0.888240672647953 11840000
1731668481488 0.8638097941875458 11894784
1731668504937 0.8737811148166656 11927552
1731668525654 0.8949564322829247 11960320
1731668548015 0.9125149846076965 11993088
1731668565128 0.9170110747218132 12000000
1731668595245 0.8618736565113068 12058624
1731668618128 0.8914567306637764 12091392
1731668640971 0.8978555575013161 12124160
1731668665294 0.881720706820488 12156928
1731668681328 0.9037239700555801 12160000
1731668710228 0.8801375329494476 12222464
1731668732503 0.8437939435243607 12255232
1731668754218 0.9044421166181564 12288000
1731668775535 0.8919712230563164 12320000
1731668798066 0.9146116971969604 12353536
1731668820567 0.9103604704141617 12386304
1731668842214 0.874797061085701 12419072
1731668865181 0.8852945789694786 12451840
1731668886446 0.9095378592610359 12480000
1731668910504 0.8494577407836914 12517376
1731668933409 0.8966242522001266 12550144
1731668955942 0.8679435700178146 12582912
1731668979050 0.8891855925321579 12615680
1731668999318 0.8902392387390137 12640000
1731669026578 0.8869257718324661 12681216
1731669049207 0.9127524420619011 12713984
1731669073866 0.8852680772542953 12746752
1731669098497 0.9021411389112473 12779520
1731669118444 0.8688440769910812 12800000
1731669144738 0.9015361815690994 12845056
1731669168775 0.8890269175171852 12877824
1731669192490 0.9071481600403786 12910592
1731669216486 0.8932765871286392 12943360
1731669235978 0.8913804069161415 12960000
1731669263688 0.8803227096796036 13008896
1731669286247 0.8646976500749588 13041664
1731669309640 0.8960945308208466 13074432
1731669333590 0.885878711938858 13107200
1731669351489 0.9252996742725372 13120000
1731669381440 0.8975998684763908 13172736
1731669404775 0.879859484732151 13205504
1731669426889 0.9076587557792664 13238272
1731669449488 0.8981131836771965 13271040
1731669467335 0.8947943150997162 13280000
1731669496230 0.8917887061834335 13336576
1731669520541 0.8876141309738159 13369344
1731669543333 0.8824107348918915 13402112
1731669565738 0.8669627159833908 13434880
1731669582478 0.8782441169023514 13440000
1731669614183 0.8890179023146629 13500416
1731669637453 0.8854020908474922 13533184
1731669660229 0.900612361729145 13565952
1731669683790 0.9004620686173439 13598720
1731669699552 0.9112896844744682 13600000
1731669730629 0.9107540547847748 13664256
1731669753763 0.8689992278814316 13697024
1731669779262 0.9026951044797897 13729792
1731669801718 0.8770146146416664 13760000
1731669826195 0.8774131238460541 13795328
1731669849394 0.9108893945813179 13828096
1731669872537 0.9009471833705902 13860864
1731669894186 0.8739810883998871 13893632
1731669913632 0.8778199702501297 13920000
1731669936240 0.909308634698391 13959168
1731669957064 0.900486133992672 13991936
1731669977708 0.9094810709357262 14024704
1731669998413 0.9032392650842667 14057472
1731670017297 0.90658950060606 14080000
1731670041446 0.8797945976257324 14123008
1731670062862 0.9063615575432777 14155776
1731670083668 0.8895723074674606 14188544
1731670104570 0.8902477920055389 14221312
1731670122645 0.914748340845108 14240000
1731670146541 0.9137919247150421 14286848
1731670167795 0.9047111943364143 14319616
1731670189208 0.8953260406851768 14352384
1731670210554 0.8745376765727997 14385152
1731670227896 0.8939104527235031 14400000
1731670252453 0.9120383560657501 14450688
1731670273475 0.9069600701332092 14483456
1731670294642 0.9090129807591438 14516224
1731670315585 0.8983252942562103 14548992
1731670332016 0.8889873027801514 14560000
1731670358124 0.8767789751291275 14614528
1731670378885 0.8781111836433411 14647296
1731670399560 0.9275474324822426 14680064
1731670420433 0.9007599949836731 14712832
1731670436575 0.8861723989248276 14720000
1731670463529 0.9082184359431267 14778368
1731670484389 0.8882743567228317 14811136
1731670505326 0.910505585372448 14843904
1731670526043 0.8889177814126015 14876672
1731670540911 0.9202272817492485 14880000
1731670568264 0.9017402678728104 14942208
1731670589209 0.9019118621945381 14974976
1731670610866 0.9010936543345451 15007744
1731670631560 0.9389183036983013 15040000
1731670653335 0.9163709655404091 15073280
1731670673983 0.9096157103776932 15106048
1731670695267 0.8625709116458893 15138816
1731670716730 0.9034199193120003 15171584
1731670736790 0.874259740114212 15200000
1731670758755 0.8971933722496033 15237120
1731670779268 0.8900467976927757 15269888
1731670800075 0.8926595225930214 15302656
1731670820489 0.8981559872627258 15335424
1731670839402 0.9027643874287605 15360000
1731670861766 0.9108734801411629 15400960
1731670881479 0.8898871839046478 15433728
1731670902118 0.8975287973880768 15466496
1731670922493 0.9210505560040474 15499264
1731670940578 0.8831283673644066 15520000
1731670963012 0.8898494392633438 15564800
1731670982999 0.9103387519717216 15597568
1731671002911 0.8881276994943619 15630336
1731671023248 0.9035564586520195 15663104
1731671040656 0.880007803440094 15680000
1731671064543 0.8676996231079102 15728640
1731671084795 0.9053874388337135 15761408
1731671104995 0.9019755497574806 15794176
1731671124901 0.9121478796005249 15826944
1731671141356 0.913977175951004 15840000
1731671165536 0.8807906731963158 15892480
1731671185988 0.8896580189466476 15925248
1731671206215 0.9079864025115967 15958016
1731671226645 0.8911771476268768 15990784
1731671242075 0.8926349654793739 16000000
1731671266993 0.8670786470174789 16056320
1731671287978 0.9264502078294754 16089088
1731671309345 0.8878393098711967 16121856
1731671330143 0.9109695479273796 16154624
1731671345486 0.8966829925775528 16160000
1731671372271 0.8803353011608124 16220160
1731671393247 0.8986124321818352 16252928
1731671413324 0.9041855186223984 16285696
1731671433592 0.9090748727321625 16318464
1731671447916 0.9214110299944878 16320000
1731671475309 0.8753370121121407 16384000
1731671495958 0.8633873015642166 16416768
1731671516748 0.9079987853765488 16449536
1731671536989 0.9043593183159828 16480000
1731671558350 0.9237842410802841 16515072
1731671578685 0.9137413650751114 16547840
1731671599163 0.8943779021501541 16580608
1731671619876 0.8933292627334595 16613376
1731671639833 0.8848928585648537 16640000
1731671662367 0.8984542861580849 16678912
1731671683182 0.8718293756246567 16711680
1731671702934 0.8948812410235405 16744448
1731671723195 0.9071189537644386 16777216
1731671741923 0.8798957243561745 16800000
1731671764624 0.8786214664578438 16842752
1731671785070 0.8745891600847244 16875520
1731671805572 0.9031914621591568 16908288
1731671825366 0.8761047348380089 16941056
1731671842636 0.8763538300991058 16960000
1731671866724 0.9071924760937691 17006592
1731671887175 0.8946057483553886 17039360
1731671907376 0.899164229631424 17072128
1731671927877 0.9023849815130234 17104896
1731671944824 0.8680672496557236 17120000
1731671969019 0.8981228470802307 17170432
1731671989490 0.8903689980506897 17203200
1731672010145 0.8931864947080612 17235968
1731672030704 0.9071727395057678 17268736
1731672046935 0.9094148874282837 17280000
1731672071605 0.8876181542873383 17334272
1731672091685 0.894182562828064 17367040
1731672111806 0.8743123412132263 17399808
1731672132297 0.8855743631720543 17432576
1731672147877 0.9049859270453453 17440000
1731672173335 0.922430619597435 17498112
1731672193046 0.8893684819340706 17530880
1731672213008 0.8688653856515884 17563648
1731672232953 0.8901539072394371 17596416
1731672247556 0.891078531742096 17600000
1731672273824 0.8724195957183838 17661952
1731672294646 0.8873331844806671 17694720
1731672315034 0.8966441452503204 17727488
1731672335567 0.8653311133384705 17760000
1731672356066 0.9063378125429153 17793024
1731672376385 0.8916361629962921 17825792
1731672396917 0.9060370624065399 17858560
1731672418106 0.9064311310648918 17891328
1731672438309 0.8957750648260117 17920000
1731672459843 0.8836140632629395 17956864
1731672480366 0.9211645051836967 17989632
1731672500750 0.9081410318613052 18022400
1731672521106 0.8972726762294769 18055168
1731672540555 0.9032855182886124 18080000
1731672563307 0.9358542114496231 18120704
1731672583922 0.9501330405473709 18153472
1731672604671 0.913146123290062 18186240
1731672625508 0.9186049997806549 18219008
1731672643810 0.9261075332760811 18240000
1731672667277 0.8848494589328766 18284544
1731672687658 0.9076095223426819 18317312
1731672708533 0.9131980091333389 18350080
1731672729244 0.9170683920383453 18382848
1731672746855 0.908283531665802 18400000
1731672771026 0.9085960015654564 18448384
1731672791236 0.9150309190154076 18481152
1731672811657 0.9066105484962463 18513920
1731672832053 0.910616934299469 18546688
1731672848602 0.8915423303842545 18560000
1731672872375 0.9268920719623566 18612224
1731672893172 0.8890022113919258 18644992
1731672913776 0.9046328738331795 18677760
1731672933872 0.9220556318759918 18710528
1731672949757 0.9047006145119667 18720000
1731672974651 0.9215770065784454 18776064
1731672994674 0.897128202021122 18808832
1731673015806 0.9089728966355324 18841600
1731673036898 0.8905230611562729 18874368
1731673052530 0.9061406627297401 18880000
1731673078999 0.9076914489269257 18939904
1731673099737 0.9056923165917397 18972672
1731673120022 0.9048104137182236 19005440
1731673140300 0.9226829186081886 19038208
1731673154690 0.8947606012225151 19040000
1731673182401 0.8931714966893196 19103744
1731673202861 0.9041029587388039 19136512
1731673223353 0.9154729470610619 19169280
1731673243184 0.9230720400810242 19200000
1731673264110 0.894590362906456 19234816
1731673284725 0.9007714688777924 19267584
1731673304883 0.9011299461126328 19300352
1731673325278 0.8936337903141975 19333120
1731673345196 0.8837999925017357 19360000
1731673367402 0.9022284895181656 19398656
1731673387491 0.9041623026132584 19431424
1731673407166 0.9171009957790375 19464192
1731673427265 0.8665329366922379 19496960
1731673446148 0.9147367998957634 19520000
1731673468537 0.9234644696116447 19562496
1731673489795 0.9207976013422012 19595264
1731673510412 0.9065151363611221 19628032
1731673530504 0.9258557334542274 19660800
1731673548276 0.8960305526852608 19680000
1731673571551 0.8809502944350243 19726336
1731673593070 0.8749327063560486 19759104
1731673614176 0.9116541668772697 19791872
1731673634094 0.9246937111020088 19824640
1731673651268 0.9034039378166199 19840000
1731673675795 0.9115471243858337 19890176
1731673696772 0.9039736911654472 19922944
1731673718345 0.9115986749529839 19955712
1731673739489 0.9332519322633743 19988480
1731673755975 0.9316864386200905 20000000
1731673781148 0.9182430505752563 20054016
1731673801706 0.8795568346977234 20086784
1731673821650 0.911152683198452 20119552
1731673841794 0.914656862616539 20152320
1731673857263 0.9056331291794777 20160000
1731673882148 0.9180789440870285 20217856
1731673902840 0.9124144539237022 20250624
1731673923460 0.9018215835094452 20283392
1731673943681 0.911438524723053 20316160
1731673958497 0.9076024442911148 20320000
1731673985682 0.9125926345586777 20381696
1731674006216 0.8878264203667641 20414464
1731674026980 0.9236283972859383 20447232
1731674047412 0.9043354690074921 20480000
1731674067567 0.9061615169048309 20512768
1731674087645 0.9205202832818031 20545536
1731674107685 0.9317480698227882 20578304
1731674128367 0.8896096870303154 20611072
1731674148611 0.8952345252037048 20640000
1731674169797 0.9211493283510208 20676608
1731674189764 0.9179226085543633 20709376
1731674209721 0.9095227122306824 20742144
1731674229806 0.9024497792124748 20774912
1731674248730 0.9178202897310257 20800000
1731674270544 0.931817464530468 20840448
1731674290804 0.8889671340584755 20873216
1731674310616 0.9066219702363014 20905984
1731674330883 0.9296035617589951 20938752
1731674348838 0.8952775672078133 20960000
1731674371199 0.9115147963166237 21004288
1731674391423 0.8846837431192398 21037056
1731674411989 0.90984708070755 21069824
1731674432506 0.875618577003479 21102592
1731674449939 0.9137599021196365 21120000
1731674473421 0.9114063531160355 21168128
1731674493369 0.8937666863203049 21200896
1731674513773 0.8937339559197426 21233664
1731674534201 0.8973418921232224 21266432
1731674550739 0.8534702360630035 21280000
1731674574401 0.8865633681416512 21331968
1731674594729 0.8752044513821602 21364736
1731674615360 0.9026067405939102 21397504
1731674636580 0.9011029601097107 21430272
1731674653164 0.8969995602965355 21440000
1731674677885 0.9120400696992874 21495808
1731674698317 0.8780096396803856 21528576
1731674718584 0.9007577076554298 21561344
1731674738633 0.9045296832919121 21594112
1731674754038 0.9136223867535591 21600000
1731674780347 0.9000022187829018 21659648
1731674800462 0.9111403003334999 21692416
1731674820640 0.9283412992954254 21725184
1731674841283 0.9284590557217598 21757952
1731674855495 0.9091441556811333 21760000
1731674882114 0.8879749402403831 21823488
1731674902708 0.9049405381083488 21856256
1731674923112 0.8987472653388977 21889024
1731674943497 0.8701262027025223 21920000
1731674964118 0.90236746519804 21954560
1731674984601 0.912951722741127 21987328
1731675004778 0.9183558747172356 22020096
1731675024498 0.9315181076526642 22052864
1731675044642 0.9219419062137604 22080000
1731675066962 0.9349432811141014 22118400
1731675087595 0.9194901436567307 22151168
1731675107784 0.9233058094978333 22183936
1731675128195 0.9131506755948067 22216704
1731675146545 0.908388540148735 22240000
1731675169028 0.9212401211261749 22282240
1731675189646 0.9251051992177963 22315008
1731675209827 0.8942359089851379 22347776
1731675229904 0.912139892578125 22380544
1731675248068 0.9105147793889046 22400000
1731675271416 0.9261002093553543 22446080
1731675291618 0.9211046472191811 22478848
1731675311622 0.890231616795063 22511616
1731675332547 0.8999074324965477 22544384
1731675349825 0.8999803811311722 22560000
1731675373758 0.9174583777785301 22609920
1731675394779 0.9454654045403004 22642688
1731675415459 0.9261298924684525 22675456
1731675436120 0.9212784469127655 22708224
1731675452388 0.917795330286026 22720000
1731675476826 0.8995606452226639 22773760
1731675496785 0.924018032848835 22806528
1731675517084 0.901177704334259 22839296
1731675537345 0.9154220521450043 22872064
1731675552680 0.9062622934579849 22880000
1731675577534 0.8879196122288704 22937600
1731675598774 0.8828235194087029 22970368
1731675619597 0.8906320109963417 23003136
1731675640032 0.893451526761055 23035904
1731675654805 0.9227258563041687 23040000
1731675680982 0.9072648733854294 23101440
1731675701470 0.9169818386435509 23134208
1731675721976 0.9169334694743156 23166976
1731675742324 0.8908232897520065 23199744
1731675756930 0.9032749235630035 23200000
1731675784667 0.9266259744763374 23265280
1731675804850 0.93357764929533 23298048
1731675824981 0.9227181598544121 23330816
1731675845011 0.9313423931598663 23360000
1731675866244 0.9294737428426743 23396352
1731675886388 0.9374985173344612 23429120
1731675906524 0.9311550185084343 23461888
1731675926535 0.9320532828569412 23494656
1731675945455 0.9010386541485786 23520000
1731675967057 0.9002245962619781 23560192
1731675987234 0.9372323676943779 23592960
1731676007707 0.9118929952383041 23625728
1731676028469 0.9118384048342705 23658496
1731676046623 0.9183382391929626 23680000
1731676068971 0.9282048344612122 23724032
1731676089056 0.9152622520923615 23756800
1731676109679 0.9124060720205307 23789568
1731676130195 0.9110444709658623 23822336
1731676147756 0.9318994432687759 23840000
1731676171171 0.9182715713977814 23887872
1731676191343 0.9048181474208832 23920640
1731676211614 0.9307984039187431 23953408
1731676233994 0.9210987463593483 23986176
1731676250770 0.9184345528483391 24000000
1731676274775 0.9287159070372581 24051712
1731676295402 0.946952011436224 24084480
1731676315712 0.9154767692089081 24117248
1731676336023 0.8778151795268059 24150016
1731676352002 0.9331896230578423 24160000
1731676377333 0.9312464445829391 24215552
1731676397705 0.9224099591374397 24248320
1731676418297 0.9212246313691139 24281088
1731676439021 0.9006679281592369 24313856
1731676454303 0.902365118265152 24320000
1731676480452 0.9143694937229156 24379392
1731676501453 0.8948032110929489 24412160
1731676522548 0.9281244575977325 24444928
1731676543748 0.9157581031322479 24477696
1731676558896 0.9413483664393425 24480000
1731676586861 0.9340346530079842 24543232
1731676607793 0.9059842303395271 24576000
1731676628038 0.9001871347427368 24608768
1731676648598 0.9176040813326836 24640000
1731676669294 0.8896194100379944 24674304
1731676690178 0.9279002845287323 24707072
1731676710240 0.9375829547643661 24739840
1731676730853 0.9235924556851387 24772608
1731676750760 0.8874036520719528 24800000
1731676772764 0.9339670166373253 24838144
1731676793293 0.9078209325671196 24870912
1731676813017 0.9281284064054489 24903680
1731676833445 0.9183425158262253 24936448
1731676852524 0.9548087418079376 24960000
1731676875038 0.9382516369223595 25001984
1731676895247 0.9305522590875626 25034752
1731676915812 0.9198898673057556 25067520
1731676936074 0.9280411675572395 25100288
1731676954288 0.9291269406676292 25120000
1731676977775 0.9044722318649292 25165824
1731676998550 0.9107822701334953 25198592
1731677019169 0.9220863878726959 25231360
1731677039318 0.9160792902112007 25264128
1731677056509 0.939100868999958 25280000
1731677081016 0.9235060065984726 25329664
1731677101271 0.8885112330317497 25362432
1731677121649 0.8899301663041115 25395200
1731677143601 0.90824144333601 25427968
1731677160000 0.9154569953680038 25440000
1731677184753 0.905763179063797 25493504
1731677205364 0.8795127645134926 25526272
1731677225541 0.9190568849444389 25559040
1731677245550 0.9168364554643631 25591808
1731677261358 0.880847655236721 25600000
1731677286968 0.9127962440252304 25657344
1731677307563 0.9238632768392563 25690112
1731677327842 0.8770091608166695 25722880
1731677348144 0.907228484749794 25755648
1731677363304 0.8908135071396828 25760000
1731677389965 0.9064500033855438 25821184
1731677410651 0.9158426076173782 25853952
1731677430779 0.9099196046590805 25886720
1731677450688 0.9031593576073647 25919488
1731677464669 0.9101495891809464 25920000
1731677491808 0.856672614812851 25985024
1731677512306 0.9253088012337685 26017792
1731677532750 0.8779091238975525 26050560
1731677552938 0.8927935510873795 26080000
1731677574474 0.8984802961349487 26116096
1731677595259 0.8960105776786804 26148864
1731677615475 0.9054810777306557 26181632
1731677636553 0.9292695000767708 26214400
1731677655861 0.9264851585030556 26240000
1731677677873 0.9244286566972733 26279936
1731677698623 0.9184233844280243 26312704
1731677719558 0.9091742411255836 26345472
1731677739880 0.8887978792190552 26378240
1731677758203 0.9202402755618095 26400000
1731677780760 0.9030055180191994 26443776
1731677800771 0.8950685933232307 26476544
1731677821332 0.9089008569717407 26509312
1731677842737 0.9225893542170525 26542080
1731677861207 0.9168937653303146 26560000
1731677885288 0.9288698360323906 26607616
1731677905293 0.9175450727343559 26640384
1731677925539 0.9348332211375237 26673152
1731677946361 0.9201619997620583 26705920
1731677963308 0.895014114677906 26720000
1731677988238 0.9304386451840401 26771456
1731678008799 0.9181346744298935 26804224
1731678028985 0.9032580852508545 26836992
1731678049930 0.8619401603937149 26869760
1731678065968 0.9043417349457741 26880000
1731678091011 0.8822167292237282 26935296
1731678110768 0.900663360953331 26968064
1731678131497 0.9113981500267982 27000832
1731678151678 0.8861934170126915 27033600
1731678166994 0.9230922907590866 27040000
1731678193098 0.8747434169054031 27099136
1731678213502 0.9009950235486031 27131904
1731678233852 0.917490266263485 27164672
1731678254679 0.9051863923668861 27197440
1731678269815 0.8776958733797073 27200000
1731678297768 0.9022282660007477 27262976
1731678318128 0.8918144628405571 27295744
1731678338482 0.9202789515256882 27328512
1731678359143 0.9061494022607803 27360000
1731678380219 0.9246345013380051 27394048
1731678400342 0.918650709092617 27426816
1731678420847 0.9060715287923813 27459584
1731678442463 0.8606380671262741 27492352
1731678462267 0.8784135952591896 27520000
1731678485814 0.8995956033468246 27557888
1731678506653 0.9012808874249458 27590656
1731678527796 0.9081185385584831 27623424
1731678548163 0.9369042292237282 27656192
1731678567096 0.8924768045544624 27680000
1731678590274 0.9153116345405579 27721728
1731678609965 0.9158358797430992 27754496
1731678630317 0.9318289756774902 27787264
1731678650610 0.9196132645010948 27820032
1731678668511 0.9353381246328354 27840000
1731678691770 0.9160872995853424 27885568
1731678711830 0.9357034042477608 27918336
1731678731813 0.925765872001648 27951104
1731678752375 0.9139185845851898 27983872
1731678769760 0.9000244364142418 28000000
1731678794244 0.9389437437057495 28049408
1731678814451 0.9133911654353142 28082176
1731678834615 0.9127422645688057 28114944
1731678855254 0.940006535500288 28147712
1731678871836 0.9157675504684448 28160000
1731678897882 0.9077815338969231 28213248
1731678919517 0.9491202309727669 28246016
1731678941105 0.928103543817997 28278784
1731678962769 0.9379680454730988 28311552
1731678979902 0.8843248710036278 28320000
1731679007199 0.9044852182269096 28377088
1731679028184 0.9137016981840134 28409856
1731679049078 0.9314385056495667 28442624
1731679072245 0.9095039516687393 28475392
1731679087372 0.9328253045678139 28480000
1731679114655 0.897836834192276 28540928
1731679136012 0.9114136323332787 28573696
1731679156451 0.9508764334022999 28606464
1731679176687 0.9181801378726959 28639232
1731679190816 0.913510836660862 28640000
1731679217396 0.9178850203752518 28704768
1731679238411 0.9005207121372223 28737536
1731679258880 0.9125298485159874 28770304
1731679278316 0.9163400530815125 28800000
1731679300810 0.9238766431808472 28835840
1731679321304 0.912239596247673 28868608
1731679342231 0.8856982067227364 28901376
1731679363589 0.8753122612833977 28934144
1731679382845 0.9082891419529915 28960000
1731679404723 0.9307158514857292 28999680
1731679424900 0.9023229330778122 29032448
1731679445188 0.924013040959835 29065216
1731679466078 0.9042553827166557 29097984
1731679484801 0.8988633528351784 29120000
1731679507843 0.9289691746234894 29163520
1731679528458 0.918769896030426 29196288
1731679549132 0.9151586070656776 29229056
1731679569445 0.8976738899946213 29261824
1731679587185 0.88625168800354 29280000
1731679611329 0.9224798083305359 29327360
1731679631981 0.8881591632962227 29360128
1731679652449 0.929889865219593 29392896
1731679673814 0.9030430838465691 29425664
1731679691522 0.8877961039543152 29440000
1731679715886 0.9035486802458763 29491200
1731679735804 0.887120395898819 29523968
1731679756258 0.9117195904254913 29556736
1731679776460 0.8894294425845146 29589504
1731679792405 0.8943713530898094 29600000
1731679817065 0.9088215380907059 29655040
1731679837521 0.9163665249943733 29687808
1731679858328 0.9281051680445671 29720576
1731679879240 0.9381074234843254 29753344
1731679894791 0.9069253951311111 29760000
1731679920587 0.91828353703022 29818880
1731679940904 0.9375554099678993 29851648
1731679961014 0.9296131730079651 29884416
1731679981194 0.9256180226802826 29917184
1731679995731 0.9143907353281975 29920000
1731680021751 0.8937254324555397 29982720
1731680042146 0.9166024178266525 30015488
1731680062740 0.9129559397697449 30048256
1731680083148 0.9213690683245659 30080000
1731680104650 0.9167167320847511 30113792
1731680124530 0.9090185984969139 30146560
1731680145046 0.9080427139997482 30179328
1731680165541 0.908131554722786 30212096
1731680185518 0.9165539667010307 30240000
1731680208233 0.9200529232621193 30277632
1731680228784 0.9047318696975708 30310400
1731680248977 0.9091461449861526 30343168
1731680269614 0.8965037688612938 30375936
1731680288396 0.9065819382667542 30400000
1731680311382 0.8844539299607277 30441472
1731680331500 0.9057969376444817 30474240
1731680351946 0.9108079448342323 30507008
1731680372105 0.9227025434374809 30539776
1731680389942 0.9099582955241203 30560000
1731680413071 0.9288294911384583 30605312
1731680433545 0.9376802705228329 30638080
1731680454150 0.9266219511628151 30670848
1731680474363 0.8972512558102608 30703616
1731680491505 0.9231584072113037 30720000
1731680515517 0.9095557630062103 30769152
1731680535825 0.915190652012825 30801920
1731680556244 0.9170618504285812 30834688
1731680576587 0.8939148485660553 30867456
1731680593321 0.8825969025492668 30880000
1731680618289 0.9056241065263748 30932992
1731680638961 0.9350884035229683 30965760
1731680659690 0.9412828385829926 30998528
1731680680558 0.922033004462719 31031296
1731680697337 0.9028236344456673 31040000
1731680723251 0.9311151802539825 31096832
1731680743444 0.914589062333107 31129600
1731680764598 0.8997927755117416 31162368
1731680785897 0.8722095191478729 31195136
1731680800831 0.9073677211999893 31200000
1731680826698 0.9090081453323364 31260672
1731680847234 0.9025633037090302 31293440
1731680869733 0.8866106942296028 31326208
1731680890455 0.9466344453394413 31358976
1731680904467 0.930161714553833 31360000
1731680931194 0.8894342705607414 31424512
1731680951920 0.9253601655364037 31457280
1731680972538 0.9373609647154808 31490048
1731680993019 0.9263452664017677 31520000
1731681015892 0.9272888228297234 31555584
1731681036090 0.9292274117469788 31588352
1731681056209 0.9257228374481201 31621120
1731681076253 0.8982671648263931 31653888
1731681095775 0.8515366315841675 31680000
1731681117967 0.9065680503845215 31719424
1731681138830 0.9256908595561981 31752192
1731681159136 0.931476540863514 31784960
1731681179577 0.9465499967336655 31817728
1731681198124 0.920770063996315 31840000
1731681220824 0.9242187067866325 31883264
1731681241046 0.9194842949509621 31916032
1731681261806 0.9197030141949654 31948800
1731681282575 0.9308414310216904 31981568
1731681300215 0.904610238969326 32000000
1731681324072 0.9190132170915604 32047104
1731681345192 0.9105444177985191 32079872
1731681366247 0.8947502672672272 32112640
1731681387862 0.9065162390470505 32145408
1731681404713 0.9138345718383789 32160000
