1731660391066 0.0003 65536
1731660412262 0.0003 98304
1731660434211 0.0003 131072
1731660455647 0.0003 160000
1731660479811 0.0003 196608
1731660500906 0.0003 229376
1731660523001 0.0003 262144
1731660544654 0.0003 294912
1731660564846 0.0003 320000
1731660588486 0.0003 360448
1731660609331 0.0003 393216
1731660632810 0.0003 425984
1731660654869 0.0003 458752
1731660675307 0.0003 480000
1731660701268 0.0003 524288
1731660723142 0.0003 557056
1731660744895 0.0003 589824
1731660767274 0.0003 622592
1731660786379 0.0003 640000
1731660812783 0.0003 688128
1731660835667 0.0003 720896
1731660857957 0.0003 753664
1731660879286 0.0003 786432
1731660898037 0.0003 800000
1731660925985 0.0003 851968
1731660948635 0.0003 884736
1731660971454 0.0003 917504
1731660994981 0.0003 950272
1731661013490 0.0003 960000
1731661041883 0.0003 1015808
1731661064341 0.0003 1048576
1731661087616 0.0003 1081344
1731661109642 0.0003 1114112
1731661127102 0.0003 1120000
1731661156414 0.0003 1179648
1731661177957 0.0003 1212416
1731661199731 0.0003 1245184
1731661225351 0.0003 1277952
1731661241928 0.0003 1280000
1731661271017 0.0003 1343488
1731661295021 0.0003 1376256
1731661317921 0.0003 1409024
1731661341168 0.0003 1440000
1731661365171 0.0003 1474560
1731661387513 0.0003 1507328
1731661409273 0.0003 1540096
1731661430874 0.0003 1572864
1731661451847 0.0003 1600000
1731661474938 0.0003 1638400
1731661496809 0.0003 1671168
1731661517811 0.0003 1703936
1731661538605 0.0003 1736704
1731661558573 0.0003 1760000
1731661583389 0.0003 1802240
1731661606969 0.0003 1835008
1731661629330 0.0003 1867776
1731661651565 0.0003 1900544
1731661670401 0.0003 1920000
1731661696123 0.0003 1966080
1731661718713 0.0003 1998848
1731661740562 0.0003 2031616
1731661762531 0.0003 2064384
1731661781040 0.0003 2080000
1731661807169 0.0003 2129920
1731661828595 0.0003 2162688
1731661850304 0.0003 2195456
1731661872371 0.0003 2228224
1731661889839 0.0003 2240000
1731661917719 0.0003 2293760
1731661941655 0.0003 2326528
1731661964332 0.0003 2359296
1731661986703 0.0003 2392064
1731662004031 0.0003 2400000
1731662032821 0.0003 2457600
1731662055437 0.0003 2490368
1731662077670 0.0003 2523136
1731662101386 0.0003 2555904
1731662118289 0.0003 2560000
1731662147878 0.0003 2621440
1731662170658 0.0003 2654208
1731662193263 0.0003 2686976
1731662216062 0.0003 2719744
1731662231861 0.0003 2720000
1731662262594 0.0003 2785280
1731662285457 0.0003 2818048
1731662308363 0.0003 2850816
1731662330859 0.0003 2880000
1731662354363 0.0003 2916352
1731662376219 0.0003 2949120
1731662398446 0.0003 2981888
1731662420248 0.0003 3014656
1731662441089 0.0003 3040000
1731662465670 0.0003 3080192
1731662487873 0.0003 3112960
1731662511809 0.0003 3145728
1731662534640 0.0003 3178496
1731662555179 0.0003 3200000
1731662580739 0.0003 3244032
1731662603387 0.0003 3276800
1731662626271 0.0003 3309568
1731662647743 0.0003 3342336
1731662666705 0.0003 3360000
1731662692639 0.0003 3407872
1731662714564 0.0003 3440640
1731662734876 0.0003 3473408
1731662755674 0.0003 3506176
1731662773361 0.0003 3520000
1731662801002 0.0003 3571712
1731662826051 0.0003 3604480
1731662848102 0.0003 3637248
1731662870493 0.0003 3670016
1731662887854 0.0003 3680000
1731662915106 0.0003 3735552
1731662937247 0.0003 3768320
1731662958509 0.0003 3801088
1731662980952 0.0003 3833856
1731662997797 0.0003 3840000
1731663026161 0.0003 3899392
1731663047817 0.0003 3932160
1731663068991 0.0003 3964928
1731663091588 0.0003 3997696
1731663107262 0.0003 4000000
1731663135565 0.0003 4063232
1731663158602 0.0003 4096000
1731663179994 0.0003 4128768
1731663201775 0.0003 4160000
1731663224638 0.0003 4194304
1731663247049 0.0003 4227072
1731663268536 0.0003 4259840
1731663290600 0.0003 4292608
1731663311538 0.0003 4320000
1731663335683 0.0003 4358144
1731663357756 0.0003 4390912
1731663379685 0.0003 4423680
1731663401629 0.0003 4456448
1731663421045 0.0003 4480000
1731663445420 0.0003 4521984
1731663467899 0.0003 4554752
1731663490398 0.0003 4587520
1731663512647 0.0003 4620288
1731663531653 0.0003 4640000
1731663557473 0.0003 4685824
1731663579481 0.0003 4718592
1731663601932 0.0003 4751360
1731663625413 0.0003 4784128
1731663644684 0.0003 4800000
1731663672451 0.0003 4849664
1731663695064 0.0003 4882432
1731663717868 0.0003 4915200
1731663740977 0.0003 4947968
1731663759755 0.0003 4960000
1731663788533 0.0003 5013504
1731663811374 0.0003 5046272
1731663833747 0.0003 5079040
1731663855947 0.0003 5111808
1731663873010 0.0003 5120000
1731663902234 0.0003 5177344
1731663925711 0.0003 5210112
1731663948531 0.0003 5242880
1731663970902 0.0003 5275648
1731663986981 0.0003 5280000
1731664015503 0.0003 5341184
1731664037949 0.0003 5373952
1731664060671 0.0003 5406720
1731664082813 0.0003 5439488
1731664097911 0.0003 5440000
1731664127581 0.0003 5505024
1731664149601 0.0003 5537792
1731664171930 0.0003 5570560
1731664194036 0.0003 5600000
1731664217379 0.0003 5636096
1731664239007 0.0003 5668864
1731664261321 0.0003 5701632
1731664284613 0.0003 5734400
1731664306159 0.0003 5760000
1731664329920 0.0003 5799936
1731664351203 0.0003 5832704
1731664373914 0.0003 5865472
1731664395459 0.0003 5898240
1731664414637 0.0003 5920000
1731664438167 0.0003 5963776
1731664459717 0.0003 5996544
1731664481975 0.0003 6029312
1731664503970 0.0003 6062080
1731664523029 0.0003 6080000
1731664548346 0.0003 6127616
1731664569912 0.0003 6160384
1731664591710 0.0003 6193152
1731664614022 0.0003 6225920
1731664631938 0.0003 6240000
1731664658722 0.0003 6291456
1731664681683 0.0003 6324224
1731664703621 0.0003 6356992
1731664725689 0.0003 6389760
1731664743228 0.0003 6400000
1731664771303 0.0003 6455296
1731664793805 0.0003 6488064
1731664818014 0.0003 6520832
1731664840511 0.0003 6553600
1731664857584 0.0003 6560000
1731664887028 0.0003 6619136
1731664909927 0.0003 6651904
1731664933490 0.0003 6684672
1731664956454 0.0003 6717440
1731664972254 0.0003 6720000
1731665001253 0.0003 6782976
1731665024405 0.0003 6815744
1731665047781 0.0003 6848512
1731665069887 0.0003 6880000
1731665092689 0.0003 6914048
1731665114532 0.0003 6946816
1731665137206 0.0003 6979584
1731665159489 0.0003 7012352
1731665180498 0.0003 7040000
1731665204048 0.0003 7077888
1731665225437 0.0003 7110656
1731665247927 0.0003 7143424
1731665271904 0.0003 7176192
1731665293436 0.0003 7200000
1731665318043 0.0003 7241728
1731665339946 0.0003 7274496
1731665361624 0.0003 7307264
1731665383806 0.0003 7340032
1731665403067 0.0003 7360000
1731665428628 0.0003 7405568
1731665451261 0.0003 7438336
1731665472092 0.0003 7471104
1731665493575 0.0003 7503872
1731665511341 0.0003 7520000
1731665534909 0.0003 7569408
1731665557033 0.0003 7602176
1731665579621 0.0003 7634944
1731665601968 0.0003 7667712
1731665620079 0.0003 7680000
1731665646620 0.0003 7733248
1731665669631 0.0003 7766016
1731665692826 0.0003 7798784
1731665714917 0.0003 7831552
1731665732025 0.0003 7840000
1731665759536 0.0003 7897088
1731665781012 0.0003 7929856
1731665801479 0.0003 7962624
1731665821931 0.0003 7995392
1731665837700 0.0003 8000000
1731665867560 0.0003 8060928
1731665890257 0.0003 8093696
1731665912616 0.0003 8126464
1731665935004 0.0003 8159232
1731665949730 0.0003 8160000
1731665979841 0.0003 8224768
1731666001623 0.0003 8257536
1731666024047 0.0003 8290304
1731666046082 0.0003 8320000
1731666068640 0.0003 8355840
1731666090932 0.0003 8388608
1731666113773 0.0003 8421376
1731666136537 0.0003 8454144
1731666157933 0.0003 8480000
1731666181716 0.0003 8519680
1731666204209 0.0003 8552448
1731666225648 0.0003 8585216
1731666247299 0.0003 8617984
1731666266562 0.0003 8640000
1731666290666 0.0003 8683520
1731666312624 0.0003 8716288
1731666335369 0.0003 8749056
1731666357963 0.0003 8781824
1731666377019 0.0003 8800000
1731666402538 0.0003 8847360
1731666425519 0.0003 8880128
1731666447769 0.0003 8912896
1731666469828 0.0003 8945664
1731666488277 0.0003 8960000
1731666515333 0.0003 9011200
1731666537817 0.0003 9043968
1731666560765 0.0003 9076736
1731666583241 0.0003 9109504
1731666600506 0.0003 9120000
1731666629160 0.0003 9175040
1731666651099 0.0003 9207808
1731666672940 0.0003 9240576
1731666695981 0.0003 9273344
1731666711666 0.0003 9280000
1731666740285 0.0003 9338880
1731666762128 0.0003 9371648
1731666783686 0.0003 9404416
1731666806679 0.0003 9437184
1731666822090 0.0003 9440000
1731666851858 0.0003 9502720
1731666874853 0.0003 9535488
1731666896948 0.0003 9568256
1731666918249 0.0003 9600000
1731666940224 0.0003 9633792
1731666961847 0.0003 9666560
1731666982624 0.0003 9699328
1731667002648 0.0003 9732096
1731667024249 0.0003 9760000
1731667048774 0.0003 9797632
1731667070167 0.0003 9830400
1731667093550 0.0003 9863168
1731667116785 0.0003 9895936
1731667137463 0.0003 9920000
1731667162391 0.0003 9961472
1731667185047 0.0003 9994240
1731667207081 0.0003 10027008
1731667229480 0.0003 10059776
1731667248942 0.0003 10080000
1731667272917 0.0003 10125312
1731667293468 0.0003 10158080
1731667314580 0.0003 10190848
1731667336363 0.0003 10223616
1731667356028 0.0003 10240000
1731667383436 0.0003 10289152
1731667406795 0.0003 10321920
1731667429673 0.0003 10354688
1731667451645 0.0003 10387456
1731667469815 0.0003 10400000
1731667498009 0.0003 10452992
1731667520774 0.0003 10485760
1731667542742 0.0003 10518528
1731667564994 0.0003 10551296
1731667581835 0.0003 10560000
1731667610318 0.0003 10616832
1731667632489 0.0003 10649600
1731667654654 0.0003 10682368
1731667675922 0.0003 10715136
1731667691902 0.0003 10720000
1731667720488 0.0003 10780672
1731667741979 0.0003 10813440
1731667764187 0.0003 10846208
1731667786310 0.0003 10878976
1731667801409 0.0003 10880000
1731667831433 0.0003 10944512
1731667853585 0.0003 10977280
1731667875924 0.0003 11010048
1731667897359 0.0003 11040000
1731667919223 0.0003 11075584
1731667941815 0.0003 11108352
1731667963603 0.0003 11141120
1731667986483 0.0003 11173888
1731668007108 0.0003 11200000
1731668031093 0.0003 11239424
1731668053942 0.0003 11272192
1731668076619 0.0003 11304960
1731668099246 0.0003 11337728
1731668119108 0.0003 11360000
1731668144462 0.0003 11403264
1731668166737 0.0003 11436032
1731668188881 0.0003 11468800
1731668211011 0.0003 11501568
1731668230035 0.0003 11520000
1731668256942 0.0003 11567104
1731668279882 0.0003 11599872
1731668302831 0.0003 11632640
1731668326758 0.0003 11665408
1731668345326 0.0003 11680000
1731668372404 0.0003 11730944
1731668395314 0.0003 11763712
1731668417073 0.0003 11796480
1731668438125 0.0003 11829248
1731668454978 0.0003 11840000
1731668481518 0.0003 11894784
1731668504988 0.0003 11927552
1731668525676 0.0003 11960320
1731668548044 0.0003 11993088
1731668565259 0.0003 12000000
1731668595282 0.0003 12058624
1731668618155 0.0003 12091392
1731668641033 0.0003 12124160
1731668665497 0.0003 12156928
1731668681359 0.0003 12160000
1731668710253 0.0003 12222464
1731668732544 0.0003 12255232
1731668754265 0.0003 12288000
1731668775581 0.0003 12320000
1731668798174 0.0003 12353536
1731668820614 0.0003 12386304
1731668842326 0.0003 12419072
1731668865286 0.0003 12451840
1731668886518 0.0003 12480000
1731668910615 0.0003 12517376
1731668933444 0.0003 12550144
1731668956010 0.0003 12582912
1731668979083 0.0003 12615680
1731668999338 0.0003 12640000
1731669026710 0.0003 12681216
1731669049287 0.0003 12713984
1731669074110 0.0003 12746752
1731669098643 0.0003 12779520
1731669118500 0.0003 12800000
1731669144922 0.0003 12845056
1731669168992 0.0003 12877824
1731669192572 0.0003 12910592
1731669216552 0.0003 12943360
1731669236102 0.0003 12960000
1731669263757 0.0003 13008896
1731669286303 0.0003 13041664
1731669309685 0.0003 13074432
1731669333663 0.0003 13107200
1731669351567 0.0003 13120000
1731669381481 0.0003 13172736
1731669404883 0.0003 13205504
1731669426925 0.0003 13238272
1731669449561 0.0003 13271040
1731669467448 0.0003 13280000
1731669496290 0.0003 13336576
1731669520624 0.0003 13369344
1731669543416 0.0003 13402112
1731669565820 0.0003 13434880
1731669582623 0.0003 13440000
1731669614284 0.0003 13500416
1731669637523 0.0003 13533184
1731669660304 0.0003 13565952
1731669683923 0.0003 13598720
1731669699588 0.0003 13600000
1731669730723 0.0003 13664256
1731669753887 0.0003 13697024
1731669779315 0.0003 13729792
1731669801772 0.0003 13760000
1731669826262 0.0003 13795328
1731669849442 0.0003 13828096
1731669872634 0.0003 13860864
1731669894217 0.0003 13893632
1731669913674 0.0003 13920000
1731669936308 0.0003 13959168
1731669957093 0.0003 13991936
1731669977757 0.0003 14024704
1731669998434 0.0003 14057472
1731670017343 0.0003 14080000
1731670041497 0.0003 14123008
1731670062890 0.0003 14155776
1731670083690 0.0003 14188544
1731670104635 0.0003 14221312
1731670122685 0.0003 14240000
1731670146623 0.0003 14286848
1731670167939 0.0003 14319616
1731670189251 0.0003 14352384
1731670210581 0.0003 14385152
1731670227941 0.0003 14400000
1731670252495 0.0003 14450688
1731670273509 0.0003 14483456
1731670294678 0.0003 14516224
1731670315629 0.0003 14548992
1731670332054 0.0003 14560000
1731670358150 0.0003 14614528
1731670378925 0.0003 14647296
1731670399621 0.0003 14680064
1731670420474 0.0003 14712832
1731670436621 0.0003 14720000
1731670463550 0.0003 14778368
1731670484443 0.0003 14811136
1731670505363 0.0003 14843904
1731670526100 0.0003 14876672
1731670540973 0.0003 14880000
1731670568335 0.0003 14942208
1731670589241 0.0003 14974976
1731670610890 0.0003 15007744
1731670631628 0.0003 15040000
1731670653370 0.0003 15073280
1731670674010 0.0003 15106048
1731670695395 0.0003 15138816
1731670716764 0.0003 15171584
1731670736818 0.0003 15200000
1731670758778 0.0003 15237120
1731670779285 0.0003 15269888
1731670800098 0.0003 15302656
1731670820511 0.0003 15335424
1731670839436 0.0003 15360000
1731670861782 0.0003 15400960
1731670881495 0.0003 15433728
1731670902135 0.0003 15466496
1731670922509 0.0003 15499264
1731670940615 0.0003 15520000
1731670963029 0.0003 15564800
1731670983015 0.0003 15597568
1731671002971 0.0003 15630336
1731671023265 0.0003 15663104
1731671040679 0.0003 15680000
1731671064557 0.0003 15728640
1731671084857 0.0003 15761408
1731671105006 0.0003 15794176
1731671124917 0.0003 15826944
1731671141368 0.0003 15840000
1731671165561 0.0003 15892480
1731671186013 0.0003 15925248
1731671206261 0.0003 15958016
1731671226664 0.0003 15990784
1731671242101 0.0003 16000000
1731671267014 0.0003 16056320
1731671288023 0.0003 16089088
1731671309368 0.0003 16121856
1731671330201 0.0003 16154624
1731671345524 0.0003 16160000
1731671372287 0.0003 16220160
1731671393263 0.0003 16252928
1731671413357 0.0003 16285696
1731671433611 0.0003 16318464
1731671447946 0.0003 16320000
1731671475329 0.0003 16384000
1731671495977 0.0003 16416768
1731671516824 0.0003 16449536
1731671537006 0.0003 16480000
1731671558364 0.0003 16515072
1731671578703 0.0003 16547840
1731671599205 0.0003 16580608
1731671619903 0.0003 16613376
1731671639852 0.0003 16640000
1731671662387 0.0003 16678912
1731671683219 0.0003 16711680
1731671702943 0.0003 16744448
1731671723212 0.0003 16777216
1731671741931 0.0003 16800000
1731671764633 0.0003 16842752
1731671785123 0.0003 16875520
1731671805586 0.0003 16908288
1731671825374 0.0003 16941056
1731671842651 0.0003 16960000
1731671866750 0.0003 17006592
1731671887211 0.0003 17039360
1731671907420 0.0003 17072128
1731671927891 0.0003 17104896
1731671944843 0.0003 17120000
1731671969066 0.0003 17170432
1731671989508 0.0003 17203200
1731672010173 0.0003 17235968
1731672030722 0.0003 17268736
1731672046958 0.0003 17280000
1731672071620 0.0003 17334272
1731672091713 0.0003 17367040
1731672111840 0.0003 17399808
1731672132393 0.0003 17432576
1731672147899 0.0003 17440000
1731672173376 0.0003 17498112
1731672193064 0.0003 17530880
1731672213017 0.0003 17563648
1731672232980 0.0003 17596416
1731672247598 0.0003 17600000
1731672273835 0.0003 17661952
1731672294660 0.0003 17694720
1731672315061 0.0003 17727488
1731672335581 0.0003 17760000
1731672356091 0.0003 17793024
1731672376451 0.0003 17825792
1731672396939 0.0003 17858560
1731672418149 0.0003 17891328
1731672438330 0.0003 17920000
1731672459861 0.0003 17956864
1731672480382 0.0003 17989632
1731672500783 0.0003 18022400
1731672521121 0.0003 18055168
1731672540565 0.0003 18080000
1731672563335 0.0003 18120704
1731672583956 0.0003 18153472
1731672604781 0.0003 18186240
1731672625534 0.0003 18219008
1731672643832 0.0003 18240000
1731672667333 0.0003 18284544
1731672687729 0.0003 18317312
1731672708561 0.0003 18350080
1731672729286 0.0003 18382848
1731672746886 0.0003 18400000
1731672771044 0.0003 18448384
1731672791262 0.0003 18481152
1731672811701 0.0003 18513920
1731672832071 0.0003 18546688
1731672848615 0.0003 18560000
1731672872402 0.0003 18612224
1731672893207 0.0003 18644992
1731672913796 0.0003 18677760
1731672933901 0.0003 18710528
1731672949774 0.0003 18720000
1731672974673 0.0003 18776064
1731672994723 0.0003 18808832
1731673015822 0.0003 18841600
1731673036945 0.0003 18874368
1731673052566 0.0003 18880000
1731673079013 0.0003 18939904
1731673099757 0.0003 18972672
1731673120036 0.0003 19005440
1731673140321 0.0003 19038208
1731673154751 0.0003 19040000
1731673182415 0.0003 19103744
1731673202884 0.0003 19136512
1731673223364 0.0003 19169280
1731673243191 0.0003 19200000
1731673264136 0.0003 19234816
1731673284738 0.0003 19267584
1731673304891 0.0003 19300352
1731673325407 0.0003 19333120
1731673345204 0.0003 19360000
1731673367415 0.0003 19398656
1731673387500 0.0003 19431424
1731673407183 0.0003 19464192
1731673427275 0.0003 19496960
1731673446166 0.0003 19520000
1731673468562 0.0003 19562496
1731673489809 0.0003 19595264
1731673510445 0.0003 19628032
1731673530528 0.0003 19660800
1731673548298 0.0003 19680000
1731673571579 0.0003 19726336
1731673593187 0.0003 19759104
1731673614187 0.0003 19791872
1731673634106 0.0003 19824640
1731673651295 0.0003 19840000
1731673675822 0.0003 19890176
1731673696789 0.0003 19922944
1731673718480 0.0003 19955712
1731673739502 0.0003 19988480
1731673755989 0.0003 20000000
1731673781159 0.0003 20054016
1731673801720 0.0003 20086784
1731673821707 0.0003 20119552
1731673841817 0.0003 20152320
1731673857288 0.0003 20160000
1731673882166 0.0003 20217856
1731673902856 0.0003 20250624
1731673923477 0.0003 20283392
1731673943731 0.0003 20316160
1731673958609 0.0003 20320000
1731673985720 0.0003 20381696
1731674006238 0.0003 20414464
1731674027002 0.0003 20447232
1731674047423 0.0003 20480000
1731674067576 0.0003 20512768
1731674087653 0.0003 20545536
1731674107703 0.0003 20578304
1731674128394 0.0003 20611072
1731674148626 0.0003 20640000
1731674169811 0.0003 20676608
1731674189785 0.0003 20709376
1731674209744 0.0003 20742144
1731674229848 0.0003 20774912
1731674248742 0.0003 20800000
1731674270561 0.0003 20840448
1731674290813 0.0003 20873216
1731674310624 0.0003 20905984
1731674330894 0.0003 20938752
1731674348846 0.0003 20960000
1731674371212 0.0003 21004288
1731674391435 0.0003 21037056
1731674412062 0.0003 21069824
1731674432535 0.0003 21102592
1731674449951 0.0003 21120000
1731674473445 0.0003 21168128
1731674493385 0.0003 21200896
1731674513789 0.0003 21233664
1731674534220 0.0003 21266432
1731674550751 0.0003 21280000
1731674574420 0.0003 21331968
1731674594753 0.0003 21364736
1731674615395 0.0003 21397504
1731674636732 0.0003 21430272
1731674653181 0.0003 21440000
1731674677929 0.0003 21495808
1731674698332 0.0003 21528576
1731674718607 0.0003 21561344
1731674738673 0.0003 21594112
1731674754056 0.0003 21600000
1731674780376 0.0003 21659648
1731674800472 0.0003 21692416
1731674820657 0.0003 21725184
1731674841300 0.0003 21757952
1731674855505 0.0003 21760000
1731674882122 0.0003 21823488
1731674902728 0.0003 21856256
1731674923134 0.0003 21889024
1731674943506 0.0003 21920000
1731674964163 0.0003 21954560
1731674984653 0.0003 21987328
1731675004787 0.0003 22020096
1731675024507 0.0003 22052864
1731675044676 0.0003 22080000
1731675066979 0.0003 22118400
1731675087619 0.0003 22151168
1731675107811 0.0003 22183936
1731675128208 0.0003 22216704
1731675146563 0.0003 22240000
1731675169118 0.0003 22282240
1731675189669 0.0003 22315008
1731675209851 0.0003 22347776
1731675229943 0.0003 22380544
1731675248086 0.0003 22400000
1731675271435 0.0003 22446080
1731675291643 0.0003 22478848
1731675311634 0.0003 22511616
1731675332695 0.0003 22544384
1731675349838 0.0003 22560000
1731675373781 0.0003 22609920
1731675394838 0.0003 22642688
1731675415509 0.0003 22675456
1731675436136 0.0003 22708224
1731675452426 0.0003 22720000
1731675476855 0.0003 22773760
1731675496801 0.0003 22806528
1731675517101 0.0003 22839296
1731675537356 0.0003 22872064
1731675552693 0.0003 22880000
1731675577544 0.0003 22937600
1731675599135 0.0003 22970368
1731675619619 0.0003 23003136
1731675640043 0.0003 23035904
1731675654830 0.0003 23040000
1731675681001 0.0003 23101440
1731675701517 0.0003 23134208
1731675721994 0.0003 23166976
1731675742339 0.0003 23199744
1731675756942 0.0003 23200000
1731675784675 0.0003 23265280
1731675804868 0.0003 23298048
1731675824989 0.0003 23330816
1731675845028 0.0003 23360000
1731675866266 0.0003 23396352
1731675886403 0.0003 23429120
1731675906549 0.0003 23461888
1731675926544 0.0003 23494656
1731675945463 0.0003 23520000
1731675967066 0.0003 23560192
1731675987253 0.0003 23592960
1731676007752 0.0003 23625728
1731676028506 0.0003 23658496
1731676046640 0.0003 23680000
1731676068987 0.0003 23724032
1731676089073 0.0003 23756800
1731676109715 0.0003 23789568
1731676130214 0.0003 23822336
1731676147764 0.0003 23840000
1731676171190 0.0003 23887872
1731676191380 0.0003 23920640
1731676211678 0.0003 23953408
1731676234007 0.0003 23986176
1731676250782 0.0003 24000000
1731676274824 0.0003 24051712
1731676295426 0.0003 24084480
1731676315726 0.0003 24117248
1731676336037 0.0003 24150016
1731676352024 0.0003 24160000
1731676377351 0.0003 24215552
1731676397719 0.0003 24248320
1731676418308 0.0003 24281088
1731676439046 0.0003 24313856
1731676454341 0.0003 24320000
1731676480475 0.0003 24379392
1731676501547 0.0003 24412160
1731676522638 0.0003 24444928
1731676543834 0.0003 24477696
1731676558960 0.0003 24480000
1731676586883 0.0003 24543232
1731676607811 0.0003 24576000
1731676628056 0.0003 24608768
1731676648624 0.0003 24640000
1731676669303 0.0003 24674304
1731676690187 0.0003 24707072
1731676710262 0.0003 24739840
1731676730939 0.0003 24772608
1731676750812 0.0003 24800000
1731676772798 0.0003 24838144
1731676793308 0.0003 24870912
1731676813043 0.0003 24903680
1731676833472 0.0003 24936448
1731676852634 0.0003 24960000
1731676875062 0.0003 25001984
1731676895279 0.0003 25034752
1731676915857 0.0003 25067520
1731676936093 0.0003 25100288
1731676954297 0.0003 25120000
1731676977857 0.0003 25165824
1731676998572 0.0003 25198592
1731677019186 0.0003 25231360
1731677039330 0.0003 25264128
1731677056538 0.0003 25280000
1731677081048 0.0003 25329664
1731677101292 0.0003 25362432
1731677121666 0.0003 25395200
1731677143614 0.0003 25427968
1731677160025 0.0003 25440000
1731677184772 0.0003 25493504
1731677205378 0.0003 25526272
1731677225564 0.0003 25559040
1731677245564 0.0003 25591808
1731677261373 0.0003 25600000
1731677287054 0.0003 25657344
1731677307581 0.0003 25690112
1731677327850 0.0003 25722880
1731677348160 0.0003 25755648
1731677363324 0.0003 25760000
1731677389984 0.0003 25821184
1731677410667 0.0003 25853952
1731677430797 0.0003 25886720
1731677450743 0.0003 25919488
1731677464694 0.0003 25920000
1731677491822 0.0003 25985024
1731677512356 0.0003 26017792
1731677532757 0.0003 26050560
1731677552954 0.0003 26080000
1731677574722 0.0003 26116096
1731677595280 0.0003 26148864
1731677615485 0.0003 26181632
1731677636600 0.0003 26214400
1731677655878 0.0003 26240000
1731677677888 0.0003 26279936
1731677698639 0.0003 26312704
1731677719578 0.0003 26345472
1731677739895 0.0003 26378240
1731677758218 0.0003 26400000
1731677780779 0.0003 26443776
1731677800785 0.0003 26476544
1731677821361 0.0003 26509312
1731677842860 0.0003 26542080
1731677861220 0.0003 26560000
1731677885300 0.0003 26607616
1731677905307 0.0003 26640384
1731677925553 0.0003 26673152
1731677946379 0.0003 26705920
1731677963328 0.0003 26720000
1731677988251 0.0003 26771456
1731678008812 0.0003 26804224
1731678028996 0.0003 26836992
1731678049985 0.0003 26869760
1731678065977 0.0003 26880000
1731678091026 0.0003 26935296
1731678110790 0.0003 26968064
1731678131508 0.0003 27000832
1731678151696 0.0003 27033600
1731678167013 0.0003 27040000
1731678193113 0.0003 27099136
1731678213516 0.0003 27131904
1731678233866 0.0003 27164672
1731678254709 0.0003 27197440
1731678269870 0.0003 27200000
1731678297812 0.0003 27262976
1731678318145 0.0003 27295744
1731678338504 0.0003 27328512
1731678359161 0.0003 27360000
1731678380236 0.0003 27394048
1731678400361 0.0003 27426816
1731678420879 0.0003 27459584
1731678442519 0.0003 27492352
1731678462290 0.0003 27520000
1731678485851 0.0003 27557888
1731678506676 0.0003 27590656
1731678527821 0.0003 27623424
1731678548199 0.0003 27656192
1731678567127 0.0003 27680000
1731678590290 0.0003 27721728
1731678610000 0.0003 27754496
1731678630333 0.0003 27787264
1731678650623 0.0003 27820032
1731678668546 0.0003 27840000
1731678691781 0.0003 27885568
1731678711853 0.0003 27918336
1731678731841 0.0003 27951104
1731678752441 0.0003 27983872
1731678769775 0.0003 28000000
1731678794272 0.0003 28049408
1731678814471 0.0003 28082176
1731678834635 0.0003 28114944
1731678855281 0.0003 28147712
1731678871873 0.0003 28160000
1731678898014 0.0003 28213248
1731678919598 0.0003 28246016
1731678941184 0.0003 28278784
1731678962855 0.0003 28311552
1731678979968 0.0003 28320000
1731679007211 0.0003 28377088
1731679028242 0.0003 28409856
1731679049121 0.0003 28442624
1731679072315 0.0003 28475392
1731679087398 0.0003 28480000
1731679114706 0.0003 28540928
1731679136041 0.0003 28573696
1731679156468 0.0003 28606464
1731679176701 0.0003 28639232
1731679190831 0.0003 28640000
1731679217434 0.0003 28704768
1731679238431 0.0003 28737536
1731679258905 0.0003 28770304
1731679278335 0.0003 28800000
1731679300827 0.0003 28835840
1731679321321 0.0003 28868608
1731679342257 0.0003 28901376
1731679363608 0.0003 28934144
1731679382853 0.0003 28960000
1731679404745 0.0003 28999680
1731679424914 0.0003 29032448
1731679445210 0.0003 29065216
1731679466088 0.0003 29097984
1731679484817 0.0003 29120000
1731679507864 0.0003 29163520
1731679528472 0.0003 29196288
1731679549154 0.0003 29229056
1731679569459 0.0003 29261824
1731679587220 0.0003 29280000
1731679611359 0.0003 29327360
1731679631992 0.0003 29360128
1731679652462 0.0003 29392896
1731679673943 0.0003 29425664
1731679691537 0.0003 29440000
1731679715927 0.0003 29491200
1731679735832 0.0003 29523968
1731679756284 0.0003 29556736
1731679776497 0.0003 29589504
1731679792420 0.0003 29600000
1731679817083 0.0003 29655040
1731679837538 0.0003 29687808
1731679858363 0.0003 29720576
1731679879272 0.0003 29753344
1731679894818 0.0003 29760000
1731679920617 0.0003 29818880
1731679940921 0.0003 29851648
1731679961027 0.0003 29884416
1731679981230 0.0003 29917184
1731679995740 0.0003 29920000
1731680021767 0.0003 29982720
1731680042159 0.0003 30015488
1731680062754 0.0003 30048256
1731680083171 0.0003 30080000
1731680104690 0.0003 30113792
1731680124561 0.0003 30146560
1731680145070 0.0003 30179328
1731680165568 0.0003 30212096
1731680185536 0.0003 30240000
1731680208258 0.0003 30277632
1731680228799 0.0003 30310400
1731680248985 0.0003 30343168
1731680269661 0.0003 30375936
1731680288416 0.0003 30400000
1731680311404 0.0003 30441472
1731680331540 0.0003 30474240
1731680351994 0.0003 30507008
1731680372117 0.0003 30539776
1731680389977 0.0003 30560000
1731680413086 0.0003 30605312
1731680433560 0.0003 30638080
1731680454177 0.0003 30670848
1731680474375 0.0003 30703616
1731680491525 0.0003 30720000
1731680515560 0.0003 30769152
1731680535852 0.0003 30801920
1731680556270 0.0003 30834688
1731680576604 0.0003 30867456
1731680593332 0.0003 30880000
1731680618331 0.0003 30932992
1731680638978 0.0003 30965760
1731680659710 0.0003 30998528
1731680680596 0.0003 31031296
1731680697369 0.0003 31040000
1731680723292 0.0003 31096832
1731680743477 0.0003 31129600
1731680764660 0.0003 31162368
1731680785954 0.0003 31195136
1731680800857 0.0003 31200000
1731680826736 0.0003 31260672
1731680847285 0.0003 31293440
1731680869793 0.0003 31326208
1731680890488 0.0003 31358976
1731680904483 0.0003 31360000
1731680931209 0.0003 31424512
1731680951997 0.0003 31457280
1731680972560 0.0003 31490048
1731680993152 0.0003 31520000
1731681015935 0.0003 31555584
1731681036104 0.0003 31588352
1731681056287 0.0003 31621120
1731681076270 0.0003 31653888
1731681095832 0.0003 31680000
1731681117998 0.0003 31719424
1731681138850 0.0003 31752192
1731681159206 0.0003 31784960
1731681179622 0.0003 31817728
1731681198143 0.0003 31840000
1731681220844 0.0003 31883264
1731681241088 0.0003 31916032
1731681261850 0.0003 31948800
1731681282641 0.0003 31981568
1731681300242 0.0003 32000000
1731681324095 0.0003 32047104
1731681345240 0.0003 32079872
1731681366492 0.0003 32112640
1731681387882 0.0003 32145408
1731681404776 0.0003 32160000
