1731660391127 -0.003977743908762932 65536
1731660412290 0.001474994234740734 98304
1731660434364 -0.02995462156832218 131072
1731660455691 -0.023389924317598343 160000
1731660479990 -0.034946270287036896 196608
1731660500974 -0.040511034429073334 229376
1731660523151 -0.0028148835990577936 262144
1731660544687 -0.02979676052927971 294912
1731660564883 -0.06865033507347107 320000
1731660588535 -0.029570141807198524 360448
1731660609373 -0.015219698660075665 393216
1731660632984 -0.030211525037884712 425984
1731660654896 -0.036904145032167435 458752
1731660675483 -0.005718763917684555 480000
1731660701305 -0.040204007178545 524288
1731660723298 -0.05663793161511421 557056
1731660744926 -0.0002811986196320504 589824
1731660767428 -0.01747419312596321 622592
1731660786475 -0.04375757649540901 640000
1731660812956 -0.026172829791903496 688128
1731660835820 -0.025124067440629005 720896
1731660857987 -0.030978938564658165 753664
1731660879351 -0.036950014531612396 786432
1731660898246 -0.012860078364610672 800000
1731660926073 0.0039710793644189835 851968
1731660948864 0.0006624720990657806 884736
1731660971522 -0.008887145668268204 917504
1731660995132 0.001891066785901785 950272
1731661013619 -0.016401251778006554 960000
1731661042073 -0.04485463351011276 1015808
1731661064410 -0.02960456907749176 1048576
1731661087761 -0.03797087073326111 1081344
1731661109676 -0.049290433526039124 1114112
1731661127257 -0.01439389307051897 1120000
1731661156447 -0.04164815694093704 1179648
1731661178010 -0.021389391273260117 1212416
1731661199781 -0.04712824895977974 1245184
1731661225524 -0.04150594398379326 1277952
1731661242026 -0.061716437339782715 1280000
1731661271109 -0.08413953334093094 1343488
1731661295203 -0.002574315294623375 1376256
1731661318077 -0.028849707916378975 1409024
1731661341332 -0.024291127920150757 1440000
1731661365200 -0.042065177112817764 1474560
1731661387596 -0.014598451554775238 1507328
1731661409485 -0.06101758033037186 1540096
1731661431064 -0.00787229835987091 1572864
1731661451895 0.001651122933253646 1600000
1731661474958 -0.04333062097430229 1638400
1731661496839 -0.034391991794109344 1671168
1731661517862 -0.017582735046744347 1703936
1731661538642 -0.024710126221179962 1736704
1731661558642 -0.020509453490376472 1760000
1731661583480 -0.026795586571097374 1802240
1731661607051 -0.02482423186302185 1835008
1731661629426 -0.01972048729658127 1867776
1731661651639 -0.03684031590819359 1900544
1731661670502 -0.021726345643401146 1920000
1731661696185 -0.0340505950152874 1966080
1731661718763 -0.016842247918248177 1998848
1731661740635 -0.05050387606024742 2031616
1731661762562 -0.04235284402966499 2064384
1731661781087 -0.052668120712041855 2080000
1731661807187 -0.04607260972261429 2129920
1731661828624 -0.03847873955965042 2162688
1731661850344 -0.03652718663215637 2195456
1731661872422 -0.013086732476949692 2228224
1731661889878 -0.039771903306245804 2240000
1731661917756 -0.026374151930212975 2293760
1731661941781 -0.05216984823346138 2326528
1731661964369 -0.004731475375592709 2359296
1731661986752 -0.04833757132291794 2392064
1731662004090 -0.04591555520892143 2400000
1731662033002 -0.02109166420996189 2457600
1731662055477 -0.03361322358250618 2490368
1731662077710 -0.012687480077147484 2523136
1731662101550 -0.017826439812779427 2555904
1731662118324 -0.049744460731744766 2560000
1731662147948 -0.055370986461639404 2621440
1731662170884 -0.014681502245366573 2654208
1731662193307 -0.014103838242590427 2686976
1731662216088 -0.030535807833075523 2719744
1731662231963 -0.020142391324043274 2720000
1731662262704 -0.026601642370224 2785280
1731662285508 -0.025825196877121925 2818048
1731662308432 -0.01115573849529028 2850816
1731662330882 -0.02371365949511528 2880000
1731662354422 -0.018014341592788696 2916352
1731662376240 -0.030140286311507225 2949120
1731662398493 0.018926279619336128 2981888
1731662420285 -0.014617379754781723 3014656
1731662441138 -0.03982020542025566 3040000
1731662465726 -0.044480472803115845 3080192
1731662487925 -0.024173976853489876 3112960
1731662511974 -0.017329135909676552 3145728
1731662534673 0.004645393230021 3178496
1731662555243 -0.025788940489292145 3200000
1731662580785 -0.04119472578167915 3244032
1731662603601 -0.033972885459661484 3276800
1731662626304 0.008686083368957043 3309568
1731662647794 -0.01427036989480257 3342336
1731662666758 -0.03180843964219093 3360000
1731662692701 -0.026973016560077667 3407872
1731662714597 -0.010780497454106808 3440640
1731662734899 -0.014340274967253208 3473408
1731662755702 -0.04242205247282982 3506176
1731662773407 -0.05865978077054024 3520000
1731662801739 -0.04130196571350098 3571712
1731662826192 -0.015569922514259815 3604480
1731662848141 -0.0071560596115887165 3637248
1731662870533 -0.04380713403224945 3670016
1731662887880 -0.035522159188985825 3680000
1731662915144 -0.0370996929705143 3735552
1731662937314 -0.017214566469192505 3768320
1731662958701 -0.022303665056824684 3801088
1731662980972 -0.015181802213191986 3833856
1731662997822 -0.01814906857907772 3840000
1731663026181 -0.035396039485931396 3899392
1731663047848 -0.04145117476582527 3932160
1731663069026 0.012434207834303379 3964928
1731663091637 -0.04661097377538681 3997696
1731663107308 0.011814840137958527 4000000
1731663135601 -0.04024273157119751 4063232
1731663158688 -0.01685597375035286 4096000
1731663180038 -0.03220101073384285 4128768
1731663201843 -0.005707065109163523 4160000
1731663224697 -0.013378344476222992 4194304
1731663247072 -0.02139076218008995 4227072
1731663268566 -0.04756248742341995 4259840
1731663290630 -0.03206387162208557 4292608
1731663311591 -0.02513524703681469 4320000
1731663335733 -0.03241478279232979 4358144
1731663357795 -0.03744230419397354 4390912
1731663379747 -0.03475343808531761 4423680
1731663401654 -0.03511160984635353 4456448
1731663421131 -0.02494698390364647 4480000
1731663445498 -0.021789366379380226 4521984
1731663467959 -0.025254540145397186 4554752
1731663490437 -0.022528555244207382 4587520
1731663512698 -0.048813145607709885 4620288
1731663531703 -0.013319767080247402 4640000
1731663557494 -0.0179534163326025 4685824
1731663579530 -0.04495831951498985 4718592
1731663601976 -0.050352904945611954 4751360
1731663625538 -0.03655680641531944 4784128
1731663644746 -0.029996981844305992 4800000
1731663672502 -0.020760148763656616 4849664
1731663695094 -0.04335712641477585 4882432
1731663717891 -0.02499464899301529 4915200
1731663741137 -0.03675752878189087 4947968
1731663759804 0.029565749689936638 4960000
1731663788683 -0.033685535192489624 5013504
1731663811422 -0.048429936170578 5046272
1731663833808 -0.008372720330953598 5079040
1731663855984 -0.027302877977490425 5111808
1731663873047 -0.045276444405317307 5120000
1731663902261 -0.018701424822211266 5177344
1731663925871 -0.018746908754110336 5210112
1731663948596 -0.016226857900619507 5242880
1731663970931 -0.021459851413965225 5275648
1731663987008 -0.02511635422706604 5280000
1731664015555 -0.014451689086854458 5341184
1731664037985 0.01128565426915884 5373952
1731664060822 -0.02520209737122059 5406720
1731664082868 -0.020311199128627777 5439488
1731664097968 -0.027600837871432304 5440000
1731664127599 -0.02835167944431305 5505024
1731664149632 -0.017483316361904144 5537792
1731664172282 -0.009688242338597775 5570560
1731664194108 -0.014890141785144806 5600000
1731664217416 0.006431140471249819 5636096
1731664239036 -0.03847697377204895 5668864
1731664261351 -0.02761700004339218 5701632
1731664284753 0.0031217196956276894 5734400
1731664306200 -0.03623785823583603 5760000
1731664329937 -0.01638934202492237 5799936
1731664351254 -0.025147367268800735 5832704
1731664373939 -0.01472257450222969 5865472
1731664395501 -0.044059157371520996 5898240
1731664414681 -0.01797296293079853 5920000
1731664438184 0.005401306319981813 5963776
1731664459782 -0.045165251940488815 5996544
1731664482037 0.0037307655438780785 6029312
1731664504008 -0.031129971146583557 6062080
1731664523061 -0.028779124841094017 6080000
1731664548369 -0.03635948523879051 6127616
1731664569977 -0.02601032331585884 6160384
1731664591727 -0.03128567710518837 6193152
1731664614047 -0.016277572140097618 6225920
1731664631992 -0.006780431605875492 6240000
1731664658787 -0.018262526020407677 6291456
1731664681712 -0.038308147341012955 6324224
1731664703660 -0.0077459318563342094 6356992
1731664725714 -0.04325225204229355 6389760
1731664743321 0.008134123869240284 6400000
1731664771316 -0.033521007746458054 6455296
1731664793854 -0.026015574112534523 6488064
1731664818159 -0.046268053352832794 6520832
1731664840593 0.002361818915233016 6553600
1731664857611 0.0028389154467731714 6560000
1731664887086 -0.029871651902794838 6619136
1731664910015 -0.023552019149065018 6651904
1731664933639 -0.03194962069392204 6684672
1731664956498 -0.021900564432144165 6717440
1731664972292 -0.03730084374547005 6720000
1731665001292 -0.029555900022387505 6782976
1731665024582 -0.0133050000295043 6815744
1731665047826 -0.021649925038218498 6848512
1731665069940 -0.00942507479339838 6880000
1731665092749 -0.048559121787548065 6914048
1731665114565 -0.013960548676550388 6946816
1731665137236 -0.016349928453564644 6979584
1731665159512 -0.029718713834881783 7012352
1731665180570 -0.050625380128622055 7040000
1731665204084 -0.03393382951617241 7077888
1731665225468 -0.03922458365559578 7110656
1731665247959 -0.044113896787166595 7143424
1731665272056 -0.0498756468296051 7176192
1731665293467 -0.015925271436572075 7200000
1731665318091 -0.05076438561081886 7241728
1731665339982 -0.045073460787534714 7274496
1731665361650 0.014467127621173859 7307264
1731665383825 -0.03150045871734619 7340032
1731665403130 -0.027016274631023407 7360000
1731665428652 -0.012678942643105984 7405568
1731665451286 -0.007795949932187796 7438336
1731665472124 -0.025165745988488197 7471104
1731665493601 -0.03789819777011871 7503872
1731665511357 0.018297161906957626 7520000
1731665534926 -0.04031332582235336 7569408
1731665557060 -0.039144117385149 7602176
1731665579703 -0.04694560915231705 7634944
1731665601989 -0.02996012009680271 7667712
1731665620118 -0.021091779693961143 7680000
1731665646643 -0.027234703302383423 7733248
1731665669649 -0.012210563756525517 7766016
1731665692889 -0.03481360152363777 7798784
1731665714942 -0.024379298090934753 7831552
1731665732062 -0.002294056350365281 7840000
1731665759561 -0.02335995063185692 7897088
1731665781035 -0.04764600843191147 7929856
1731665801516 -0.029234733432531357 7962624
1731665821957 -0.0032518391963094473 7995392
1731665837759 -0.03613173961639404 8000000
1731665867590 -0.0230213925242424 8060928
1731665890313 -0.01234820019453764 8093696
1731665912645 -0.00505740474909544 8126464
1731665935036 -0.012281438335776329 8159232
1731665949804 -0.026855506002902985 8160000
1731665979876 -0.011616356670856476 8224768
1731666001648 -0.013223979622125626 8257536
1731666024073 -0.03960787504911423 8290304
1731666046123 -0.046657633036375046 8320000
1731666068663 0.007022655103355646 8355840
1731666090969 -0.011005883105099201 8388608
1731666113893 -0.03328411281108856 8421376
1731666136581 -0.05259275063872337 8454144
1731666157959 -0.039749473333358765 8480000
1731666181774 -0.03361405432224274 8519680
1731666204246 -0.015545343980193138 8552448
1731666225679 -0.03398433327674866 8585216
1731666247350 -0.03231125324964523 8617984
1731666266579 -0.03991014137864113 8640000
1731666290710 -0.034629013389348984 8683520
1731666312670 -0.012418629601597786 8716288
1731666335395 -0.03311484679579735 8749056
1731666358022 -0.012202857062220573 8781824
1731666377027 -0.013092568144202232 8800000
1731666402567 -0.03470452502369881 8847360
1731666425596 -0.003640666836872697 8880128
1731666447813 -0.0266439076513052 8912896
1731666469864 -0.02679060958325863 8945664
1731666488328 -0.031203415244817734 8960000
1731666515374 -0.009481356479227543 9011200
1731666537871 -0.041801437735557556 9043968
1731666560792 -0.02086779661476612 9076736
1731666583265 -0.016788609325885773 9109504
1731666600544 -0.03751600533723831 9120000
1731666629195 -0.034127507358789444 9175040
1731666651118 -0.026969555765390396 9207808
1731666672979 -0.030036911368370056 9240576
1731666696001 -0.02634454146027565 9273344
1731666711689 -0.014464360661804676 9280000
1731666740334 -0.010402383282780647 9338880
1731666762137 -0.019202256575226784 9371648
1731666783715 -0.018364327028393745 9404416
1731666806716 -0.008049383759498596 9437184
1731666822139 -0.0033416736405342817 9440000
1731666851989 -0.047071222215890884 9502720
1731666874916 -0.05037866532802582 9535488
1731666896978 0.005877180490642786 9568256
1731666918273 -0.022098451852798462 9600000
1731666940271 -0.005371560342609882 9633792
1731666961911 -0.004882603418081999 9666560
1731666982648 -0.03867461904883385 9699328
1731667002671 -0.014347017742693424 9732096
1731667024279 -0.032245419919490814 9760000
1731667048790 -0.025460878387093544 9797632
1731667070198 -0.035424258559942245 9830400
1731667093719 -0.036509182304143906 9863168
1731667116821 -0.030469872057437897 9895936
1731667137498 -0.04441545158624649 9920000
1731667162431 -0.023041071370244026 9961472
1731667185095 -0.011212467215955257 9994240
1731667207196 -0.024224674329161644 10027008
1731667229517 0.019080862402915955 10059776
1731667248975 -0.022651994600892067 10080000
1731667272946 -0.04640097916126251 10125312
1731667293485 -0.01823357865214348 10158080
1731667314615 -0.02576056309044361 10190848
1731667336384 -0.042311687022447586 10223616
1731667356062 -0.04568824544548988 10240000
1731667383489 -0.037760019302368164 10289152
1731667406850 -0.01599859818816185 10321920
1731667429737 -0.00970084685832262 10354688
1731667451660 -0.03637787327170372 10387456
1731667469855 0.004541842732578516 10400000
1731667498078 -0.03129132464528084 10452992
1731667520803 -0.01761690340936184 10485760
1731667542764 -0.03444243222475052 10518528
1731667565037 -0.034323543310165405 10551296
1731667581874 0.00047085422556847334 10560000
1731667610349 -0.028557540848851204 10616832
1731667632551 -0.028995288535952568 10649600
1731667654707 -0.0237552709877491 10682368
1731667675972 -0.03226562216877937 10715136
1731667691942 -0.01352437399327755 10720000
1731667720514 -0.01482320111244917 10780672
1731667741996 -0.013786647468805313 10813440
1731667764231 -0.03976181149482727 10846208
1731667786358 -0.03103308193385601 10878976
1731667801438 -0.046820543706417084 10880000
1731667831466 -0.026906631886959076 10944512
1731667853610 -0.017517127096652985 10977280
1731667876020 -0.02848406322300434 11010048
1731667897389 -0.03196829557418823 11040000
1731667919251 -0.04657674580812454 11075584
1731667941848 -0.0030604770872741938 11108352
1731667963629 -0.02386663481593132 11141120
1731667986498 -0.03722837194800377 11173888
1731668007127 -0.00792293343693018 11200000
1731668031128 -0.024106167256832123 11239424
1731668054020 -0.017303548753261566 11272192
1731668076641 -0.0325474739074707 11304960
1731668099272 -0.03608453646302223 11337728
1731668119151 -0.031492140144109726 11360000
1731668144491 -0.0465579628944397 11403264
1731668166745 -0.014992903918027878 11436032
1731668188905 -0.008250650018453598 11468800
1731668211039 -0.01287408173084259 11501568
1731668230070 -0.032113756984472275 11520000
1731668257049 -0.01587715931236744 11567104
1731668279951 -0.03242284804582596 11599872
1731668302847 -0.011556657962501049 11632640
1731668326822 -0.040833618491888046 11665408
1731668345389 -0.017347492277622223 11680000
1731668372424 -0.024808641523122787 11730944
1731668395376 -0.023132553324103355 11763712
1731668417137 -0.00015804228314664215 11796480
1731668438150 -0.03407576307654381 11829248
1731668455013 0.006687730085104704 11840000
1731668481613 -0.026133673265576363 11894784
1731668505032 -0.05523019656538963 11927552
1731668525693 0.000989300780929625 11960320
1731668548073 -0.03849726542830467 11993088
1731668565328 -0.01831870526075363 12000000
1731668595339 -0.012105443514883518 12058624
1731668618208 -0.016149388626217842 12091392
1731668641078 -0.02389054372906685 12124160
1731668665579 -0.03188042342662811 12156928
1731668681391 -0.020752089098095894 12160000
1731668710271 -0.011819145642220974 12222464
1731668732591 -0.02961241640150547 12255232
1731668754308 0.005141822155565023 12288000
1731668775646 -0.0432705320417881 12320000
1731668798267 -0.036829542368650436 12353536
1731668820706 -0.03411461040377617 12386304
1731668842451 -0.00913169328123331 12419072
1731668865343 -0.05283435434103012 12451840
1731668886608 -0.007167450617998838 12480000
1731668910822 -0.06857791543006897 12517376
1731668933492 -0.02294292114675045 12550144
1731668956124 -0.028229597955942154 12582912
1731668979172 -0.010929382406175137 12615680
1731668999385 -0.037043292075395584 12640000
1731669026810 -0.025031525641679764 12681216
1731669049322 -0.015687763690948486 12713984
1731669074332 -0.041099630296230316 12746752
1731669098709 -0.013127747923135757 12779520
1731669118569 -0.026114091277122498 12800000
1731669145021 -0.014841476455330849 12845056
1731669169428 -0.03563111275434494 12877824
1731669192695 -0.0303180068731308 12910592
1731669216588 -0.03308830037713051 12943360
1731669236224 -0.018415125086903572 12960000
1731669263859 -0.022824205458164215 13008896
1731669286376 -0.012230951339006424 13041664
1731669309749 -0.027400322258472443 13074432
1731669333712 -0.038534630089998245 13107200
1731669351665 0.001089502708055079 13120000
1731669381540 -0.01989850401878357 13172736
1731669404939 -0.03212856128811836 13205504
1731669426982 -0.04792080819606781 13238272
1731669449637 -0.005767480935901403 13271040
1731669467635 -0.01640096865594387 13280000
1731669496388 -0.03961357846856117 13336576
1731669520693 -0.03734919801354408 13369344
1731669543481 -0.04427479952573776 13402112
1731669565908 -0.017151212319731712 13434880
1731669582802 -0.02335582859814167 13440000
1731669614407 -0.02561851777136326 13500416
1731669637824 -0.04541174694895744 13533184
1731669660377 -0.01869942992925644 13565952
1731669684140 0.007950481958687305 13598720
1731669699664 -0.025482432916760445 13600000
1731669730780 -0.04157767817378044 13664256
1731669754019 0.026238111779093742 13697024
1731669779352 -0.0112531129270792 13729792
1731669801848 -0.03520346060395241 13760000
1731669826376 -0.005084812641143799 13795328
1731669849578 -0.013381345197558403 13828096
1731669872761 -0.03174738585948944 13860864
1731669894269 -0.02356206811964512 13893632
1731669913715 -0.026968030259013176 13920000
1731669936431 -0.050305720418691635 13959168
1731669957118 -0.04097115248441696 13991936
1731669977787 -0.02840147726237774 14024704
1731669998526 -0.031151387840509415 14057472
1731670017390 -0.05805128067731857 14080000
1731670041566 -0.03229640796780586 14123008
1731670062936 -0.029056109488010406 14155776
1731670083743 -0.0353274941444397 14188544
1731670104712 0.005139708984643221 14221312
1731670122706 -0.016295937821269035 14240000
1731670146663 -0.04596694931387901 14286848
1731670168025 -0.016596319153904915 14319616
1731670189303 -0.022083787247538567 14352384
1731670210657 -0.02509005181491375 14385152
1731670227978 -0.00775472167879343 14400000
1731670252552 -0.0005114608211442828 14450688
1731670273582 -0.04078933596611023 14483456
1731670294769 -0.04046498239040375 14516224
1731670315681 -0.03754492476582527 14548992
1731670332131 -0.03236439451575279 14560000
1731670358200 -0.007337774150073528 14614528
1731670379021 -0.03214462473988533 14647296
1731670399656 0.006676273886114359 14680064
1731670420596 -0.030605459585785866 14712832
1731670436803 -0.011466938070952892 14720000
1731670463608 -0.016139427199959755 14778368
1731670484500 -0.023502996191382408 14811136
1731670505412 -0.015067028813064098 14843904
1731670526126 -0.010354027152061462 14876672
1731670541034 -0.005343637429177761 14880000
1731670568417 -0.02715524658560753 14942208
1731670589306 -0.014595155604183674 14974976
1731670610959 -0.026519156992435455 15007744
1731670631648 -0.0269152969121933 15040000
1731670653386 -0.03245639428496361 15073280
1731670674053 -0.007974172942340374 15106048
1731670695454 -0.013699058443307877 15138816
1731670716783 -0.018773294985294342 15171584
1731670736854 -0.011677863076329231 15200000
1731670758807 -0.020477687940001488 15237120
1731670779308 -0.025824788957834244 15269888
1731670800151 0.006057685241103172 15302656
1731670820528 -0.006146037019789219 15335424
1731670839481 -0.030371639877557755 15360000
1731670861822 -0.03510865196585655 15400960
1731670881544 -0.01693420298397541 15433728
1731670902152 -0.032249826937913895 15466496
1731670922527 -0.0373380072414875 15499264
1731670940645 -0.02551640011370182 15520000
1731670963046 -0.034507837146520615 15564800
1731670983040 -0.011912724934518337 15597568
1731671003037 -0.00345391733571887 15630336
1731671023290 -0.03678465262055397 15663104
1731671040730 -0.027954697608947754 15680000
1731671064586 0.01688622310757637 15728640
1731671084885 0.0022429306991398335 15761408
1731671105020 -0.028954559937119484 15794176
1731671124943 -0.0163070447742939 15826944
1731671141394 -0.015332309529185295 15840000
1731671165603 -0.03121684491634369 15892480
1731671186030 -0.024544909596443176 15925248
1731671206279 -0.02699279598891735 15958016
1731671226681 -0.030087333172559738 15990784
1731671242134 -0.03781936690211296 16000000
1731671267039 -0.026158004999160767 16056320
1731671288055 -0.03745504468679428 16089088
1731671309391 -0.014381223358213902 16121856
1731671330224 -0.02926420047879219 16154624
1731671345567 -0.029184050858020782 16160000
1731671372303 -0.030862214043736458 16220160
1731671393280 0.0025018355809152126 16252928
1731671413407 -0.010454070754349232 16285696
1731671433627 -0.013831386342644691 16318464
1731671447975 -0.023958364501595497 16320000
1731671475353 -0.03251345455646515 16384000
1731671496014 -0.028600921854376793 16416768
1731671516848 0.0045409235171973705 16449536
1731671537021 -0.00930566992610693 16480000
1731671558380 -0.019826343283057213 16515072
1731671578718 -0.024002360180020332 16547840
1731671599235 -0.0218838918954134 16580608
1731671619945 -0.02265659160912037 16613376
1731671640264 -0.013657240197062492 16640000
1731671662437 -0.02131594903767109 16678912
1731671683236 -0.046876855194568634 16711680
1731671702965 -0.019980672746896744 16744448
1731671723234 -0.03217145800590515 16777216
1731671741945 -0.037214525043964386 16800000
1731671764647 -0.03879241272807121 16842752
1731671785144 -0.046572085469961166 16875520
1731671805610 -0.014942482113838196 16908288
1731671825380 -0.03312577307224274 16941056
1731671842714 -0.023101074621081352 16960000
1731671866811 -0.03704562783241272 17006592
1731671887233 -0.007456931751221418 17039360
1731671907440 -0.016454819589853287 17072128
1731671927910 -0.03223846107721329 17104896
1731671944884 -0.022210033610463142 17120000
1731671969090 0.009488319978117943 17170432
1731671989536 -0.04472484812140465 17203200
1731672010193 -0.01403884869068861 17235968
1731672030777 -0.02749691903591156 17268736
1731672046982 -0.030209412798285484 17280000
1731672071645 -0.025689398869872093 17334272
1731672091727 -0.018237899988889694 17367040
1731672111918 -0.04731248319149017 17399808
1731672132415 -0.034158047288656235 17432576
1731672147915 -0.0414985790848732 17440000
1731672173394 -0.010194341652095318 17498112
1731672193091 -0.033628903329372406 17530880
1731672213030 -0.03193087503314018 17563648
1731672233000 -0.024732591584324837 17596416
1731672247661 -0.009216668084263802 17600000
1731672273847 -0.044134143739938736 17661952
1731672294674 -0.006966156419366598 17694720
1731672315087 -0.020962106063961983 17727488
1731672335596 -0.010306823067367077 17760000
1731672356107 0.007963166572153568 17793024
1731672376475 0.004119525663554668 17825792
1731672396962 -0.009197494015097618 17858560
1731672418173 -0.01793772540986538 17891328
1731672438399 -0.023435309529304504 17920000
1731672459921 -0.023666106164455414 17956864
1731672480399 -0.04132717475295067 17989632
1731672500820 -0.023475242778658867 18022400
1731672521139 -0.030994674190878868 18055168
1731672540576 -0.02797652781009674 18080000
1731672563358 -0.0017195339314639568 18120704
1731672583983 -0.014183244667947292 18153472
1731672604838 -0.019850943237543106 18186240
1731672625558 -0.02912960574030876 18219008
1731672643860 -0.015688452869653702 18240000
1731672667389 -0.019334066659212112 18284544
1731672687785 -0.029344752430915833 18317312
1731672708583 -0.03349466994404793 18350080
1731672729329 -0.031853996217250824 18382848
1731672746911 -0.03970163315534592 18400000
1731672771062 -0.03830869495868683 18448384
1731672791286 0.009519060142338276 18481152
1731672811734 -0.03422074764966965 18513920
1731672832091 -0.028306711465120316 18546688
1731672848628 -0.019796380773186684 18560000
1731672872425 -0.03410201147198677 18612224
1731672893244 -0.004232796374708414 18644992
1731672913813 -0.019384613260626793 18677760
1731672933940 -0.02871609292924404 18710528
1731672949786 -0.029007762670516968 18720000
1731672974696 -0.0284988135099411 18776064
1731672994763 -0.028964869678020477 18808832
1731673015841 -0.016037171706557274 18841600
1731673036991 -0.04984787479043007 18874368
1731673052603 -0.025596264749765396 18880000
1731673079031 -0.05162212252616882 18939904
1731673099773 -0.04475591704249382 18972672
1731673120044 -0.042897630482912064 19005440
1731673140337 -0.012928254902362823 19038208
1731673154790 -0.025734426453709602 19040000
1731673182426 -0.02893027849495411 19103744
1731673202907 -0.02802685834467411 19136512
1731673223382 -0.01000911369919777 19169280
1731673243200 -0.041234008967876434 19200000
1731673264157 -0.02849615179002285 19234816
1731673284746 -0.034276675432920456 19267584
1731673304917 -0.013208235614001751 19300352
1731673325418 -0.03623335063457489 19333120
1731673345212 -0.029703892767429352 19360000
1731673367437 -0.025242730975151062 19398656
1731673387512 -0.02427166886627674 19431424
1731673407205 -0.030914833769202232 19464192
1731673427294 -0.018669605255126953 19496960
1731673446271 -0.010645600035786629 19520000
1731673468600 -0.014576520770788193 19562496
1731673489823 -0.03243173658847809 19595264
1731673510472 -0.015578916296362877 19628032
1731673530552 -0.017862174659967422 19660800
1731673548311 -0.036585114896297455 19680000
1731673571603 -0.02132742665708065 19726336
1731673593323 -0.008496024645864964 19759104
1731673614200 -0.020933855324983597 19791872
1731673634131 0.001303511904552579 19824640
1731673651339 -0.026184039190411568 19840000
1731673675853 -0.017049208283424377 19890176
1731673696801 -0.03495234251022339 19922944
1731673718631 -0.03783920779824257 19955712
1731673739513 -0.020635634660720825 19988480
1731673756004 -0.033867985010147095 20000000
1731673781173 2.9036746127530932e-05 20054016
1731673801734 -0.029397573322057724 20086784
1731673821731 -0.027707789093255997 20119552
1731673841848 -0.031803157180547714 20152320
1731673857304 0.0019700198899954557 20160000
1731673882263 -0.022120162844657898 20217856
1731673902881 -0.02953439950942993 20250624
1731673923500 -0.02351725846529007 20283392
1731673943756 -0.033717669546604156 20316160
1731673958631 -0.052904561161994934 20320000
1731673985746 -0.02530738338828087 20381696
1731674006343 -0.018381427973508835 20414464
1731674027032 -0.02965894527733326 20447232
1731674047431 -0.03163595870137215 20480000
1731674067584 -0.0402093380689621 20512768
1731674087662 -0.02220596931874752 20545536
1731674107722 0.02037891559302807 20578304
1731674128614 -0.029638538137078285 20611072
1731674148644 -0.03265545889735222 20640000
1731674169822 -0.014620930887758732 20676608
1731674189799 -0.03296412527561188 20709376
1731674209761 -0.01408655010163784 20742144
1731674229872 -0.0029138571117073298 20774912
1731674248756 -0.004864552989602089 20800000
1731674270577 -0.018789932131767273 20840448
1731674290830 -0.01681908220052719 20873216
1731674310640 0.00746077299118042 20905984
1731674330922 -0.040746141225099564 20938752
1731674348854 -0.032033439725637436 20960000
1731674371232 -0.040129415690898895 21004288
1731674391477 -0.017480429261922836 21037056
1731674412220 -0.018821602687239647 21069824
1731674432667 -0.02456512488424778 21102592
1731674449964 -0.03608405217528343 21120000
1731674473460 -0.01774362474679947 21168128
1731674493421 -0.012298361398279667 21200896
1731674513804 -0.04631604626774788 21233664
1731674534231 -0.05885913595557213 21266432
1731674550764 -0.016215091571211815 21280000
1731674574479 -0.03855453059077263 21331968
1731674594777 -0.011285665445029736 21364736
1731674615439 -0.022754115983843803 21397504
1731674636882 -0.04472118988633156 21430272
1731674653197 -0.03432060033082962 21440000
1731674678167 -0.013021535240113735 21495808
1731674698349 -0.05749448761343956 21528576
1731674718620 -0.027018636465072632 21561344
1731674738702 -0.03196405991911888 21594112
1731674754105 -0.012123242020606995 21600000
1731674780401 -0.01908813789486885 21659648
1731674800486 -0.012642757967114449 21692416
1731674820672 -0.015741631388664246 21725184
1731674841316 0.018245236948132515 21757952
1731674855515 -0.03436238691210747 21760000
1731674882130 -0.028161512687802315 21823488
1731674902760 -0.0016850864049047232 21856256
1731674923150 0.0005064780125394464 21889024
1731674943515 -0.04265589639544487 21920000
1731674964182 -0.024759791791439056 21954560
1731674984676 -0.006513080559670925 21987328
1731675004795 -0.04700949788093567 22020096
1731675024531 -0.010050018317997456 22052864
1731675044726 -0.031473103910684586 22080000
1731675066995 0.011184058152139187 22118400
1731675087655 -0.02021775022149086 22151168
1731675107879 -0.03405320644378662 22183936
1731675128218 0.04485315456986427 22216704
1731675146578 -0.035824112594127655 22240000
1731675169140 -0.03552113473415375 22282240
1731675189685 -0.02949940226972103 22315008
1731675209889 -0.010836542584002018 22347776
1731675229996 -0.005507900845259428 22380544
1731675248110 -0.02874349057674408 22400000
1731675271448 -0.024371115490794182 22446080
1731675291681 -0.02673599123954773 22478848
1731675311647 -0.027201103046536446 22511616
1731675332737 -0.03141797333955765 22544384
1731675349857 -0.0035832414869219065 22560000
1731675373815 -0.019697939977049828 22609920
1731675394893 -0.0056029148399829865 22642688
1731675415546 -0.009492134675383568 22675456
1731675436157 -0.0072820428758859634 22708224
1731675452439 -0.02704111486673355 22720000
1731675476873 -0.007649358361959457 22773760
1731675496820 -0.03143710270524025 22806528
1731675517118 -0.023034654557704926 22839296
1731675537370 -0.014262625947594643 22872064
1731675552725 -0.021042142063379288 22880000
1731675577553 0.0015860262792557478 22937600
1731675599212 -0.01227237656712532 22970368
1731675619632 -0.0226567592471838 23003136
1731675640061 -0.02243579924106598 23035904
1731675654849 -0.033752694725990295 23040000
1731675681017 -0.024070825427770615 23101440
1731675701525 -0.020048022270202637 23134208
1731675722009 0.008068162016570568 23166976
1731675742372 0.014015188440680504 23199744
1731675756950 -0.036886315792798996 23200000
1731675784684 -0.016598552465438843 23265280
1731675804886 -0.04638576880097389 23298048
1731675824997 -0.022663351148366928 23330816
1731675845042 -0.03020641580224037 23360000
1731675866278 -0.029008544981479645 23396352
1731675886413 -0.04045736417174339 23429120
1731675906620 -0.028804197907447815 23461888
1731675926586 -0.03355654701590538 23494656
1731675945471 -0.004064634907990694 23520000
1731675967074 -0.0030314140021800995 23560192
1731675987270 0.014971897006034851 23592960
1731676007766 -0.030685292556881905 23625728
1731676028543 0.022197140380740166 23658496
1731676046652 -0.0267010685056448 23680000
1731676069001 -0.011947326362133026 23724032
1731676089095 0.0003180151106789708 23756800
1731676109726 0.0661868005990982 23789568
1731676130236 -0.02631378173828125 23822336
1731676147773 -0.025692977011203766 23840000
1731676171205 -0.037228651344776154 23887872
1731676191401 -0.04151488468050957 23920640
1731676211697 -0.029134590178728104 23953408
1731676234026 -0.04079049080610275 23986176
1731676250800 -0.01764368638396263 24000000
1731676274866 -0.0032507190480828285 24051712
1731676295450 -0.03379899263381958 24084480
1731676315737 -0.029047086834907532 24117248
1731676336048 -0.04353346303105354 24150016
1731676352042 -0.03070123679935932 24160000
1731676377368 -0.003169473260641098 24215552
1731676397730 -0.013051215559244156 24248320
1731676418322 -0.018424222245812416 24281088
1731676439068 0.0035132647026330233 24313856
1731676454395 -0.004547527991235256 24320000
1731676480501 -0.025425296276807785 24379392
1731676501584 -0.0005585052422247827 24412160
1731676522827 0.013932274654507637 24444928
1731676543896 -0.029233189299702644 24477696
1731676558986 -0.019865071401000023 24480000
1731676586919 -0.015236507169902325 24543232
1731676607819 -0.03067919611930847 24576000
1731676628088 0.008575334213674068 24608768
1731676648666 0.008865442126989365 24640000
1731676669311 -0.04755467548966408 24674304
1731676690195 -0.03669238090515137 24707072
1731676710287 -0.004981705453246832 24739840
1731676730966 -0.019789980724453926 24772608
1731676750831 -0.007506874389946461 24800000
1731676772813 -0.04840710759162903 24838144
1731676793320 -0.03324297070503235 24870912
1731676813062 0.28660905361175537 24903680
1731676833480 -0.029573338106274605 24936448
1731676852686 -0.013047140091657639 24960000
1731676875076 -0.021012427285313606 25001984
1731676895313 -0.03292010352015495 25034752
1731676915873 -0.012290230952203274 25067520
1731676936110 -0.009505036287009716 25100288
1731676954309 0.009366813115775585 25120000
1731676977906 -0.03122432716190815 25165824
1731676998598 -0.00428259652107954 25198592
1731677019203 -0.020458390936255455 25231360
1731677039355 -0.010651279240846634 25264128
1731677056559 -0.005002920050173998 25280000
1731677081072 -0.015459425747394562 25329664
1731677101304 -0.018190814182162285 25362432
1731677121685 -0.04186533764004707 25395200
1731677143630 -0.011738065630197525 25427968
1731677160070 -0.03488587215542793 25440000
1731677184793 -0.0100624468177557 25493504
1731677205395 -0.036996517330408096 25526272
1731677225594 -0.0405501164495945 25559040
1731677245580 -0.02059979736804962 25591808
1731677261387 -0.02813420630991459 25600000
1731677287087 -0.01950020156800747 25657344
1731677307596 0.006430179346352816 25690112
1731677327874 -0.0024174749851226807 25722880
1731677348183 -0.02819131128489971 25755648
1731677363340 -0.042952533811330795 25760000
1731677390001 -0.03197946399450302 25821184
1731677410684 -0.028965823352336884 25853952
1731677430814 -0.019625850021839142 25886720
1731677450764 -0.04561929404735565 25919488
1731677464702 -0.039644818753004074 25920000
1731677491838 -0.03840533271431923 25985024
1731677512398 -0.00035575416404753923 26017792
1731677532766 -0.013137317262589931 26050560
1731677553079 -0.03326795995235443 26080000
1731677574763 -0.02127639204263687 26116096
1731677595299 -0.004851821344345808 26148864
1731677615493 -0.027437403798103333 26181632
1731677636628 -0.01991311088204384 26214400
1731677655904 -0.02499382011592388 26240000
1731677677904 -0.025404300540685654 26279936
1731677698657 -0.02864483930170536 26312704
1731677719597 -0.04687339812517166 26345472
1731677739924 -0.030832061544060707 26378240
1731677758229 -0.03288837522268295 26400000
1731677780791 -0.02034565433859825 26443776
1731677800799 -0.01583412103354931 26476544
1731677821443 0.03890489041805267 26509312
1731677843009 -0.01700822077691555 26542080
1731677861232 -0.02548145316541195 26560000
1731677885349 -0.030588984489440918 26607616
1731677905319 -0.03788602724671364 26640384
1731677925565 -0.03797630965709686 26673152
1731677946391 -0.023428339511156082 26705920
1731677963353 -0.03640815243124962 26720000
1731677988266 -0.008670401759445667 26771456
1731678008823 -0.024020854383707047 26804224
1731678029017 -0.008186289109289646 26836992
1731678050019 -0.03613949567079544 26869760
1731678065995 -0.03056611306965351 26880000
1731678091036 -0.033528584986925125 26935296
1731678110828 -0.037465985864400864 26968064
1731678131522 -0.032738953828811646 27000832
1731678151717 -0.05036217346787453 27033600
1731678167022 -0.005005982238799334 27040000
1731678193130 0.008043366484344006 27099136
1731678213528 -0.0394306406378746 27131904
1731678233891 -0.006668115966022015 27164672
1731678254731 0.008948559872806072 27197440
1731678269962 -0.029401665553450584 27200000
1731678297842 -0.011597732082009315 27262976
1731678318164 -0.011483936570584774 27295744
1731678338529 -0.008297334425151348 27328512
1731678359180 -0.0369320884346962 27360000
1731678380255 -0.03129192814230919 27394048
1731678400380 -0.023451557382941246 27426816
1731678420927 -0.03092081844806671 27459584
1731678442545 -0.006777596194297075 27492352
1731678462336 -0.04760183021426201 27520000
1731678485911 -0.007514962926506996 27557888
1731678506704 -0.029598092660307884 27590656
1731678527846 -0.03993115946650505 27623424
1731678548232 -0.013747178949415684 27656192
1731678567151 -0.03973812609910965 27680000
1731678590303 -0.03523263335227966 27721728
1731678610037 -0.025991050526499748 27754496
1731678630348 -0.018959272652864456 27787264
1731678650638 -0.02779599465429783 27820032
1731678668588 -0.02186897210776806 27840000
1731678691795 -0.014789260923862457 27885568
1731678711874 -0.03940270096063614 27918336
1731678731861 -0.030687496066093445 27951104
1731678752482 -0.02130839228630066 27983872
1731678769793 -0.03163795918226242 28000000
1731678794306 -0.03553057834506035 28049408
1731678814491 -0.012231114320456982 28082176
1731678834660 -0.03368302062153816 28114944
1731678855319 -0.0017541904235258698 28147712
1731678871891 -0.029989849776029587 28160000
1731678898138 -0.03103514574468136 28213248
1731678919676 -0.017876483500003815 28246016
1731678941351 -0.028392648324370384 28278784
1731678963166 -0.04974192753434181 28311552
1731678980059 -0.024192363023757935 28320000
1731679007226 0.009626702405512333 28377088
1731679028340 -0.01828683167695999 28409856
1731679049160 -0.02717813290655613 28442624
1731679072380 0.0063743386417627335 28475392
1731679087441 -0.005588994361460209 28480000
1731679114733 -0.033036429435014725 28540928
1731679136127 -0.04429420828819275 28573696
1731679156484 -0.0311946552246809 28606464
1731679176712 -0.02999117597937584 28639232
1731679190848 -0.043578196316957474 28640000
1731679217459 -0.001911043655127287 28704768
1731679238448 -0.03064490295946598 28737536
1731679258927 -0.027466000989079475 28770304
1731679278357 -0.009337155148386955 28800000
1731679300835 -0.008997201919555664 28835840
1731679321340 -0.024309488013386726 28868608
1731679342301 -0.05257466807961464 28901376
1731679363629 -0.04041057080030441 28934144
1731679382879 -0.027892369776964188 28960000
1731679404772 -0.049278002232313156 28999680
1731679424934 -0.013837149366736412 29032448
1731679445230 -0.006812351755797863 29065216
1731679466097 -0.02415631152689457 29097984
1731679484845 -0.04339960590004921 29120000
1731679507876 -0.005870182532817125 29163520
1731679528489 -0.023288432508707047 29196288
1731679549179 -0.01307731308043003 29229056
1731679569494 -0.031487274914979935 29261824
1731679587245 -0.02645319141447544 29280000
1731679611418 -0.04787960648536682 29327360
1731679632022 -0.03167179971933365 29360128
1731679652482 -0.02150031179189682 29392896
1731679674059 -0.022721942514181137 29425664
1731679691550 -0.044685669243335724 29440000
1731679715981 -0.026239434257149696 29491200
1731679735858 -0.019163869321346283 29523968
1731679756308 -0.010908673517405987 29556736
1731679776527 -0.026594892144203186 29589504
1731679792435 -0.03459768742322922 29600000
1731679817098 -0.017297379672527313 29655040
1731679837559 -0.021926535293459892 29687808
1731679858389 -0.009610279463231564 29720576
1731679879293 -0.03871134668588638 29753344
1731679894846 -0.03367414325475693 29760000
1731679920638 -0.043993446975946426 29818880
1731679940945 -0.03739553317427635 29851648
1731679961048 -0.017357541248202324 29884416
1731679981261 -0.019803235307335854 29917184
1731679995748 -0.022116394713521004 29920000
1731680021782 -0.02350541576743126 29982720
1731680042175 -0.009717904031276703 30015488
1731680062770 -0.047128140926361084 30048256
1731680083199 -0.035028982907533646 30080000
1731680104708 -0.03461358696222305 30113792
1731680124580 -0.012861753813922405 30146560
1731680145086 -0.01157456636428833 30179328
1731680165645 -0.027010947465896606 30212096
1731680185559 -0.032791074365377426 30240000
1731680208274 -0.051122624427080154 30277632
1731680228832 -0.019609596580266953 30310400
1731680249015 -0.024824034422636032 30343168
1731680269683 -0.04674048721790314 30375936
1731680288425 -0.017049888148903847 30400000
1731680311426 -0.03348681330680847 30441472
1731680331570 -0.05163777247071266 30474240
1731680352005 0.007144599221646786 30507008
1731680372130 -0.006048151291906834 30539776
1731680390002 -0.04472958296537399 30560000
1731680413096 -0.03167179599404335 30605312
1731680433574 -0.02237665466964245 30638080
1731680454209 -0.009990510530769825 30670848
1731680474388 -0.005703045055270195 30703616
1731680491537 -0.024504007771611214 30720000
1731680515582 -0.030376922339200974 30769152
1731680535874 -0.006601389963179827 30801920
1731680556295 -0.025509145110845566 30834688
1731680576637 -0.016964221373200417 30867456
1731680593346 -0.03156203031539917 30880000
1731680618359 -0.03043394349515438 30932992
1731680638991 -0.029045211151242256 30965760
1731680659738 -0.02709251642227173 30998528
1731680680641 -0.03801228851079941 31031296
1731680697412 0.007089382968842983 31040000
1731680723319 -0.04619176685810089 31096832
1731680743525 -0.017414351925253868 31129600
1731680764777 -0.03252699598670006 31162368
1731680786009 -0.025817815214395523 31195136
1731680800919 -0.028286729007959366 31200000
1731680826768 0.010903113521635532 31260672
1731680847311 0.002341651124879718 31293440
1731680869996 -0.034443169832229614 31326208
1731680890521 0.007344276178628206 31358976
1731680904518 -0.03402616083621979 31360000
1731680931218 -0.027498386800289154 31424512
1731680952043 0.00042044129804708064 31457280
1731680972589 -0.005387452431023121 31490048
1731680993277 -0.0420045480132103 31520000
1731681015947 -0.009261912666261196 31555584
1731681036147 -0.0223536379635334 31588352
1731681056348 -0.01987268216907978 31621120
1731681076297 -0.026304440572857857 31653888
1731681095853 -0.026939325034618378 31680000
1731681118030 -0.03572351485490799 31719424
1731681138873 -0.03882874175906181 31752192
1731681159264 -0.01291346363723278 31784960
1731681179639 -0.03077644482254982 31817728
1731681198230 -0.022347839549183846 31840000
1731681220861 -0.038119710981845856 31883264
1731681241127 -0.025063876062631607 31916032
1731681261886 -0.035586223006248474 31948800
1731681282718 -0.03497377410531044 31981568
1731681300288 -0.03255905210971832 32000000
1731681324124 -0.020518571138381958 32047104
1731681345307 -0.05826333165168762 32079872
1731681366701 -0.017580073326826096 32112640
1731681387908 -0.004954705014824867 32145408
1731681404916 -0.021740538999438286 32160000
