1731660391172 10.0 65536
1731660412321 20.0 98304
1731660434510 30.0 131072
1731660455722 40.0 160000
1731660480176 50.0 196608
1731660500995 60.0 229376
1731660523292 70.0 262144
1731660544711 80.0 294912
1731660564969 90.0 320000
1731660588682 100.0 360448
1731660609395 110.0 393216
1731660633143 120.0 425984
1731660654933 130.0 458752
1731660675637 140.0 480000
1731660701346 150.0 524288
1731660723427 160.0 557056
1731660744959 170.0 589824
1731660767613 180.0 622592
1731660786527 190.0 640000
1731660813122 200.0 688128
1731660835987 210.0 720896
1731660858055 220.0 753664
1731660879388 230.0 786432
1731660898431 240.0 800000
1731660926108 250.0 851968
1731660949103 260.0 884736
1731660971615 270.0 917504
1731660995262 280.0 950272
1731661013779 290.0 960000
1731661042289 300.0 1015808
1731661064507 310.0 1048576
1731661087935 320.0 1081344
1731661109725 330.0 1114112
1731661127441 340.0 1120000
1731661156486 350.0 1179648
1731661178058 360.0 1212416
1731661199821 370.0 1245184
1731661225719 380.0 1277952
1731661242068 390.0 1280000
1731661271194 400.0 1343488
1731661295456 410.0 1376256
1731661318157 420.0 1409024
1731661341504 430.0 1440000
1731661365230 440.0 1474560
1731661387674 450.0 1507328
1731661409577 460.0 1540096
1731661431099 470.0 1572864
1731661451934 480.0 1600000
1731661474975 490.0 1638400
1731661496885 500.0 1671168
1731661517891 510.0 1703936
1731661538664 520.0 1736704
1731661558675 530.0 1760000
1731661584746 540.0 1802240
1731661607120 550.0 1835008
1731661629515 560.0 1867776
1731661651690 570.0 1900544
1731661670545 580.0 1920000
1731661696270 590.0 1966080
1731661718810 600.0 1998848
1731661740695 610.0 2031616
1731661762710 620.0 2064384
1731661781125 630.0 2080000
1731661807212 640.0 2129920
1731661828644 650.0 2162688
1731661850395 660.0 2195456
1731661872461 670.0 2228224
1731661889917 680.0 2240000
1731661917796 690.0 2293760
1731661941914 700.0 2326528
1731661964391 710.0 2359296
1731661986784 720.0 2392064
1731662004197 730.0 2400000
1731662033084 740.0 2457600
1731662055526 750.0 2490368
1731662077742 760.0 2523136
1731662101708 770.0 2555904
1731662118418 780.0 2560000
1731662147997 790.0 2621440
1731662171049 800.0 2654208
1731662193364 810.0 2686976
1731662216117 820.0 2719744
1731662232039 830.0 2720000
1731662262789 840.0 2785280
1731662285544 850.0 2818048
1731662308508 860.0 2850816
1731662330963 870.0 2880000
1731662354483 880.0 2916352
1731662376263 890.0 2949120
1731662398543 900.0 2981888
1731662420349 910.0 3014656
1731662441165 920.0 3040000
1731662465775 930.0 3080192
1731662487973 940.0 3112960
1731662512158 950.0 3145728
1731662534731 960.0 3178496
1731662555294 970.0 3200000
1731662580814 980.0 3244032
1731662603764 990.0 3276800
1731662626375 1000.0 3309568
1731662647849 1010.0 3342336
1731662666796 1020.0 3360000
1731662692768 1030.0 3407872
1731662714622 1040.0 3440640
1731662734975 1050.0 3473408
1731662755739 1060.0 3506176
1731662773472 1070.0 3520000
1731662802328 1080.0 3571712
1731662826324 1090.0 3604480
1731662848177 1100.0 3637248
1731662870562 1110.0 3670016
1731662887903 1120.0 3680000
1731662915183 1130.0 3735552
1731662937348 1140.0 3768320
1731662958741 1150.0 3801088
1731662981013 1160.0 3833856
1731662997868 1170.0 3840000
1731663026206 1180.0 3899392
1731663047878 1190.0 3932160
1731663069061 1200.0 3964928
1731663091689 1210.0 3997696
1731663107366 1220.0 4000000
1731663135649 1230.0 4063232
1731663158783 1240.0 4096000
1731663180094 1250.0 4128768
1731663201932 1260.0 4160000
1731663224766 1270.0 4194304
1731663247117 1280.0 4227072
1731663268589 1290.0 4259840
1731663290672 1300.0 4292608
1731663311647 1310.0 4320000
1731663335758 1320.0 4358144
1731663357826 1330.0 4390912
1731663379778 1340.0 4423680
1731663401685 1350.0 4456448
1731663421167 1360.0 4480000
1731663445560 1370.0 4521984
1731663468016 1380.0 4554752
1731663490484 1390.0 4587520
1731663512732 1400.0 4620288
1731663531777 1410.0 4640000
1731663557536 1420.0 4685824
1731663579581 1430.0 4718592
1731663602051 1440.0 4751360
1731663625676 1450.0 4784128
1731663644777 1460.0 4800000
1731663672558 1470.0 4849664
1731663695128 1480.0 4882432
1731663717916 1490.0 4915200
1731663741273 1500.0 4947968
1731663759828 1510.0 4960000
1731663788831 1520.0 5013504
1731663811467 1530.0 5046272
1731663833908 1540.0 5079040
1731663856026 1550.0 5111808
1731663873096 1560.0 5120000
1731663902299 1570.0 5177344
1731663926014 1580.0 5210112
1731663948640 1590.0 5242880
1731663970958 1600.0 5275648
1731663987065 1610.0 5280000
1731664015597 1620.0 5341184
1731664038048 1630.0 5373952
1731664060946 1640.0 5406720
1731664082935 1650.0 5439488
1731664098004 1660.0 5440000
1731664127662 1670.0 5505024
1731664149657 1680.0 5537792
1731664172623 1690.0 5570560
1731664194159 1700.0 5600000
1731664217444 1710.0 5636096
1731664239058 1720.0 5668864
1731664261405 1730.0 5701632
1731664284888 1740.0 5734400
1731664306261 1750.0 5760000
1731664329959 1760.0 5799936
1731664351305 1770.0 5832704
1731664373960 1780.0 5865472
1731664395561 1790.0 5898240
1731664414743 1800.0 5920000
1731664438201 1810.0 5963776
1731664459823 1820.0 5996544
1731664482113 1830.0 6029312
1731664504125 1840.0 6062080
1731664523104 1850.0 6080000
1731664548399 1860.0 6127616
1731664570023 1870.0 6160384
1731664591772 1880.0 6193152
1731664614069 1890.0 6225920
1731664632073 1900.0 6240000
1731664658824 1910.0 6291456
1731664681748 1920.0 6324224
1731664703705 1930.0 6356992
1731664725756 1940.0 6389760
1731664743385 1950.0 6400000
1731664771334 1960.0 6455296
1731664793893 1970.0 6488064
1731664818315 1980.0 6520832
1731664840620 1990.0 6553600
1731664857738 2000.0 6560000
1731664887153 2010.0 6619136
1731664910056 2020.0 6651904
1731664933820 2030.0 6684672
1731664956568 2040.0 6717440
1731664972397 2050.0 6720000
1731665001334 2060.0 6782976
1731665024729 2070.0 6815744
1731665047851 2080.0 6848512
1731665069993 2090.0 6880000
1731665092812 2100.0 6914048
1731665114591 2110.0 6946816
1731665137271 2120.0 6979584
1731665159534 2130.0 7012352
1731665180668 2140.0 7040000
1731665204131 2150.0 7077888
1731665225529 2160.0 7110656
1731665248005 2170.0 7143424
1731665272196 2180.0 7176192
1731665293494 2190.0 7200000
1731665318129 2200.0 7241728
1731665340034 2210.0 7274496
1731665361674 2220.0 7307264
1731665383838 2230.0 7340032
1731665403150 2240.0 7360000
1731665428678 2250.0 7405568
1731665451324 2260.0 7438336
1731665472147 2270.0 7471104
1731665493632 2280.0 7503872
1731665511369 2290.0 7520000
1731665534958 2300.0 7569408
1731665557090 2310.0 7602176
1731665579749 2320.0 7634944
1731665602010 2330.0 7667712
1731665620137 2340.0 7680000
1731665646668 2350.0 7733248
1731665669675 2360.0 7766016
1731665692935 2370.0 7798784
1731665714978 2380.0 7831552
1731665732098 2390.0 7840000
1731665759589 2400.0 7897088
1731665781053 2410.0 7929856
1731665801562 2420.0 7962624
1731665821980 2430.0 7995392
1731665837858 2440.0 8000000
1731665867619 2450.0 8060928
1731665890348 2460.0 8093696
1731665912711 2470.0 8126464
1731665935061 2480.0 8159232
1731665949858 2490.0 8160000
1731665979914 2500.0 8224768
1731666001666 2510.0 8257536
1731666024101 2520.0 8290304
1731666046154 2530.0 8320000
1731666068688 2540.0 8355840
1731666091001 2550.0 8388608
1731666113958 2560.0 8421376
1731666136649 2570.0 8454144
1731666157996 2580.0 8480000
1731666181828 2590.0 8519680
1731666204298 2600.0 8552448
1731666225729 2610.0 8585216
1731666247384 2620.0 8617984
1731666266606 2630.0 8640000
1731666290745 2640.0 8683520
1731666312723 2650.0 8716288
1731666335418 2660.0 8749056
1731666358067 2670.0 8781824
1731666377035 2680.0 8800000
1731666402606 2690.0 8847360
1731666425658 2700.0 8880128
1731666447860 2710.0 8912896
1731666469897 2720.0 8945664
1731666488376 2730.0 8960000
1731666515401 2740.0 9011200
1731666537918 2750.0 9043968
1731666560818 2760.0 9076736
1731666583296 2770.0 9109504
1731666600575 2780.0 9120000
1731666629229 2790.0 9175040
1731666651128 2800.0 9207808
1731666673018 2810.0 9240576
1731666696021 2820.0 9273344
1731666711713 2830.0 9280000
1731666740376 2840.0 9338880
1731666762170 2850.0 9371648
1731666783739 2860.0 9404416
1731666806749 2870.0 9437184
1731666822203 2880.0 9440000
1731666852074 2890.0 9502720
1731666874975 2900.0 9535488
1731666897015 2910.0 9568256
1731666918311 2920.0 9600000
1731666940296 2930.0 9633792
1731666961997 2940.0 9666560
1731666982678 2950.0 9699328
1731667002687 2960.0 9732096
1731667024320 2970.0 9760000
1731667048807 2980.0 9797632
1731667070222 2990.0 9830400
1731667093899 3000.0 9863168
1731667116863 3010.0 9895936
1731667137527 3020.0 9920000
1731667162479 3030.0 9961472
1731667185119 3040.0 9994240
1731667207239 3050.0 10027008
1731667229560 3060.0 10059776
1731667249008 3070.0 10080000
1731667272971 3080.0 10125312
1731667293496 3090.0 10158080
1731667314636 3100.0 10190848
1731667336409 3110.0 10223616
1731667356090 3120.0 10240000
1731667383585 3130.0 10289152
1731667406904 3140.0 10321920
1731667429768 3150.0 10354688
1731667451681 3160.0 10387456
1731667469883 3170.0 10400000
1731667498138 3180.0 10452992
1731667520839 3190.0 10485760
1731667542800 3200.0 10518528
1731667565076 3210.0 10551296
1731667581914 3220.0 10560000
1731667610366 3230.0 10616832
1731667632586 3240.0 10649600
1731667654748 3250.0 10682368
1731667676005 3260.0 10715136
1731667691985 3270.0 10720000
1731667720547 3280.0 10780672
1731667742013 3290.0 10813440
1731667764260 3300.0 10846208
1731667786411 3310.0 10878976
1731667801475 3320.0 10880000
1731667831530 3330.0 10944512
1731667853649 3340.0 10977280
1731667876071 3350.0 11010048
1731667897413 3360.0 11040000
1731667919288 3370.0 11075584
1731667941887 3380.0 11108352
1731667963659 3390.0 11141120
1731667986522 3400.0 11173888
1731668007151 3410.0 11200000
1731668031166 3420.0 11239424
1731668054062 3430.0 11272192
1731668076661 3440.0 11304960
1731668099297 3450.0 11337728
1731668119185 3460.0 11360000
1731668144524 3470.0 11403264
1731668166760 3480.0 11436032
1731668188934 3490.0 11468800
1731668211057 3500.0 11501568
1731668230104 3510.0 11520000
1731668257131 3520.0 11567104
1731668280030 3530.0 11599872
1731668302896 3540.0 11632640
1731668326873 3550.0 11665408
1731668345433 3560.0 11680000
1731668372490 3570.0 11730944
1731668395425 3580.0 11763712
1731668417199 3590.0 11796480
1731668438176 3600.0 11829248
1731668455056 3610.0 11840000
1731668481670 3620.0 11894784
1731668505110 3630.0 11927552
1731668525704 3640.0 11960320
1731668548127 3650.0 11993088
1731668565436 3660.0 12000000
1731668595413 3670.0 12058624
1731668618339 3680.0 12091392
1731668641099 3690.0 12124160
1731668665678 3700.0 12156928
1731668681413 3710.0 12160000
1731668710310 3720.0 12222464
1731668732638 3730.0 12255232
1731668754340 3740.0 12288000
1731668775687 3750.0 12320000
1731668798319 3760.0 12353536
1731668820773 3770.0 12386304
1731668842550 3780.0 12419072
1731668865380 3790.0 12451840
1731668886649 3800.0 12480000
1731668911082 3810.0 12517376
1731668933573 3820.0 12550144
1731668956201 3830.0 12582912
1731668979209 3840.0 12615680
1731668999420 3850.0 12640000
1731669027094 3860.0 12681216
1731669049356 3870.0 12713984
1731669074438 3880.0 12746752
1731669098759 3890.0 12779520
1731669118764 3900.0 12800000
1731669145296 3910.0 12845056
1731669169676 3920.0 12877824
1731669192806 3930.0 12910592
1731669216670 3940.0 12943360
1731669236356 3950.0 12960000
1731669263934 3960.0 13008896
1731669286412 3970.0 13041664
1731669309963 3980.0 13074432
1731669333801 3990.0 13107200
1731669351744 4000.0 13120000
1731669381661 4010.0 13172736
1731669405044 4020.0 13205504
1731669427020 4030.0 13238272
1731669449711 4040.0 13271040
1731669467738 4050.0 13280000
1731669496449 4060.0 13336576
1731669520796 4070.0 13369344
1731669543568 4080.0 13402112
1731669565969 4090.0 13434880
1731669582865 4100.0 13440000
1731669614503 4110.0 13500416
1731669637896 4120.0 13533184
1731669660478 4130.0 13565952
1731669684318 4140.0 13598720
1731669699691 4150.0 13600000
1731669730853 4160.0 13664256
1731669754376 4170.0 13697024
1731669779445 4180.0 13729792
1731669801937 4190.0 13760000
1731669826422 4200.0 13795328
1731669849627 4210.0 13828096
1731669872878 4220.0 13860864
1731669894309 4230.0 13893632
1731669913794 4240.0 13920000
1731669936484 4250.0 13959168
1731669957152 4260.0 13991936
1731669977822 4270.0 14024704
1731669998606 4280.0 14057472
1731670017427 4290.0 14080000
1731670041641 4300.0 14123008
1731670062983 4310.0 14155776
1731670083796 4320.0 14188544
1731670104752 4330.0 14221312
1731670122732 4340.0 14240000
1731670146715 4350.0 14286848
1731670168117 4360.0 14319616
1731670189448 4370.0 14352384
1731670210706 4380.0 14385152
1731670228048 4390.0 14400000
1731670252589 4400.0 14450688
1731670273656 4410.0 14483456
1731670294804 4420.0 14516224
1731670315723 4430.0 14548992
1731670332158 4440.0 14560000
1731670358223 4450.0 14614528
1731670379061 4460.0 14647296
1731670399731 4470.0 14680064
1731670420635 4480.0 14712832
1731670436847 4490.0 14720000
1731670463664 4500.0 14778368
1731670484542 4510.0 14811136
1731670505454 4520.0 14843904
1731670526193 4530.0 14876672
1731670541083 4540.0 14880000
1731670568475 4550.0 14942208
1731670589361 4560.0 14974976
1731670610994 4570.0 15007744
1731670631691 4580.0 15040000
1731670653425 4590.0 15073280
1731670674083 4600.0 15106048
1731670695488 4610.0 15138816
1731670716854 4620.0 15171584
1731670736883 4630.0 15200000
1731670758846 4640.0 15237120
1731670779325 4650.0 15269888
1731670800221 4660.0 15302656
1731670820543 4670.0 15335424
1731670839527 4680.0 15360000
1731670861842 4690.0 15400960
1731670881570 4700.0 15433728
1731670902202 4710.0 15466496
1731670922551 4720.0 15499264
1731670940662 4730.0 15520000
1731670963073 4740.0 15564800
1731670983066 4750.0 15597568
1731671003106 4760.0 15630336
1731671023326 4770.0 15663104
1731671040749 4780.0 15680000
1731671064607 4790.0 15728640
1731671084896 4800.0 15761408
1731671105031 4810.0 15794176
1731671124961 4820.0 15826944
1731671141405 4830.0 15840000
1731671165828 4840.0 15892480
1731671186046 4850.0 15925248
1731671206295 4860.0 15958016
1731671226698 4870.0 15990784
1731671242151 4880.0 16000000
1731671267128 4890.0 16056320
1731671288072 4900.0 16089088
1731671309426 4910.0 16121856
1731671330251 4920.0 16154624
1731671345600 4930.0 16160000
1731671372336 4940.0 16220160
1731671393297 4950.0 16252928
1731671413429 4960.0 16285696
1731671433643 4970.0 16318464
1731671448005 4980.0 16320000
1731671475401 4990.0 16384000
1731671496060 5000.0 16416768
1731671516862 5010.0 16449536
1731671537038 5020.0 16480000
1731671558397 5030.0 16515072
1731671578735 5040.0 16547840
1731671599262 5050.0 16580608
1731671619970 5060.0 16613376
1731671640291 5070.0 16640000
1731671662475 5080.0 16678912
1731671683262 5090.0 16711680
1731671702976 5100.0 16744448
1731671723277 5110.0 16777216
1731671741958 5120.0 16800000
1731671764658 5130.0 16842752
1731671785152 5140.0 16875520
1731671805628 5150.0 16908288
1731671825396 5160.0 16941056
1731671842752 5170.0 16960000
1731671866839 5180.0 17006592
1731671887262 5190.0 17039360
1731671907456 5200.0 17072128
1731671927928 5210.0 17104896
1731671944912 5220.0 17120000
1731671969098 5230.0 17170432
1731671989591 5240.0 17203200
1731672010235 5250.0 17235968
1731672030806 5260.0 17268736
1731672047023 5270.0 17280000
1731672071686 5280.0 17334272
1731672091743 5290.0 17367040
1731672111960 5300.0 17399808
1731672132428 5310.0 17432576
1731672147927 5320.0 17440000
1731672173408 5330.0 17498112
1731672193129 5340.0 17530880
1731672213040 5350.0 17563648
1731672233030 5360.0 17596416
1731672247708 5370.0 17600000
1731672273859 5380.0 17661952
1731672294685 5390.0 17694720
1731672315107 5400.0 17727488
1731672335612 5410.0 17760000
1731672356127 5420.0 17793024
1731672376491 5430.0 17825792
1731672396979 5440.0 17858560
1731672418243 5450.0 17891328
1731672438425 5460.0 17920000
1731672459970 5470.0 17956864
1731672480452 5480.0 17989632
1731672500850 5490.0 18022400
1731672521154 5500.0 18055168
1731672540605 5510.0 18080000
1731672563391 5520.0 18120704
1731672584018 5530.0 18153472
1731672604941 5540.0 18186240
1731672625590 5550.0 18219008
1731672643889 5560.0 18240000
1731672667426 5570.0 18284544
1731672687830 5580.0 18317312
1731672708608 5590.0 18350080
1731672729366 5600.0 18382848
1731672746936 5610.0 18400000
1731672771084 5620.0 18448384
1731672791317 5630.0 18481152
1731672811753 5640.0 18513920
1731672832194 5650.0 18546688
1731672848640 5660.0 18560000
1731672872546 5670.0 18612224
1731672893280 5680.0 18644992
1731672913829 5690.0 18677760
1731672933985 5700.0 18710528
1731672949799 5710.0 18720000
1731672974709 5720.0 18776064
1731672994781 5730.0 18808832
1731673015867 5740.0 18841600
1731673037011 5750.0 18874368
1731673052629 5760.0 18880000
1731673079048 5770.0 18939904
1731673099792 5780.0 18972672
1731673120052 5790.0 19005440
1731673140357 5800.0 19038208
1731673154815 5810.0 19040000
1731673182478 5820.0 19103744
1731673202933 5830.0 19136512
1731673223401 5840.0 19169280
1731673243208 5850.0 19200000
1731673264177 5860.0 19234816
1731673284763 5870.0 19267584
1731673304949 5880.0 19300352
1731673325434 5890.0 19333120
1731673345221 5900.0 19360000
1731673367458 5910.0 19398656
1731673387527 5920.0 19431424
1731673407323 5930.0 19464192
1731673427331 5940.0 19496960
1731673446319 5950.0 19520000
1731673468620 5960.0 19562496
1731673489840 5970.0 19595264
1731673510516 5980.0 19628032
1731673530570 5990.0 19660800
1731673548324 6000.0 19680000
1731673571639 6010.0 19726336
1731673593473 6020.0 19759104
1731673614212 6030.0 19791872
1731673634148 6040.0 19824640
1731673651363 6050.0 19840000
1731673675875 6060.0 19890176
1731673696814 6070.0 19922944
1731673718763 6080.0 19955712
1731673739527 6090.0 19988480
1731673756020 6100.0 20000000
1731673781184 6110.0 20054016
1731673801752 6120.0 20086784
1731673821745 6130.0 20119552
1731673841867 6140.0 20152320
1731673857329 6150.0 20160000
1731673882347 6160.0 20217856
1731673902904 6170.0 20250624
1731673923525 6180.0 20283392
1731673943778 6190.0 20316160
1731673958641 6200.0 20320000
1731673985782 6210.0 20381696
1731674006362 6220.0 20414464
1731674027083 6230.0 20447232
1731674047443 6240.0 20480000
1731674067592 6250.0 20512768
1731674087670 6260.0 20545536
1731674107739 6270.0 20578304
1731674128631 6280.0 20611072
1731674148661 6290.0 20640000
1731674169831 6300.0 20676608
1731674189808 6310.0 20709376
1731674209770 6320.0 20742144
1731674229889 6330.0 20774912
1731674248775 6340.0 20800000
1731674270595 6350.0 20840448
1731674290838 6360.0 20873216
1731674310655 6370.0 20905984
1731674330944 6380.0 20938752
1731674348863 6390.0 20960000
1731674371251 6400.0 21004288
1731674391501 6410.0 21037056
1731674412246 6420.0 21069824
1731674432705 6430.0 21102592
1731674449976 6440.0 21120000
1731674473469 6450.0 21168128
1731674493509 6460.0 21200896
1731674513817 6470.0 21233664
1731674534244 6480.0 21266432
1731674550777 6490.0 21280000
1731674574535 6500.0 21331968
1731674594803 6510.0 21364736
1731674615487 6520.0 21397504
1731674636999 6530.0 21430272
1731674653258 6540.0 21440000
1731674678199 6550.0 21495808
1731674698373 6560.0 21528576
1731674718634 6570.0 21561344
1731674738740 6580.0 21594112
1731674754128 6590.0 21600000
1731674780418 6600.0 21659648
1731674800496 6610.0 21692416
1731674820689 6620.0 21725184
1731674841333 6630.0 21757952
1731674855529 6640.0 21760000
1731674882139 6650.0 21823488
1731674902774 6660.0 21856256
1731674923173 6670.0 21889024
1731674943524 6680.0 21920000
1731674964190 6690.0 21954560
1731674984694 6700.0 21987328
1731675004803 6710.0 22020096
1731675024629 6720.0 22052864
1731675044760 6730.0 22080000
1731675067015 6740.0 22118400
1731675087668 6750.0 22151168
1731675107921 6760.0 22183936
1731675128227 6770.0 22216704
1731675146597 6780.0 22240000
1731675169173 6790.0 22282240
1731675189701 6800.0 22315008
1731675209928 6810.0 22347776
1731675230041 6820.0 22380544
1731675248138 6830.0 22400000
1731675271470 6840.0 22446080
1731675291695 6850.0 22478848
1731675311659 6860.0 22511616
1731675332775 6870.0 22544384
1731675349886 6880.0 22560000
1731675373847 6890.0 22609920
1731675394954 6900.0 22642688
1731675415565 6910.0 22675456
1731675436193 6920.0 22708224
1731675452452 6930.0 22720000
1731675476891 6940.0 22773760
1731675496841 6950.0 22806528
1731675517134 6960.0 22839296
1731675537390 6970.0 22872064
1731675552766 6980.0 22880000
1731675577572 6990.0 22937600
1731675599241 7000.0 22970368
1731675619648 7010.0 23003136
1731675640074 7020.0 23035904
1731675654868 7030.0 23040000
1731675681035 7040.0 23101440
1731675701533 7050.0 23134208
1731675722031 7060.0 23166976
1731675742413 7070.0 23199744
1731675756958 7080.0 23200000
1731675784692 7090.0 23265280
1731675804898 7100.0 23298048
1731675825006 7110.0 23330816
1731675845083 7120.0 23360000
1731675866286 7130.0 23396352
1731675886436 7140.0 23429120
1731675906650 7150.0 23461888
1731675926606 7160.0 23494656
1731675945480 7170.0 23520000
1731675967082 7180.0 23560192
1731675987290 7190.0 23592960
1731676007787 7200.0 23625728
1731676028577 7210.0 23658496
1731676046671 7220.0 23680000
1731676069012 7230.0 23724032
1731676089145 7240.0 23756800
1731676109763 7250.0 23789568
1731676130261 7260.0 23822336
1731676147781 7270.0 23840000
1731676171224 7280.0 23887872
1731676191411 7290.0 23920640
1731676211709 7300.0 23953408
1731676234040 7310.0 23986176
1731676250831 7320.0 24000000
1731676274986 7330.0 24051712
1731676295472 7340.0 24084480
1731676315751 7350.0 24117248
1731676336062 7360.0 24150016
1731676352052 7370.0 24160000
1731676377378 7380.0 24215552
1731676397744 7390.0 24248320
1731676418338 7400.0 24281088
1731676439140 7410.0 24313856
1731676454431 7420.0 24320000
1731676480525 7430.0 24379392
1731676501644 7440.0 24412160
1731676522862 7450.0 24444928
1731676543948 7460.0 24477696
1731676559034 7470.0 24480000
1731676586941 7480.0 24543232
1731676607827 7490.0 24576000
1731676628097 7500.0 24608768
1731676648699 7510.0 24640000
1731676669319 7520.0 24674304
1731676690212 7530.0 24707072
1731676710312 7540.0 24739840
1731676731001 7550.0 24772608
1731676750901 7560.0 24800000
1731676772835 7570.0 24838144
1731676793338 7580.0 24870912
1731676813089 7590.0 24903680
1731676833488 7600.0 24936448
1731676852708 7610.0 24960000
1731676875093 7620.0 25001984
1731676895332 7630.0 25034752
1731676915897 7640.0 25067520
1731676936132 7650.0 25100288
1731676954321 7660.0 25120000
1731676977943 7670.0 25165824
1731676998652 7680.0 25198592
1731677019250 7690.0 25231360
1731677039368 7700.0 25264128
1731677056571 7710.0 25280000
1731677081094 7720.0 25329664
1731677101324 7730.0 25362432
1731677121937 7740.0 25395200
1731677143643 7750.0 25427968
1731677160088 7760.0 25440000
1731677184823 7770.0 25493504
1731677205425 7780.0 25526272
1731677225615 7790.0 25559040
1731677245597 7800.0 25591808
1731677261401 7810.0 25600000
1731677287119 7820.0 25657344
1731677307613 7830.0 25690112
1731677327884 7840.0 25722880
1731677348202 7850.0 25755648
1731677363360 7860.0 25760000
1731677390016 7870.0 25821184
1731677410703 7880.0 25853952
1731677430842 7890.0 25886720
1731677450796 7900.0 25919488
1731677464710 7910.0 25920000
1731677491873 7920.0 25985024
1731677512440 7930.0 26017792
1731677532774 7940.0 26050560
1731677553102 7950.0 26080000
1731677574813 7960.0 26116096
1731677595319 7970.0 26148864
1731677615507 7980.0 26181632
1731677636645 7990.0 26214400
1731677655932 8000.0 26240000
1731677677928 8010.0 26279936
1731677698675 8020.0 26312704
1731677719614 8030.0 26345472
1731677739971 8040.0 26378240
1731677758269 8050.0 26400000
1731677780813 8060.0 26443776
1731677800813 8070.0 26476544
1731677821460 8080.0 26509312
1731677843130 8090.0 26542080
1731677861245 8100.0 26560000
1731677885383 8110.0 26607616
1731677905332 8120.0 26640384
1731677925617 8130.0 26673152
1731677946404 8140.0 26705920
1731677963378 8150.0 26720000
1731677988279 8160.0 26771456
1731678008835 8170.0 26804224
1731678029033 8180.0 26836992
1731678050048 8190.0 26869760
1731678066054 8200.0 26880000
1731678091051 8210.0 26935296
1731678110848 8220.0 26968064
1731678131533 8230.0 27000832
1731678151748 8240.0 27033600
1731678167038 8250.0 27040000
1731678193148 8260.0 27099136
1731678213544 8270.0 27131904
1731678233910 8280.0 27164672
1731678254747 8290.0 27197440
1731678270063 8300.0 27200000
1731678297858 8310.0 27262976
1731678318186 8320.0 27295744
1731678338653 8330.0 27328512
1731678359215 8340.0 27360000
1731678380311 8350.0 27394048
1731678400397 8360.0 27426816
1731678420985 8370.0 27459584
1731678442571 8380.0 27492352
1731678462376 8390.0 27520000
1731678485977 8400.0 27557888
1731678506923 8410.0 27590656
1731678527885 8420.0 27623424
1731678548266 8430.0 27656192
1731678567181 8440.0 27680000
1731678590319 8450.0 27721728
1731678610079 8460.0 27754496
1731678630368 8470.0 27787264
1731678650656 8480.0 27820032
1731678668615 8490.0 27840000
1731678691806 8500.0 27885568
1731678711925 8510.0 27918336
1731678731878 8520.0 27951104
1731678752558 8530.0 27983872
1731678769818 8540.0 28000000
1731678794401 8550.0 28049408
1731678814520 8560.0 28082176
1731678834692 8570.0 28114944
1731678855339 8580.0 28147712
1731678871916 8590.0 28160000
1731678898266 8600.0 28213248
1731678919777 8610.0 28246016
1731678941434 8620.0 28278784
1731678963269 8630.0 28311552
1731678980217 8640.0 28320000
1731679007237 8650.0 28377088
1731679028426 8660.0 28409856
1731679049198 8670.0 28442624
1731679072441 8680.0 28475392
1731679087468 8690.0 28480000
1731679114766 8700.0 28540928
1731679136214 8710.0 28573696
1731679156497 8720.0 28606464
1731679176728 8730.0 28639232
1731679190870 8740.0 28640000
1731679217488 8750.0 28704768
1731679238469 8760.0 28737536
1731679258947 8770.0 28770304
1731679278391 8780.0 28800000
1731679300844 8790.0 28835840
1731679321356 8800.0 28868608
1731679342357 8810.0 28901376
1731679363652 8820.0 28934144
1731679382892 8830.0 28960000
1731679404799 8840.0 28999680
1731679424948 8850.0 29032448
1731679445255 8860.0 29065216
1731679466122 8870.0 29097984
1731679484883 8880.0 29120000
1731679507929 8890.0 29163520
1731679528509 8900.0 29196288
1731679549190 8910.0 29229056
1731679569511 8920.0 29261824
1731679587268 8930.0 29280000
1731679611445 8940.0 29327360
1731679632071 8950.0 29360128
1731679652505 8960.0 29392896
1731679674186 8970.0 29425664
1731679691564 8980.0 29440000
1731679716002 8990.0 29491200
1731679735892 9000.0 29523968
1731679756333 9010.0 29556736
1731679776563 9020.0 29589504
1731679792455 9030.0 29600000
1731679817115 9040.0 29655040
1731679837603 9050.0 29687808
1731679858495 9060.0 29720576
1731679879314 9070.0 29753344
1731679894877 9080.0 29760000
1731679920652 9090.0 29818880
1731679940959 9100.0 29851648
1731679961058 9110.0 29884416
1731679981319 9120.0 29917184
1731679995756 9130.0 29920000
1731680021799 9140.0 29982720
1731680042224 9150.0 30015488
1731680062787 9160.0 30048256
1731680083224 9170.0 30080000
1731680104721 9180.0 30113792
1731680124609 9190.0 30146560
1731680145116 9200.0 30179328
1731680165742 9210.0 30212096
1731680185577 9220.0 30240000
1731680208287 9230.0 30277632
1731680228855 9240.0 30310400
1731680249041 9250.0 30343168
1731680269695 9260.0 30375936
1731680288437 9270.0 30400000
1731680311462 9280.0 30441472
1731680331584 9290.0 30474240
1731680352014 9300.0 30507008
1731680372148 9310.0 30539776
1731680390036 9320.0 30560000
1731680413119 9330.0 30605312
1731680433591 9340.0 30638080
1731680454238 9350.0 30670848
1731680474402 9360.0 30703616
1731680491554 9370.0 30720000
1731680515612 9380.0 30769152
1731680535912 9390.0 30801920
1731680556315 9400.0 30834688
1731680576662 9410.0 30867456
1731680593363 9420.0 30880000
1731680618398 9430.0 30932992
1731680639007 9440.0 30965760
1731680659760 9450.0 30998528
1731680680661 9460.0 31031296
1731680697450 9470.0 31040000
1731680723362 9480.0 31096832
1731680743563 9490.0 31129600
1731680764888 9500.0 31162368
1731680786045 9510.0 31195136
1731680800958 9520.0 31200000
1731680826791 9530.0 31260672
1731680847336 9540.0 31293440
1731680870052 9550.0 31326208
1731680890554 9560.0 31358976
1731680904563 9570.0 31360000
1731680931266 9580.0 31424512
1731680952062 9590.0 31457280
1731680972605 9600.0 31490048
1731680993416 9610.0 31520000
1731681015973 9620.0 31555584
1731681036173 9630.0 31588352
1731681056382 9640.0 31621120
1731681076329 9650.0 31653888
1731681095875 9660.0 31680000
1731681118080 9670.0 31719424
1731681138905 9680.0 31752192
1731681159287 9690.0 31784960
1731681179667 9700.0 31817728
1731681198262 9710.0 31840000
1731681220885 9720.0 31883264
1731681241167 9730.0 31916032
1731681261926 9740.0 31948800
1731681282820 9750.0 31981568
1731681300309 9760.0 32000000
1731681324167 9770.0 32047104
1731681345369 9780.0 32079872
1731681366790 9790.0 32112640
1731681387929 9800.0 32145408
1731681405006 9810.0 32160000
