1733223220675 1.0 32768
1733223265681 2.0 65536
1733223309793 3.0 98304
1733223354939 4.0 131072
1733223402550 5.0 163840
1733223447569 6.0 196608
1733223490699 7.0 229376
1733223534627 8.0 262144
1733223579731 9.0 294912
1733223625427 10.0 327680
1733223667798 11.0 360448
1733223709157 12.0 393216
1733223752481 13.0 425984
1733223796923 14.0 458752
1733223841208 15.0 491520
1733223883037 16.0 524288
1733223924342 17.0 557056
1733223966273 18.0 589824
1733224007910 19.0 622592
1733224051970 20.0 655360
1733224093086 21.0 688128
1733224135537 22.0 720896
1733224177016 23.0 753664
1733224219067 24.0 786432
1733224262417 25.0 819200
1733224303318 26.0 851968
1733224345040 27.0 884736
1733224387211 28.0 917504
1733224429418 29.0 950272
1733224473528 30.0 983040
1733224514894 31.0 1015808
1733224555956 32.0 1048576
1733224597894 33.0 1081344
1733224639634 34.0 1114112
1733224683409 35.0 1146880
1733224724788 36.0 1179648
1733224767000 37.0 1212416
1733224808450 38.0 1245184
1733224850184 39.0 1277952
1733224895433 40.0 1310720
1733224937072 41.0 1343488
1733224979371 42.0 1376256
1733225020579 43.0 1409024
1733225064294 44.0 1441792
1733225106363 45.0 1474560
1733225147904 46.0 1507328
1733225190150 47.0 1540096
1733225232643 48.0 1572864
1733225276599 49.0 1605632
1733225318672 50.0 1638400
1733225360835 51.0 1671168
1733225404268 52.0 1703936
1733225445822 53.0 1736704
1733225490677 54.0 1769472
1733225532281 55.0 1802240
1733225574343 56.0 1835008
1733225615815 57.0 1867776
1733225657486 58.0 1900544
1733225700748 59.0 1933312
1733225743194 60.0 1966080
1733225785324 61.0 1998848
1733225827598 62.0 2031616
1733225870041 63.0 2064384
1733225914245 64.0 2097152
1733225957716 65.0 2129920
1733226001870 66.0 2162688
1733226043741 67.0 2195456
1733226086463 68.0 2228224
1733226130807 69.0 2260992
1733226172580 70.0 2293760
1733226215051 71.0 2326528
1733226257803 72.0 2359296
1733226300344 73.0 2392064
1733226344490 74.0 2424832
1733226386582 75.0 2457600
1733226428766 76.0 2490368
1733226471485 77.0 2523136
1733226514595 78.0 2555904
1733226558374 79.0 2588672
1733226600995 80.0 2621440
1733226643849 81.0 2654208
1733226686654 82.0 2686976
1733226729433 83.0 2719744
1733226773851 84.0 2752512
1733226816207 85.0 2785280
1733226858677 86.0 2818048
1733226901083 87.0 2850816
1733226945211 88.0 2883584
1733226987165 89.0 2916352
1733227029770 90.0 2949120
1733227075394 91.0 2981888
1733227117809 92.0 3014656
1733227163725 93.0 3047424
1733227204813 94.0 3080192
1733227247654 95.0 3112960
1733227290311 96.0 3145728
1733227333145 97.0 3178496
1733227377153 98.0 3211264
1733227419519 99.0 3244032
1733227463589 100.0 3276800
1733227506867 101.0 3309568
1733227550589 102.0 3342336
1733227595681 103.0 3375104
1733227637719 104.0 3407872
1733227679917 105.0 3440640
1733227723024 106.0 3473408
1733227765262 107.0 3506176
1733227808844 108.0 3538944
1733227851007 109.0 3571712
1733227893220 110.0 3604480
1733227935782 111.0 3637248
1733227978636 112.0 3670016
1733228022840 113.0 3702784
1733228065269 114.0 3735552
1733228107811 115.0 3768320
1733228150240 116.0 3801088
1733228192989 117.0 3833856
1733228237796 118.0 3866624
1733228279977 119.0 3899392
1733228322480 120.0 3932160
1733228364859 121.0 3964928
1733228408591 122.0 3997696
1733228452242 123.0 4030464
1733228494944 124.0 4063232
1733228537768 125.0 4096000
1733228581839 126.0 4128768
1733228625415 127.0 4161536
1733228667861 128.0 4194304
1733228710257 129.0 4227072
1733228752857 130.0 4259840
1733228795665 131.0 4292608
1733228839719 132.0 4325376
1733228881990 133.0 4358144
1733228923794 134.0 4390912
1733228966388 135.0 4423680
1733229008895 136.0 4456448
1733229052839 137.0 4489216
1733229094545 138.0 4521984
1733229136816 139.0 4554752
1733229179637 140.0 4587520
1733229223141 141.0 4620288
1733229267196 142.0 4653056
1733229309033 143.0 4685824
1733229352188 144.0 4718592
1733229395816 145.0 4751360
1733229438587 146.0 4784128
1733229482692 147.0 4816896
1733229524815 148.0 4849664
1733229568030 149.0 4882432
1733229612174 150.0 4915200
1733229655470 151.0 4947968
1733229699647 152.0 4980736
1733229741720 153.0 5013504
1733229784308 154.0 5046272
1733229827418 155.0 5079040
1733229870889 156.0 5111808
1733229915197 157.0 5144576
1733229957881 158.0 5177344
1733230001505 159.0 5210112
1733230043887 160.0 5242880
1733230086275 161.0 5275648
1733230130802 162.0 5308416
1733230173960 163.0 5341184
1733230217118 164.0 5373952
1733230259724 165.0 5406720
1733230303257 166.0 5439488
1733230350605 167.0 5472256
1733230393575 168.0 5505024
1733230437742 169.0 5537792
1733230481766 170.0 5570560
1733230526615 171.0 5603328
1733230570486 172.0 5636096
1733230613060 173.0 5668864
1733230656747 174.0 5701632
1733230701010 175.0 5734400
1733230746711 176.0 5767168
1733230789782 177.0 5799936
1733230833201 178.0 5832704
1733230876135 179.0 5865472
1733230920045 180.0 5898240
1733230965623 181.0 5931008
1733231008115 182.0 5963776
1733231053355 183.0 5996544
1733231096620 184.0 6029312
1733231140303 185.0 6062080
1733231187590 186.0 6094848
1733231230486 187.0 6127616
1733231273289 188.0 6160384
1733231316961 189.0 6193152
1733231360797 190.0 6225920
1733231407856 191.0 6258688
1733231451521 192.0 6291456
1733231494844 193.0 6324224
1733231538297 194.0 6356992
1733231581402 195.0 6389760
1733231627238 196.0 6422528
1733231670035 197.0 6455296
1733231713945 198.0 6488064
1733231756994 199.0 6520832
1733231800634 200.0 6553600
1733231847307 201.0 6586368
1733231889905 202.0 6619136
1733231933268 203.0 6651904
1733231975888 204.0 6684672
1733232018392 205.0 6717440
1733232062254 206.0 6750208
1733232104588 207.0 6782976
1733232146818 208.0 6815744
1733232189940 209.0 6848512
1733232236806 210.0 6881280
1733232279597 211.0 6914048
1733232322094 212.0 6946816
1733232365348 213.0 6979584
1733232409669 214.0 7012352
1733232453995 215.0 7045120
1733232497506 216.0 7077888
1733232540082 217.0 7110656
1733232582465 218.0 7143424
1733232626118 219.0 7176192
1733232673303 220.0 7208960
1733232715383 221.0 7241728
1733232758671 222.0 7274496
1733232800959 223.0 7307264
1733232843795 224.0 7340032
1733232887809 225.0 7372800
1733232930675 226.0 7405568
1733232974296 227.0 7438336
1733233017325 228.0 7471104
1733233060163 229.0 7503872
1733233105809 230.0 7536640
1733233148647 231.0 7569408
1733233191509 232.0 7602176
1733233234395 233.0 7634944
1733233277066 234.0 7667712
1733233321517 235.0 7700480
1733233364902 236.0 7733248
1733233412302 237.0 7766016
1733233454893 238.0 7798784
1733233497156 239.0 7831552
1733233541388 240.0 7864320
1733233584598 241.0 7897088
1733233627252 242.0 7929856
1733233669846 243.0 7962624
1733233713404 244.0 7995392
1733233758623 245.0 8028160
1733233801045 246.0 8060928
1733233844416 247.0 8093696
1733233887562 248.0 8126464
1733233930130 249.0 8159232
1733233974714 250.0 8192000
1733234017787 251.0 8224768
1733234060842 252.0 8257536
1733234103727 253.0 8290304
1733234148688 254.0 8323072
1733234191697 255.0 8355840
1733234234790 256.0 8388608
1733234280088 257.0 8421376
1733234324047 258.0 8454144
1733234368218 259.0 8486912
1733234410914 260.0 8519680
1733234454162 261.0 8552448
1733234496891 262.0 8585216
1733234540288 263.0 8617984
1733234585167 264.0 8650752
1733234629838 265.0 8683520
1733234672484 266.0 8716288
1733234715297 267.0 8749056
1733234758432 268.0 8781824
1733234802664 269.0 8814592
1733234845602 270.0 8847360
1733234888432 271.0 8880128
1733234931949 272.0 8912896
1733234975266 273.0 8945664
1733235019495 274.0 8978432
1733235062465 275.0 9011200
1733235106462 276.0 9043968
1733235151867 277.0 9076736
1733235195588 278.0 9109504
1733235241542 279.0 9142272
1733235284454 280.0 9175040
1733235328263 281.0 9207808
1733235371444 282.0 9240576
1733235415801 283.0 9273344
1733235460395 284.0 9306112
1733235503370 285.0 9338880
1733235545506 286.0 9371648
1733235588719 287.0 9404416
1733235631407 288.0 9437184
1733235676506 289.0 9469952
1733235719702 290.0 9502720
1733235762473 291.0 9535488
1733235805861 292.0 9568256
1733235849940 293.0 9601024
1733235893320 294.0 9633792
1733235937251 295.0 9666560
1733235981107 296.0 9699328
1733236023674 297.0 9732096
1733236067727 298.0 9764864
1733236113122 299.0 9797632
1733236157384 300.0 9830400
1733236199838 301.0 9863168
1733236243539 302.0 9895936
1733236289819 303.0 9928704
1733236332132 304.0 9961472
1733236375036 305.0 9994240
1733236417558 306.0 10027008
1733236460236 307.0 10059776
1733236504359 308.0 10092544
1733236547635 309.0 10125312
1733236591519 310.0 10158080
1733236634709 311.0 10190848
1733236677752 312.0 10223616
1733236722325 313.0 10256384
1733236764821 314.0 10289152
1733236808064 315.0 10321920
1733236851937 316.0 10354688
1733236895533 317.0 10387456
1733236940101 318.0 10420224
1733236983453 319.0 10452992
1733237027560 320.0 10485760
1733237070666 321.0 10518528
1733237113764 322.0 10551296
1733237158756 323.0 10584064
1733237202127 324.0 10616832
1733237246163 325.0 10649600
1733237288708 326.0 10682368
1733237331783 327.0 10715136
1733237377891 328.0 10747904
1733237421091 329.0 10780672
1733237465123 330.0 10813440
1733237508928 331.0 10846208
1733237552047 332.0 10878976
1733237596440 333.0 10911744
1733237639975 334.0 10944512
1733237683534 335.0 10977280
1733237726588 336.0 11010048
1733237772391 337.0 11042816
1733237815747 338.0 11075584
1733237859036 339.0 11108352
1733237901716 340.0 11141120
1733237944806 341.0 11173888
1733237989068 342.0 11206656
1733238032018 343.0 11239424
1733238077011 344.0 11272192
1733238121681 345.0 11304960
1733238166359 346.0 11337728
1733238210306 347.0 11370496
1733238252775 348.0 11403264
1733238296057 349.0 11436032
1733238340281 350.0 11468800
1733238383699 351.0 11501568
1733238431889 352.0 11534336
1733238474491 353.0 11567104
1733238518896 354.0 11599872
1733238562140 355.0 11632640
1733238606262 356.0 11665408
