1733223220766 12.0 32768
1733223265804 57.0 65536
1733223309917 101.0 98304
1733223354954 147.0 131072
1733223402572 194.0 163840
1733223447601 239.0 196608
1733223490723 283.0 229376
1733223534753 326.0 262144
1733223579756 372.0 294912
1733223625452 417.0 327680
1733223667823 460.0 360448
1733223709178 501.0 393216
1733223752509 544.0 425984
1733223796953 589.0 458752
1733223841233 633.0 491520
1733223883071 675.0 524288
1733223924368 716.0 557056
1733223966316 758.0 589824
1733224007936 800.0 622592
1733224052038 844.0 655360
1733224093112 885.0 688128
1733224135559 927.0 720896
1733224177039 969.0 753664
1733224219092 1011.0 786432
1733224262440 1054.0 819200
1733224303364 1095.0 851968
1733224345065 1137.0 884736
1733224387230 1179.0 917504
1733224429443 1221.0 950272
1733224473556 1265.0 983040
1733224514928 1307.0 1015808
1733224555983 1348.0 1048576
1733224597918 1390.0 1081344
1733224639665 1431.0 1114112
1733224683439 1475.0 1146880
1733224724819 1517.0 1179648
1733224767148 1559.0 1212416
1733224808475 1600.0 1245184
1733224850209 1642.0 1277952
1733224895459 1687.0 1310720
1733224937097 1729.0 1343488
1733224979393 1771.0 1376256
1733225020603 1812.0 1409024
1733225064319 1856.0 1441792
1733225106387 1898.0 1474560
1733225147938 1940.0 1507328
1733225190176 1982.0 1540096
1733225232677 2024.0 1572864
1733225276679 2068.0 1605632
1733225318697 2111.0 1638400
1733225360966 2152.0 1671168
1733225404290 2196.0 1703936
1733225445844 2238.0 1736704
1733225490699 2282.0 1769472
1733225532303 2324.0 1802240
1733225574366 2366.0 1835008
1733225615840 2408.0 1867776
1733225657509 2449.0 1900544
1733225700772 2493.0 1933312
1733225743218 2535.0 1966080
1733225785347 2577.0 1998848
1733225827619 2619.0 2031616
1733225870066 2662.0 2064384
1733225914270 2706.0 2097152
1733225957749 2750.0 2129920
1733226001895 2794.0 2162688
1733226043793 2836.0 2195456
1733226086488 2878.0 2228224
1733226130839 2923.0 2260992
1733226172606 2964.0 2293760
1733226215077 3007.0 2326528
1733226257838 3050.0 2359296
1733226300378 3092.0 2392064
1733226344516 3136.0 2424832
1733226386604 3178.0 2457600
1733226428799 3221.0 2490368
1733226471516 3263.0 2523136
1733226514618 3306.0 2555904
1733226558404 3350.0 2588672
1733226601019 3393.0 2621440
1733226643874 3436.0 2654208
1733226686678 3478.0 2686976
1733226729458 3521.0 2719744
1733226773888 3566.0 2752512
1733226816234 3608.0 2785280
1733226858716 3651.0 2818048
1733226901110 3693.0 2850816
1733226945236 3737.0 2883584
1733226987207 3779.0 2916352
1733227029795 3822.0 2949120
1733227075432 3867.0 2981888
1733227117833 3910.0 3014656
1733227163749 3956.0 3047424
1733227204846 3997.0 3080192
1733227247683 4039.0 3112960
1733227290334 4082.0 3145728
1733227333176 4125.0 3178496
1733227377186 4169.0 3211264
1733227419543 4211.0 3244032
1733227463614 4255.0 3276800
1733227506893 4299.0 3309568
1733227550631 4342.0 3342336
1733227595702 4388.0 3375104
1733227637739 4430.0 3407872
1733227679994 4471.0 3440640
1733227723057 4515.0 3473408
1733227765288 4557.0 3506176
1733227808866 4601.0 3538944
1733227851044 4643.0 3571712
1733227893247 4685.0 3604480
1733227935807 4728.0 3637248
1733227978658 4770.0 3670016
1733228022864 4815.0 3702784
1733228065294 4857.0 3735552
1733228107839 4900.0 3768320
1733228150270 4942.0 3801088
1733228193016 4985.0 3833856
1733228237820 5029.0 3866624
1733228280007 5072.0 3899392
1733228322504 5114.0 3932160
1733228364910 5157.0 3964928
1733228408613 5200.0 3997696
1733228452268 5244.0 4030464
1733228494965 5287.0 4063232
1733228537794 5330.0 4096000
1733228581865 5374.0 4128768
1733228625436 5417.0 4161536
1733228667882 5460.0 4194304
1733228710285 5502.0 4227072
1733228752884 5545.0 4259840
1733228795688 5587.0 4292608
1733228839743 5632.0 4325376
1733228882014 5674.0 4358144
1733228923819 5716.0 4390912
1733228966413 5758.0 4423680
1733229008928 5801.0 4456448
1733229052863 5845.0 4489216
1733229094572 5886.0 4521984
1733229136848 5929.0 4554752
1733229179769 5971.0 4587520
1733229223173 6015.0 4620288
1733229267223 6059.0 4653056
1733229309057 6101.0 4685824
1733229352342 6144.0 4718592
1733229395849 6188.0 4751360
1733229438612 6230.0 4784128
1733229482717 6275.0 4816896
1733229524846 6317.0 4849664
1733229568155 6359.0 4882432
1733229612205 6404.0 4915200
1733229655492 6447.0 4947968
1733229699733 6491.0 4980736
1733229741762 6534.0 5013504
1733229784350 6576.0 5046272
1733229827454 6619.0 5079040
1733229870917 6663.0 5111808
1733229915210 6707.0 5144576
1733229957897 6750.0 5177344
1733230001529 6793.0 5210112
1733230043904 6836.0 5242880
1733230086353 6878.0 5275648
1733230130827 6923.0 5308416
1733230174001 6966.0 5341184
1733230217159 7009.0 5373952
1733230259781 7051.0 5406720
1733230303408 7095.0 5439488
1733230350717 7142.0 5472256
1733230393643 7185.0 5505024
1733230437924 7229.0 5537792
1733230481796 7273.0 5570560
1733230526649 7318.0 5603328
1733230570539 7362.0 5636096
1733230613113 7405.0 5668864
1733230656894 7448.0 5701632
1733230701089 7493.0 5734400
1733230746776 7538.0 5767168
1733230789812 7582.0 5799936
1733230833236 7625.0 5832704
1733230876183 7668.0 5865472
1733230920119 7712.0 5898240
1733230965721 7757.0 5931008
1733231008206 7800.0 5963776
1733231053435 7845.0 5996544
1733231096670 7888.0 6029312
1733231140341 7932.0 6062080
1733231187621 7979.0 6094848
1733231230534 8022.0 6127616
1733231273312 8065.0 6160384
1733231317069 8109.0 6193152
1733231360869 8152.0 6225920
1733231407984 8199.0 6258688
1733231451561 8243.0 6291456
1733231494886 8287.0 6324224
1733231538320 8330.0 6356992
1733231581527 8373.0 6389760
1733231627287 8419.0 6422528
1733231670150 8462.0 6455296
1733231714052 8506.0 6488064
1733231757025 8549.0 6520832
1733231800761 8592.0 6553600
1733231847325 8639.0 6586368
1733231889971 8682.0 6619136
1733231933294 8725.0 6651904
1733231975916 8768.0 6684672
1733232018410 8810.0 6717440
1733232062271 8854.0 6750208
1733232104630 8896.0 6782976
1733232146859 8939.0 6815744
1733232190072 8981.0 6848512
1733232236853 9029.0 6881280
1733232279614 9071.0 6914048
1733232322109 9114.0 6946816
1733232365365 9157.0 6979584
1733232409687 9201.0 7012352
1733232454013 9246.0 7045120
1733232497519 9289.0 7077888
1733232540119 9332.0 7110656
1733232582507 9374.0 7143424
1733232626253 9418.0 7176192
1733232673314 9465.0 7208960
1733232715394 9507.0 7241728
1733232758707 9550.0 7274496
1733232800970 9593.0 7307264
1733232843825 9636.0 7340032
1733232887820 9680.0 7372800
1733232930697 9723.0 7405568
1733232974338 9766.0 7438336
1733233017367 9809.0 7471104
1733233060171 9852.0 7503872
1733233105817 9898.0 7536640
1733233148688 9940.0 7569408
1733233191551 9983.0 7602176
1733233234431 10026.0 7634944
1733233277091 10069.0 7667712
1733233321567 10113.0 7700480
1733233365044 10156.0 7733248
1733233412322 10204.0 7766016
1733233454935 10247.0 7798784
1733233497198 10289.0 7831552
1733233541410 10333.0 7864320
1733233584606 10376.0 7897088
1733233627261 10419.0 7929856
1733233669893 10462.0 7962624
1733233713537 10505.0 7995392
1733233758642 10550.0 8028160
1733233801087 10593.0 8060928
1733233844450 10636.0 8093696
1733233887571 10679.0 8126464
1733233930149 10722.0 8159232
1733233974732 10767.0 8192000
1733234017810 10810.0 8224768
1733234060905 10852.0 8257536
1733234103763 10896.0 8290304
1733234148706 10940.0 8323072
1733234191731 10983.0 8355840
1733234234823 11027.0 8388608
1733234280128 11072.0 8421376
1733234324074 11116.0 8454144
1733234368246 11160.0 8486912
1733234410948 11203.0 8519680
1733234454181 11246.0 8552448
1733234496924 11289.0 8585216
1733234540296 11332.0 8617984
1733234585175 11377.0 8650752
1733234629877 11422.0 8683520
1733234672492 11464.0 8716288
1733234715314 11507.0 8749056
1733234758443 11550.0 8781824
1733234802673 11595.0 8814592
1733234845641 11637.0 8847360
1733234888474 11680.0 8880128
1733234931962 11724.0 8912896
1733234975304 11767.0 8945664
1733235019519 11811.0 8978432
1733235062512 11854.0 9011200
1733235106607 11898.0 9043968
1733235151896 11943.0 9076736
1733235195625 11987.0 9109504
1733235241678 12033.0 9142272
1733235284491 12076.0 9175040
1733235328298 12120.0 9207808
1733235371569 12163.0 9240576
1733235415813 12207.0 9273344
1733235460433 12252.0 9306112
1733235503385 12295.0 9338880
1733235545543 12337.0 9371648
1733235588756 12381.0 9404416
1733235631418 12423.0 9437184
1733235676528 12468.0 9469952
1733235719744 12512.0 9502720
1733235762514 12554.0 9535488
1733235805902 12598.0 9568256
1733235849959 12642.0 9601024
1733235893350 12685.0 9633792
1733235937407 12729.0 9666560
1733235981155 12773.0 9699328
1733236023699 12815.0 9732096
1733236067770 12860.0 9764864
1733236113147 12905.0 9797632
1733236157426 12949.0 9830400
1733236199846 12992.0 9863168
1733236243667 13035.0 9895936
1733236289828 13082.0 9928704
1733236332174 13124.0 9961472
1733236375044 13167.0 9994240
1733236417599 13209.0 10027008
1733236460278 13252.0 10059776
1733236504392 13296.0 10092544
1733236547677 13339.0 10125312
1733236591530 13383.0 10158080
1733236634739 13427.0 10190848
1733236677780 13470.0 10223616
1733236722338 13514.0 10256384
1733236764894 13557.0 10289152
1733236808100 13600.0 10321920
1733236851993 13644.0 10354688
1733236895545 13687.0 10387456
1733236940129 13732.0 10420224
1733236983532 13775.0 10452992
1733237027602 13819.0 10485760
1733237070693 13862.0 10518528
1733237113802 13906.0 10551296
1733237158907 13950.0 10584064
1733237202198 13994.0 10616832
1733237246213 14038.0 10649600
1733237288747 14081.0 10682368
1733237331821 14124.0 10715136
1733237378024 14169.0 10747904
1733237421222 14213.0 10780672
1733237465143 14257.0 10813440
1733237508946 14301.0 10846208
1733237552089 14344.0 10878976
1733237596517 14388.0 10911744
1733237640019 14432.0 10944512
1733237683561 14475.0 10977280
1733237726638 14518.0 11010048
1733237772410 14564.0 11042816
1733237815786 14608.0 11075584
1733237859076 14651.0 11108352
1733237901790 14694.0 11141120
1733237944848 14737.0 11173888
1733237989078 14781.0 11206656
1733238032131 14823.0 11239424
1733238077134 14868.0 11272192
1733238121806 14913.0 11304960
1733238166399 14958.0 11337728
1733238210319 15002.0 11370496
1733238252815 15045.0 11403264
1733238296249 15087.0 11436032
1733238340323 15132.0 11468800
1733238383860 15175.0 11501568
1733238432014 15223.0 11534336
1733238474535 15266.0 11567104
1733238518929 15311.0 11599872
1733238562267 15354.0 11632640
1733238606271 15398.0 11665408
