1733223230721 1.0 32768
1733223256204 2.0 65536
1733223282690 3.0 98304
1733223310346 4.0 131072
1733223341416 5.0 163840
1733223367916 6.0 196608
1733223395083 7.0 229376
1733223421386 8.0 262144
1733223448291 9.0 294912
1733223478815 10.0 327680
1733223505911 11.0 360448
1733223534482 12.0 393216
1733223561120 13.0 425984
1733223588098 14.0 458752
1733223618054 15.0 491520
1733223644668 16.0 524288
1733223671864 17.0 557056
1733223698652 18.0 589824
1733223725416 19.0 622592
1733223756927 20.0 655360
1733223783353 21.0 688128
1733223809579 22.0 720896
1733223835944 23.0 753664
1733223862542 24.0 786432
1733223893046 25.0 819200
1733223919921 26.0 851968
1733223946960 27.0 884736
1733223974423 28.0 917504
1733224001640 29.0 950272
1733224032530 30.0 983040
1733224058932 31.0 1015808
1733224086304 32.0 1048576
1733224113474 33.0 1081344
1733224140775 34.0 1114112
1733224171486 35.0 1146880
1733224197744 36.0 1179648
1733224224700 37.0 1212416
1733224251634 38.0 1245184
1733224278576 39.0 1277952
1733224309451 40.0 1310720
1733224335926 41.0 1343488
1733224363152 42.0 1376256
1733224389621 43.0 1409024
1733224420510 44.0 1441792
1733224447244 45.0 1474560
1733224474195 46.0 1507328
1733224500897 47.0 1540096
1733224527739 48.0 1572864
1733224558789 49.0 1605632
1733224585364 50.0 1638400
1733224612732 51.0 1671168
1733224639432 52.0 1703936
1733224666258 53.0 1736704
1733224697408 54.0 1769472
1733224723917 55.0 1802240
1733224750876 56.0 1835008
1733224777786 57.0 1867776
1733224804669 58.0 1900544
1733224835351 59.0 1933312
1733224861548 60.0 1966080
1733224888396 61.0 1998848
1733224915088 62.0 2031616
1733224941563 63.0 2064384
1733224972498 64.0 2097152
1733224998971 65.0 2129920
1733225025716 66.0 2162688
1733225052683 67.0 2195456
1733225079400 68.0 2228224
1733225110222 69.0 2260992
1733225137126 70.0 2293760
1733225164372 71.0 2326528
1733225191410 72.0 2359296
1733225218198 73.0 2392064
1733225248683 74.0 2424832
1733225275456 75.0 2457600
1733225302251 76.0 2490368
1733225329322 77.0 2523136
1733225357569 78.0 2555904
1733225388676 79.0 2588672
1733225415431 80.0 2621440
1733225442037 81.0 2654208
1733225469020 82.0 2686976
1733225495795 83.0 2719744
1733225526450 84.0 2752512
1733225553779 85.0 2785280
1733225580788 86.0 2818048
1733225607927 87.0 2850816
1733225639621 88.0 2883584
1733225666255 89.0 2916352
1733225693472 90.0 2949120
1733225720637 91.0 2981888
1733225747748 92.0 3014656
1733225778164 93.0 3047424
1733225804824 94.0 3080192
1733225831855 95.0 3112960
1733225858273 96.0 3145728
1733225884900 97.0 3178496
1733225915017 98.0 3211264
1733225941192 99.0 3244032
1733225967718 100.0 3276800
1733225994061 101.0 3309568
1733226020428 102.0 3342336
1733226050627 103.0 3375104
1733226076969 104.0 3407872
1733226103696 105.0 3440640
1733226130645 106.0 3473408
1733226157497 107.0 3506176
1733226188598 108.0 3538944
1733226215131 109.0 3571712
1733226242057 110.0 3604480
1733226269114 111.0 3637248
1733226296308 112.0 3670016
1733226327182 113.0 3702784
1733226354008 114.0 3735552
1733226381133 115.0 3768320
1733226408076 116.0 3801088
1733226434894 117.0 3833856
1733226465196 118.0 3866624
1733226491578 119.0 3899392
1733226518537 120.0 3932160
1733226544913 121.0 3964928
1733226571346 122.0 3997696
1733226602280 123.0 4030464
1733226628964 124.0 4063232
1733226655705 125.0 4096000
1733226683163 126.0 4128768
1733226714707 127.0 4161536
1733226741138 128.0 4194304
1733226767889 129.0 4227072
1733226795026 130.0 4259840
1733226822185 131.0 4292608
1733226853759 132.0 4325376
1733226881177 133.0 4358144
1733226908269 134.0 4390912
1733226935211 135.0 4423680
1733226961662 136.0 4456448
1733226993195 137.0 4489216
1733227020112 138.0 4521984
1733227047114 139.0 4554752
1733227074089 140.0 4587520
1733227100615 141.0 4620288
1733227131873 142.0 4653056
1733227158535 143.0 4685824
1733227185116 144.0 4718592
1733227212151 145.0 4751360
1733227238679 146.0 4784128
1733227269509 147.0 4816896
1733227296277 148.0 4849664
1733227323038 149.0 4882432
1733227350003 150.0 4915200
1733227377147 151.0 4947968
1733227408470 152.0 4980736
1733227435206 153.0 5013504
1733227461898 154.0 5046272
1733227488674 155.0 5079040
1733227515654 156.0 5111808
1733227546355 157.0 5144576
1733227572849 158.0 5177344
1733227599315 159.0 5210112
1733227626217 160.0 5242880
1733227652568 161.0 5275648
1733227683127 162.0 5308416
1733227709710 163.0 5341184
1733227736636 164.0 5373952
1733227763687 165.0 5406720
1733227790921 166.0 5439488
1733227821304 167.0 5472256
1733227848380 168.0 5505024
1733227875432 169.0 5537792
1733227902297 170.0 5570560
1733227933055 171.0 5603328
1733227959689 172.0 5636096
1733227986298 173.0 5668864
1733228012734 174.0 5701632
1733228039567 175.0 5734400
1733228070368 176.0 5767168
1733228096976 177.0 5799936
1733228124009 178.0 5832704
1733228151201 179.0 5865472
1733228178019 180.0 5898240
1733228208929 181.0 5931008
1733228235752 182.0 5963776
1733228262361 183.0 5996544
1733228288497 184.0 6029312
1733228316170 185.0 6062080
1733228346747 186.0 6094848
1733228373312 187.0 6127616
1733228400490 188.0 6160384
1733228428000 189.0 6193152
1733228455369 190.0 6225920
1733228485908 191.0 6258688
1733228512581 192.0 6291456
1733228539210 193.0 6324224
1733228565857 194.0 6356992
1733228592508 195.0 6389760
1733228622336 196.0 6422528
1733228648900 197.0 6455296
1733228675242 198.0 6488064
1733228702109 199.0 6520832
1733228729065 200.0 6553600
1733228759223 201.0 6586368
1733228785510 202.0 6619136
1733228811961 203.0 6651904
1733228838937 204.0 6684672
1733228865461 205.0 6717440
1733228896354 206.0 6750208
1733228923046 207.0 6782976
1733228950321 208.0 6815744
1733228977555 209.0 6848512
1733229008530 210.0 6881280
1733229035495 211.0 6914048
1733229062829 212.0 6946816
1733229090092 213.0 6979584
1733229116972 214.0 7012352
1733229149070 215.0 7045120
1733229175590 216.0 7077888
1733229202066 217.0 7110656
1733229228475 218.0 7143424
1733229254842 219.0 7176192
1733229286319 220.0 7208960
1733229313262 221.0 7241728
1733229340626 222.0 7274496
1733229367370 223.0 7307264
1733229395793 224.0 7340032
1733229426643 225.0 7372800
1733229453203 226.0 7405568
1733229480411 227.0 7438336
1733229507820 228.0 7471104
1733229535129 229.0 7503872
1733229568162 230.0 7536640
1733229595077 231.0 7569408
1733229621843 232.0 7602176
1733229648506 233.0 7634944
1733229676048 234.0 7667712
1733229708341 235.0 7700480
1733229734656 236.0 7733248
1733229761366 237.0 7766016
1733229787773 238.0 7798784
1733229814415 239.0 7831552
1733229846225 240.0 7864320
1733229872876 241.0 7897088
1733229899735 242.0 7929856
1733229926708 243.0 7962624
1733229953562 244.0 7995392
1733229985012 245.0 8028160
1733230011546 246.0 8060928
1733230038659 247.0 8093696
1733230066360 248.0 8126464
1733230093668 249.0 8159232
1733230124880 250.0 8192000
1733230152170 251.0 8224768
1733230179694 252.0 8257536
1733230207615 253.0 8290304
1733230239852 254.0 8323072
1733230266750 255.0 8355840
1733230295619 256.0 8388608
1733230322720 257.0 8421376
1733230350396 258.0 8454144
1733230382905 259.0 8486912
1733230409387 260.0 8519680
1733230436696 261.0 8552448
1733230465046 262.0 8585216
1733230492544 263.0 8617984
1733230523875 264.0 8650752
1733230550449 265.0 8683520
1733230578647 266.0 8716288
1733230605904 267.0 8749056
1733230633646 268.0 8781824
1733230666925 269.0 8814592
1733230693996 270.0 8847360
1733230721328 271.0 8880128
1733230749558 272.0 8912896
1733230777339 273.0 8945664
1733230808547 274.0 8978432
1733230835388 275.0 9011200
1733230862556 276.0 9043968
1733230890034 277.0 9076736
1733230917549 278.0 9109504
1733230949108 279.0 9142272
1733230975811 280.0 9175040
1733231003615 281.0 9207808
1733231031753 282.0 9240576
1733231059677 283.0 9273344
1733231092263 284.0 9306112
1733231119035 285.0 9338880
1733231146559 286.0 9371648
1733231174618 287.0 9404416
1733231202266 288.0 9437184
1733231234915 289.0 9469952
1733231261848 290.0 9502720
1733231289324 291.0 9535488
1733231317572 292.0 9568256
1733231349104 293.0 9601024
1733231376003 294.0 9633792
1733231403758 295.0 9666560
1733231432408 296.0 9699328
1733231459676 297.0 9732096
1733231491081 298.0 9764864
1733231517973 299.0 9797632
1733231545129 300.0 9830400
1733231572449 301.0 9863168
1733231600063 302.0 9895936
1733231632125 303.0 9928704
1733231659391 304.0 9961472
1733231686871 305.0 9994240
1733231714594 306.0 10027008
1733231742740 307.0 10059776
1733231774378 308.0 10092544
1733231801319 309.0 10125312
1733231829643 310.0 10158080
1733231856942 311.0 10190848
1733231883747 312.0 10223616
1733231914836 313.0 10256384
1733231941545 314.0 10289152
1733231968919 315.0 10321920
1733231995705 316.0 10354688
1733232022640 317.0 10387456
1733232053095 318.0 10420224
1733232080064 319.0 10452992
1733232107097 320.0 10485760
1733232133807 321.0 10518528
1733232161112 322.0 10551296
1733232194359 323.0 10584064
1733232221392 324.0 10616832
1733232248496 325.0 10649600
1733232275440 326.0 10682368
1733232303259 327.0 10715136
1733232334636 328.0 10747904
1733232361709 329.0 10780672
1733232389074 330.0 10813440
1733232416584 331.0 10846208
1733232443456 332.0 10878976
1733232474594 333.0 10911744
1733232500809 334.0 10944512
1733232527917 335.0 10977280
1733232554866 336.0 11010048
1733232585310 337.0 11042816
1733232612059 338.0 11075584
1733232639361 339.0 11108352
1733232667586 340.0 11141120
1733232694368 341.0 11173888
1733232724774 342.0 11206656
1733232751189 343.0 11239424
1733232777595 344.0 11272192
1733232804654 345.0 11304960
1733232831740 346.0 11337728
1733232862795 347.0 11370496
1733232889231 348.0 11403264
1733232916099 349.0 11436032
1733232943306 350.0 11468800
1733232970380 351.0 11501568
1733233001912 352.0 11534336
1733233028579 353.0 11567104
1733233055040 354.0 11599872
1733233082061 355.0 11632640
1733233108907 356.0 11665408
1733233139615 357.0 11698176
1733233165704 358.0 11730944
1733233192714 359.0 11763712
1733233219016 360.0 11796480
1733233246072 361.0 11829248
1733233277033 362.0 11862016
1733233303773 363.0 11894784
1733233330177 364.0 11927552
1733233357124 365.0 11960320
1733233384218 366.0 11993088
1733233417268 367.0 12025856
1733233444278 368.0 12058624
1733233471549 369.0 12091392
1733233498835 370.0 12124160
1733233525783 371.0 12156928
1733233556174 372.0 12189696
1733233582433 373.0 12222464
1733233609238 374.0 12255232
1733233636063 375.0 12288000
1733233666580 376.0 12320768
1733233693809 377.0 12353536
1733233722068 378.0 12386304
1733233749093 379.0 12419072
1733233775654 380.0 12451840
1733233806232 381.0 12484608
1733233832632 382.0 12517376
1733233859098 383.0 12550144
1733233885825 384.0 12582912
1733233912718 385.0 12615680
1733233944292 386.0 12648448
1733233971029 387.0 12681216
1733233998085 388.0 12713984
1733234025369 389.0 12746752
1733234053309 390.0 12779520
1733234084917 391.0 12812288
1733234112222 392.0 12845056
1733234139165 393.0 12877824
1733234166071 394.0 12910592
1733234193073 395.0 12943360
1733234223368 396.0 12976128
1733234249926 397.0 13008896
1733234276822 398.0 13041664
1733234303635 399.0 13074432
1733234330347 400.0 13107200
1733234361544 401.0 13139968
1733234388014 402.0 13172736
1733234414711 403.0 13205504
1733234441544 404.0 13238272
1733234468900 405.0 13271040
1733234501260 406.0 13303808
1733234527985 407.0 13336576
1733234554925 408.0 13369344
1733234582804 409.0 13402112
1733234610062 410.0 13434880
1733234641109 411.0 13467648
1733234667418 412.0 13500416
1733234693752 413.0 13533184
1733234720414 414.0 13565952
1733234746595 415.0 13598720
1733234778239 416.0 13631488
1733234805140 417.0 13664256
1733234832124 418.0 13697024
1733234858808 419.0 13729792
1733234888985 420.0 13762560
1733234916112 421.0 13795328
1733234943163 422.0 13828096
1733234969507 423.0 13860864
1733234996355 424.0 13893632
1733235027311 425.0 13926400
1733235054145 426.0 13959168
1733235081774 427.0 13991936
1733235110187 428.0 14024704
1733235137032 429.0 14057472
1733235168519 430.0 14090240
1733235194825 431.0 14123008
1733235221896 432.0 14155776
1733235250106 433.0 14188544
1733235277122 434.0 14221312
1733235307686 435.0 14254080
1733235334029 436.0 14286848
1733235361508 437.0 14319616
1733235388632 438.0 14352384
1733235416937 439.0 14385152
1733235447662 440.0 14417920
1733235474315 441.0 14450688
1733235501241 442.0 14483456
1733235528627 443.0 14516224
1733235556080 444.0 14548992
1733235587528 445.0 14581760
1733235614343 446.0 14614528
1733235641316 447.0 14647296
1733235668179 448.0 14680064
1733235695684 449.0 14712832
1733235727012 450.0 14745600
1733235753588 451.0 14778368
1733235780688 452.0 14811136
1733235807706 453.0 14843904
1733235834390 454.0 14876672
1733235865170 455.0 14909440
1733235891716 456.0 14942208
1733235918757 457.0 14974976
1733235946165 458.0 15007744
1733235977946 459.0 15040512
1733236004254 460.0 15073280
1733236030965 461.0 15106048
1733236058037 462.0 15138816
1733236084965 463.0 15171584
1733236115847 464.0 15204352
1733236142580 465.0 15237120
1733236169632 466.0 15269888
1733236196391 467.0 15302656
1733236223764 468.0 15335424
1733236256563 469.0 15368192
1733236283529 470.0 15400960
1733236310519 471.0 15433728
1733236337473 472.0 15466496
1733236364802 473.0 15499264
1733236396442 474.0 15532032
1733236423355 475.0 15564800
1733236449965 476.0 15597568
1733236476328 477.0 15630336
1733236502916 478.0 15663104
1733236533487 479.0 15695872
1733236560097 480.0 15728640
1733236587310 481.0 15761408
1733236613857 482.0 15794176
1733236640701 483.0 15826944
1733236671640 484.0 15859712
1733236698364 485.0 15892480
1733236725850 486.0 15925248
1733236752822 487.0 15958016
1733236779764 488.0 15990784
1733236809699 489.0 16023552
1733236835746 490.0 16056320
1733236862542 491.0 16089088
1733236889149 492.0 16121856
1733236916709 493.0 16154624
1733236948375 494.0 16187392
1733236975615 495.0 16220160
1733237003159 496.0 16252928
1733237030337 497.0 16285696
1733237057628 498.0 16318464
1733237089592 499.0 16351232
1733237116239 500.0 16384000
1733237142965 501.0 16416768
1733237170402 502.0 16449536
1733237203283 503.0 16482304
1733237229608 504.0 16515072
1733237255805 505.0 16547840
1733237282693 506.0 16580608
1733237308947 507.0 16613376
1733237340484 508.0 16646144
1733237367282 509.0 16678912
1733237395851 510.0 16711680
1733237424395 511.0 16744448
1733237451096 512.0 16777216
1733237481729 513.0 16809984
1733237508691 514.0 16842752
1733237536198 515.0 16875520
1733237562901 516.0 16908288
1733237589709 517.0 16941056
1733237620383 518.0 16973824
1733237646826 519.0 17006592
1733237673508 520.0 17039360
1733237700105 521.0 17072128
1733237727578 522.0 17104896
1733237758803 523.0 17137664
1733237785310 524.0 17170432
1733237812610 525.0 17203200
1733237839859 526.0 17235968
1733237866728 527.0 17268736
1733237897903 528.0 17301504
1733237924834 529.0 17334272
1733237952065 530.0 17367040
1733237978930 531.0 17399808
1733238006542 532.0 17432576
1733238039381 533.0 17465344
1733238066657 534.0 17498112
1733238094743 535.0 17530880
1733238121928 536.0 17563648
1733238150023 537.0 17596416
1733238181384 538.0 17629184
1733238208141 539.0 17661952
1733238234943 540.0 17694720
1733238262051 541.0 17727488
1733238294425 542.0 17760256
1733238320749 543.0 17793024
1733238347765 544.0 17825792
1733238375843 545.0 17858560
1733238402371 546.0 17891328
1733238434877 547.0 17924096
1733238462216 548.0 17956864
1733238489118 549.0 17989632
1733238515685 550.0 18022400
1733238543078 551.0 18055168
1733238576699 552.0 18087936
1733238603564 553.0 18120704
1733238632263 554.0 18153472
1733238659099 555.0 18186240
1733238686302 556.0 18219008
1733238717126 557.0 18251776
1733238744368 558.0 18284544
1733238771216 559.0 18317312
1733238798956 560.0 18350080
1733238827491 561.0 18382848
1733238858725 562.0 18415616
1733238885692 563.0 18448384
1733238912829 564.0 18481152
1733238940188 565.0 18513920
1733238967323 566.0 18546688
1733238998593 567.0 18579456
1733239026038 568.0 18612224
1733239053987 569.0 18644992
1733239080342 570.0 18677760
1733239107286 571.0 18710528
1733239138531 572.0 18743296
1733239165590 573.0 18776064
1733239193759 574.0 18808832
1733239220348 575.0 18841600
1733239247101 576.0 18874368
1733239277739 577.0 18907136
1733239304691 578.0 18939904
1733239331851 579.0 18972672
1733239358918 580.0 19005440
1733239385904 581.0 19038208
1733239417274 582.0 19070976
1733239444022 583.0 19103744
1733239471963 584.0 19136512
1733239499019 585.0 19169280
1733239530296 586.0 19202048
1733239556930 587.0 19234816
1733239583976 588.0 19267584
1733239611069 589.0 19300352
1733239638360 590.0 19333120
1733239669022 591.0 19365888
1733239695713 592.0 19398656
1733239723202 593.0 19431424
1733239749769 594.0 19464192
1733239776646 595.0 19496960
1733239807440 596.0 19529728
1733239834335 597.0 19562496
1733239861259 598.0 19595264
1733239887904 599.0 19628032
1733239914569 600.0 19660800
1733239946052 601.0 19693568
1733239972431 602.0 19726336
1733239999217 603.0 19759104
1733240026587 604.0 19791872
1733240053589 605.0 19824640
1733240084345 606.0 19857408
1733240111078 607.0 19890176
1733240137581 608.0 19922944
1733240164335 609.0 19955712
1733240191741 610.0 19988480
1733240222637 611.0 20021248
1733240249483 612.0 20054016
1733240277151 613.0 20086784
1733240303831 614.0 20119552
1733240330941 615.0 20152320
1733240361948 616.0 20185088
1733240388856 617.0 20217856
1733240415852 618.0 20250624
1733240443383 619.0 20283392
1733240470166 620.0 20316160
1733240500603 621.0 20348928
1733240526708 622.0 20381696
1733240553208 623.0 20414464
1733240579747 624.0 20447232
1733240610016 625.0 20480000
1733240636708 626.0 20512768
1733240663658 627.0 20545536
1733240690149 628.0 20578304
1733240716631 629.0 20611072
1733240747401 630.0 20643840
1733240773532 631.0 20676608
1733240800010 632.0 20709376
1733240826741 633.0 20742144
1733240852925 634.0 20774912
1733240883351 635.0 20807680
1733240909683 636.0 20840448
1733240936358 637.0 20873216
1733240962999 638.0 20905984
1733240989236 639.0 20938752
1733241019534 640.0 20971520
1733241045628 641.0 21004288
1733241071936 642.0 21037056
1733241098635 643.0 21069824
1733241124952 644.0 21102592
1733241155388 645.0 21135360
1733241182537 646.0 21168128
1733241208805 647.0 21200896
1733241235121 648.0 21233664
1733241261581 649.0 21266432
1733241292611 650.0 21299200
1733241319406 651.0 21331968
1733241346348 652.0 21364736
1733241372775 653.0 21397504
1733241400079 654.0 21430272
1733241430806 655.0 21463040
1733241457029 656.0 21495808
1733241484339 657.0 21528576
1733241510496 658.0 21561344
1733241536993 659.0 21594112
1733241567223 660.0 21626880
1733241593806 661.0 21659648
1733241620442 662.0 21692416
1733241646882 663.0 21725184
1733241673458 664.0 21757952
1733241703740 665.0 21790720
1733241729952 666.0 21823488
1733241756507 667.0 21856256
1733241782867 668.0 21889024
1733241813591 669.0 21921792
1733241839932 670.0 21954560
1733241866166 671.0 21987328
1733241892872 672.0 22020096
1733241919751 673.0 22052864
1733241950225 674.0 22085632
1733241976109 675.0 22118400
1733242003801 676.0 22151168
1733242030612 677.0 22183936
1733242056834 678.0 22216704
1733242086894 679.0 22249472
1733242113445 680.0 22282240
1733242140060 681.0 22315008
1733242166552 682.0 22347776
1733242193202 683.0 22380544
1733242223502 684.0 22413312
1733242249644 685.0 22446080
1733242276437 686.0 22478848
1733242303009 687.0 22511616
1733242329503 688.0 22544384
1733242360003 689.0 22577152
1733242386415 690.0 22609920
1733242412412 691.0 22642688
1733242438629 692.0 22675456
1733242464955 693.0 22708224
1733242495322 694.0 22740992
1733242521471 695.0 22773760
1733242547731 696.0 22806528
1733242573931 697.0 22839296
1733242600182 698.0 22872064
1733242630820 699.0 22904832
1733242656999 700.0 22937600
1733242683841 701.0 22970368
1733242710465 702.0 23003136
1733242737016 703.0 23035904
1733242767498 704.0 23068672
1733242793995 705.0 23101440
1733242820316 706.0 23134208
1733242846584 707.0 23166976
1733242873744 708.0 23199744
1733242904476 709.0 23232512
1733242931095 710.0 23265280
1733242957875 711.0 23298048
1733242984551 712.0 23330816
1733243015067 713.0 23363584
1733243041547 714.0 23396352
1733243068001 715.0 23429120
1733243094196 716.0 23461888
1733243121726 717.0 23494656
1733243151552 718.0 23527424
1733243178035 719.0 23560192
1733243204894 720.0 23592960
1733243231541 721.0 23625728
1733243258074 722.0 23658496
1733243288581 723.0 23691264
1733243315138 724.0 23724032
1733243341412 725.0 23756800
1733243367842 726.0 23789568
1733243393963 727.0 23822336
1733243424071 728.0 23855104
1733243450027 729.0 23887872
1733243476155 730.0 23920640
1733243502470 731.0 23953408
1733243529097 732.0 23986176
1733243559174 733.0 24018944
1733243585142 734.0 24051712
1733243611581 735.0 24084480
1733243638250 736.0 24117248
1733243664907 737.0 24150016
1733243695741 738.0 24182784
1733243721975 739.0 24215552
1733243748116 740.0 24248320
1733243774759 741.0 24281088
1733243802125 742.0 24313856
1733243833454 743.0 24346624
1733243860196 744.0 24379392
1733243886666 745.0 24412160
1733243913050 746.0 24444928
1733243939570 747.0 24477696
1733243970566 748.0 24510464
1733243996983 749.0 24543232
1733244023159 750.0 24576000
1733244049535 751.0 24608768
1733244079609 752.0 24641536
1733244106010 753.0 24674304
1733244132530 754.0 24707072
1733244159793 755.0 24739840
1733244186015 756.0 24772608
1733244216668 757.0 24805376
1733244243094 758.0 24838144
1733244270901 759.0 24870912
1733244297308 760.0 24903680
1733244323903 761.0 24936448
1733244354004 762.0 24969216
1733244380003 763.0 25001984
1733244406377 764.0 25034752
1733244432563 765.0 25067520
1733244458997 766.0 25100288
1733244489963 767.0 25133056
1733244516041 768.0 25165824
1733244542488 769.0 25198592
1733244568747 770.0 25231360
1733244594873 771.0 25264128
1733244625174 772.0 25296896
1733244651698 773.0 25329664
1733244677827 774.0 25362432
1733244704501 775.0 25395200
1733244731313 776.0 25427968
1733244761241 777.0 25460736
1733244788097 778.0 25493504
1733244814998 779.0 25526272
1733244841645 780.0 25559040
1733244868586 781.0 25591808
1733244899532 782.0 25624576
1733244925935 783.0 25657344
1733244952658 784.0 25690112
1733244979387 785.0 25722880
1733245006583 786.0 25755648
1733245038899 787.0 25788416
1733245065125 788.0 25821184
1733245091890 789.0 25853952
1733245118203 790.0 25886720
1733245144577 791.0 25919488
1733245174018 792.0 25952256
1733245199777 793.0 25985024
1733245226138 794.0 26017792
1733245252245 795.0 26050560
1733245282511 796.0 26083328
1733245308534 797.0 26116096
1733245334894 798.0 26148864
1733245361395 799.0 26181632
1733245387735 800.0 26214400
1733245418943 801.0 26247168
1733245445537 802.0 26279936
1733245472054 803.0 26312704
1733245498861 804.0 26345472
1733245525530 805.0 26378240
1733245555107 806.0 26411008
1733245581222 807.0 26443776
1733245607750 808.0 26476544
1733245635071 809.0 26509312
1733245661656 810.0 26542080
1733245694450 811.0 26574848
1733245720804 812.0 26607616
1733245747256 813.0 26640384
1733245773810 814.0 26673152
1733245800515 815.0 26705920
1733245831219 816.0 26738688
1733245857648 817.0 26771456
1733245883966 818.0 26804224
1733245909919 819.0 26836992
1733245936244 820.0 26869760
1733245966458 821.0 26902528
1733245992669 822.0 26935296
1733246019249 823.0 26968064
1733246045291 824.0 27000832
1733246072060 825.0 27033600
1733246102800 826.0 27066368
1733246129118 827.0 27099136
1733246154893 828.0 27131904
1733246180924 829.0 27164672
1733246207734 830.0 27197440
1733246237498 831.0 27230208
1733246263755 832.0 27262976
1733246290049 833.0 27295744
1733246316773 834.0 27328512
1733246346895 835.0 27361280
1733246372821 836.0 27394048
1733246399351 837.0 27426816
1733246426520 838.0 27459584
1733246453433 839.0 27492352
1733246483422 840.0 27525120
1733246509819 841.0 27557888
1733246536424 842.0 27590656
1733246563151 843.0 27623424
1733246589945 844.0 27656192
1733246619697 845.0 27688960
1733246646484 846.0 27721728
1733246673577 847.0 27754496
1733246700279 848.0 27787264
1733246726676 849.0 27820032
1733246756540 850.0 27852800
1733246783126 851.0 27885568
1733246811408 852.0 27918336
1733246837466 853.0 27951104
1733246864175 854.0 27983872
1733246895283 855.0 28016640
1733246921575 856.0 28049408
1733246948102 857.0 28082176
1733246975063 858.0 28114944
1733247001474 859.0 28147712
1733247031826 860.0 28180480
1733247057859 861.0 28213248
1733247083939 862.0 28246016
1733247109956 863.0 28278784
1733247136432 864.0 28311552
1733247167240 865.0 28344320
1733247193161 866.0 28377088
1733247219378 867.0 28409856
1733247245948 868.0 28442624
1733247272264 869.0 28475392
1733247302695 870.0 28508160
1733247329009 871.0 28540928
1733247355755 872.0 28573696
1733247382789 873.0 28606464
1733247409957 874.0 28639232
1733247440937 875.0 28672000
1733247467422 876.0 28704768
1733247493764 877.0 28737536
1733247520935 878.0 28770304
1733247552259 879.0 28803072
1733247578769 880.0 28835840
1733247605450 881.0 28868608
1733247632385 882.0 28901376
1733247658573 883.0 28934144
1733247690348 884.0 28966912
1733247717367 885.0 28999680
1733247744265 886.0 29032448
1733247771485 887.0 29065216
1733247798526 888.0 29097984
1733247828971 889.0 29130752
1733247855202 890.0 29163520
1733247881669 891.0 29196288
1733247908231 892.0 29229056
1733247934838 893.0 29261824
1733247965140 894.0 29294592
1733247991233 895.0 29327360
1733248017908 896.0 29360128
1733248044802 897.0 29392896
1733248071121 898.0 29425664
1733248102450 899.0 29458432
1733248128771 900.0 29491200
1733248155313 901.0 29523968
1733248182205 902.0 29556736
1733248209233 903.0 29589504
1733248240470 904.0 29622272
1733248267346 905.0 29655040
1733248294176 906.0 29687808
1733248320905 907.0 29720576
1733248347628 908.0 29753344
1733248378054 909.0 29786112
1733248404203 910.0 29818880
1733248430680 911.0 29851648
1733248457822 912.0 29884416
1733248484924 913.0 29917184
1733248516155 914.0 29949952
1733248542581 915.0 29982720
1733248569115 916.0 30015488
1733248595934 917.0 30048256
1733248626394 918.0 30081024
1733248652972 919.0 30113792
1733248679758 920.0 30146560
1733248706553 921.0 30179328
1733248732891 922.0 30212096
1733248763466 923.0 30244864
1733248789786 924.0 30277632
1733248816532 925.0 30310400
1733248843256 926.0 30343168
1733248869891 927.0 30375936
1733248899654 928.0 30408704
1733248925763 929.0 30441472
1733248952492 930.0 30474240
1733248978673 931.0 30507008
1733249005003 932.0 30539776
1733249035770 933.0 30572544
1733249062087 934.0 30605312
1733249088754 935.0 30638080
1733249115298 936.0 30670848
1733249141991 937.0 30703616
1733249173440 938.0 30736384
1733249200144 939.0 30769152
1733249227161 940.0 30801920
1733249253850 941.0 30834688
1733249280633 942.0 30867456
1733249311351 943.0 30900224
1733249338040 944.0 30932992
1733249364747 945.0 30965760
1733249391850 946.0 30998528
1733249419098 947.0 31031296
1733249450401 948.0 31064064
1733249477175 949.0 31096832
1733249503804 950.0 31129600
1733249530486 951.0 31162368
1733249556904 952.0 31195136
1733249587791 953.0 31227904
1733249613845 954.0 31260672
1733249640381 955.0 31293440
1733249667261 956.0 31326208
1733249694158 957.0 31358976
1733249725727 958.0 31391744
1733249751829 959.0 31424512
1733249778628 960.0 31457280
1733249805323 961.0 31490048
1733249835381 962.0 31522816
1733249861421 963.0 31555584
1733249887732 964.0 31588352
1733249914297 965.0 31621120
1733249941935 966.0 31653888
1733249972714 967.0 31686656
1733249999071 968.0 31719424
1733250025794 969.0 31752192
1733250052422 970.0 31784960
1733250079435 971.0 31817728
1733250110346 972.0 31850496
1733250136622 973.0 31883264
1733250163641 974.0 31916032
1733250190222 975.0 31948800
1733250217011 976.0 31981568
1733250247783 977.0 32014336
1733250274047 978.0 32047104
1733250300921 979.0 32079872
1733250327522 980.0 32112640
1733250354368 981.0 32145408
