1733223230771 8.0 32768
1733223256254 34.0 65536
1733223282824 60.0 98304
1733223310390 88.0 131072
1733223341540 118.0 163840
1733223367966 145.0 196608
1733223395114 172.0 229376
1733223421415 199.0 262144
1733223448301 226.0 294912
1733223478826 256.0 327680
1733223506027 283.0 360448
1733223534514 312.0 393216
1733223561146 338.0 425984
1733223588131 365.0 458752
1733223618090 395.0 491520
1733223644706 422.0 524288
1733223671896 449.0 557056
1733223698713 476.0 589824
1733223725452 503.0 622592
1733223756939 534.0 655360
1733223783365 561.0 688128
1733223809595 587.0 720896
1733223835971 613.0 753664
1733223862593 640.0 786432
1733223893054 670.0 819200
1733223919955 697.0 851968
1733223947006 724.0 884736
1733223974473 751.0 917504
1733224001658 779.0 950272
1733224032580 810.0 983040
1733224058982 836.0 1015808
1733224086346 864.0 1048576
1733224113524 891.0 1081344
1733224140791 918.0 1114112
1733224171498 949.0 1146880
1733224197758 975.0 1179648
1733224224717 1002.0 1212416
1733224251684 1029.0 1245184
1733224278626 1056.0 1277952
1733224309501 1087.0 1310720
1733224335976 1113.0 1343488
1733224363202 1140.0 1376256
1733224389672 1167.0 1409024
1733224420518 1198.0 1441792
1733224447295 1225.0 1474560
1733224474229 1252.0 1507328
1733224500905 1278.0 1540096
1733224527747 1305.0 1572864
1733224558797 1336.0 1605632
1733224585439 1363.0 1638400
1733224612782 1390.0 1671168
1733224639482 1417.0 1703936
1733224666308 1444.0 1736704
1733224697424 1475.0 1769472
1733224723967 1501.0 1802240
1733224750918 1528.0 1835008
1733224777827 1555.0 1867776
1733224804678 1582.0 1900544
1733224835361 1613.0 1933312
1733224861564 1639.0 1966080
1733224888421 1666.0 1998848
1733224915138 1692.0 2031616
1733224941579 1719.0 2064384
1733224972510 1750.0 2097152
1733224999021 1776.0 2129920
1733225025764 1803.0 2162688
1733225052731 1830.0 2195456
1733225079448 1857.0 2228224
1733225110233 1888.0 2260992
1733225137159 1914.0 2293760
1733225164402 1942.0 2326528
1733225191424 1969.0 2359296
1733225218353 1995.0 2392064
1733225248694 2026.0 2424832
1733225275497 2053.0 2457600
1733225302301 2080.0 2490368
1733225329456 2106.0 2523136
1733225357616 2135.0 2555904
1733225388726 2166.0 2588672
1733225415477 2193.0 2621440
1733225442160 2219.0 2654208
1733225469070 2246.0 2686976
1733225495804 2273.0 2719744
1733225526461 2304.0 2752512
1733225553796 2331.0 2785280
1733225580818 2358.0 2818048
1733225607971 2385.0 2850816
1733225639635 2417.0 2883584
1733225666305 2444.0 2916352
1733225693480 2471.0 2949120
1733225720671 2498.0 2981888
1733225747767 2525.0 3014656
1733225778173 2555.0 3047424
1733225804873 2582.0 3080192
1733225831907 2609.0 3112960
1733225858316 2636.0 3145728
1733225884919 2662.0 3178496
1733225915025 2692.0 3211264
1733225941201 2719.0 3244032
1733225967768 2745.0 3276800
1733225994111 2771.0 3309568
1733226020478 2798.0 3342336
1733226050636 2828.0 3375104
1733226077004 2854.0 3407872
1733226103746 2881.0 3440640
1733226130713 2908.0 3473408
1733226157548 2935.0 3506176
1733226188605 2966.0 3538944
1733226215177 2992.0 3571712
1733226242065 3019.0 3604480
1733226269141 3046.0 3637248
1733226296357 3074.0 3670016
1733226327191 3104.0 3702784
1733226354058 3131.0 3735552
1733226381184 3158.0 3768320
1733226408125 3185.0 3801088
1733226434943 3212.0 3833856
1733226465202 3242.0 3866624
1733226491601 3269.0 3899392
1733226518586 3296.0 3932160
1733226544921 3322.0 3964928
1733226571372 3349.0 3997696
1733226602304 3379.0 4030464
1733226629012 3406.0 4063232
1733226655748 3433.0 4096000
1733226683188 3460.0 4128768
1733226714715 3492.0 4161536
1733226741181 3518.0 4194304
1733226767939 3545.0 4227072
1733226795079 3572.0 4259840
1733226822232 3599.0 4292608
1733226853767 3631.0 4325376
1733226881225 3658.0 4358144
1733226908277 3686.0 4390912
1733226935219 3713.0 4423680
1733226961709 3739.0 4456448
1733226993208 3770.0 4489216
1733227020158 3797.0 4521984
1733227047159 3824.0 4554752
1733227074134 3851.0 4587520
1733227100665 3878.0 4620288
1733227131886 3909.0 4653056
1733227158543 3936.0 4685824
1733227185161 3962.0 4718592
1733227212170 3989.0 4751360
1733227238687 4016.0 4784128
1733227269553 4047.0 4816896
1733227296287 4074.0 4849664
1733227323060 4100.0 4882432
1733227350064 4127.0 4915200
1733227377165 4154.0 4947968
1733227408480 4186.0 4980736
1733227435256 4213.0 5013504
1733227461949 4239.0 5046272
1733227488691 4266.0 5079040
1733227515683 4293.0 5111808
1733227546383 4324.0 5144576
1733227572892 4350.0 5177344
1733227599326 4377.0 5210112
1733227626226 4404.0 5242880
1733227652619 4430.0 5275648
1733227683146 4460.0 5308416
1733227709761 4487.0 5341184
1733227736686 4514.0 5373952
1733227763737 4541.0 5406720
1733227790939 4568.0 5439488
1733227821313 4599.0 5472256
1733227848405 4626.0 5505024
1733227875498 4653.0 5537792
1733227902347 4680.0 5570560
1733227933064 4710.0 5603328
1733227959699 4737.0 5636096
1733227986307 4764.0 5668864
1733228012766 4790.0 5701632
1733228039616 4817.0 5734400
1733228070385 4848.0 5767168
1733228097025 4874.0 5799936
1733228124096 4901.0 5832704
1733228151219 4928.0 5865472
1733228178060 4955.0 5898240
1733228209009 4986.0 5931008
1733228235779 5013.0 5963776
1733228262371 5040.0 5996544
1733228288545 5066.0 6029312
1733228316220 5093.0 6062080
1733228346770 5124.0 6094848
1733228373337 5151.0 6127616
1733228400538 5178.0 6160384
1733228428022 5205.0 6193152
1733228455400 5233.0 6225920
1733228485916 5263.0 6258688
1733228512601 5290.0 6291456
1733228539256 5317.0 6324224
1733228565907 5343.0 6356992
1733228592535 5370.0 6389760
1733228622345 5400.0 6422528
1733228648925 5426.0 6455296
1733228675272 5453.0 6488064
1733228702159 5479.0 6520832
1733228729110 5506.0 6553600
1733228759243 5536.0 6586368
1733228785561 5563.0 6619136
1733228812020 5589.0 6651904
1733228838987 5616.0 6684672
1733228865515 5643.0 6717440
1733228896371 5674.0 6750208
1733228923096 5700.0 6782976
1733228950371 5728.0 6815744
1733228977605 5755.0 6848512
1733229008538 5786.0 6881280
1733229035538 5813.0 6914048
1733229062856 5840.0 6946816
1733229090115 5867.0 6979584
1733229117014 5894.0 7012352
1733229149198 5926.0 7045120
1733229175615 5953.0 7077888
1733229202080 5979.0 7110656
1733229228500 6006.0 7143424
1733229254866 6032.0 7176192
1733229286333 6063.0 7208960
1733229313304 6091.0 7241728
1733229340676 6118.0 7274496
1733229367495 6144.0 7307264
1733229395831 6173.0 7340032
1733229426651 6204.0 7372800
1733229453228 6230.0 7405568
1733229480437 6258.0 7438336
1733229507870 6285.0 7471104
1733229535179 6312.0 7503872
1733229568296 6345.0 7536640
1733229595104 6372.0 7569408
1733229621880 6399.0 7602176
1733229648556 6426.0 7634944
1733229676066 6453.0 7667712
1733229708400 6486.0 7700480
1733229734705 6512.0 7733248
1733229761389 6539.0 7766016
1733229787824 6565.0 7798784
1733229814466 6592.0 7831552
1733229846233 6624.0 7864320
1733229872924 6650.0 7897088
1733229899744 6677.0 7929856
1733229926759 6704.0 7962624
1733229953588 6731.0 7995392
1733229985042 6762.0 8028160
1733230011568 6789.0 8060928
1733230038673 6816.0 8093696
1733230066372 6843.0 8126464
1733230093677 6871.0 8159232
1733230124890 6902.0 8192000
1733230152227 6929.0 8224768
1733230179761 6957.0 8257536
1733230207700 6985.0 8290304
1733230239901 7017.0 8323072
1733230266893 7044.0 8355840
1733230295685 7073.0 8388608
1733230322791 7100.0 8421376
1733230350456 7128.0 8454144
1733230382970 7160.0 8486912
1733230409414 7187.0 8519680
1733230436884 7214.0 8552448
1733230465124 7242.0 8585216
1733230492591 7270.0 8617984
1733230523908 7301.0 8650752
1733230550482 7328.0 8683520
1733230578673 7356.0 8716288
1733230605930 7383.0 8749056
1733230633771 7410.0 8781824
1733230666950 7444.0 8814592
1733230694097 7471.0 8847360
1733230721407 7499.0 8880128
1733230749608 7527.0 8912896
1733230777364 7555.0 8945664
1733230808585 7586.0 8978432
1733230835423 7613.0 9011200
1733230862581 7640.0 9043968
1733230890067 7667.0 9076736
1733230917635 7695.0 9109504
1733230949135 7726.0 9142272
1733230975824 7753.0 9175040
1733231003686 7780.0 9207808
1733231031852 7809.0 9240576
1733231059744 7837.0 9273344
1733231092284 7870.0 9306112
1733231119085 7896.0 9338880
1733231146599 7924.0 9371648
1733231174716 7952.0 9404416
1733231202327 7979.0 9437184
1733231234961 8012.0 9469952
1733231261885 8039.0 9502720
1733231289401 8067.0 9535488
1733231317644 8095.0 9568256
1733231349166 8126.0 9601024
1733231376070 8153.0 9633792
1733231403906 8181.0 9666560
1733231432450 8210.0 9699328
1733231459725 8237.0 9732096
1733231491164 8268.0 9764864
1733231517989 8295.0 9797632
1733231545163 8322.0 9830400
1733231572518 8350.0 9863168
1733231600083 8377.0 9895936
1733231632173 8409.0 9928704
1733231659410 8437.0 9961472
1733231686904 8464.0 9994240
1733231714653 8492.0 10027008
1733231742762 8520.0 10059776
1733231774393 8552.0 10092544
1733231801439 8578.0 10125312
1733231829690 8607.0 10158080
1733231856961 8634.0 10190848
1733231883767 8661.0 10223616
1733231914858 8692.0 10256384
1733231941564 8719.0 10289152
1733231968947 8746.0 10321920
1733231995778 8773.0 10354688
1733232022656 8800.0 10387456
1733232053119 8830.0 10420224
1733232080106 8857.0 10452992
1733232107120 8884.0 10485760
1733232133824 8911.0 10518528
1733232161140 8938.0 10551296
1733232194493 8971.0 10584064
1733232221423 8999.0 10616832
1733232248513 9026.0 10649600
1733232275462 9053.0 10682368
1733232303273 9081.0 10715136
1733232334652 9112.0 10747904
1733232361817 9139.0 10780672
1733232389106 9166.0 10813440
1733232416666 9194.0 10846208
1733232443473 9221.0 10878976
1733232474605 9252.0 10911744
1733232500819 9278.0 10944512
1733232527931 9305.0 10977280
1733232554898 9332.0 11010048
1733232585322 9363.0 11042816
1733232612089 9389.0 11075584
1733232639505 9416.0 11108352
1733232667626 9445.0 11141120
1733232694411 9472.0 11173888
1733232724788 9502.0 11206656
1733232751231 9529.0 11239424
1733232777631 9555.0 11272192
1733232804690 9582.0 11304960
1733232831748 9609.0 11337728
1733232862806 9640.0 11370496
1733232889239 9667.0 11403264
1733232916136 9693.0 11436032
1733232943315 9721.0 11468800
1733232970464 9748.0 11501568
1733233001929 9779.0 11534336
1733233028607 9806.0 11567104
1733233055082 9832.0 11599872
1733233082105 9859.0 11632640
1733233108949 9886.0 11665408
1733233139623 9917.0 11698176
1733233165733 9943.0 11730944
1733233192749 9970.0 11763712
1733233219058 9996.0 11796480
1733233246092 10023.0 11829248
1733233277074 10054.0 11862016
1733233303791 10081.0 11894784
1733233330219 10108.0 11927552
1733233357159 10134.0 11960320
1733233384326 10161.0 11993088
1733233417326 10195.0 12025856
1733233444306 10221.0 12058624
1733233471591 10249.0 12091392
1733233498867 10276.0 12124160
1733233525792 10303.0 12156928
1733233556183 10333.0 12189696
1733233582441 10360.0 12222464
1733233609270 10387.0 12255232
1733233636105 10413.0 12288000
1733233666641 10444.0 12320768
1733233693934 10471.0 12353536
1733233722107 10499.0 12386304
1733233749107 10526.0 12419072
1733233775694 10553.0 12451840
1733233806241 10584.0 12484608
1733233832669 10610.0 12517376
1733233859117 10636.0 12550144
1733233885835 10663.0 12582912
1733233912726 10690.0 12615680
1733233944301 10722.0 12648448
1733233971074 10748.0 12681216
1733233998124 10775.0 12713984
1733234025402 10803.0 12746752
1733234053327 10831.0 12779520
1733234084955 10862.0 12812288
1733234112269 10889.0 12845056
1733234139236 10916.0 12877824
1733234166118 10943.0 12910592
1733234193101 10970.0 12943360
1733234223401 11001.0 12976128
1733234249970 11027.0 13008896
1733234276839 11054.0 13041664
1733234303648 11081.0 13074432
1733234330370 11108.0 13107200
1733234361586 11139.0 13139968
1733234388057 11165.0 13172736
1733234414732 11192.0 13205504
1733234441592 11219.0 13238272
1733234468924 11246.0 13271040
1733234501299 11278.0 13303808
1733234528021 11305.0 13336576
1733234554966 11332.0 13369344
1733234582835 11360.0 13402112
1733234610071 11387.0 13434880
1733234641118 11418.0 13467648
1733234667427 11445.0 13500416
1733234693760 11471.0 13533184
1733234720436 11498.0 13565952
1733234746667 11524.0 13598720
1733234778289 11555.0 13631488
1733234805199 11582.0 13664256
1733234832172 11609.0 13697024
1733234858876 11636.0 13729792
1733234888994 11666.0 13762560
1733234916158 11693.0 13795328
1733234943205 11720.0 13828096
1733234969532 11747.0 13860864
1733234996396 11774.0 13893632
1733235027320 11805.0 13926400
1733235054155 11831.0 13959168
1733235081908 11859.0 13991936
1733235110235 11888.0 14024704
1733235137070 11914.0 14057472
1733235168528 11946.0 14090240
1733235194864 11972.0 14123008
1733235222038 11999.0 14155776
1733235250154 12027.0 14188544
1733235277229 12054.0 14221312
1733235307727 12085.0 14254080
1733235334082 12111.0 14286848
1733235361556 12139.0 14319616
1733235388771 12166.0 14352384
1733235416954 12194.0 14385152
1733235447670 12225.0 14417920
1733235474338 12252.0 14450688
1733235501312 12278.0 14483456
1733235528678 12306.0 14516224
1733235556100 12333.0 14548992
1733235587541 12365.0 14581760
1733235614379 12392.0 14614528
1733235641337 12419.0 14647296
1733235668226 12446.0 14680064
1733235695714 12473.0 14712832
1733235727053 12504.0 14745600
1733235753597 12531.0 14778368
1733235780705 12558.0 14811136
1733235807715 12585.0 14843904
1733235834439 12612.0 14876672
1733235865198 12642.0 14909440
1733235891747 12669.0 14942208
1733235918875 12696.0 14974976
1733235946196 12723.0 15007744
1733235978020 12755.0 15040512
1733236004287 12782.0 15073280
1733236030981 12808.0 15106048
1733236058094 12835.0 15138816
1733236084988 12862.0 15171584
1733236115855 12893.0 15204352
1733236142589 12920.0 15237120
1733236169646 12947.0 15269888
1733236196424 12974.0 15302656
1733236223882 13001.0 15335424
1733236256572 13034.0 15368192
1733236283562 13061.0 15400960
1733236310556 13088.0 15433728
1733236337545 13115.0 15466496
1733236364821 13142.0 15499264
1733236396454 13174.0 15532032
1733236423396 13201.0 15564800
1733236450005 13227.0 15597568
1733236476340 13254.0 15630336
1733236502949 13280.0 15663104
1733236533527 13311.0 15695872
1733236560119 13337.0 15728640
1733236587361 13365.0 15761408
1733236613897 13391.0 15794176
1733236640759 13418.0 15826944
1733236671648 13449.0 15859712
1733236698375 13476.0 15892480
1733236725903 13502.0 15925248
1733236752833 13530.0 15958016
1733236779876 13557.0 15990784
1733236809708 13587.0 16023552
1733236835783 13613.0 16056320
1733236862550 13640.0 16089088
1733236889183 13666.0 16121856
1733236916776 13694.0 16154624
1733236948423 13726.0 16187392
1733236975727 13753.0 16220160
1733237003198 13780.0 16252928
1733237030357 13808.0 16285696
1733237057669 13835.0 16318464
1733237089631 13867.0 16351232
1733237116265 13893.0 16384000
1733237142991 13920.0 16416768
1733237170569 13947.0 16449536
1733237203302 13981.0 16482304
1733237229656 14007.0 16515072
1733237255826 14033.0 16547840
1733237282701 14060.0 16580608
1733237309041 14086.0 16613376
1733237340523 14118.0 16646144
1733237367407 14144.0 16678912
1733237396009 14173.0 16711680
1733237424434 14202.0 16744448
1733237451146 14228.0 16777216
1733237481755 14259.0 16809984
1733237508732 14286.0 16842752
1733237536217 14313.0 16875520
1733237562933 14340.0 16908288
1733237589749 14367.0 16941056
1733237620400 14398.0 16973824
1733237646851 14424.0 17006592
1733237673527 14451.0 17039360
1733237700180 14477.0 17072128
1733237727621 14505.0 17104896
1733237758815 14536.0 17137664
1733237785318 14563.0 17170432
1733237812653 14590.0 17203200
1733237839904 14617.0 17235968
1733237866747 14644.0 17268736
1733237897996 14675.0 17301504
1733237924853 14702.0 17334272
1733237952102 14729.0 17367040
1733237978983 14756.0 17399808
1733238006670 14784.0 17432576
1733238039416 14817.0 17465344
1733238066769 14844.0 17498112
1733238094751 14872.0 17530880
1733238122066 14899.0 17563648
1733238150039 14927.0 17596416
1733238181422 14959.0 17629184
1733238208165 14985.0 17661952
1733238234981 15012.0 17694720
1733238262178 15039.0 17727488
1733238294434 15072.0 17760256
1733238320773 15098.0 17793024
1733238347885 15125.0 17825792
1733238375882 15153.0 17858560
1733238402410 15180.0 17891328
1733238434993 15212.0 17924096
1733238462259 15240.0 17956864
1733238489170 15266.0 17989632
1733238515693 15293.0 18022400
1733238543205 15320.0 18055168
1733238576708 15354.0 18087936
1733238603722 15381.0 18120704
1733238632275 15410.0 18153472
1733238659139 15436.0 18186240
1733238686340 15464.0 18219008
1733238717138 15494.0 18251776
1733238744418 15522.0 18284544
1733238771247 15549.0 18317312
1733238799092 15576.0 18350080
1733238827514 15605.0 18382848
1733238858733 15636.0 18415616
1733238885730 15663.0 18448384
1733238912855 15690.0 18481152
1733238940197 15718.0 18513920
1733238967399 15745.0 18546688
1733238998713 15776.0 18579456
1733239026046 15803.0 18612224
1733239054004 15831.0 18644992
1733239080372 15858.0 18677760
1733239107315 15885.0 18710528
1733239138659 15915.0 18743296
1733239165615 15943.0 18776064
1733239193781 15971.0 18808832
1733239220371 15998.0 18841600
1733239247138 16024.0 18874368
1733239277790 16055.0 18907136
1733239304701 16082.0 18939904
1733239331863 16109.0 18972672
1733239358930 16136.0 19005440
1733239386138 16163.0 19038208
1733239417284 16195.0 19070976
1733239444089 16221.0 19103744
1733239472013 16249.0 19136512
1733239499086 16276.0 19169280
1733239530305 16308.0 19202048
1733239556971 16334.0 19234816
1733239584013 16361.0 19267584
1733239611105 16388.0 19300352
1733239638397 16416.0 19333120
1733239669034 16446.0 19365888
1733239695764 16473.0 19398656
1733239723227 16501.0 19431424
1733239749781 16527.0 19464192
1733239776669 16554.0 19496960
1733239807455 16585.0 19529728
1733239834374 16612.0 19562496
1733239861357 16639.0 19595264
1733239887931 16665.0 19628032
1733239914654 16692.0 19660800
1733239946064 16723.0 19693568
1733239972473 16750.0 19726336
1733239999259 16776.0 19759104
1733240026631 16804.0 19791872
1733240053632 16831.0 19824640
1733240084356 16862.0 19857408
1733240111092 16888.0 19890176
1733240137607 16915.0 19922944
1733240164411 16942.0 19955712
1733240191780 16969.0 19988480
1733240222648 17000.0 20021248
1733240249536 17027.0 20054016
1733240277174 17054.0 20086784
1733240303858 17081.0 20119552
1733240330967 17108.0 20152320
1733240361974 17139.0 20185088
1733240388883 17166.0 20217856
1733240416047 17193.0 20250624
1733240443391 17221.0 20283392
1733240470174 17247.0 20316160
1733240500615 17278.0 20348928
1733240526730 17304.0 20381696
1733240553221 17330.0 20414464
1733240579784 17357.0 20447232
1733240610025 17387.0 20480000
1733240636717 17414.0 20512768
1733240663700 17441.0 20545536
1733240690184 17467.0 20578304
1733240716659 17494.0 20611072
1733240747414 17525.0 20643840
1733240773542 17551.0 20676608
1733240800077 17577.0 20709376
1733240826779 17604.0 20742144
1733240852964 17630.0 20774912
1733240883360 17661.0 20807680
1733240909719 17687.0 20840448
1733240936394 17714.0 20873216
1733240963011 17740.0 20905984
1733240989278 17767.0 20938752
1733241019544 17797.0 20971520
1733241045636 17823.0 21004288
1733241071985 17849.0 21037056
1733241098673 17876.0 21069824
1733241124989 17902.0 21102592
1733241155502 17933.0 21135360
1733241182588 17960.0 21168128
1733241208846 17986.0 21200896
1733241235172 18012.0 21233664
1733241261637 18039.0 21266432
1733241292656 18070.0 21299200
1733241319443 18097.0 21331968
1733241346382 18124.0 21364736
1733241372822 18150.0 21397504
1733241400115 18177.0 21430272
1733241430839 18208.0 21463040
1733241457154 18234.0 21495808
1733241484413 18262.0 21528576
1733241510515 18288.0 21561344
1733241537033 18314.0 21594112
1733241567265 18345.0 21626880
1733241593841 18371.0 21659648
1733241620466 18398.0 21692416
1733241646891 18424.0 21725184
1733241673466 18451.0 21757952
1733241703749 18481.0 21790720
1733241729993 18507.0 21823488
1733241756544 18534.0 21856256
1733241782909 18560.0 21889024
1733241813613 18591.0 21921792
1733241839970 18617.0 21954560
1733241866203 18643.0 21987328
1733241892944 18670.0 22020096
1733241919759 18697.0 22052864
1733241950233 18728.0 22085632
1733241976180 18753.0 22118400
1733242003809 18781.0 22151168
1733242030635 18808.0 22183936
1733242056871 18834.0 22216704
1733242086909 18864.0 22249472
1733242113468 18891.0 22282240
1733242140094 18917.0 22315008
1733242166589 18944.0 22347776
1733242193239 18971.0 22380544
1733242223511 19001.0 22413312
1733242249653 19027.0 22446080
1733242276445 19054.0 22478848
1733242303029 19080.0 22511616
1733242329521 19107.0 22544384
1733242360011 19137.0 22577152
1733242386454 19164.0 22609920
1733242412423 19190.0 22642688
1733242438675 19216.0 22675456
1733242464992 19242.0 22708224
1733242495338 19273.0 22740992
1733242521507 19299.0 22773760
1733242547748 19325.0 22806528
1733242573964 19351.0 22839296
1733242600215 19377.0 22872064
1733242630864 19408.0 22904832
1733242657025 19434.0 22937600
1733242683874 19461.0 22970368
1733242710503 19488.0 23003136
1733242737040 19514.0 23035904
1733242767509 19545.0 23068672
1733242794007 19571.0 23101440
1733242820324 19598.0 23134208
1733242846600 19624.0 23166976
1733242873759 19651.0 23199744
1733242904516 19682.0 23232512
1733242931133 19708.0 23265280
1733242957917 19735.0 23298048
1733242984601 19762.0 23330816
1733243015101 19792.0 23363584
1733243041568 19819.0 23396352
1733243068051 19845.0 23429120
1733243094263 19871.0 23461888
1733243121735 19899.0 23494656
1733243151560 19929.0 23527424
1733243178052 19955.0 23560192
1733243204977 19982.0 23592960
1733243231561 20009.0 23625728
1733243258114 20035.0 23658496
1733243288602 20066.0 23691264
1733243315177 20092.0 23724032
1733243341448 20119.0 23756800
1733243367878 20145.0 23789568
1733243393973 20171.0 23822336
1733243424112 20201.0 23855104
1733243450037 20227.0 23887872
1733243476200 20253.0 23920640
1733243502489 20280.0 23953408
1733243529147 20306.0 23986176
1733243559213 20337.0 24018944
1733243585172 20362.0 24051712
1733243611623 20389.0 24084480
1733243638284 20416.0 24117248
1733243664915 20442.0 24150016
1733243695762 20473.0 24182784
1733243721984 20499.0 24215552
1733243748124 20525.0 24248320
1733243774776 20552.0 24281088
1733243802145 20579.0 24313856
1733243833493 20611.0 24346624
1733243860215 20637.0 24379392
1733243886716 20664.0 24412160
1733243913091 20690.0 24444928
1733243939592 20717.0 24477696
1733243970583 20748.0 24510464
1733243996992 20774.0 24543232
1733244023167 20800.0 24576000
1733244049568 20827.0 24608768
1733244079629 20857.0 24641536
1733244106060 20883.0 24674304
1733244132579 20910.0 24707072
1733244159834 20937.0 24739840
1733244186147 20963.0 24772608
1733244216677 20994.0 24805376
1733244243227 21020.0 24838144
1733244270927 21048.0 24870912
1733244297349 21074.0 24903680
1733244323912 21101.0 24936448
1733244354026 21131.0 24969216
1733244380012 21157.0 25001984
1733244406419 21184.0 25034752
1733244432603 21210.0 25067520
1733244459096 21236.0 25100288
1733244490010 21267.0 25133056
1733244516080 21293.0 25165824
1733244542529 21320.0 25198592
1733244568756 21346.0 25231360
1733244594881 21372.0 25264128
1733244625191 21403.0 25296896
1733244651706 21429.0 25329664
1733244677866 21455.0 25362432
1733244704531 21482.0 25395200
1733244731351 21509.0 25427968
1733244761289 21539.0 25460736
1733244788120 21565.0 25493504
1733244815008 21592.0 25526272
1733244841665 21619.0 25559040
1733244868615 21646.0 25591808
1733244899569 21677.0 25624576
1733244925943 21703.0 25657344
1733244952667 21730.0 25690112
1733244979425 21757.0 25722880
1733245006725 21784.0 25755648
1733245038923 21816.0 25788416
1733245065166 21842.0 25821184
1733245091916 21869.0 25853952
1733245118250 21896.0 25886720
1733245144646 21922.0 25919488
1733245174027 21951.0 25952256
1733245199814 21977.0 25985024
1733245226146 22004.0 26017792
1733245252254 22030.0 26050560
1733245282519 22060.0 26083328
1733245308545 22086.0 26116096
1733245334953 22112.0 26148864
1733245361437 22139.0 26181632
1733245387772 22165.0 26214400
1733245418978 22196.0 26247168
1733245445586 22223.0 26279936
1733245472092 22249.0 26312704
1733245498880 22276.0 26345472
1733245525538 22303.0 26378240
1733245555116 22332.0 26411008
1733245581264 22359.0 26443776
1733245607790 22385.0 26476544
1733245635081 22412.0 26509312
1733245661690 22439.0 26542080
1733245694568 22471.0 26574848
1733245720829 22498.0 26607616
1733245747287 22525.0 26640384
1733245773849 22551.0 26673152
1733245800524 22578.0 26705920
1733245831229 22609.0 26738688
1733245857657 22635.0 26771456
1733245883974 22661.0 26804224
1733245909955 22687.0 26836992
1733245936264 22714.0 26869760
1733245966466 22744.0 26902528
1733245992709 22770.0 26935296
1733246019282 22797.0 26968064
1733246045391 22823.0 27000832
1733246072102 22849.0 27033600
1733246102819 22880.0 27066368
1733246129127 22906.0 27099136
1733246154926 22932.0 27131904
1733246180966 22958.0 27164672
1733246207776 22984.0 27197440
1733246237533 23015.0 27230208
1733246263814 23041.0 27262976
1733246290087 23067.0 27295744
1733246316793 23094.0 27328512
1733246346903 23124.0 27361280
1733246372829 23150.0 27394048
1733246399363 23177.0 27426816
1733246426535 23204.0 27459584
1733246453469 23231.0 27492352
1733246483442 23261.0 27525120
1733246509833 23287.0 27557888
1733246536461 23314.0 27590656
1733246563169 23340.0 27623424
1733246589964 23367.0 27656192
1733246619706 23397.0 27688960
1733246646568 23424.0 27721728
1733246673620 23451.0 27754496
1733246700290 23478.0 27787264
1733246726687 23504.0 27820032
1733246756548 23534.0 27852800
1733246783257 23560.0 27885568
1733246811447 23589.0 27918336
1733246837506 23615.0 27951104
1733246864196 23641.0 27983872
1733246895296 23672.0 28016640
1733246921612 23699.0 28049408
1733246948122 23725.0 28082176
1733246975078 23752.0 28114944
1733247001548 23779.0 28147712
1733247031855 23809.0 28180480
1733247057867 23835.0 28213248
1733247083996 23861.0 28246016
1733247109998 23887.0 28278784
1733247136474 23914.0 28311552
1733247167252 23945.0 28344320
1733247193199 23971.0 28377088
1733247219416 23997.0 28409856
1733247245968 24023.0 28442624
1733247272275 24050.0 28475392
1733247302703 24080.0 28508160
1733247329033 24106.0 28540928
1733247355783 24133.0 28573696
1733247382816 24160.0 28606464
1733247409984 24187.0 28639232
1733247440975 24218.0 28672000
1733247467458 24245.0 28704768
1733247493801 24271.0 28737536
1733247520960 24298.0 28770304
1733247552281 24330.0 28803072
1733247578797 24356.0 28835840
1733247605492 24383.0 28868608
1733247632401 24410.0 28901376
1733247658590 24436.0 28934144
1733247690474 24467.0 28966912
1733247717384 24495.0 28999680
1733247744294 24521.0 29032448
1733247771534 24549.0 29065216
1733247798549 24576.0 29097984
1733247829022 24606.0 29130752
1733247855235 24633.0 29163520
1733247881729 24659.0 29196288
1733247908276 24685.0 29229056
1733247934854 24712.0 29261824
1733247965189 24742.0 29294592
1733247991285 24769.0 29327360
1733248017957 24795.0 29360128
1733248044820 24822.0 29392896
1733248071180 24848.0 29425664
1733248102464 24880.0 29458432
1733248128790 24906.0 29491200
1733248155356 24933.0 29523968
1733248182238 24959.0 29556736
1733248209275 24986.0 29589504
1733248240487 25018.0 29622272
1733248267383 25045.0 29655040
1733248294223 25072.0 29687808
1733248320921 25098.0 29720576
1733248347655 25125.0 29753344
1733248378112 25155.0 29786112
1733248404243 25181.0 29818880
1733248430705 25208.0 29851648
1733248457839 25235.0 29884416
1733248484968 25262.0 29917184
1733248516164 25293.0 29949952
1733248542619 25320.0 29982720
1733248569140 25346.0 30015488
1733248595950 25373.0 30048256
1733248626410 25404.0 30081024
1733248652989 25430.0 30113792
1733248679805 25457.0 30146560
1733248706579 25484.0 30179328
1733248732914 25510.0 30212096
1733248763483 25541.0 30244864
1733248789827 25567.0 30277632
1733248816549 25594.0 30310400
1733248843315 25621.0 30343168
1733248869920 25647.0 30375936
1733248899665 25677.0 30408704
1733248925774 25703.0 30441472
1733248952500 25730.0 30474240
1733248978709 25756.0 30507008
1733249005021 25782.0 30539776
1733249035815 25813.0 30572544
1733249062119 25839.0 30605312
1733249088797 25866.0 30638080
1733249115326 25893.0 30670848
1733249142070 25919.0 30703616
1733249173483 25951.0 30736384
1733249200178 25977.0 30769152
1733249227194 26004.0 30801920
1733249253866 26031.0 30834688
1733249280661 26058.0 30867456
1733249311376 26089.0 30900224
1733249338068 26115.0 30932992
1733249364768 26142.0 30965760
1733249391894 26169.0 30998528
1733249419132 26196.0 31031296
1733249450443 26228.0 31064064
1733249477202 26254.0 31096832
1733249503852 26281.0 31129600
1733249530503 26308.0 31162368
1733249556941 26334.0 31195136
1733249587820 26365.0 31227904
1733249613865 26391.0 31260672
1733249640403 26418.0 31293440
1733249667340 26445.0 31326208
1733249694185 26471.0 31358976
1733249725770 26503.0 31391744
1733249751860 26529.0 31424512
1733249778687 26556.0 31457280
1733249805348 26583.0 31490048
1733249835438 26613.0 31522816
1733249861429 26639.0 31555584
1733249887760 26665.0 31588352
1733249914312 26692.0 31621120
1733249941951 26719.0 31653888
1733249972739 26750.0 31686656
1733249999085 26776.0 31719424
1733250025834 26803.0 31752192
1733250052466 26830.0 31784960
1733250079469 26856.0 31817728
1733250110374 26888.0 31850496
1733250136666 26914.0 31883264
1733250163705 26941.0 31916032
1733250190301 26968.0 31948800
1733250217027 26994.0 31981568
1733250247799 27025.0 32014336
1733250274091 27051.0 32047104
1733250300954 27078.0 32079872
1733250327541 27105.0 32112640
1733250354391 27132.0 32145408
