1733223230779 32768.0 32768
1733223256263 65536.0 65536
1733223282976 98304.0 98304
1733223310398 131072.0 131072
1733223338855 160000.0 160000
1733223341673 163840.0 163840
1733223367974 196608.0 196608
1733223395125 229376.0 229376
1733223421435 262144.0 262144
1733223448309 294912.0 294912
1733223476404 320000.0 320000
1733223478834 327680.0 327680
1733223506161 360448.0 360448
1733223534524 393216.0 393216
1733223561159 425984.0 425984
1733223588146 458752.0 458752
1733223614356 480000.0 480000
1733223618121 491520.0 491520
1733223644756 524288.0 524288
1733223671908 557056.0 557056
1733223698752 589824.0 589824
1733223725505 622592.0 622592
1733223752115 640000.0 640000
1733223756952 655360.0 655360
1733223783373 688128.0 688128
1733223809612 720896.0 720896
1733223836004 753664.0 753664
1733223862605 786432.0 786432
1733223887053 800000.0 800000
1733223893064 819200.0 819200
1733223919968 851968.0 851968
1733223947027 884736.0 884736
1733223974486 917504.0 917504
1733224001670 950272.0 950272
1733224025187 960000.0 960000
1733224032589 983040.0 983040
1733224059006 1015808.0 1015808
1733224086357 1048576.0 1048576
1733224113532 1081344.0 1081344
1733224140799 1114112.0 1114112
1733224163482 1120000.0 1120000
1733224171507 1146880.0 1146880
1733224197774 1179648.0 1179648
1733224224725 1212416.0 1212416
1733224251693 1245184.0 1245184
1733224278635 1277952.0 1277952
1733224299868 1280000.0 1280000
1733224309540 1310720.0 1310720
1733224335984 1343488.0 1343488
1733224363240 1376256.0 1376256
1733224389688 1409024.0 1409024
1733224419653 1440000.0 1440000
1733224420527 1441792.0 1441792
1733224447307 1474560.0 1474560
1733224474254 1507328.0 1507328
1733224500928 1540096.0 1540096
1733224527755 1572864.0 1572864
1733224556696 1600000.0 1600000
1733224558806 1605632.0 1605632
1733224585490 1638400.0 1638400
1733224612798 1671168.0 1671168
1733224639509 1703936.0 1703936
1733224666317 1736704.0 1736704
1733224694244 1760000.0 1760000
1733224697433 1769472.0 1769472
1733224723975 1802240.0 1802240
1733224750926 1835008.0 1835008
1733224777836 1867776.0 1867776
1733224804686 1900544.0 1900544
1733224831028 1920000.0 1920000
1733224835369 1933312.0 1933312
1733224861580 1966080.0 1966080
1733224888446 1998848.0 1998848
1733224915147 2031616.0 2031616
1733224941590 2064384.0 2064384
1733224967135 2080000.0 2080000
1733224972520 2097152.0 2097152
1733224999031 2129920.0 2129920
1733225025780 2162688.0 2162688
1733225052742 2195456.0 2195456
1733225079459 2228224.0 2228224
1733225103829 2240000.0 2240000
1733225110242 2260992.0 2260992
1733225137176 2293760.0 2293760
1733225164438 2326528.0 2326528
1733225191436 2359296.0 2359296
1733225218391 2392064.0 2392064
1733225241183 2400000.0 2400000
1733225248703 2424832.0 2424832
1733225275512 2457600.0 2457600
1733225302313 2490368.0 2490368
1733225329594 2523136.0 2523136
1733225357635 2555904.0 2555904
1733225379495 2560000.0 2560000
1733225388739 2588672.0 2588672
1733225415512 2621440.0 2621440
1733225442174 2654208.0 2654208
1733225469078 2686976.0 2686976
1733225495812 2719744.0 2719744
1733225516796 2720000.0 2720000
1733225526470 2752512.0 2752512
1733225553809 2785280.0 2785280
1733225580851 2818048.0 2818048
1733225607980 2850816.0 2850816
1733225638088 2880000.0 2880000
1733225639646 2883584.0 2883584
1733225666313 2916352.0 2916352
1733225693488 2949120.0 2949120
1733225720681 2981888.0 2981888
1733225747779 3014656.0 3014656
1733225775692 3040000.0 3040000
1733225778181 3047424.0 3047424
1733225804882 3080192.0 3080192
1733225831915 3112960.0 3112960
1733225858325 3145728.0 3145728
1733225884958 3178496.0 3178496
1733225911589 3200000.0 3200000
1733225915033 3211264.0 3211264
1733225941209 3244032.0 3244032
1733225967776 3276800.0 3276800
1733225994119 3309568.0 3309568
1733226020486 3342336.0 3342336
1733226045931 3360000.0 3360000
1733226050644 3375104.0 3375104
1733226077012 3407872.0 3407872
1733226103754 3440640.0 3440640
1733226130756 3473408.0 3473408
1733226157555 3506176.0 3506176
1733226182526 3520000.0 3520000
1733226188613 3538944.0 3538944
1733226215200 3571712.0 3571712
1733226242073 3604480.0 3604480
1733226269149 3637248.0 3637248
1733226296366 3670016.0 3670016
1733226320035 3680000.0 3680000
1733226327199 3702784.0 3702784
1733226354067 3735552.0 3735552
1733226381202 3768320.0 3768320
1733226408135 3801088.0 3801088
1733226434952 3833856.0 3833856
1733226457099 3840000.0 3840000
1733226465210 3866624.0 3866624
1733226491611 3899392.0 3899392
1733226518596 3932160.0 3932160
1733226544929 3964928.0 3964928
1733226571380 3997696.0 3997696
1733226592559 4000000.0 4000000
1733226602322 4030464.0 4030464
1733226629037 4063232.0 4063232
1733226655817 4096000.0 4096000
1733226683199 4128768.0 4128768
1733226713270 4160000.0 4160000
1733226714723 4161536.0 4161536
1733226741208 4194304.0 4194304
1733226767973 4227072.0 4227072
1733226795120 4259840.0 4259840
1733226822243 4292608.0 4292608
1733226851880 4320000.0 4320000
1733226853778 4325376.0 4325376
1733226881246 4358144.0 4358144
1733226908285 4390912.0 4390912
1733226935228 4423680.0 4423680
1733226961724 4456448.0 4456448
1733226990000 4480000.0 4480000
1733226993220 4489216.0 4489216
1733227020166 4521984.0 4521984
1733227047173 4554752.0 4554752
1733227074151 4587520.0 4587520
1733227100685 4620288.0 4620288
1733227127525 4640000.0 4640000
1733227131898 4653056.0 4653056
1733227158570 4685824.0 4685824
1733227185178 4718592.0 4718592
1733227212191 4751360.0 4751360
1733227238695 4784128.0 4784128
1733227263948 4800000.0 4800000
1733227269562 4816896.0 4816896
1733227296296 4849664.0 4849664
1733227323072 4882432.0 4882432
1733227350078 4915200.0 4915200
1733227377187 4947968.0 4947968
1733227401883 4960000.0 4960000
1733227408489 4980736.0 4980736
1733227435275 5013504.0 5013504
1733227461957 5046272.0 5046272
1733227488708 5079040.0 5079040
1733227515730 5111808.0 5111808
1733227538847 5120000.0 5120000
1733227546399 5144576.0 5144576
1733227572900 5177344.0 5177344
1733227599334 5210112.0 5210112
1733227626234 5242880.0 5242880
1733227652627 5275648.0 5275648
1733227674399 5280000.0 5280000
1733227683162 5308416.0 5308416
1733227709777 5341184.0 5341184
1733227736696 5373952.0 5373952
1733227763763 5406720.0 5406720
1733227790954 5439488.0 5439488
1733227811812 5440000.0 5440000
1733227821320 5472256.0 5472256
1733227848413 5505024.0 5505024
1733227875543 5537792.0 5537792
1733227902356 5570560.0 5570560
1733227931751 5600000.0 5600000
1733227933072 5603328.0 5603328
1733227959706 5636096.0 5636096
1733227986315 5668864.0 5668864
1733228012799 5701632.0 5701632
1733228039625 5734400.0 5734400
1733228067940 5760000.0 5760000
1733228070400 5767168.0 5767168
1733228097034 5799936.0 5799936
1733228124152 5832704.0 5832704
1733228151242 5865472.0 5865472
1733228178094 5898240.0 5898240
1733228205219 5920000.0 5920000
1733228209042 5931008.0 5931008
1733228235787 5963776.0 5963776
1733228262379 5996544.0 5996544
1733228288573 6029312.0 6029312
1733228316240 6062080.0 6062080
1733228341730 6080000.0 6080000
1733228346794 6094848.0 6094848
1733228373348 6127616.0 6127616
1733228400573 6160384.0 6160384
1733228428039 6193152.0 6193152
1733228455424 6225920.0 6225920
1733228480269 6240000.0 6240000
1733228485925 6258688.0 6258688
1733228512614 6291456.0 6291456
1733228539268 6324224.0 6324224
1733228565920 6356992.0 6356992
1733228592545 6389760.0 6389760
1733228615814 6400000.0 6400000
1733228622353 6422528.0 6422528
1733228648937 6455296.0 6455296
1733228675317 6488064.0 6488064
1733228702168 6520832.0 6520832
1733228729118 6553600.0 6553600
1733228751224 6560000.0 6560000
1733228759258 6586368.0 6586368
1733228785616 6619136.0 6619136
1733228812069 6651904.0 6651904
1733228838995 6684672.0 6684672
1733228865533 6717440.0 6717440
1733228887036 6720000.0 6720000
1733228896387 6750208.0 6750208
1733228923104 6782976.0 6782976
1733228950394 6815744.0 6815744
1733228977614 6848512.0 6848512
1733229007694 6880000.0 6880000
1733229008547 6881280.0 6881280
1733229035555 6914048.0 6914048
1733229062864 6946816.0 6946816
1733229090132 6979584.0 6979584
1733229117024 7012352.0 7012352
1733229145718 7040000.0 7040000
1733229149360 7045120.0 7045120
1733229175623 7077888.0 7077888
1733229202094 7110656.0 7110656
1733229228513 7143424.0 7143424
1733229254876 7176192.0 7176192
1733229282612 7200000.0 7200000
1733229286348 7208960.0 7208960
1733229313360 7241728.0 7241728
1733229340684 7274496.0 7274496
1733229367636 7307264.0 7307264
1733229395852 7340032.0 7340032
1733229422644 7360000.0 7360000
1733229426660 7372800.0 7372800
1733229453236 7405568.0 7405568
1733229480487 7438336.0 7438336
1733229507894 7471104.0 7471104
1733229535188 7503872.0 7503872
1733229561156 7520000.0 7520000
1733229568421 7536640.0 7536640
1733229595116 7569408.0 7569408
1733229621889 7602176.0 7602176
1733229648564 7634944.0 7634944
1733229676087 7667712.0 7667712
1733229701137 7680000.0 7680000
1733229708443 7700480.0 7700480
1733229734716 7733248.0 7733248
1733229761399 7766016.0 7766016
1733229787834 7798784.0 7798784
1733229814516 7831552.0 7831552
1733229838586 7840000.0 7840000
1733229846242 7864320.0 7864320
1733229872934 7897088.0 7897088
1733229899754 7929856.0 7929856
1733229926769 7962624.0 7962624
1733229953609 7995392.0 7995392
1733229976198 8000000.0 8000000
1733229985061 8028160.0 8028160
1733230011581 8060928.0 8060928
1733230038739 8093696.0 8093696
1733230066414 8126464.0 8126464
1733230093689 8159232.0 8159232
1733230115001 8160000.0 8160000
1733230124922 8192000.0 8192000
1733230152267 8224768.0 8224768
1733230179822 8257536.0 8257536
1733230207795 8290304.0 8290304
1733230238316 8320000.0 8320000
1733230239956 8323072.0 8323072
1733230267043 8355840.0 8355840
1733230295715 8388608.0 8388608
1733230322879 8421376.0 8421376
1733230350564 8454144.0 8454144
1733230379659 8480000.0 8480000
1733230383052 8486912.0 8486912
1733230409441 8519680.0 8519680
1733230437025 8552448.0 8552448
1733230465149 8585216.0 8585216
1733230492608 8617984.0 8617984
1733230519810 8640000.0 8640000
1733230523934 8650752.0 8650752
1733230550532 8683520.0 8683520
1733230578690 8716288.0 8716288
1733230605964 8749056.0 8749056
1733230633918 8781824.0 8781824
1733230662191 8800000.0 8800000
1733230666974 8814592.0 8814592
1733230694158 8847360.0 8847360
1733230721501 8880128.0 8880128
1733230749722 8912896.0 8912896
1733230777478 8945664.0 8945664
1733230802391 8960000.0 8960000
1733230808625 8978432.0 8978432
1733230835487 9011200.0 9011200
1733230862639 9043968.0 9043968
1733230890082 9076736.0 9076736
1733230917699 9109504.0 9109504
1733230941821 9120000.0 9120000
1733230949175 9142272.0 9142272
1733230975895 9175040.0 9175040
1733231003764 9207808.0 9207808
1733231032014 9240576.0 9240576
1733231059794 9273344.0 9273344
1733231083301 9280000.0 9280000
1733231092321 9306112.0 9306112
1733231119174 9338880.0 9338880
1733231146637 9371648.0 9371648
1733231174738 9404416.0 9404416
1733231202358 9437184.0 9437184
1733231224858 9440000.0 9440000
1733231235056 9469952.0 9469952
1733231261917 9502720.0 9502720
1733231289448 9535488.0 9535488
1733231317728 9568256.0 9568256
1733231348230 9600000.0 9600000
1733231349205 9601024.0 9601024
1733231376151 9633792.0 9633792
1733231404076 9666560.0 9666560
1733231432491 9699328.0 9699328
1733231459750 9732096.0 9732096
1733231489173 9760000.0 9760000
1733231491197 9764864.0 9764864
1733231518068 9797632.0 9797632
1733231545230 9830400.0 9830400
1733231572553 9863168.0 9863168
1733231600104 9895936.0 9895936
1733231628654 9920000.0 9920000
1733231632236 9928704.0 9928704
1733231659426 9961472.0 9961472
1733231686969 9994240.0 9994240
1733231714665 10027008.0 10027008
1733231742805 10059776.0 10059776
1733231770152 10080000.0 10080000
1733231774410 10092544.0 10092544
1733231801568 10125312.0 10125312
1733231829760 10158080.0 10158080
1733231856978 10190848.0 10190848
1733231883792 10223616.0 10223616
1733231909646 10240000.0 10240000
1733231914869 10256384.0 10256384
1733231941581 10289152.0 10289152
1733231968969 10321920.0 10321920
1733231995813 10354688.0 10354688
1733232022673 10387456.0 10387456
1733232046727 10400000.0 10400000
1733232053204 10420224.0 10420224
1733232080173 10452992.0 10452992
1733232107137 10485760.0 10485760
1733232133841 10518528.0 10518528
1733232161156 10551296.0 10551296
1733232184840 10560000.0 10560000
1733232194611 10584064.0 10584064
1733232221471 10616832.0 10616832
1733232248530 10649600.0 10649600
1733232275524 10682368.0 10682368
1733232303290 10715136.0 10715136
1733232325800 10720000.0 10720000
1733232334669 10747904.0 10747904
1733232361890 10780672.0 10780672
1733232389129 10813440.0 10813440
1733232416697 10846208.0 10846208
1733232443489 10878976.0 10878976
1733232464834 10880000.0 10880000
1733232474613 10911744.0 10911744
1733232500830 10944512.0 10944512
1733232527953 10977280.0 10977280
1733232554915 11010048.0 11010048
1733232584125 11040000.0 11040000
1733232585336 11042816.0 11042816
1733232612103 11075584.0 11075584
1733232639640 11108352.0 11108352
1733232667636 11141120.0 11141120
1733232694429 11173888.0 11173888
1733232722478 11200000.0 11200000
1733232724797 11206656.0 11206656
1733232751248 11239424.0 11239424
1733232777644 11272192.0 11272192
1733232804703 11304960.0 11304960
1733232831757 11337728.0 11337728
1733232859573 11360000.0 11360000
1733232862814 11370496.0 11370496
1733232889248 11403264.0 11403264
1733232916149 11436032.0 11436032
1733232943323 11468800.0 11468800
1733232970482 11501568.0 11501568
1733232997555 11520000.0 11520000
1733233001939 11534336.0 11534336
1733233028615 11567104.0 11567104
1733233055091 11599872.0 11599872
1733233082116 11632640.0 11632640
1733233108966 11665408.0 11665408
1733233133724 11680000.0 11680000
1733233139632 11698176.0 11698176
1733233165758 11730944.0 11730944
1733233192757 11763712.0 11763712
1733233219073 11796480.0 11796480
1733233246104 11829248.0 11829248
1733233270083 11840000.0 11840000
1733233277092 11862016.0 11862016
1733233303800 11894784.0 11894784
1733233330260 11927552.0 11927552
1733233357167 11960320.0 11960320
1733233384468 11993088.0 11993088
1733233409270 12000000.0 12000000
1733233417333 12025856.0 12025856
1733233444316 12058624.0 12058624
1733233471609 12091392.0 12091392
1733233498950 12124160.0 12124160
1733233525800 12156928.0 12156928
1733233547382 12160000.0 12160000
1733233556191 12189696.0 12189696
1733233582450 12222464.0 12222464
1733233609282 12255232.0 12255232
1733233636147 12288000.0 12288000
1733233665905 12320000.0 12320000
1733233666663 12320768.0 12320768
1733233694106 12353536.0 12353536
1733233722124 12386304.0 12386304
1733233749124 12419072.0 12419072
1733233775717 12451840.0 12451840
1733233804710 12480000.0 12480000
1733233806250 12484608.0 12484608
1733233832683 12517376.0 12517376
1733233859129 12550144.0 12550144
1733233885843 12582912.0 12582912
1733233912735 12615680.0 12615680
1733233941386 12640000.0 12640000
1733233944326 12648448.0 12648448
1733233971093 12681216.0 12681216
1733233998170 12713984.0 12713984
1733234025419 12746752.0 12746752
1733234053361 12779520.0 12779520
1733234080690 12800000.0 12800000
1733234084979 12812288.0 12812288
1733234112319 12845056.0 12845056
1733234139253 12877824.0 12877824
1733234166134 12910592.0 12910592
1733234193109 12943360.0 12943360
1733234218389 12960000.0 12960000
1733234223435 12976128.0 12976128
1733234249993 13008896.0 13008896
1733234276872 13041664.0 13041664
1733234303665 13074432.0 13074432
1733234330387 13107200.0 13107200
1733234355154 13120000.0 13120000
1733234361603 13139968.0 13139968
1733234388086 13172736.0 13172736
1733234414749 13205504.0 13205504
1733234441608 13238272.0 13238272
1733234468941 13271040.0 13271040
1733234493441 13280000.0 13280000
1733234501310 13303808.0 13303808
1733234528026 13336576.0 13336576
1733234554986 13369344.0 13369344
1733234582844 13402112.0 13402112
1733234610079 13434880.0 13434880
1733234632535 13440000.0 13440000
1733234641126 13467648.0 13467648
1733234667435 13500416.0 13500416
1733234693769 13533184.0 13533184
1733234720444 13565952.0 13565952
1733234746687 13598720.0 13598720
1733234768240 13600000.0 13600000
1733234778351 13631488.0 13631488
1733234805240 13664256.0 13664256
1733234832226 13697024.0 13697024
1733234858996 13729792.0 13729792
1733234887914 13760000.0 13760000
1733234889002 13762560.0 13762560
1733234916188 13795328.0 13795328
1733234943215 13828096.0 13828096
1733234969545 13860864.0 13860864
1733234996407 13893632.0 13893632
1733235025097 13920000.0 13920000
1733235027328 13926400.0 13926400
1733235054168 13959168.0 13959168
1733235082087 13991936.0 13991936
1733235110259 14024704.0 14024704
1733235137111 14057472.0 14057472
1733235165169 14080000.0 14080000
1733235168536 14090240.0 14090240
1733235194874 14123008.0 14123008
1733235222164 14155776.0 14155776
1733235250231 14188544.0 14188544
1733235277267 14221312.0 14221312
1733235303438 14240000.0 14240000
1733235307745 14254080.0 14254080
1733235334106 14286848.0 14286848
1733235361564 14319616.0 14319616
1733235388915 14352384.0 14352384
1733235416962 14385152.0 14385152
1733235442166 14400000.0 14400000
1733235447678 14417920.0 14417920
1733235474358 14450688.0 14450688
1733235501416 14483456.0 14483456
1733235528718 14516224.0 14516224
1733235556113 14548992.0 14548992
1733235580156 14560000.0 14560000
1733235587566 14581760.0 14581760
1733235614393 14614528.0 14614528
1733235641348 14647296.0 14647296
1733235668283 14680064.0 14680064
1733235695730 14712832.0 14712832
1733235719172 14720000.0 14720000
1733235727062 14745600.0 14745600
1733235753605 14778368.0 14778368
1733235780713 14811136.0 14811136
1733235807725 14843904.0 14843904
1733235834447 14876672.0 14876672
1733235856076 14880000.0 14880000
1733235865215 14909440.0 14909440
1733235891788 14942208.0 14942208
1733235918889 14974976.0 14974976
1733235946206 15007744.0 15007744
1733235976726 15040000.0 15040000
1733235978125 15040512.0 15040512
1733236004301 15073280.0 15073280
1733236030998 15106048.0 15106048
1733236058119 15138816.0 15138816
1733236085015 15171584.0 15171584
1733236114202 15200000.0 15200000
1733236115864 15204352.0 15204352
1733236142597 15237120.0 15237120
1733236169656 15269888.0 15269888
1733236196435 15302656.0 15302656
1733236224023 15335424.0 15335424
1733236253871 15360000.0 15360000
1733236256580 15368192.0 15368192
1733236283580 15400960.0 15400960
1733236310569 15433728.0 15433728
1733236337632 15466496.0 15466496
1733236364831 15499264.0 15499264
1733236392176 15520000.0 15520000
1733236396464 15532032.0 15532032
1733236423439 15564800.0 15564800
1733236450023 15597568.0 15597568
1733236476348 15630336.0 15630336
1733236502974 15663104.0 15663104
1733236528607 15680000.0 15680000
1733236533538 15695872.0 15695872
1733236560146 15728640.0 15728640
1733236587372 15761408.0 15761408
1733236613907 15794176.0 15794176
1733236640766 15826944.0 15826944
1733236665396 15840000.0 15840000
1733236671657 15859712.0 15859712
1733236698416 15892480.0 15892480
1733236725956 15925248.0 15925248
1733236752842 15958016.0 15958016
1733236779892 15990784.0 15990784
1733236802636 16000000.0 16000000
1733236809716 16023552.0 16023552
1733236835796 16056320.0 16056320
1733236862558 16089088.0 16089088
1733236889216 16121856.0 16121856
1733236916852 16154624.0 16154624
1733236939762 16160000.0 16160000
1733236948433 16187392.0 16187392
1733236975779 16220160.0 16220160
1733237003209 16252928.0 16252928
1733237030383 16285696.0 16285696
1733237057690 16318464.0 16318464
1733237079499 16320000.0 16320000
1733237089655 16351232.0 16351232
1733237116284 16384000.0 16384000
1733237143021 16416768.0 16416768
1733237170699 16449536.0 16449536
1733237201986 16480000.0 16480000
1733237203319 16482304.0 16482304
1733237229666 16515072.0 16515072
1733237255856 16547840.0 16547840
1733237282709 16580608.0 16580608
1733237309098 16613376.0 16613376
1733237338136 16640000.0 16640000
1733237340557 16646144.0 16646144
1733237367542 16678912.0 16678912
1733237396130 16711680.0 16711680
1733237424442 16744448.0 16744448
1733237451157 16777216.0 16777216
1733237478571 16800000.0 16800000
1733237481767 16809984.0 16809984
1733237508773 16842752.0 16842752
1733237536227 16875520.0 16875520
1733237562952 16908288.0 16908288
1733237589781 16941056.0 16941056
1733237615925 16960000.0 16960000
1733237620415 16973824.0 16973824
1733237646859 17006592.0 17006592
1733237673550 17039360.0 17039360
1733237700200 17072128.0 17072128
1733237727734 17104896.0 17104896
1733237753306 17120000.0 17120000
1733237758829 17137664.0 17137664
1733237785335 17170432.0 17170432
1733237812693 17203200.0 17203200
1733237839961 17235968.0 17235968
1733237866771 17268736.0 17268736
1733237891191 17280000.0 17280000
1733237898048 17301504.0 17301504
1733237924879 17334272.0 17334272
1733237952174 17367040.0 17367040
1733237979005 17399808.0 17399808
1733238006805 17432576.0 17432576
1733238031462 17440000.0 17440000
1733238039427 17465344.0 17465344
1733238066890 17498112.0 17498112
1733238094760 17530880.0 17530880
1733238122177 17563648.0 17563648
1733238150055 17596416.0 17596416
1733238172481 17600000.0 17600000
1733238181439 17629184.0 17629184
1733238208176 17661952.0 17661952
1733238235008 17694720.0 17694720
1733238262310 17727488.0 17727488
1733238293980 17760000.0 17760000
1733238294442 17760256.0 17760256
1733238320784 17793024.0 17793024
1733238348015 17825792.0 17825792
1733238375893 17858560.0 17858560
1733238402449 17891328.0 17891328
1733238431797 17920000.0 17920000
1733238435147 17924096.0 17924096
1733238462268 17956864.0 17956864
1733238489185 17989632.0 17989632
1733238515701 18022400.0 18022400
1733238543323 18055168.0 18055168
1733238573165 18080000.0 18080000
1733238576717 18087936.0 18087936
1733238604027 18120704.0 18120704
1733238632284 18153472.0 18153472
1733238659151 18186240.0 18186240
1733238686351 18219008.0 18219008
1733238713557 18240000.0 18240000
1733238717146 18251776.0 18251776
1733238744430 18284544.0 18284544
1733238771259 18317312.0 18317312
1733238799219 18350080.0 18350080
1733238827537 18382848.0 18382848
1733238853554 18400000.0 18400000
1733238858741 18415616.0 18415616
1733238885744 18448384.0 18448384
1733238912867 18481152.0 18481152
1733238940209 18513920.0 18513920
1733238967460 18546688.0 18546688
1733238992073 18560000.0 18560000
1733238998828 18579456.0 18579456
1733239026054 18612224.0 18612224
1733239054022 18644992.0 18644992
1733239080407 18677760.0 18677760
1733239107341 18710528.0 18710528
1733239130701 18720000.0 18720000
1733239138784 18743296.0 18743296
1733239165635 18776064.0 18776064
1733239193798 18808832.0 18808832
1733239220388 18841600.0 18841600
1733239247152 18874368.0 18874368
1733239269302 18880000.0 18880000
1733239277823 18907136.0 18907136
1733239304713 18939904.0 18939904
1733239331880 18972672.0 18972672
1733239358938 19005440.0 19005440
1733239386184 19038208.0 19038208
1733239407587 19040000.0 19040000
1733239417296 19070976.0 19070976
1733239444157 19103744.0 19103744
1733239472022 19136512.0 19136512
1733239499149 19169280.0 19169280
1733239529395 19200000.0 19200000
1733239530313 19202048.0 19202048
1733239556984 19234816.0 19234816
1733239584027 19267584.0 19267584
1733239611129 19300352.0 19300352
1733239638408 19333120.0 19333120
1733239666964 19360000.0 19360000
1733239669046 19365888.0 19365888
1733239695781 19398656.0 19398656
1733239723252 19431424.0 19431424
1733239749791 19464192.0 19464192
1733239776690 19496960.0 19496960
1733239804192 19520000.0 19520000
1733239807524 19529728.0 19529728
1733239834395 19562496.0 19562496
1733239861403 19595264.0 19595264
1733239887940 19628032.0 19628032
1733239914682 19660800.0 19660800
1733239941681 19680000.0 19680000
1733239946072 19693568.0 19693568
1733239972488 19726336.0 19726336
1733239999291 19759104.0 19759104
1733240026641 19791872.0 19791872
1733240053688 19824640.0 19824640
1733240079015 19840000.0 19840000
1733240084366 19857408.0 19857408
1733240111114 19890176.0 19890176
1733240137621 19922944.0 19922944
1733240164495 19955712.0 19955712
1733240191791 19988480.0 19988480
1733240215817 20000000.0 20000000
1733240222656 20021248.0 20021248
1733240249554 20054016.0 20054016
1733240277191 20086784.0 20086784
1733240303877 20119552.0 20119552
1733240330983 20152320.0 20152320
1733240354041 20160000.0 20160000
1733240362027 20185088.0 20185088
1733240388899 20217856.0 20217856
1733240416100 20250624.0 20250624
1733240443399 20283392.0 20283392
1733240470185 20316160.0 20316160
1733240491700 20320000.0 20320000
1733240500631 20348928.0 20348928
1733240526741 20381696.0 20381696
1733240553233 20414464.0 20414464
1733240579802 20447232.0 20447232
1733240609674 20480000.0 20480000
1733240610035 20480000.0 20480000
1733240636733 20512768.0 20512768
1733240663728 20545536.0 20545536
1733240690192 20578304.0 20578304
1733240716677 20611072.0 20611072
1733240745892 20640000.0 20640000
1733240747431 20643840.0 20643840
1733240773551 20676608.0 20676608
1733240800108 20709376.0 20709376
1733240826791 20742144.0 20742144
1733240852975 20774912.0 20774912
1733240880744 20800000.0 20800000
1733240883368 20807680.0 20807680
1733240909732 20840448.0 20840448
1733240936406 20873216.0 20873216
1733240963019 20905984.0 20905984
1733240989293 20938752.0 20938752
1733241015878 20960000.0 20960000
1733241019552 20971520.0 20971520
1733241045644 21004288.0 21004288
1733241072022 21037056.0 21037056
1733241098684 21069824.0 21069824
1733241125003 21102592.0 21102592
1733241150339 21120000.0 21120000
1733241155558 21135360.0 21135360
1733241182597 21168128.0 21168128
1733241208859 21200896.0 21200896
1733241235194 21233664.0 21233664
1733241261647 21266432.0 21266432
1733241286076 21280000.0 21280000
1733241292664 21299200.0 21299200
1733241319455 21331968.0 21331968
1733241346411 21364736.0 21364736
1733241372859 21397504.0 21397504
1733241400128 21430272.0 21430272
1733241423546 21440000.0 21440000
1733241430856 21463040.0 21463040
1733241457199 21495808.0 21495808
1733241484456 21528576.0 21528576
1733241510523 21561344.0 21561344
1733241537045 21594112.0 21594112
1733241558838 21600000.0 21600000
1733241567274 21626880.0 21626880
1733241593856 21659648.0 21659648
1733241620474 21692416.0 21692416
1733241646900 21725184.0 21725184
1733241673474 21757952.0 21757952
1733241694510 21760000.0 21760000
1733241703757 21790720.0 21790720
1733241730008 21823488.0 21823488
1733241756560 21856256.0 21856256
1733241782919 21889024.0 21889024
1733241812725 21920000.0 21920000
1733241813624 21921792.0 21921792
1733241839984 21954560.0 21954560
1733241866215 21987328.0 21987328
1733241893036 22020096.0 22020096
1733241919767 22052864.0 22052864
1733241948398 22080000.0 22080000
1733241950242 22085632.0 22085632
1733241976232 22118400.0 22118400
1733242003817 22151168.0 22151168
1733242030643 22183936.0 22183936
1733242056886 22216704.0 22216704
1733242083937 22240000.0 22240000
1733242086918 22249472.0 22249472
1733242113595 22282240.0 22282240
1733242140106 22315008.0 22315008
1733242166603 22347776.0 22347776
1733242193244 22380544.0 22380544
1733242219494 22400000.0 22400000
1733242223519 22413312.0 22413312
1733242249661 22446080.0 22446080
1733242276453 22478848.0 22478848
1733242303037 22511616.0 22511616
1733242329558 22544384.0 22544384
1733242354301 22560000.0 22560000
1733242360020 22577152.0 22577152
1733242386464 22609920.0 22609920
1733242412432 22642688.0 22642688
1733242438712 22675456.0 22675456
1733242464997 22708224.0 22708224
1733242488654 22720000.0 22720000
1733242495347 22740992.0 22740992
1733242521521 22773760.0 22773760
1733242547756 22806528.0 22806528
1733242573983 22839296.0 22839296
1733242600257 22872064.0 22872064
1733242622904 22880000.0 22880000
1733242630928 22904832.0 22904832
1733242657084 22937600.0 22937600
1733242683882 22970368.0 22970368
1733242710515 23003136.0 23003136
1733242737073 23035904.0 23035904
1733242758696 23040000.0 23040000
1733242767517 23068672.0 23068672
1733242794016 23101440.0 23101440
1733242820333 23134208.0 23134208
1733242846609 23166976.0 23166976
1733242873777 23199744.0 23199744
1733242894336 23200000.0 23200000
1733242904533 23232512.0 23232512
1733242931141 23265280.0 23265280
1733242957925 23298048.0 23298048
1733242984609 23330816.0 23330816
1733243013558 23360000.0 23360000
1733243015134 23363584.0 23363584
1733243041587 23396352.0 23396352
1733243068059 23429120.0 23429120
1733243094306 23461888.0 23461888
1733243121743 23494656.0 23494656
1733243148979 23520000.0 23520000
1733243151568 23527424.0 23527424
1733243178060 23560192.0 23560192
1733243205002 23592960.0 23592960
1733243231569 23625728.0 23625728
1733243258128 23658496.0 23658496
1733243284947 23680000.0 23680000
1733243288638 23691264.0 23691264
1733243315186 23724032.0 23724032
1733243341453 23756800.0 23756800
1733243367900 23789568.0 23789568
1733243393981 23822336.0 23822336
1733243419132 23840000.0 23840000
1733243424154 23855104.0 23855104
1733243450046 23887872.0 23887872
1733243476246 23920640.0 23920640
1733243502506 23953408.0 23953408
1733243529158 23986176.0 23986176
1733243553059 24000000.0 24000000
1733243559230 24018944.0 24018944
1733243585188 24051712.0 24051712
1733243611631 24084480.0 24084480
1733243638300 24117248.0 24117248
1733243664930 24150016.0 24150016
1733243688569 24160000.0 24160000
1733243695773 24182784.0 24182784
1733243721992 24215552.0 24215552
1733243748132 24248320.0 24248320
1733243774793 24281088.0 24281088
1733243802158 24313856.0 24313856
1733243825216 24320000.0 24320000
1733243833507 24346624.0 24346624
1733243860224 24379392.0 24379392
1733243886725 24412160.0 24412160
1733243913103 24444928.0 24444928
1733243939611 24477696.0 24477696
1733243960730 24480000.0 24480000
1733243970591 24510464.0 24510464
1733243997000 24543232.0 24543232
1733244023176 24576000.0 24576000
1733244049602 24608768.0 24608768
1733244078870 24640000.0 24640000
1733244079689 24641536.0 24641536
1733244106071 24674304.0 24674304
1733244132657 24707072.0 24707072
1733244159843 24739840.0 24739840
1733244186186 24772608.0 24772608
1733244214655 24800000.0 24800000
1733244216685 24805376.0 24805376
1733244243352 24838144.0 24838144
1733244270936 24870912.0 24870912
1733244297393 24903680.0 24903680
1733244323920 24936448.0 24936448
1733244351088 24960000.0 24960000
1733244354036 24969216.0 24969216
1733244380020 25001984.0 25001984
1733244406429 25034752.0 25034752
1733244432639 25067520.0 25067520
1733244459146 25100288.0 25100288
1733244485577 25120000.0 25120000
1733244490034 25133056.0 25133056
1733244516101 25165824.0 25165824
1733244542544 25198592.0 25198592
1733244568764 25231360.0 25231360
1733244594891 25264128.0 25264128
1733244620071 25280000.0 25280000
1733244625208 25296896.0 25296896
1733244651714 25329664.0 25329664
1733244677873 25362432.0 25362432
1733244704541 25395200.0 25395200
1733244731363 25427968.0 25427968
1733244754711 25440000.0 25440000
1733244761299 25460736.0 25460736
1733244788133 25493504.0 25493504
1733244815042 25526272.0 25526272
1733244841676 25559040.0 25559040
1733244868625 25591808.0 25591808
1733244891854 25600000.0 25600000
1733244899591 25624576.0 25624576
1733244925950 25657344.0 25657344
1733244952675 25690112.0 25690112
1733244979437 25722880.0 25722880
1733245006850 25755648.0 25755648
1733245029930 25760000.0 25760000
1733245038933 25788416.0 25788416
1733245065179 25821184.0 25821184
1733245091926 25853952.0 25853952
1733245118260 25886720.0 25886720
1733245144667 25919488.0 25919488
1733245164723 25920000.0 25920000
1733245174035 25952256.0 25952256
1733245199851 25985024.0 25985024
1733245226155 26017792.0 26017792
1733245252272 26050560.0 26050560
1733245281241 26080000.0 26080000
1733245282527 26083328.0 26083328
1733245308562 26116096.0 26116096
1733245334970 26148864.0 26148864
1733245361468 26181632.0 26181632
1733245387785 26214400.0 26214400
1733245416628 26240000.0 26240000
1733245418996 26247168.0 26247168
1733245445596 26279936.0 26279936
1733245472147 26312704.0 26312704
1733245498888 26345472.0 26345472
1733245525547 26378240.0 26378240
1733245551750 26400000.0 26400000
1733245555127 26411008.0 26411008
1733245581273 26443776.0 26443776
1733245607809 26476544.0 26476544
1733245635089 26509312.0 26509312
1733245661709 26542080.0 26542080
1733245688159 26560000.0 26560000
1733245694681 26574848.0 26574848
1733245720841 26607616.0 26607616
1733245747298 26640384.0 26640384
1733245773857 26673152.0 26673152
1733245800532 26705920.0 26705920
1733245825379 26720000.0 26720000
1733245831239 26738688.0 26738688
1733245857673 26771456.0 26771456
1733245883982 26804224.0 26804224
1733245909966 26836992.0 26836992
1733245936276 26869760.0 26869760
1733245959496 26880000.0 26880000
1733245966475 26902528.0 26902528
1733245992717 26935296.0 26935296
1733246019292 26968064.0 26968064
1733246045458 27000832.0 27000832
1733246072117 27033600.0 27033600
1733246094788 27040000.0 27040000
1733246102835 27066368.0 27066368
1733246129135 27099136.0 27099136
1733246154944 27131904.0 27131904
1733246180977 27164672.0 27164672
1733246207787 27197440.0 27197440
1733246228633 27200000.0 27200000
1733246237544 27230208.0 27230208
1733246263868 27262976.0 27262976
1733246290095 27295744.0 27295744
1733246316804 27328512.0 27328512
1733246346160 27360000.0 27360000
1733246346911 27361280.0 27361280
1733246372837 27394048.0 27394048
1733246399371 27426816.0 27426816
1733246426547 27459584.0 27459584
1733246453480 27492352.0 27492352
1733246481657 27520000.0 27520000
1733246483452 27525120.0 27525120
1733246509843 27557888.0 27557888
1733246536473 27590656.0 27590656
1733246563181 27623424.0 27623424
1733246589981 27656192.0 27656192
1733246616862 27680000.0 27680000
1733246619714 27688960.0 27688960
1733246646669 27721728.0 27721728
1733246673631 27754496.0 27754496
1733246700298 27787264.0 27787264
1733246726699 27820032.0 27820032
1733246752328 27840000.0 27840000
1733246756557 27852800.0 27852800
1733246783383 27885568.0 27885568
1733246811457 27918336.0 27918336
1733246837518 27951104.0 27951104
1733246864208 27983872.0 27983872
1733246888925 28000000.0 28000000
1733246895308 28016640.0 28016640
1733246921624 28049408.0 28049408
1733246948147 28082176.0 28082176
1733246975088 28114944.0 28114944
1733247001577 28147712.0 28147712
1733247025757 28160000.0 28160000
1733247031878 28180480.0 28180480
1733247057876 28213248.0 28213248
1733247084010 28246016.0 28246016
1733247110010 28278784.0 28278784
1733247136486 28311552.0 28311552
1733247159399 28320000.0 28320000
1733247167260 28344320.0 28344320
1733247193215 28377088.0 28377088
1733247219428 28409856.0 28409856
1733247245978 28442624.0 28442624
1733247272287 28475392.0 28475392
1733247294267 28480000.0 28480000
1733247302711 28508160.0 28508160
1733247329058 28540928.0 28540928
1733247355796 28573696.0 28573696
1733247382875 28606464.0 28606464
1733247410002 28639232.0 28639232
1733247431117 28640000.0 28640000
1733247441016 28672000.0 28672000
1733247467472 28704768.0 28704768
1733247493814 28737536.0 28737536
1733247521009 28770304.0 28770304
1733247551069 28800000.0 28800000
1733247552300 28803072.0 28803072
1733247578809 28835840.0 28835840
1733247605509 28868608.0 28868608
1733247632434 28901376.0 28901376
1733247658607 28934144.0 28934144
1733247686476 28960000.0 28960000
1733247690595 28966912.0 28966912
1733247717462 28999680.0 28999680
1733247744336 29032448.0 29032448
1733247771573 29065216.0 29065216
1733247798570 29097984.0 29097984
1733247825463 29120000.0 29120000
1733247829057 29130752.0 29130752
1733247855243 29163520.0 29163520
1733247881748 29196288.0 29196288
1733247908299 29229056.0 29229056
1733247934916 29261824.0 29261824
1733247960377 29280000.0 29280000
1733247965231 29294592.0 29294592
1733247991308 29327360.0 29327360
1733248018007 29360128.0 29360128
1733248044838 29392896.0 29392896
1733248071220 29425664.0 29425664
1733248096220 29440000.0 29440000
1733248102475 29458432.0 29458432
1733248128808 29491200.0 29491200
1733248155371 29523968.0 29523968
1733248182254 29556736.0 29556736
1733248209317 29589504.0 29589504
1733248233409 29600000.0 29600000
1733248240503 29622272.0 29622272
1733248267397 29655040.0 29655040
1733248294241 29687808.0 29687808
1733248320938 29720576.0 29720576
1733248347671 29753344.0 29753344
1733248369971 29760000.0 29760000
1733248378129 29786112.0 29786112
1733248404259 29818880.0 29818880
1733248430713 29851648.0 29851648
1733248457856 29884416.0 29884416
1733248484986 29917184.0 29917184
1733248506724 29920000.0 29920000
1733248516181 29949952.0 29949952
1733248542632 29982720.0 29982720
1733248569158 30015488.0 30015488
1733248595967 30048256.0 30048256
1733248625730 30080000.0 30080000
1733248626427 30081024.0 30081024
1733248653006 30113792.0 30113792
1733248679837 30146560.0 30146560
1733248706596 30179328.0 30179328
1733248732931 30212096.0 30212096
1733248761548 30240000.0 30240000
1733248763519 30244864.0 30244864
1733248789881 30277632.0 30277632
1733248816565 30310400.0 30310400
1733248843341 30343168.0 30343168
1733248869942 30375936.0 30375936
1733248896849 30400000.0 30400000
1733248899674 30408704.0 30408704
1733248925782 30441472.0 30441472
1733248952508 30474240.0 30474240
1733248978723 30507008.0 30507008
1733249005054 30539776.0 30539776
1733249031425 30560000.0 30560000
1733249035916 30572544.0 30572544
1733249062143 30605312.0 30605312
1733249088809 30638080.0 30638080
1733249115335 30670848.0 30670848
1733249142101 30703616.0 30703616
1733249167904 30720000.0 30720000
1733249173500 30736384.0 30736384
1733249200195 30769152.0 30769152
1733249227228 30801920.0 30801920
1733249253883 30834688.0 30834688
1733249280675 30867456.0 30867456
1733249304744 30880000.0 30880000
1733249311393 30900224.0 30900224
1733249338077 30932992.0 30932992
1733249364784 30965760.0 30965760
1733249391965 30998528.0 30998528
1733249419174 31031296.0 31031296
1733249442729 31040000.0 31040000
1733249450486 31064064.0 31064064
1733249477219 31096832.0 31096832
1733249503860 31129600.0 31129600
1733249530511 31162368.0 31162368
1733249556968 31195136.0 31195136
1733249578949 31200000.0 31200000
1733249587834 31227904.0 31227904
1733249613915 31260672.0 31260672
1733249640450 31293440.0 31293440
1733249667420 31326208.0 31326208
1733249694242 31358976.0 31358976
1733249715817 31360000.0 31360000
1733249725791 31391744.0 31391744
1733249751889 31424512.0 31424512
1733249778711 31457280.0 31457280
1733249805410 31490048.0 31490048
1733249833980 31520000.0 31520000
1733249835483 31522816.0 31522816
1733249861462 31555584.0 31555584
1733249887776 31588352.0 31588352
1733249914329 31621120.0 31621120
1733249941973 31653888.0 31653888
1733249970042 31680000.0 31680000
1733249972767 31686656.0 31686656
1733249999102 31719424.0 31719424
1733250025860 31752192.0 31752192
1733250052505 31784960.0 31784960
1733250079533 31817728.0 31817728
1733250106158 31840000.0 31840000
1733250110406 31850496.0 31850496
1733250136681 31883264.0 31883264
1733250163783 31916032.0 31916032
1733250190336 31948800.0 31948800
1733250217043 31981568.0 31981568
1733250243120 32000000.0 32000000
1733250247817 32014336.0 32014336
1733250274144 32047104.0 32047104
1733250300965 32079872.0 32079872
1733250327554 32112640.0 32112640
1733250354405 32145408.0 32145408
1733250378914 32160000.0 32160000
